6.940164478703909623e-01 1.741485748638764486e+00 5.820638180659598149e+00 1.956725085198151026e+00 2.794089536498348458e+00 8.891111566671400235e-01 1.984735278770972666e-01 2.291752387163551674e+00 4.000000000000000000e+00 9.000000000000000000e+00 3.000000000000000000e+00 -5.486010647235889337e+02 2.700900000000045225e+02 2.584725404522416525e+01 -1.497495101050304034e-01 6.277065351907094914e+00
5.174598945555800578e-01 1.078460964411149803e+00 3.250210771689541644e+00 3.439292905893735153e+00 1.616152735393938444e+00 1.485268014219671695e+00 1.592365015609871481e-01 2.808889344598532123e+00 8.000000000000000000e+00 1.600000000000000000e+01 3.000000000000000000e+00 -2.334261359530048594e+03 1.887999999999966860e+02 1.499133497062814158e+01 -2.239001285864481439e+00 5.215094444789309058e+00
7.747382126328046237e-01 1.455996002613550111e+00 4.708787521232690843e+00 4.720249936513089217e+00 1.792036522857605618e+00 1.036583030929996374e+00 1.101770305708347775e-01 3.137710978417086682e+00 6.000000000000000000e+00 7.000000000000000000e+00 1.000000000000000000e+00 -9.983914241927840294e+01 1.990099999999870874e+02 2.088390120530407915e-02 -9.125134446225449114e-01 6.270789873540346449e+00
5.841772618832128394e-01 8.241427724006138433e-01 5.643345276595951532e+00 4.314510462918809353e+00 2.854938891667858414e+00 3.271028865895408977e-01 4.265836797608560937e-01 3.049890798832051164e+00 7.000000000000000000e+00 9.000000000000000000e+00 4.000000000000000000e+00 -3.934118746618100886e+02 2.700900000000045225e+02 1.614792966636299099e+01 -8.966949888226360965e-02 5.852749503326002377e-03
6.054303322308760560e-01 2.387117987429174804e+00 6.018142498666554374e+00 4.717246894206562402e+00 2.189855466628972014e+00 1.168608403782224858e+00 4.246150424877082608e-01 2.082179746703665568e+00 5.000000000000000000e+00 5.000000000000000000e+00 3.000000000000000000e+00 -4.791170700473069815e+02 1.500499999999998693e+02 2.525575437795669131e+01 2.673730802011502206e-02 6.276850340972440989e+00
1.262016036872420477e+00 5.481644537928977989e-01 4.117179155752058506e+00 4.785381861070629128e+00 2.322529717998457421e+00 3.383591519303100759e-01 7.852922254921981815e-02 3.170199421105374338e+00 5.000000000000000000e+00 4.000000000000000000e+00 1.000000000000000000e+00 -4.189856155861659204e+01 8.328000000000182013e+01 1.616009741347996728e-02 -9.735423876205278049e-01 4.352775197832947640e-03
5.883767731184390559e-01 2.339060924409861908e+00 3.884409840749121656e+00 6.041641036264427278e+00 2.271470063440992782e+00 8.459999697700921750e-01 5.873935285754386393e-02 2.171803230263626094e+00 8.000000000000000000e+00 6.000000000000000000e+00 2.000000000000000000e+00 -2.683724478585111228e+02 1.800600000000052887e+02 1.114640299115677990e+01 -7.770951252375474239e-02 3.436822933852288001e-03
6.135196428014166870e-01 1.558276516454292882e+00 4.885821923649465326e+00 2.123533703072313372e+00 1.617311604007190873e+00 9.111723973543445210e-01 6.024658950147693259e-01 2.702664666468253873e+00 7.000000000000000000e+00 7.000000000000000000e+00 3.000000000000000000e+00 -3.491687246433784253e+02 2.100699999999860097e+02 1.525835779021158878e+01 -7.790778195961342578e-03 1.457105799326778410e-02
1.563934005874119570e+00 1.902603339224789192e+00 5.326576868193902747e+00 4.752863590034566599e+00 2.329940381285330098e+00 1.082405969307692839e+00 2.735717788448883137e-01 2.030249888951416892e+00 7.000000000000000000e+00 1.400000000000000000e+01 4.000000000000000000e+00 -5.116866423087142266e+02 4.201399999999720194e+02 1.885104014429551356e+01 5.680145690304714418e-02 6.280374942321682141e+00
8.618822155668692808e-01 1.355822680165889471e+00 4.478237719574450715e+00 4.695784328255974138e+00 1.560067970647903923e+00 9.594472520537461468e-01 2.684030906353189194e-01 2.342447809808220427e+00 6.000000000000000000e+00 7.000000000000000000e+00 5.000000000000000000e+00 -1.657344441335218903e+02 2.100699999999860097e+02 3.793715258345556229e+00 -1.390265845924971044e+00 6.253167363343386853e+00
5.892879743146677285e-01 2.382355729608804040e+00 4.274654533839449044e+00 3.558790485705252138e+00 1.769519809623422146e+00 3.161962940406258804e-01 1.948331710089767910e-01 2.378532905461271607e+00 4.000000000000000000e+00 1.200000000000000000e+01 2.000000000000000000e+00 -5.931350198845401565e+02 3.601200000000105774e+02 2.581718874278342923e+01 -1.697800741479973258e-02 7.888287999688617380e-03
4.532017112372965784e-01 8.848802194352266559e-01 6.570295710474691298e+00 4.023253294334382169e+00 1.178401667169014733e+00 4.478568677935494957e-01 1.629241786222298538e-01 2.935401957339162315e+00 4.000000000000000000e+00 1.000000000000000000e+01 4.000000000000000000e+00 -4.209453849539596604e+02 3.000999999999997385e+02 1.693096155962248872e+01 -8.635785572927565101e-02 1.146106663632380680e-02
4.086337255268262525e-01 1.689382123742938946e+00 5.342543978670234672e+00 5.890933894566598994e+00 1.736468874950942931e+00 8.638231478180244949e-01 2.105963339853658689e-01 2.210158675245350590e+00 6.000000000000000000e+00 9.000000000000000000e+00 4.000000000000000000e+00 -4.275480845129447971e+02 2.700900000000045225e+02 1.828144278205890672e+01 -7.501427598860879731e-02 1.205809710940305285e-02
1.260803245105693637e+00 9.840882854929631218e-01 5.618442657765274184e+00 4.504997801526186230e+00 2.295933480095955659e+00 4.623976605056379086e-01 1.950867828657767145e-01 2.600220027321820560e+00 6.000000000000000000e+00 4.000000000000000000e+00 1.000000000000000000e+00 -2.124483064990454295e+03 5.991999999999890036e+01 5.907691561903422262e+00 -5.887927162174948492e-01 1.079991857572959318e-01
8.496079297059371260e-01 1.510889730808311571e+00 6.005520632804732806e+00 3.496198360864251065e+00 1.768424859467764065e+00 1.080727516362864460e+00 2.362055738044252506e-01 2.970564420386153870e+00 5.000000000000000000e+00 9.000000000000000000e+00 3.000000000000000000e+00 -4.024909999098390472e+02 2.700900000000045225e+02 1.671537499436479735e+01 3.249388839659807238e-02 9.012822315917986844e-04
6.160555493229260549e-01 1.382893032631127506e+00 5.085707629531882823e+00 1.830701359134679018e+00 1.468999057604942982e+00 8.525858221116240365e-01 6.320281063566759450e-01 2.984233439405663990e+00 7.000000000000000000e+00 8.000000000000000000e+00 4.000000000000000000e+00 -1.551231909758429879e+02 2.400800000000151329e+02 2.192699435989712953e+00 -6.240162703230468788e-02 6.448911012203240034e-03
1.432563467719378814e+00 1.690625336767876075e+00 5.457176034005355447e+00 4.654186094803331564e+00 1.945338721638392832e+00 1.224855180747604688e+00 3.650512947326485791e-01 2.509527352105067610e+00 5.000000000000000000e+00 9.000000000000000000e+00 4.000000000000000000e+00 -3.991639862889417145e+02 2.700900000000045225e+02 1.650743664305871405e+01 2.392133267628991367e-01 1.599336149755714587e-04
9.814701703017605361e-01 1.609140137136299442e+00 5.786951781460934363e+00 5.583675250390480294e+00 1.265430075227808260e+00 1.112087802595910668e+00 3.082683145163976901e-01 2.851737150789044328e+00 9.000000000000000000e+00 8.000000000000000000e+00 4.000000000000000000e+00 -2.250961368204606856e+02 1.725600000000045782e+02 1.641929246617553767e-02 -1.074262042812848650e+00 3.405043761256784998e-03
1.775441196940315547e-01 1.946213267593934759e+00 6.078888523769103713e+00 4.510772719403484565e+00 1.425916430933084289e+00 1.048250643691292172e+00 3.481467274353530761e-01 2.688895916495204208e+00 9.000000000000000000e+00 6.000000000000000000e+00 2.000000000000000000e+00 -3.057935386932924757e+02 1.800600000000052887e+02 1.348522116833061268e+01 -2.606335291585764047e+00 8.845482685899241915e-03
7.683309924276569003e-01 1.263338136415731672e+00 4.014492854326276117e+00 4.159216594804036937e+00 1.920092940842313967e+00 7.308247302349051289e-01 3.625170346778225361e-01 2.099773879930285414e+00 8.000000000000000000e+00 6.000000000000000000e+00 4.000000000000000000e+00 -2.043536251531940025e+02 1.800600000000052887e+02 7.145226572074459881e+00 2.385466235937740709e-01 4.673960756518625963e-03
3.694475660485321833e-01 1.578736999384983797e+00 3.150859651786034554e+00 4.988464893723649318e+00 1.815467755115780069e+00 6.316860352107891430e-01 5.341310101573785163e-01 2.025414732640741899e+00 8.000000000000000000e+00 7.000000000000000000e+00 2.000000000000000000e+00 -3.929300144513175610e+02 2.100699999999860097e+02 1.799343840320778654e+01 -2.775461091492617549e-01 6.274970412934181674e+00
6.488687869568627864e-01 1.621489210548666682e+00 4.906870606872328899e+00 4.209502480401186908e+00 1.789786662525564731e+00 9.720392076872788056e-01 3.341511575939086764e-01 2.244509444230128103e+00 5.000000000000000000e+00 9.000000000000000000e+00 3.000000000000000000e+00 -4.839018484278096821e+02 2.700900000000045225e+02 2.180355302673796558e+01 -7.067925391056913489e-03 2.085443725685198757e-02
6.523986228627758344e-01 2.192849564131125195e+00 6.373815401395615865e+00 5.111963447116029791e+00 2.246228069575446185e+00 1.048792853648687684e+00 2.131682712500917176e-01 2.647972471446660592e+00 4.000000000000000000e+00 1.400000000000000000e+01 2.000000000000000000e+00 -6.206705201377271806e+02 4.201399999999720194e+02 2.566253250860882318e+01 5.703622348746653636e-02 8.639894931491400032e-03
1.172081129814664502e+00 1.138729198627574046e+00 7.182098183685764248e+00 6.609403879360526091e+00 2.363867301676987331e+00 4.710944009295155999e-01 2.715317542321722954e-01 2.196401166582377495e+00 6.000000000000000000e+00 1.200000000000000000e+01 3.000000000000000000e+00 -5.160207057765545642e+02 3.601200000000105774e+02 2.099754411103432972e+01 -1.099136154495653078e-01 6.274761625562966572e+00
8.057661775866598042e-01 1.445455076823141116e+00 6.595176507987631886e+00 3.895744872815827264e+00 1.936796494780546718e+00 9.450732186304139359e-01 3.349093861475399003e-01 2.803582529320976846e+00 6.000000000000000000e+00 9.000000000000000000e+00 2.000000000000000000e+00 -4.294495479727171414e+02 2.700900000000045225e+02 1.840028424829468179e+01 9.064742988910284849e-02 3.332347031079299984e-03
8.572793937844389589e-01 1.489622924807940008e+00 5.358580085516048364e+00 4.934392994362800877e+00 1.361423384567850059e+00 1.131295140826083179e+00 3.238557628763436558e-01 2.239537032383232873e+00 7.000000000000000000e+00 6.000000000000000000e+00 5.000000000000000000e+00 -2.519884195928440249e+02 1.800600000000052887e+02 1.012240122455258629e+01 -7.185137635071784379e-01 6.253874905721770183e+00
1.545150897729160810e+00 1.231902615463995820e+00 4.391962601645258424e+00 2.518431520265300705e+00 2.489534251177477842e+00 4.514619286461227232e-01 5.177956067021789455e-01 2.131936752427300963e+00 8.000000000000000000e+00 1.000000000000000000e+01 3.000000000000000000e+00 -5.177283113519598601e+02 3.000999999999997385e+02 2.297989445949749765e+01 3.873289140094292315e-03 6.253224839200411722e+00
9.953476952908701936e-01 1.580819369095121774e+00 3.355756566263456975e+00 5.475941627846502513e+00 1.444410982397508869e+00 8.573734651176013744e-01 5.103266700120797639e-01 2.656162782647931486e+00 5.000000000000000000e+00 9.000000000000000000e+00 2.000000000000000000e+00 -2.738293045789615690e+02 2.700900000000045225e+02 8.674019036184956732e+00 -9.296843166696117100e-02 7.130206548129883540e-03
6.026618744012135487e-02 9.323376768853657293e-01 4.676270237740796532e+00 2.542126597328099979e+00 1.771101744793450283e+00 7.351978663406448788e-01 1.429713046680334831e-01 2.782805118722543547e+00 8.000000000000000000e+00 5.000000000000000000e+00 2.000000000000000000e+00 -2.378251256987608940e+03 1.615000000000009450e+01 2.313601606172554881e+01 -1.018613263344655628e+00 5.412848145634630015e-01
1.910192864791393497e-01 1.859298859798190096e+00 5.499395041972488407e+00 6.188539456677021988e+00 1.758632527596667217e+00 1.061055466734607489e+00 1.796455028236182971e-01 2.335202130673561971e+00 7.000000000000000000e+00 9.000000000000000000e+00 4.000000000000000000e+00 -3.759765315456158987e+02 2.700900000000045225e+02 1.505822072160085234e+01 -9.441127274850108497e-02 7.300741452376197094e-02
9.553421454963801907e-01 1.626461760925177469e+00 4.319081192141847048e+00 4.775364931656132406e+00 1.329411060368038466e+00 7.884679426465128760e-01 3.327683722770391483e-01 2.926946267350030606e+00 8.000000000000000000e+00 1.000000000000000000e+01 3.000000000000000000e+00 -2.216224266906330286e+03 1.875999999999936279e+02 7.651516681645826878e+00 -1.670005194210694155e+00 3.954202505384298294e-01
7.158629371341773684e-01 1.627336555918746042e+00 6.552774577444177240e+00 4.690461531608914214e+00 1.680074428787768470e+00 1.422484232792789793e+00 3.989241072230926277e-01 3.308532038613757109e+00 5.000000000000000000e+00 1.300000000000000000e+01 3.000000000000000000e+00 -1.048706938028062496e+03 2.657199999999934903e+02 -1.184139769492689731e-02 -1.381845631377566797e+01 3.432699019496209480e+00
1.316857680640894257e+00 1.392554472977470592e+00 6.359761788167540786e+00 4.843405117428521756e+00 1.769359906408632277e+00 1.006579938225313109e+00 3.828375790762642561e-01 2.125612960116191719e+00 5.000000000000000000e+00 6.000000000000000000e+00 5.000000000000000000e+00 -1.370467671354197705e+02 1.800600000000052887e+02 2.938547945963570385e+00 -5.536227359266415737e-01 1.573937282796933346e-02
7.597611184018581154e-01 9.651674305027734269e-01 3.706098274876273635e+00 4.542793852126803422e+00 2.233477699265713046e+00 4.475381712177430305e-01 1.325403823929229286e-01 2.177387104102087356e+00 5.000000000000000000e+00 6.000000000000000000e+00 2.000000000000000000e+00 -4.514842583563107610e+02 1.800600000000052887e+02 2.259089114726925729e+01 8.103766432150746879e-02 7.437650699074087324e-03
2.116467663319924752e-01 1.143885317592751916e+00 6.704078552880430308e+00 3.516560881021807194e+00 1.914614563146181281e+00 1.291104734028449164e+00 3.334422396438999625e-01 2.785377279972383935e+00 6.000000000000000000e+00 5.000000000000000000e+00 2.000000000000000000e+00 -3.637976007982600777e+02 1.500499999999998693e+02 1.804828754989125983e+01 -3.793714445122916418e-02 6.275187774435632804e+00
6.364103906931091181e-01 2.099826899965699489e+00 4.587541726832539801e+00 3.232372775313789859e+00 1.420626560558388540e+00 1.190782812929220835e+00 3.579373108693212902e-01 2.493679782140667989e+00 5.000000000000000000e+00 2.000000000000000000e+00 3.000000000000000000e+00 -2.316727777249582687e+03 8.639999999999904645e+00 1.952548607809891479e+01 -2.447003196187401919e+00 6.254794789377950082e+00
4.171231282453964906e-01 1.220068144108367614e+00 5.248012220353184709e+00 3.852716873280817911e+00 1.923447087084209084e+00 1.197839218596700617e+00 4.452282147370458243e-01 2.102699293002145975e+00 6.000000000000000000e+00 9.000000000000000000e+00 2.000000000000000000e+00 -5.365336774690669017e+02 2.700900000000045225e+02 2.509304234181653825e+01 -4.944629652839566819e-02 2.398413793161160296e-03
3.898723533489012461e-01 4.030574954976467450e-01 3.107770625059521841e+00 2.996465518132195527e+00 2.085633870819722624e+00 2.688465742595503860e-01 5.409667277966850180e-02 2.823107884686533620e+00 7.000000000000000000e+00 4.000000000000000000e+00 1.000000000000000000e+00 -2.266281765818579970e+03 3.475999999999943668e+01 1.555636036366125730e+01 -2.770549862479408709e+00 5.739690259799717253e+00
2.754479744025794541e-01 8.110491302758775500e-01 3.667403844366111443e+00 5.458825720479998367e+00 2.148459339040106553e+00 1.251265462869592060e+00 8.079745382322317537e-02 2.626392751972199235e+00 6.000000000000000000e+00 9.000000000000000000e+00 3.000000000000000000e+00 -8.007385955111642488e+02 1.746900000000053410e+02 -4.193330568310844886e-02 -8.983279292734069443e+00 3.946101358323639730e+00
3.717345200128768790e-01 1.337114426518144272e+00 6.333696876518388308e+00 4.867915675267763476e+00 1.446289653970669775e+00 9.820783477318684174e-01 3.049582700646298883e-01 2.367637367612472232e+00 2.000000000000000000e+00 9.000000000000000000e+00 4.000000000000000000e+00 -4.485378473278931324e+02 2.700900000000045225e+02 1.959330295799317767e+01 5.873829251010630192e-02 9.751906384779161080e-03
4.498109318604897600e-01 1.649757464409580709e+00 4.941137013525439770e+00 6.891892130736209765e+00 1.460039656617450721e+00 1.200625305076270966e+00 2.407927606579179924e-01 2.339039918346215607e+00 7.000000000000000000e+00 7.000000000000000000e+00 4.000000000000000000e+00 -2.278771021715990059e+02 1.784999999999890861e+02 1.791684851054871006e-02 -1.050713708990927753e+00 3.595632387914377351e-03
8.691653366376203005e-01 1.642386582711011345e+00 3.435327595754135377e+00 4.839681004563782807e+00 1.093221065100805189e+00 1.279265443710476013e+00 3.941124459555453430e-01 2.627364746406542384e+00 3.000000000000000000e+00 5.000000000000000000e+00 2.000000000000000000e+00 -1.958731310258636142e+02 1.223999999999951882e+02 1.544720359738900074e-02 -1.035407092998207546e+00 1.515367981941537733e-02
1.129303028649099483e+00 2.018654672413532136e+00 6.167793836018939047e+00 3.410290103441879328e+00 1.899526750875378145e+00 1.374741577500087519e+00 3.775190474347706604e-01 3.100347334244790254e+00 8.000000000000000000e+00 7.000000000000000000e+00 3.000000000000000000e+00 -2.267152582297183471e+03 6.223000000000023135e+01 1.475234889357394508e+01 -8.140865205705453966e-02 6.902946727372571978e-02
3.474981960449934348e-01 1.592119875137052665e+00 5.373550788375960785e+00 5.744240193434027475e+00 1.395979138559362953e+00 1.117139755358968589e+00 3.131040357123507922e-01 2.168034432425737013e+00 6.000000000000000000e+00 1.700000000000000000e+01 2.000000000000000000e+00 -6.201752842120426976e+02 5.101700000000154773e+02 2.281814276325218316e+01 -2.823790047969990669e-01 6.276707879692947856e+00
1.909817606550162084e-01 2.210865549613154180e+00 5.028226229360301502e+00 3.373972947824626090e+00 1.869183925034940685e+00 4.085468900616154309e-01 4.845986284715585457e-01 2.406552051754053068e+00 8.000000000000000000e+00 1.100000000000000000e+01 3.000000000000000000e+00 -5.619292297431911720e+02 3.301100000000244563e+02 2.480463935894868399e+01 -9.879335933526893765e-01 6.281508485559136545e+00
9.616527193656445593e-01 6.088566281427931770e-01 5.959931045422891316e+00 4.263646613784574768e+00 1.679114182131419497e+00 6.758495054798255852e-01 3.079396113122727652e-01 2.547025671824639570e+00 6.000000000000000000e+00 1.200000000000000000e+01 3.000000000000000000e+00 -5.785255651438966424e+02 3.601200000000105774e+02 2.490409782149320961e+01 -5.956850683300145277e-03 6.261622734849152216e+00
1.452313690702246696e+00 1.305810426487083564e+00 5.137139892672307084e+00 8.498305134633021396e+00 1.576382310973529544e+00 1.640864317365181790e+00 6.172822565964493080e-01 2.259277719418236963e+00 1.000000000000000000e+00 6.000000000000000000e+00 3.000000000000000000e+00 -4.681526604647295358e+02 1.800600000000052887e+02 2.363266627904543071e+01 -8.483632218759626364e-02 6.282989906437811634e+00
6.722614765315155783e-01 8.488330047444783144e-01 3.465100330703726694e+00 4.067043044107969685e+00 2.386309713872606153e+00 3.062049668409010383e-01 8.706287630238865316e-02 2.736543898985091872e+00 7.000000000000000000e+00 5.000000000000000000e+00 1.000000000000000000e+00 -4.935669437221092437e+01 9.794999999999657803e+01 2.385589826328961618e-02 -9.075820340380815754e-01 6.275814391423701011e+00
