1.089528466962393916e+00 1.556661840761116355e+00 4.774351852805502894e+00 3.542216115777502949e+00 1.864198611935849792e+00 1.006728070942460196e+00 9.488156038904954626e-02 2.565239978633935269e+00 4.000000000000000000e+00 1.000000000000000000e+01 2.000000000000000000e+00 -5.367118910885290006e+02 3.000999999999997385e+02 2.416636819303306893e+01 -4.160313671614818132e-03 6.261610698893846916e+00
3.846245789554595396e-01 1.384227574911556014e+00 6.127321016911222884e+00 4.104560222596989050e+00 1.452325365702192173e+00 5.674960868328228214e-01 2.429680534125217561e-01 2.357875308350090737e+00 5.000000000000000000e+00 9.000000000000000000e+00 4.000000000000000000e+00 -4.035724152109988836e+02 2.700900000000045225e+02 1.678296345068728712e+01 -5.772878858189718632e-02 6.267213560094961444e+00
1.057376239168779541e+00 1.834051862823978363e+00 5.331196987818225708e+00 5.560983301796812661e+00 2.298145892822670344e+00 7.358510660779563617e-01 1.691298732753404033e-01 2.645302963274823949e+00 7.000000000000000000e+00 4.000000000000000000e+00 2.000000000000000000e+00 -2.391103440107973711e+03 3.383999999999945629e+01 2.338646500674837370e+01 -8.318161452706815395e-02 6.282372639716568230e+00
1.061485750232258329e-01 1.450162442918267347e+00 6.809802319376539792e+00 4.855809355864550980e+00 2.462862335799361979e+00 5.369920242480491490e-01 3.289903057098967909e-01 2.472884678546757087e+00 4.000000000000000000e+00 6.000000000000000000e+00 3.000000000000000000e+00 -4.652720588197283860e+02 1.800600000000052887e+02 2.345262867623285885e+01 -6.975866357795366124e-01 1.003935246413591512e-02
4.529942845615166358e-01 2.114379093144246546e+00 5.402069750315281915e+00 2.588741050674866706e+00 1.625437973027991756e+00 3.274835549946213953e-01 3.266264365506442724e-01 2.274912964543483795e+00 6.000000000000000000e+00 1.100000000000000000e+01 3.000000000000000000e+00 -5.666764480884804698e+02 3.301100000000244563e+02 2.510134050552926510e+01 5.189078205924111536e-02 2.894043115361892571e-02
5.536959354375257103e-01 2.176423845184259687e+00 6.582283928181506205e+00 5.055116586465994821e+00 2.025810410811746287e+00 9.925047525074404131e-01 2.380216455455823332e-01 2.402436781079450689e+00 5.000000000000000000e+00 4.000000000000000000e+00 3.000000000000000000e+00 -1.897443869322309240e+02 1.116400000000062533e+02 2.433668126425970329e-02 -1.056289227160245314e+00 1.898322766177375914e-02
8.928297225775030932e-02 1.561863192794679778e+00 4.811857144685217413e+00 6.633609942604798526e+00 1.370332564819041421e+00 1.903731295989298911e+00 2.145292955397785917e-01 2.157819777481868595e+00 6.000000000000000000e+00 3.000000000000000000e+00 3.000000000000000000e+00 -2.383489020086209166e+03 9.149999999999996803e+00 2.368212625538807714e+01 -2.195344849408241927e+00 3.144432314528716049e-02
3.582340475608112307e-01 9.003287475328574097e-01 4.583205291763785105e+00 2.888297266135994690e+00 2.029627732231032322e+00 8.808079983163266125e-01 2.638262573837902858e-01 2.202395332438688236e+00 4.000000000000000000e+00 7.000000000000000000e+00 1.000000000000000000e+00 -3.841447600461591492e+02 2.100699999999860097e+02 1.744436000288538580e+01 2.432933217501637990e-01 1.236406203811937603e-03
1.035754545619467670e+00 1.462424784854254423e+00 5.984278804101568205e+00 2.810665962293368736e+00 1.865650123006795003e+00 1.174292943977368386e+00 2.705124707047042998e-01 2.182631656606585313e+00 7.000000000000000000e+00 6.000000000000000000e+00 4.000000000000000000e+00 -2.273038811063980802e+02 1.771200000000051773e+02 2.380917704776425517e-02 -1.020474243705432160e+00 6.280863068207652056e+00
6.049553706548289611e-01 1.854184958149587281e+00 5.157667506953954373e+00 5.585028776497098946e+00 1.436748882223743085e+00 1.415338384427734963e+00 2.355922078492586058e-01 2.766003448040276425e+00 7.000000000000000000e+00 8.000000000000000000e+00 4.000000000000000000e+00 -2.329074964951230129e+02 1.929600000000077671e+02 2.332047477086224285e-02 -1.003392515385201467e+00 6.274004825518410655e+00
4.548692967311428470e-01 1.477268459689241364e+00 3.513216336308961019e+00 4.955510175814727525e+00 1.919594978108345673e+00 7.669938759108668735e-01 3.485851534133987961e-01 2.376011322078567023e+00 6.000000000000000000e+00 7.000000000000000000e+00 2.000000000000000000e+00 -4.945979600017892608e+02 2.100699999999860097e+02 2.434768500011226422e+01 -6.149473149274872763e-03 1.005102673357402381e-02
9.064773833869674835e-01 8.414818814528111091e-01 7.545253149363332135e+00 4.940011533358877216e+00 1.906755646844150442e+00 9.292296182409218730e-01 4.140175554572954608e-01 2.451102088144209379e+00 5.000000000000000000e+00 1.200000000000000000e+01 3.000000000000000000e+00 -5.761234046990289244e+02 3.601200000000105774e+02 2.475396279368898078e+01 1.242547576992346914e-01 6.273946264201030409e+00
1.334883917034816347e+00 1.254229625417837779e+00 4.826107755529386978e+00 4.734149428238023205e+00 1.119145093118073753e+00 6.440419489594433333e-01 3.672659198800971581e-01 2.965733578590349140e+00 8.000000000000000000e+00 1.100000000000000000e+01 4.000000000000000000e+00 -2.699066753769300249e+02 2.615800000000159571e+02 1.960353356771035033e-02 -1.036124305919922772e+00 6.281780591580398365e+00
1.710601344598454920e+00 1.338719083601785265e+00 5.655597326959941995e+00 4.400054734441589233e+00 2.624641648852343856e+00 9.951744469612076038e-01 1.948686855765299764e-01 2.790206994220389092e+00 8.000000000000000000e+00 1.000000000000000000e+01 1.000000000000000000e+00 -2.238010771442982787e+03 1.284999999999969873e+02 1.086004821518649699e+01 -2.340496629486387370e+00 1.407908280151018321e+00
1.044372249021107590e+00 1.839482673079458008e+00 6.531661864065029022e+00 4.403709276120904015e+00 2.348590968921202560e+00 1.018773954854383712e+00 4.048977549484256144e-01 2.921228125614788951e+00 8.000000000000000000e+00 7.000000000000000000e+00 3.000000000000000000e+00 -3.723917089030715033e+02 2.100699999999860097e+02 1.670979430644240438e+01 1.417389848975077471e-01 1.962069648435603442e-02
3.496765983282500989e-01 1.357588793795408533e+00 4.637874846940081675e+00 5.102220915406006974e+00 2.301331315885845719e+00 6.804987524306007618e-01 2.706876547784274889e-01 2.755872132416277598e+00 6.000000000000000000e+00 1.000000000000000000e+01 3.000000000000000000e+00 -5.612213939612265676e+02 3.000999999999997385e+02 2.569821212257666687e+01 -4.380415903954957418e-02 1.478233650426119886e-03
6.580686889721985011e-01 1.493241100330513937e+00 6.221849666451452876e+00 5.682306609882394000e+00 2.820885065006408787e+00 8.780019386503251644e-01 1.353844949121179864e-01 2.846279237031317244e+00 5.000000000000000000e+00 3.000000000000000000e+00 1.000000000000000000e+00 -2.136801251144016533e+03 2.919000000000034944e+01 7.637890696501012044e+00 -2.793789481894933591e+00 1.148970014912771287e-01
1.078761107143186626e+00 2.504335151733049880e+00 6.933175267046975954e+00 5.994235505056835223e+00 1.870434535374008167e+00 1.192161356886001222e+00 1.375469132877571443e-02 2.052288861724673730e+00 5.000000000000000000e+00 1.000000000000000000e+01 3.000000000000000000e+00 -4.129548356523887378e+02 3.000999999999997385e+02 1.643155222827430606e+01 -2.697256668697193827e-01 4.608653502151360826e-02
8.431700305593184952e-01 1.329955973324487006e+00 3.241623386867414247e+00 3.183612581185819135e+00 1.636330572611854439e+00 5.456270130985846345e-01 2.864499578127680524e-01 2.800551760838867033e+00 7.000000000000000000e+00 5.000000000000000000e+00 2.000000000000000000e+00 -2.388397658431752916e+03 1.300000000000004974e+01 2.386860365198453593e+01 -6.663746893962944062e-01 5.892854478927529033e-03
1.393802679927090171e+00 1.483064075071566901e+00 3.861707200747620750e+00 4.174654596901784309e+00 1.190732946557962801e+00 1.166676765947138206e+00 2.067179496543654627e-01 2.221351769818066479e+00 7.000000000000000000e+00 7.000000000000000000e+00 4.000000000000000000e+00 -2.032941043161518166e+02 1.278199999999940246e+02 1.862346762662502736e-02 -1.044382201063775994e+00 1.346738444746435961e-03
8.968359688373050975e-02 1.507162366876082960e+00 4.397398781678349522e+00 3.573734151956556193e+00 2.006577190335192995e+00 1.170131501582152289e+00 3.330130224916849624e-01 2.855396143210966020e+00 1.000000000000000000e+01 7.000000000000000000e+00 3.000000000000000000e+00 -2.412214883464186187e+03 5.404000000000019810e+01 2.407468021651162005e+01 -2.304989799596000588e-01 5.368200588560051223e+00
1.245499356580065164e+00 1.178528275220447563e+00 6.689594777795305092e+00 5.164332247868189896e+00 2.133304064006564360e+00 5.520883046801210448e-01 3.191131871288718225e-01 2.591260970853401346e+00 4.000000000000000000e+00 5.000000000000000000e+00 2.000000000000000000e+00 -3.735814839800478921e+02 1.500499999999998693e+02 1.865978024875299823e+01 -1.534930600552765478e-02 6.278346436438978273e+00
1.153400772737557034e+00 1.232526569045091058e+00 4.993117508171981633e+00 3.260729240175975541e+00 1.969541054194158702e+00 9.122322681651364729e-01 4.306101853587158690e-01 2.412746617320568721e+00 8.000000000000000000e+00 9.000000000000000000e+00 3.000000000000000000e+00 -3.828836393969340861e+02 2.700900000000045225e+02 1.548991496230824083e+01 2.244732617742554726e-01 2.980267918509578277e-03
5.634354764789326619e-01 1.473565033355963561e+00 4.129640785082650645e+00 5.679197170639845638e+00 1.699899601031660490e+00 1.196840960236903673e+00 4.375041256232830023e-01 2.482684094133204233e+00 9.000000000000000000e+00 1.100000000000000000e+01 4.000000000000000000e+00 -2.945246206027177891e+02 3.301100000000244563e+02 8.091851287669097559e+00 -1.745204199006044288e+00 1.200996005626393665e-01
7.117096055255081044e-01 1.384410520015759261e+00 6.561914968041201668e+00 4.630995958319168437e+00 1.884224911198138175e+00 1.173286125374819688e+00 3.711884986930150121e-01 2.762062462324167189e+00 5.000000000000000000e+00 5.000000000000000000e+00 2.000000000000000000e+00 -1.262354777973233695e+02 1.500499999999998693e+02 3.200654862332714679e+00 -5.003380800911978454e-01 2.737256005380019758e-03
7.373458002801680511e-01 1.758241931284049819e+00 6.341721208130680409e+00 4.467204015078784174e+00 1.563239614463504124e+00 1.034829150506198836e+00 1.910921185775953379e-01 3.059705008187898478e+00 8.000000000000000000e+00 1.300000000000000000e+01 3.000000000000000000e+00 -3.260305349494071265e+02 3.729699999999897386e+02 2.137569877381873679e-02 -1.015960892668331894e+00 6.283115856356685569e+00
6.648888228285279034e-01 1.539619411600141152e+00 3.718374355076992099e+00 4.489373081153942735e+00 2.302359684930638917e+00 7.755759050642746510e-01 2.518569126197978125e-01 2.093307406289532047e+00 6.000000000000000000e+00 7.000000000000000000e+00 2.000000000000000000e+00 -3.724004882002661816e+02 2.100699999999860097e+02 1.671034301251707177e+01 -8.983677357937791541e-02 2.814732945336293965e-03
2.260409009157881011e-01 8.058695075902386762e-01 5.133401562636157323e+00 4.826327690678057891e+00 1.923063062666123368e+00 1.014196878848095507e+00 2.572864198237946876e-01 2.578614435170135444e+00 5.000000000000000000e+00 1.000000000000000000e+01 3.000000000000000000e+00 -4.539762048990742187e+02 3.000999999999997385e+02 1.899538780619214862e+01 1.471363795670796448e-01 1.939191520966961416e-02
5.580051046687833916e-01 1.955775722387516513e+00 4.943123162944027982e+00 3.592081405755184420e+00 1.969229247336198307e+00 7.379585754960653610e-01 4.956044569306645720e-01 2.194599943160418398e+00 5.000000000000000000e+00 6.000000000000000000e+00 4.000000000000000000e+00 -3.768916439083890850e+02 1.800600000000052887e+02 1.792885274427415254e+01 1.366095188348546152e-01 8.949537143519314952e-03
8.321045234316583050e-01 1.661194458156138642e+00 5.326531676483265088e+00 5.597026329976195314e+00 2.033243003903845381e+00 1.574786698609957902e+00 2.990160008342289677e-01 2.530651546036288391e+00 6.000000000000000000e+00 3.000000000000000000e+00 3.000000000000000000e+00 -2.384128794803469191e+03 8.100000000000019185e+00 2.375492467521682016e+01 -2.567314881106508295e+00 3.442185113981512806e-02
8.795788098556178713e-01 1.019170146894311735e+00 6.205424778441843259e+00 4.652145521805217676e+00 9.806147528192937779e-01 8.822235524311864419e-01 1.699995704603122215e-01 2.739763074242209662e+00 5.000000000000000000e+00 1.000000000000000000e+01 4.000000000000000000e+00 -2.707640450756182418e+02 2.637999999999914849e+02 1.586997330818518820e-02 -1.000023440138402497e+00 6.282219340631089111e+00
5.373638102680958761e-01 1.009738233219621861e+00 5.966463899867127552e+00 3.747817106381620800e+00 1.914558162338888536e+00 3.752052242260208725e-01 2.105822060046704247e-01 2.864921649158527206e+00 8.000000000000000000e+00 5.000000000000000000e+00 2.000000000000000000e+00 -2.391107785458036233e+03 1.450000000000007105e+01 2.399111159112726099e+01 1.237521600304331282e-01 6.022727357748731691e+00
8.826277590443747378e-01 1.493392053002639885e+00 5.245903403951794886e+00 3.526667118258105305e+00 2.171652139156682537e+00 9.847937916023117300e-01 3.489699928238004789e-01 2.867983521936400049e+00 7.000000000000000000e+00 9.000000000000000000e+00 4.000000000000000000e+00 -4.116034900962520169e+02 2.700900000000045225e+02 1.728490563101561150e+01 -6.811570054361770765e-02 6.572170984514020230e-03
5.250301712653333563e-01 9.150941221998829533e-01 4.933711598261672826e+00 2.770646163869026513e+00 1.719928083331291990e+00 6.296125889570221013e-01 5.491706073097603058e-01 2.507328151855600318e+00 6.000000000000000000e+00 5.000000000000000000e+00 4.000000000000000000e+00 -2.068691704847302617e+02 1.363999999999967656e+02 2.052472691801321414e-02 -1.000811708824036916e+00 6.281420744239719411e+00
9.273240247824950933e-01 1.915420032403584827e+00 4.110292591115892513e+00 2.782423395868512284e+00 2.159523909770812988e+00 3.138420503975313802e-01 2.770401587214913475e-01 2.869234441304389094e+00 7.000000000000000000e+00 1.100000000000000000e+01 3.000000000000000000e+00 -5.647825195219709258e+02 3.301100000000244563e+02 2.498296997012241505e+01 1.140450681597113824e-01 3.431395746359669485e-02
5.514802540857958180e-01 1.076463274289654937e+00 5.223440366628331333e+00 3.185952063353824304e+00 1.690194534422662098e+00 1.094355344151933584e+00 4.375512794993030585e-01 2.685429787617293673e+00 7.000000000000000000e+00 4.000000000000000000e+00 2.000000000000000000e+00 -2.275943628093838925e+03 8.968000000000282057e+01 1.444397675586485796e+01 -1.910848856204582003e+00 3.107027151706737711e-01
9.333331319844488938e-01 2.071490860713804061e+00 4.451033843550232127e+00 2.749297456442597820e+00 2.154104920984146077e+00 6.078779172869079872e-01 2.860966403442583572e-01 2.735764436466306293e+00 3.000000000000000000e+00 1.000000000000000000e+01 1.000000000000000000e+00 -4.544539878725204289e+02 3.000999999999997385e+02 1.902524924203253320e+01 5.825505953326870490e-02 2.776037136002233036e-02
2.995701711200177142e-01 1.984310168670141206e+00 5.785490453833959990e+00 4.391799615531677858e+00 1.810265856107211579e+00 3.769884926746656095e-01 4.654712969638157283e-01 2.490415162707047880e+00 7.000000000000000000e+00 1.200000000000000000e+01 3.000000000000000000e+00 -5.184597196871948199e+02 3.601200000000105774e+02 2.114998248044934570e+01 2.090349549074951852e-01 6.275601519907913151e+00
5.916825190564617420e-01 9.048518323634577865e-01 5.425811989135248758e+00 5.669527768492274689e+00 1.385847057396255577e+00 7.278537467634099700e-01 1.827960499210718182e-01 2.508088772253242560e+00 5.000000000000000000e+00 1.300000000000000000e+01 3.000000000000000000e+00 -5.290155384681467012e+02 3.901299999999891384e+02 2.087190865425950648e+01 -2.219220476972167885e-02 6.281252192573513859e+00
1.017462930887306216e+00 2.291337971859309874e+00 5.783403444350928346e+00 4.183923518706782474e+00 1.469059962947851128e+00 1.194509794940050273e+00 1.970107338214058257e-01 2.599778625262708420e+00 7.000000000000000000e+00 6.000000000000000000e+00 4.000000000000000000e+00 -2.098545378950130385e+02 1.428600000000038790e+02 2.045510732591405284e-02 -1.086714815217924679e+00 5.221870583455903367e-03
1.044053863761663647e+00 5.453909970983634725e-01 6.545209045525462344e+00 2.712062899993829657e+00 2.055118771449122139e+00 8.440266124859399088e-01 1.198869423070428042e-01 2.808048655817262595e+00 6.000000000000000000e+00 7.000000000000000000e+00 1.000000000000000000e+00 -2.281948519396044048e+03 5.663000000000020862e+01 1.585209496225273718e+01 1.073785024743673933e-01 7.035604305852866114e-01
1.365274900467140951e+00 1.989882158553625935e+00 4.212416853537867212e+00 4.680988874402966182e+00 2.262927615941559445e+00 5.591472903358909452e-01 5.097433307238058431e-01 2.177736664021377333e+00 6.000000000000000000e+00 1.200000000000000000e+01 2.000000000000000000e+00 -5.826577921623686507e+02 3.601200000000105774e+02 2.516236201014771368e+01 -3.957137869479351866e-02 1.497945088617835818e-02
4.155400194859212304e-01 1.575545638214030042e+00 6.419075074885148169e+00 3.397289375224169738e+00 1.519645744615498506e+00 1.335459576297521433e+00 3.842337807835595198e-01 2.951689372906189934e+00 3.000000000000000000e+00 6.000000000000000000e+00 2.000000000000000000e+00 -3.710258822943653172e+02 1.800600000000052887e+02 1.756224264339766705e+01 -3.743184719677102312e-01 6.280529403126383414e+00
1.658739466646065974e+00 1.311025904085706406e+00 5.730582763704124893e+00 7.199797085327636736e+00 1.474868202591846922e+00 1.330851756839486200e+00 4.995362946114305647e-01 2.318735240130231912e+00 3.000000000000000000e+00 9.000000000000000000e+00 3.000000000000000000e+00 -3.519065591782188562e+02 2.700900000000045225e+02 1.355384744863853719e+01 -8.938542282095122138e-01 6.273092257647551406e+00
8.268854140278667497e-01 2.125476234759517968e+00 3.668876167487013173e+00 3.155131501521624138e+00 1.646439828185615628e+00 9.193182885453160536e-01 5.105942790160323819e-01 2.903442868139183730e+00 8.000000000000000000e+00 9.000000000000000000e+00 4.000000000000000000e+00 -4.326091661595361302e+02 2.700900000000045225e+02 1.859776038497086503e+01 1.757159701436112886e-01 1.772003048872062073e-02
4.631404398221521945e-01 1.178977285562048616e+00 5.712338741322869673e+00 1.698710881863279010e+00 1.547438571512204764e+00 6.995517231298158389e-01 6.471936858567153283e-01 2.483113050885320749e+00 4.000000000000000000e+00 7.000000000000000000e+00 4.000000000000000000e+00 -4.096639728108424379e+02 2.100699999999860097e+02 1.903931080067809134e+01 -6.122194782308101185e-02 7.362494423083454365e-03
1.128226882027664746e-01 1.669353910114937056e+00 5.864147556434249786e+00 6.341158064208668677e+00 1.395335996994054639e+00 1.588477254075458589e+00 2.551814351950582038e-01 2.452608873150216251e+00 7.000000000000000000e+00 1.400000000000000000e+01 3.000000000000000000e+00 -4.843748262604553361e+02 4.201399999999720194e+02 1.714405164127933290e+01 1.669493521622535948e-01 6.278967654045394475e+00
6.722614765315155783e-01 8.488330047444783144e-01 3.465100330703726694e+00 4.067043044107969685e+00 2.386309713872606153e+00 3.062049668409010383e-01 8.706287630238865316e-02 2.736543898985091872e+00 7.000000000000000000e+00 5.000000000000000000e+00 1.000000000000000000e+00 -4.935669437221092437e+01 9.794999999999657803e+01 2.385589826328961618e-02 -9.075820340380815754e-01 6.275814391423701011e+00
