9.203398753634441931e-01 1.790077558452532136e+00 2.811265420059569919e+00 2.899017445273923244e+00 1.995631166566083081e+00 7.512572013450278252e-01 4.309468204191768126e-01 3.239251667683080704e+00 8.000000000000000000e+00 1.300000000000000000e+01 4.000000000000000000e+00 -2.085242540003266186e+03
8.636693254207974402e-01 2.119630633077227877e+00 2.937118568573750199e+00 7.083315856626911433e+00 1.984512681258416400e+00 5.566847079039973778e-01 3.262150938540190892e-01 2.827552395467126889e+00 1.000000000000000000e+01 6.000000000000000000e+00 4.000000000000000000e+00 -1.998817180679630781e+02
1.940966750207486768e+00 1.127714208529509321e+00 5.015880796754714765e+00 6.220614236729680613e+00 1.501283307209593687e+00 4.129801516983640508e-01 2.085634819164812193e-01 3.311324022281860735e+00 2.000000000000000000e+00 1.500000000000000000e+01 4.000000000000000000e+00 -2.159807077642789409e+03
1.821195467112734612e+00 1.172320336425715537e+00 6.027442294718733606e+00 7.003646441635213549e+00 1.783758462125257793e+00 2.880948582029447813e-01 4.150210330869326669e-01 3.124310889767923705e+00 1.000000000000000000e+01 1.700000000000000000e+01 4.000000000000000000e+00 -3.024619088692581386e+02
1.661764032311878525e+00 2.609688942082633467e+00 6.630568310484628469e+00 4.787161569885485690e+00 2.398521218407870137e+00 1.379804828167531472e+00 3.376468723823519702e-01 2.702447333919175687e+00 9.000000000000000000e+00 2.000000000000000000e+01 3.000000000000000000e+00 -2.348129568135936097e+03
5.328757664575696218e-01 2.014123938365585786e+00 4.570085855460779278e+00 1.884819211289281204e+00 2.536542620462119313e+00 9.316647089942213800e-01 7.636629199645939003e-01 2.467504053987071622e+00 8.000000000000000000e+00 1.000000000000000000e+01 4.000000000000000000e+00 -2.182878876875299284e+03
1.682893402668402150e+00 2.395687590078225071e+00 6.709456518278819281e+00 7.014754083583044419e+00 2.429385511450840252e+00 6.941743249592359222e-01 6.537588470973917376e-01 3.115661794531295214e+00 7.000000000000000000e+00 1.000000000000000000e+01 5.000000000000000000e+00 -2.222079552603639968e+03
8.583715320125067105e-01 1.349042276397791396e+00 8.159714932176200364e+00 2.509014127751619583e+00 2.244273374796641907e+00 9.199140168914486937e-01 7.346829087414402659e-01 2.912232604844690265e+00 8.000000000000000000e+00 4.000000000000000000e+00 3.000000000000000000e+00 -2.130335047216669409e+03
2.236571719471863506e+00 2.738449924840108185e+00 7.041310343850985198e+00 3.876923869328746886e+00 1.928163929875643223e+00 8.002056524395620984e-01 3.698215748795402602e-01 2.298384097781604574e+00 8.000000000000000000e+00 1.100000000000000000e+01 4.000000000000000000e+00 -2.166767622490601752e+03
1.098236174625635053e+00 1.584925996791496372e+00 4.872957391830734508e+00 4.938535977413669897e+00 2.616109366016180715e+00 5.778945451836892122e-01 5.230537136996225023e-01 3.550877741898695650e+00 6.000000000000000000e+00 1.200000000000000000e+01 5.000000000000000000e+00 -2.078110968947353285e+03
6.052893352486767853e-01 1.990259440682719649e+00 6.913542665029868139e+00 3.537123724790518509e+00 2.344142621002968330e+00 1.071603893677349539e+00 9.645650191146979413e-01 2.642562455093972584e+00 5.000000000000000000e+00 1.200000000000000000e+01 4.000000000000000000e+00 -2.205048746288430721e+03
2.071422626556592483e+00 1.947302777745807179e+00 6.208872743689795470e+00 3.451086668531918367e+00 1.760868752690457839e+00 8.143717070717417794e-01 5.463155313172025629e-01 3.055220990389039049e+00 6.000000000000000000e+00 1.200000000000000000e+01 5.000000000000000000e+00 -2.192138749399636254e+03
1.307675038316867155e+00 1.878340850508691817e+00 5.456492918660496017e+00 3.729309490267716853e+00 2.912725767689242851e+00 5.251355017075847176e-01 4.037738540290067846e-01 2.521243649225183514e+00 8.000000000000000000e+00 1.400000000000000000e+01 4.000000000000000000e+00 -3.511338895929703767e+02
9.535332862266606702e-01 1.663618213797294132e+00 6.267035827882242671e+00 5.976825092473935008e+00 1.257101822883192721e+00 6.207178836737641259e-01 5.050109519871511798e-01 2.848490564807459435e+00 8.000000000000000000e+00 1.600000000000000000e+01 5.000000000000000000e+00 -2.226603187560529932e+03
2.385542910176106979e+00 1.458925722205278275e+00 5.674282879862538209e+00 2.454408969825806697e+00 1.899504775817556723e+00 9.942425043454912181e-01 5.403105135919075153e-01 2.425461267047801517e+00 1.000000000000000000e+01 7.000000000000000000e+00 5.000000000000000000e+00 -1.876997948151452533e+02
1.484181680879961718e+00 1.976647660230440362e+00 6.791079698914546547e+00 2.842781840118436598e+00 2.527926757649612721e+00 9.263862466675969465e-01 7.722401151760689419e-01 2.879460439340795652e+00 6.000000000000000000e+00 1.200000000000000000e+01 3.000000000000000000e+00 -2.231762027810592826e+03
1.583420694453726796e+00 1.603997397782283230e+00 7.338437991539110250e+00 3.843118666176065013e+00 1.088362693176114782e+00 4.363431202045212620e-01 5.764992566534110630e-02 2.544823220999321567e+00 6.000000000000000000e+00 1.700000000000000000e+01 5.000000000000000000e+00 -2.140296101550485673e+03
1.496655429015558036e+00 9.754357113571001658e-01 9.072099820143598947e+00 4.155546387431003907e+00 1.344504411151597800e+00 2.690996858596250707e-01 8.873535323198268321e-01 2.740581854399817274e+00 1.000000000000000000e+01 1.000000000000000000e+01 3.000000000000000000e+00 -2.136527136218696342e+03
1.867131726653861845e+00 8.923723945745432040e-01 3.127014082594859357e+00 1.046535470077169405e+00 2.032215402222437906e+00 3.956210691969203608e-01 5.424901546759094417e-01 2.643281038055587562e+00 3.000000000000000000e+00 1.200000000000000000e+01 4.000000000000000000e+00 -3.205974855129870775e+02
1.495552944052243927e+00 1.773217759897747214e+00 5.102940115072099658e+00 3.286861689787412999e+00 1.916948750379770861e+00 9.482963986144499202e-01 7.947679042331344812e-01 2.890660657817041290e+00 4.000000000000000000e+00 1.400000000000000000e+01 4.000000000000000000e+00 -2.211151082113736265e+03
1.036340367268190121e+00 1.440726509485342755e+00 6.324539073043146331e+00 3.334741110752151627e+00 1.638119454155660737e+00 4.803918987839448929e-01 4.229102506033036168e-01 2.655542184870237410e+00 1.000000000000000000e+01 1.100000000000000000e+01 4.000000000000000000e+00 -2.099863372777513177e+03
1.126582284892099883e+00 1.594529494736550035e+00 3.916202979087306524e+00 6.140597293326392148e+00 2.801652560154083815e+00 6.008693072023248982e-01 6.270519216446415189e-01 3.018600487855283010e+00 3.000000000000000000e+00 9.000000000000000000e+00 4.000000000000000000e+00 -3.840390483305992575e+02
1.673411813969440720e+00 1.301330553727484851e+00 5.695867380248348155e+00 3.252932653384626782e+00 2.694832223579695540e+00 4.129376345895516276e-01 4.894413172244849730e-01 2.779110722559026136e+00 6.000000000000000000e+00 1.400000000000000000e+01 4.000000000000000000e+00 -2.247592037842053742e+03
1.371494934004727329e+00 1.907576018135058948e+00 5.259216517923444023e+00 5.263269123600482047e+00 1.520895791901011096e+00 8.574327349861171621e-01 5.847800991273993665e-01 2.497482658958708246e+00 7.000000000000000000e+00 9.000000000000000000e+00 5.000000000000000000e+00 -2.122091884207962266e+03
9.447161259326056770e-01 5.101458178628354156e-01 4.467301909515549063e+00 9.188699634610392408e+00 1.159912257178219885e+00 8.061270983802638623e-01 7.600611396075021009e-01 2.057636527879473931e+00 8.000000000000000000e+00 1.200000000000000000e+01 4.000000000000000000e+00 -2.172544092779954099e+03
2.256028296878365147e+00 1.279272347301091628e+00 6.700239233218615809e+00 5.200789777061491037e+00 7.179475868527941396e-01 9.907105375789623247e-01 6.947160603483437669e-03 2.651667695606805264e+00 3.000000000000000000e+00 1.100000000000000000e+01 4.000000000000000000e+00 -2.154384849825020865e+03
1.175598601772597895e+00 1.545319181773618045e+00 5.776463741064563173e+00 7.432178766463172437e+00 1.793764716703757589e+00 6.516568911583261459e-01 6.332620636444894480e-01 2.200801537481139825e+00 9.000000000000000000e+00 1.100000000000000000e+01 4.000000000000000000e+00 -3.016692671007223225e+02
1.477799420028122146e+00 9.509713040490680447e-01 6.301994996781197678e+00 6.230924453003704677e+00 2.026004346869861639e+00 5.439033887235533715e-01 5.484758262555425867e-01 3.028193295131308638e+00 5.000000000000000000e+00 9.000000000000000000e+00 4.000000000000000000e+00 -2.125310906127933322e+03
1.217217838411855269e+00 8.885565943238754594e-01 5.268802169958885173e+00 4.692839007901616455e+00 2.263184767894738769e+00 9.107296272472877874e-01 4.165425323079677278e-01 2.332276411300636898e+00 1.000000000000000000e+01 9.000000000000000000e+00 5.000000000000000000e+00 -9.044890612666148400e+02
1.913929265119822309e+00 1.439520371232947404e+00 8.179024015749551069e+00 1.937102102961331784e+00 1.219837739284986844e+00 6.179419718106550219e-01 2.643379747827824255e-01 3.656752620713885626e+00 4.000000000000000000e+00 1.500000000000000000e+01 4.000000000000000000e+00 -2.223464088727625040e+03
1.838232640026258746e+00 2.180084008833503617e+00 5.730762264955184371e+00 5.257506510357755403e+00 1.427417670580334086e+00 5.320877049067977982e-01 4.736501053885575074e-01 2.211793513750158535e+00 7.000000000000000000e+00 1.100000000000000000e+01 4.000000000000000000e+00 -2.434278081182732194e+02
1.863877389221956449e+00 1.586772039968258996e+00 7.268782453069288607e+00 5.006980788768038870e+00 2.119701064430247861e+00 1.217189858331466645e+00 3.153168147984229397e-01 3.990498749742845241e+00 4.000000000000000000e+00 1.200000000000000000e+01 4.000000000000000000e+00 -2.163266949972303792e+03
1.237870415534866542e+00 1.876635867259965451e+00 3.038028490918405655e+00 2.251138473382338745e+00 1.527165234341560707e+00 2.507137991222857520e-01 3.373712047988241536e-01 2.517913856212087520e+00 7.000000000000000000e+00 1.300000000000000000e+01 4.000000000000000000e+00 -2.550158037793986523e+02
1.112317857917197728e+00 2.454330849622475608e+00 5.731104362539271690e+00 7.902801848213076852e+00 2.620637796755983295e+00 6.593606849643176560e-01 5.835618333738372687e-01 2.461802623154319303e+00 5.000000000000000000e+00 7.000000000000000000e+00 4.000000000000000000e+00 -2.395536472668146928e+02
2.595925195015919007e-01 2.618381535262258808e+00 6.121323601531211800e+00 1.311402783612692025e+00 2.018032768872178639e+00 7.035756767166432279e-01 7.492451429765041304e-01 3.085325567677682290e+00 7.000000000000000000e+00 9.000000000000000000e+00 4.000000000000000000e+00 -6.401822424761325010e+02
1.517817140723309421e+00 1.990647379178330123e+00 7.139614435544183735e+00 3.794854622075437334e+00 2.002693724799433195e+00 1.642613696847218252e-01 3.602845942203938834e-01 3.617160348114537793e+00 1.100000000000000000e+01 1.500000000000000000e+01 4.000000000000000000e+00 -2.126661772618502255e+03
9.401518671197049981e-01 9.835547313434895855e-01 4.151035214149231933e+00 4.481561753161872552e+00 2.927069699704802019e+00 4.924521093701644814e-02 3.861565028838193636e-01 2.359420273335930851e+00 5.000000000000000000e+00 1.400000000000000000e+01 4.000000000000000000e+00 -3.569884898816218310e+02
6.072814882657291413e-01 2.047209409239156841e+00 7.806286323391779192e+00 1.610999560799126762e+00 2.399556856567766516e+00 7.411387567049518843e-01 5.833154232217757640e-01 2.351144810347503444e+00 9.000000000000000000e+00 4.000000000000000000e+00 4.000000000000000000e+00 -2.063838322358728874e+03
6.375990569224772031e-01 2.184248469023473582e+00 4.828680024172339103e+00 4.361980883802790032e+00 1.722562797985733196e+00 4.868481711242862442e-01 7.701786114370002823e-01 2.462298842105174135e+00 9.000000000000000000e+00 7.000000000000000000e+00 4.000000000000000000e+00 -2.132120666790840176e+02
2.959115705010252562e+00 1.989940786274097650e+00 8.032452493409730110e+00 2.240870803347830620e+00 1.330905009345799694e+00 2.919011919130919397e-01 6.677080829698409659e-01 2.188565291457064355e+00 5.000000000000000000e+00 1.600000000000000000e+01 3.000000000000000000e+00 -2.356085927132702182e+03
6.840998878766416658e-01 2.787720103487921985e+00 8.339711082762001126e+00 5.588402222952971066e+00 1.668436136557649885e+00 2.804149411607563813e-01 6.982357139963601966e-01 2.424836210690198168e+00 8.000000000000000000e+00 6.000000000000000000e+00 4.000000000000000000e+00 -2.103607349471532871e+03
8.878305986522178062e-01 2.027248368593318251e+00 6.974336744133136534e+00 3.211599221195881704e+00 1.622663496416427931e+00 3.051849554336584780e-01 2.390714201373829173e-01 3.065012843036219348e+00 5.000000000000000000e+00 1.600000000000000000e+01 4.000000000000000000e+00 -3.768931175701831648e+02
4.927803527004043227e-01 1.751277467676958910e+00 5.523961555025203474e+00 3.034393452986643869e+00 2.694308711460055683e+00 3.702990468448158490e-01 4.536506042386033166e-01 2.230013696454165917e+00 6.000000000000000000e+00 1.200000000000000000e+01 4.000000000000000000e+00 -2.199463468034601647e+03
1.233005443275342561e+00 7.580808060633715817e-01 6.774346027698528339e+00 3.648778376249976585e+00 1.417712073181126797e+00 2.280534577351444048e-01 4.812608410741220366e-01 2.607956251253187752e+00 1.000000000000000000e+01 1.000000000000000000e+01 4.000000000000000000e+00 -2.019712375142160568e+02
1.179172066687982134e+00 1.933098831861096878e+00 7.531589652017044223e+00 3.996508946227749437e+00 1.986689230715371401e+00 7.552757982447564356e-01 2.133670184061206565e-01 2.490248500118085406e+00 5.000000000000000000e+00 1.200000000000000000e+01 5.000000000000000000e+00 -2.234684597679244234e+03
1.479144248781033344e+00 1.059806226059151202e+00 7.525033628596984769e+00 2.016495940102598361e+00 1.326746652927681014e+00 6.998715606175254234e-01 6.325726423866036008e-01 3.001877070444701978e+00 1.000000000000000000e+01 1.300000000000000000e+01 5.000000000000000000e+00 -2.160024078257029487e+03
8.881440729460128303e-01 6.016812262087850582e-01 1.308019712507365817e+00 9.536406451063305312e+00 1.243414240580392294e+00 7.919528420491149800e-01 6.834208068361217192e-01 3.202401838611705021e+00 7.000000000000000000e+00 6.000000000000000000e+00 4.000000000000000000e+00 -2.097577968975766453e+03
2.102420525550928954e+00 1.183290117653722051e+00 2.025075802899091837e+00 7.337680818452332332e+00 2.014976178915032001e+00 2.822671840187116032e+00 9.312392849148308782e-01 2.478551115602272148e+00 1.000000000000000000e+01 9.000000000000000000e+00 4.000000000000000000e+00 -2.144099562880891881e+03
