1.462483710791525837e+00 2.246046978055328935e+00 3.437219428015713341e+00 5.155962680585095548e+00 2.378959860404376236e+00 1.123232990900534967e+00 3.331095229840910221e-01 2.793682078875287189e+00 9.000000000000000000e+00 4.000000000000000000e+00 4.000000000000000000e+00 -2.134021433284779050e+03
1.458903780273544948e+00 1.756859083325598370e+00 3.943741790910046952e+00 4.270251272538062359e+00 2.390691114799245565e+00 6.054300859633596765e-01 3.414731631959666003e-01 2.386147734506439022e+00 1.000000000000000000e+01 6.000000000000000000e+00 5.000000000000000000e+00 -1.733816259699811724e+02
2.265445202148262727e+00 1.381430330493800485e+00 4.709081092938850688e+00 2.077392888555219308e+00 1.782458185235340720e+00 1.005651033868105504e+00 5.566800101864677330e-01 2.413919519798847890e+00 9.000000000000000000e+00 9.000000000000000000e+00 5.000000000000000000e+00 -2.906543878411444553e+02
1.954149157904702339e+00 9.587975474316395852e-01 3.053636275328531546e+00 4.252854938635238113e+00 1.693753617663772637e+00 1.620368772591284090e+00 5.865326593323937354e-01 2.949329753758094697e+00 7.000000000000000000e+00 4.000000000000000000e+00 5.000000000000000000e+00 -2.130862954465966141e+03
1.433941396913734012e+00 1.595738433541413759e+00 6.092696661059215479e+00 6.603736106862713839e+00 1.811813914092008648e+00 3.503393402382027899e-01 4.630355359513331770e-01 3.355538333941421758e+00 9.000000000000000000e+00 1.200000000000000000e+01 4.000000000000000000e+00 -2.154213947759280927e+03
1.304321343080487861e+00 2.232651830312412766e+00 7.336645505081456520e+00 3.300616258786515544e+00 2.479298211923741668e+00 7.140829354747488811e-01 5.618941391925713624e-02 3.179329118221508210e+00 7.000000000000000000e+00 1.700000000000000000e+01 5.000000000000000000e+00 -2.156097539624328874e+03
1.487047253617310494e+00 1.425941354605234856e+00 5.223468311260489827e+00 7.726202993694773369e+00 1.967676737230625417e+00 4.094023356104011246e-01 4.304309178996891805e-01 2.943040448885300364e+00 7.000000000000000000e+00 1.400000000000000000e+01 5.000000000000000000e+00 -2.159765315567459311e+03
7.359511986368905134e-01 1.633018558813948751e+00 4.859003494959054592e+00 4.214292305836421448e+00 1.730569562781296478e+00 4.871097215228944455e-01 3.631842171234808125e-01 2.827607265726810315e+00 1.100000000000000000e+01 5.000000000000000000e+00 4.000000000000000000e+00 -2.047031254658967782e+03
1.623682257631894110e+00 1.258653770780420178e+00 5.107509978369484394e+00 4.924481993857375173e+00 1.469718990304681450e+00 5.614005602012102081e-01 3.948399047861655964e-01 3.039927812225931447e+00 7.000000000000000000e+00 9.000000000000000000e+00 4.000000000000000000e+00 -4.965369090376431700e+02
5.882279936273200338e-01 1.729940912517714979e+00 3.950099275676473010e+00 2.416781843539043795e+00 1.198405359344647980e+00 1.599567521460612540e-01 2.048205245926500440e-01 2.581008776846211994e+00 8.000000000000000000e+00 9.000000000000000000e+00 4.000000000000000000e+00 -1.855607605319721642e+02
1.085992731660484267e+00 1.848448556599674220e+00 5.773493800179603674e+00 5.273173969577714892e+00 2.366387750315999572e+00 6.985682526687919669e-01 3.623039452260525817e-01 2.185919592038813697e+00 9.000000000000000000e+00 1.200000000000000000e+01 4.000000000000000000e+00 -3.123075321904806287e+02
1.493575535633194562e+00 1.449942649170229636e+00 4.891134497011408122e+00 6.264418951350179121e+00 2.851911582406292389e+00 6.152014358865536270e-01 6.011780370153019248e-01 2.820747399977101111e+00 9.000000000000000000e+00 1.400000000000000000e+01 3.000000000000000000e+00 -2.278688183827881858e+03
1.581710559676393846e+00 1.019298636485702403e+00 5.787802921015075874e+00 4.403337937000870284e+00 1.325167339071547934e+00 8.783440306033754030e-01 3.928065977035473111e-01 2.013382114420067204e+00 9.000000000000000000e+00 1.000000000000000000e+01 4.000000000000000000e+00 -2.136904937418271857e+03
1.748628642430404945e+00 1.040109774251742891e+00 6.912979556076724208e+00 6.199695452257573791e+00 2.131390980086708353e+00 3.266687103084650601e-01 4.953089555783826703e-01 2.573058938744381408e+00 1.100000000000000000e+01 1.200000000000000000e+01 5.000000000000000000e+00 -2.271964553145408900e+03
1.412241769647885725e+00 9.575321807204559832e-01 4.446982044714948401e+00 3.495156121994600795e+00 2.774526096034983347e+00 2.398848604399506090e-01 4.282024998747386846e-01 2.438831519868631670e+00 5.000000000000000000e+00 1.200000000000000000e+01 4.000000000000000000e+00 -3.289349766718165711e+02
1.730123066960759015e+00 5.594914832280972750e-01 7.429205953806758522e+00 4.816635770636070291e+00 2.049052366209477505e+00 3.027409534474451158e-02 2.304739427653091366e-01 2.435942193403221712e+00 1.000000000000000000e+01 1.300000000000000000e+01 4.000000000000000000e+00 -2.191656413345383044e+03
1.270394416518931147e+00 1.438502466626748300e+00 5.288878115924068091e+00 5.866443515523521945e+00 2.739043314811770546e+00 3.242351800974915821e-01 6.872003025181508962e-01 2.494071043855621284e+00 8.000000000000000000e+00 1.100000000000000000e+01 4.000000000000000000e+00 -3.039434330311157737e+02
1.223264859017839434e+00 1.484969070699409865e+00 6.030805628869020829e+00 4.405808988526253245e+00 1.165606590481532034e+00 1.876657426938506124e-01 2.168130646291664132e-01 2.971629269287126895e+00 7.000000000000000000e+00 1.700000000000000000e+01 4.000000000000000000e+00 -2.163731842349928229e+03
2.332253109708159577e+00 1.461006135557888719e+00 5.742677518449801788e+00 4.080705283189697496e+00 2.226250335884161213e+00 8.898360517323745666e-01 3.565723106447088453e-01 2.915966525703319601e+00 1.000000000000000000e+01 9.000000000000000000e+00 5.000000000000000000e+00 -2.155884199275737501e+03
1.929806874856930143e+00 1.836331338362771515e+00 6.094519973192182860e+00 6.495718960256718688e+00 1.967442320227247743e+00 2.915880249461706986e-01 3.041755295885144594e-01 3.103156750978317113e+00 6.000000000000000000e+00 9.000000000000000000e+00 4.000000000000000000e+00 -1.443093904464623733e+02
1.606134716260787743e+00 1.808932068905748203e+00 5.266258202181266057e+00 3.832411561550226775e+00 1.718010002774202682e+00 7.809546635271150672e-01 5.460536521183201319e-01 2.123449632919747199e+00 9.000000000000000000e+00 8.000000000000000000e+00 5.000000000000000000e+00 -2.149989132116149449e+03
8.381046379661827306e-01 2.572410918375797717e+00 4.541590275749500805e+00 6.503820586826028816e+00 1.302426886472640488e+00 6.782509232940761024e-01 5.101283388771644667e-01 2.758769373186367613e+00 9.000000000000000000e+00 1.200000000000000000e+01 4.000000000000000000e+00 -2.377786745873668792e+02
1.744225297549022891e+00 1.874498579570892165e+00 2.377185597479754442e+00 5.887340723381491614e+00 1.907242092447555937e+00 1.684452261065256806e-01 4.614857850812474349e-01 2.444780089291070713e+00 1.000000000000000000e+01 7.000000000000000000e+00 5.000000000000000000e+00 -2.142351820874009718e+03
1.694528125640091920e+00 2.245022452595996754e+00 4.811232655410867309e+00 6.007384203367709397e+00 1.567570213721626526e+00 9.581134503139632219e-02 4.694179876984678201e-01 2.529504093939209497e+00 9.000000000000000000e+00 3.000000000000000000e+00 3.000000000000000000e+00 -2.093695269097533128e+03
1.778808010122389316e+00 2.010106781673831833e+00 4.207975967765243297e+00 4.987486953727938044e+00 2.052321571001696654e+00 7.212187269413867785e-01 8.163745472375656398e-01 2.089733816582457937e+00 6.000000000000000000e+00 7.000000000000000000e+00 4.000000000000000000e+00 -1.647936232728404775e+02
1.170304396555787774e+00 1.101486874344604905e+00 4.086128924365680426e+00 5.192914415970865782e+00 1.819386362964073856e+00 7.080092791284491316e-01 4.725882699954133126e-01 2.613868971649037309e+00 4.000000000000000000e+00 1.500000000000000000e+01 4.000000000000000000e+00 -2.334380132584448802e+03
1.058666568157968557e+00 1.419782110066653891e+00 7.808527293209293063e+00 4.677514881628131782e+00 1.477884156242005531e+00 1.023311373913676103e+00 4.460023012122774633e-01 2.017590785497194616e+00 8.000000000000000000e+00 1.600000000000000000e+01 5.000000000000000000e+00 -2.193951146503246946e+03
1.320402778209569084e+00 4.658051095885642479e-01 4.023886555503262130e+00 2.049207668721786835e+00 2.648035268832770850e+00 5.274871470415257724e-01 5.094620489497608817e-01 2.730214471862150827e+00 4.000000000000000000e+00 1.500000000000000000e+01 4.000000000000000000e+00 -3.717798361473006707e+02
1.077397984173444678e+00 1.118141333212027355e+00 2.542680011911719884e+00 6.072532181804896290e+00 2.649304220812364274e+00 2.633826210758885566e-01 3.480483418579322641e-01 3.053105479589451221e+00 7.000000000000000000e+00 1.200000000000000000e+01 4.000000000000000000e+00 -3.170110261450025746e+02
1.515171722183608738e+00 1.020157225190734485e+00 4.853031522876783299e+00 5.847325124448817135e+00 1.797544608160330792e+00 1.029650019734288380e+00 5.863696979299289902e-01 2.654242034002302297e+00 5.000000000000000000e+00 1.400000000000000000e+01 4.000000000000000000e+00 -2.101723026278094949e+03
6.134770038338361875e-01 1.878669627116242635e+00 6.618254461865271665e+00 4.140720638080021665e+00 2.779547277420062468e+00 5.520876760021383722e-01 4.994725304840138547e-01 2.972276762363538438e+00 3.000000000000000000e+00 9.000000000000000000e+00 4.000000000000000000e+00 -2.799176809669613704e+02
1.698496863571336668e+00 1.547888896879361820e+00 6.011766239468377293e+00 7.806149176282991320e+00 2.329392301498888873e+00 2.733367087440504717e-01 4.637783326228351877e-01 3.444683962337157457e+00 9.000000000000000000e+00 1.400000000000000000e+01 5.000000000000000000e+00 -2.263955370444806249e+03
1.182225742600457652e+00 1.838733400444255262e+00 6.689733526040562595e+00 5.622014250828090809e+00 9.661043410439236201e-01 7.580812424873617505e-01 4.716163946683860630e-01 2.149235503143983372e+00 8.000000000000000000e+00 1.100000000000000000e+01 3.000000000000000000e+00 -2.145614933881270645e+03
9.828274295092327417e-01 1.590262511138400559e+00 4.152062419151159034e+00 2.316216654360709448e+00 1.802109868987141983e+00 7.711007493152247649e-01 5.254032048145753642e-01 2.702608204915449175e+00 8.000000000000000000e+00 1.500000000000000000e+01 4.000000000000000000e+00 -3.579496701308747788e+02
1.641640451512688781e+00 1.418868997299458368e+00 7.667723743866948993e+00 6.434454329454573518e+00 1.852354422845239768e+00 7.015041456656823105e-01 6.438490899091579012e-01 2.807822967720277063e+00 7.000000000000000000e+00 1.100000000000000000e+01 5.000000000000000000e+00 -2.210938918856236342e+03
8.032077553266449010e-01 1.942105545065139660e+00 3.138476204828798632e+00 2.830349471693568653e+00 1.966408464779968668e+00 6.154652953666974735e-01 8.880290797185497187e-01 2.678922518863782187e+00 9.000000000000000000e+00 1.000000000000000000e+01 4.000000000000000000e+00 -2.813459987008862981e+02
1.433110831629189397e+00 2.068825659864921285e+00 4.173532839351413060e+00 5.912575658594898087e+00 1.827067889540465062e+00 9.147851490932591423e-01 3.153883052669561593e-01 2.281731910672923469e+00 6.000000000000000000e+00 1.200000000000000000e+01 4.000000000000000000e+00 -2.140633143592292981e+03
1.080462877030603952e+00 1.852007003416579201e+00 4.806641312680459244e+00 5.073986761327708095e+00 2.879087723129126530e+00 7.024236230492615363e-01 5.653005117204314978e-01 3.105549889738090208e+00 8.000000000000000000e+00 1.500000000000000000e+01 4.000000000000000000e+00 -2.209786106965180352e+03
2.031266155181250976e+00 7.391665261013103949e-01 3.694822227022330985e+00 2.851165976136212699e+00 2.062894536234063825e+00 8.939323235506897447e-01 5.251561185880384564e-01 2.633066639964169120e+00 1.100000000000000000e+01 6.000000000000000000e+00 5.000000000000000000e+00 -2.074183472303023791e+03
1.485661897011086197e+00 1.238958374428996034e+00 4.543216555978188964e+00 4.102063996165362880e+00 2.279648337237030642e+00 7.144634950822255082e-01 3.774337682341215583e-01 2.735810826797549833e+00 1.100000000000000000e+01 1.000000000000000000e+01 5.000000000000000000e+00 -2.065283589330920677e+03
2.186783445741172116e+00 1.402880602105719188e+00 6.484574781725681802e+00 7.663064079968398445e+00 1.625938715012454017e+00 6.373130566363768290e-01 4.086802763824129436e-01 3.221346170066545334e+00 8.000000000000000000e+00 1.800000000000000000e+01 4.000000000000000000e+00 -2.287252802120285196e+03
1.236049379024785733e+00 2.683743390827586950e+00 8.086459824536680330e+00 6.333203432380308584e+00 1.158255597829739081e+00 8.476778527682451436e-01 6.782129407129234844e-01 2.402794711523228877e+00 8.000000000000000000e+00 4.000000000000000000e+00 3.000000000000000000e+00 -2.129736451870625842e+03
8.497903524525465269e-01 1.880890959691314368e+00 6.714094923098169687e+00 1.413540749652587580e+00 2.074524287636895892e+00 5.803854657698973574e-01 5.628071011524321543e-01 2.699026001866850599e+00 7.000000000000000000e+00 4.000000000000000000e+00 5.000000000000000000e+00 -2.044285744728799727e+03
9.370082513847817207e-01 2.289167101724264075e+00 4.750746974672388490e+00 3.687693614398495079e+00 1.327956303374936642e+00 1.277265368400036571e+00 6.967580631190658513e-01 2.556813730713889843e+00 9.000000000000000000e+00 1.300000000000000000e+01 4.000000000000000000e+00 -2.177381257143146740e+03
1.251043823975871661e+00 1.930465754277976176e+00 4.969178997665469666e+00 6.691365846428604769e+00 1.911444119205432557e+00 1.071244834487859343e+00 5.726394152803194748e-01 2.223518112079587716e+00 8.000000000000000000e+00 1.400000000000000000e+01 4.000000000000000000e+00 -3.497761942733034175e+02
1.301979786646334070e+00 2.320625189939564681e+00 3.633839848063278311e+00 6.521528314077966293e+00 2.328935972219968509e+00 1.986520230614281513e-01 3.766182122282619171e-01 2.869761421351201491e+00 1.100000000000000000e+01 9.000000000000000000e+00 3.000000000000000000e+00 -2.120003431379429912e+03
2.645848360570202118e-01 1.584661301019560931e+00 6.436858763820485940e+00 2.632061846885549006e+00 1.124671341649944090e+00 5.331407191563468650e-01 2.866984122636616616e-01 3.193566830898394215e+00 5.000000000000000000e+00 1.500000000000000000e+01 3.000000000000000000e+00 -2.083106213941329315e+03
2.102420525550928954e+00 1.183290117653722051e+00 2.025075802899091837e+00 7.337680818452332332e+00 2.014976178915032001e+00 2.822671840187116032e+00 9.312392849148308782e-01 2.478551115602272148e+00 1.000000000000000000e+01 9.000000000000000000e+00 4.000000000000000000e+00 -2.144099562880891881e+03
