1.767220672538786008e+00 1.861129937375493704e+00 6.620901013200490404e+00 5.326185340688532222e+00 1.916040147126197635e+00 3.537222887550990902e-01 7.010850681480303992e-01 2.838250871482505211e+00 7.000000000000000000e+00 1.000000000000000000e+01 4.000000000000000000e+00 -2.836029708713909940e+02
2.038473166241463463e+00 1.947566213659996270e+00 5.966553360027937458e+00 6.779155441487228373e+00 1.691646036765794836e-01 4.101178956041984236e-01 5.129135537610968187e-01 2.165153624758937134e+00 6.000000000000000000e+00 1.200000000000000000e+01 4.000000000000000000e+00 -2.152812010150275455e+03
1.550795316605393825e+00 1.376857264422647553e+00 5.589691942953231241e+00 5.759891138986972692e+00 8.425075605665228728e-01 2.883845629679225864e-01 2.612766695746830958e-01 2.055983858824113497e+00 6.000000000000000000e+00 1.300000000000000000e+01 4.000000000000000000e+00 -2.158407743496780768e+03
1.238401927146286496e+00 1.717899582304726946e+00 5.264718563718847832e+00 7.062703357965911977e+00 2.236820902361252195e+00 1.127057679897916165e+00 5.275197017352218909e-01 2.711290878972614227e+00 1.000000000000000000e+01 1.400000000000000000e+01 4.000000000000000000e+00 -2.122471855480362137e+03
1.367568206181265733e+00 1.460896253948773094e+00 4.142753162579075443e+00 4.778348620725233253e+00 1.281304537609962324e+00 5.248954635002327507e-01 8.635380533170420314e-01 2.068546842274209929e+00 7.000000000000000000e+00 1.900000000000000000e+01 4.000000000000000000e+00 -4.286300552675102153e+02
1.744282047455299800e+00 1.229094782428623800e+00 5.925414644555774935e+00 4.656820958315371684e+00 2.665944413486332820e+00 3.184111697223722670e-01 5.867206277599208430e-01 2.460208806899202294e+00 9.000000000000000000e+00 1.400000000000000000e+01 4.000000000000000000e+00 -3.385218751847783096e+02
1.063650565494608902e+00 1.873763389338955143e+00 7.079731424062289058e+00 3.749267209578795779e+00 1.418138359281726046e+00 1.668874971413854269e-02 9.988291925070402755e-01 2.002350284670201042e+00 7.000000000000000000e+00 1.200000000000000000e+01 4.000000000000000000e+00 -3.314128737295960718e+02
6.468734588071640701e-01 1.516846035780581969e+00 7.237045138155682622e+00 4.750029877795637567e+00 2.273180106558596592e+00 1.660604227117142839e-01 5.916712730881753535e-01 2.637870225892774201e+00 7.000000000000000000e+00 1.400000000000000000e+01 4.000000000000000000e+00 -3.687393976744409656e+02
2.225339207109797268e+00 1.920032552508242230e+00 8.096741653704642161e+00 4.423540532697900929e+00 2.335185786723843915e+00 1.000579618551733718e+00 4.516596177429581527e-01 2.904887451478585625e+00 1.000000000000000000e+01 1.300000000000000000e+01 5.000000000000000000e+00 -2.237397118735354070e+03
1.791692708865246342e+00 2.015888156463814695e+00 8.795325008728104521e+00 8.013230583620913450e+00 1.198876826672250262e+00 7.354789841452955557e-01 8.790031053182434384e-01 2.701125842923240761e+00 7.000000000000000000e+00 1.700000000000000000e+01 4.000000000000000000e+00 -2.085414158043643056e+03
1.544789271128198527e+00 1.276700874666570229e+00 8.232271777744394115e+00 3.779489622684876426e+00 2.505535130331351112e+00 1.706692580396395598e-01 6.012958649922731658e-01 2.508565684307261456e+00 9.000000000000000000e+00 1.400000000000000000e+01 4.000000000000000000e+00 -3.250098022864217455e+02
1.390914449328657820e+00 1.186663830382222118e+00 5.672479146851097553e+00 5.710993554051999155e+00 2.108607391566076128e+00 8.786217059393591766e-01 4.506273484078693325e-01 2.832391653064085357e+00 9.000000000000000000e+00 1.200000000000000000e+01 3.000000000000000000e+00 -2.201771860427877982e+03
1.762023132711644680e+00 2.834679867694841704e+00 3.930947494610727233e+00 5.438626627172642003e+00 1.833099133379379353e+00 1.491266623818036652e-01 6.870650439277610211e-01 2.252145336843173418e+00 7.000000000000000000e+00 1.600000000000000000e+01 4.000000000000000000e+00 -3.064621601072590806e+02
1.378857272014293534e+00 1.906569356973898177e+00 6.543932049329967526e+00 5.814111486889077973e+00 5.182143407774310040e-01 9.583723822797646230e-01 5.213939956823119282e-01 2.379483551522501017e+00 5.000000000000000000e+00 1.500000000000000000e+01 4.000000000000000000e+00 -2.165131334183033687e+03
9.983342486086526080e-01 1.773727288973034888e+00 9.548576885789699986e+00 6.858087771827133139e+00 1.645432589554430169e+00 2.527750659136631106e-01 3.196304217221300759e-01 2.780125600123716456e+00 8.000000000000000000e+00 1.000000000000000000e+01 5.000000000000000000e+00 -9.325449720903608295e+02
7.939282450340592323e-01 1.454963339829826729e+00 7.812241599870032083e+00 6.927638363279899458e+00 1.903237532565123846e+00 1.249198922646398868e+00 2.147833825578570610e-01 2.484000669791654126e+00 8.000000000000000000e+00 4.000000000000000000e+00 5.000000000000000000e+00 -2.064144440888147528e+03
7.262770768728595838e-01 1.837840894409102033e+00 5.455635280422998612e+00 6.041553585324458631e+00 2.722069031672888162e+00 8.957873743170782221e-01 3.610230780441805454e-01 2.129268954966982985e+00 1.100000000000000000e+01 1.000000000000000000e+01 4.000000000000000000e+00 -2.793307795398145572e+02
1.225251944583824582e+00 1.647523211894460937e+00 6.241759917316595185e+00 3.849369380008481833e+00 2.836130698209313294e+00 4.710939074544476246e-01 5.636383940399205539e-01 2.791922243373627932e+00 9.000000000000000000e+00 1.100000000000000000e+01 4.000000000000000000e+00 -2.875935177296991583e+02
2.436013018335771996e-01 6.914297027917425398e-01 8.072552712191587432e+00 5.730136095989861289e+00 2.338657886737569136e+00 5.025959134252497851e-01 4.484776287621741742e-01 2.997699553485185131e+00 1.000000000000000000e+01 8.000000000000000000e+00 4.000000000000000000e+00 -2.194374743104526715e+03
1.122631918389347616e+00 1.099338204712671629e+00 5.952085797868187811e+00 5.757134989915075884e+00 1.808414064559648704e+00 1.152844150430253789e+00 7.196998705213115688e-01 3.094822197575038736e+00 1.100000000000000000e+01 1.300000000000000000e+01 3.000000000000000000e+00 -2.159078459277929596e+03
1.040919658320804020e+00 9.533267368615082615e-01 5.601165019216283625e+00 6.691412002994621133e+00 1.616691437107247609e+00 1.663019227276932022e-01 6.505093742628158537e-01 2.869395652105916739e+00 6.000000000000000000e+00 1.800000000000000000e+01 4.000000000000000000e+00 -2.311851770006245260e+03
1.432223995274215067e+00 1.734246495179520009e+00 3.835197620820023801e+00 8.106179914538895304e+00 1.527129990018414984e+00 8.552338366080852738e-01 5.566210893221729128e-01 2.815281677622484047e+00 1.100000000000000000e+01 1.900000000000000000e+01 4.000000000000000000e+00 -2.101188527412446092e+03
4.950684769252854389e-01 2.121893712058428250e+00 4.487544459786046325e+00 4.828103051136555024e+00 2.153154821923823903e+00 7.175852460510376840e-01 5.219231157348109829e-01 2.689066674261341827e+00 8.000000000000000000e+00 1.000000000000000000e+01 4.000000000000000000e+00 -2.131090334793856528e+03
1.652062724728358578e+00 1.144763876995431584e+00 7.140227301700647899e+00 5.151325022527731612e+00 1.355020938955001641e+00 5.621241070483008473e-01 7.492545695205353740e-01 2.819731952917953421e+00 1.100000000000000000e+01 1.400000000000000000e+01 5.000000000000000000e+00 -2.143352465919266706e+03
1.389855116589132411e+00 2.773461906125032073e+00 3.271185335569117392e+00 4.398408133012995158e+00 1.355762050323203738e+00 8.274110123772832059e-01 5.430598256611154362e-01 2.830125607701679868e+00 1.100000000000000000e+01 1.400000000000000000e+01 4.000000000000000000e+00 -2.140474875043174052e+03
5.747613365819199682e-01 9.178397600887810981e-01 4.350072970369458503e+00 8.449242159815121056e+00 1.030414380187640422e+00 3.138098173887062803e-01 7.959745827717984445e-01 2.580858774549422474e+00 7.000000000000000000e+00 1.600000000000000000e+01 4.000000000000000000e+00 -2.101454661658354325e+03
1.055896398017603710e+00 1.739055031808387053e+00 7.917460412765512601e+00 8.551803176979497323e+00 1.741426500114417131e+00 1.574427924441518245e-02 5.504189695701875440e-01 2.258877087735687184e+00 9.000000000000000000e+00 1.400000000000000000e+01 4.000000000000000000e+00 -3.486432488691956451e+02
1.990901349305370216e+00 9.901524004486670361e-01 4.579790087105735097e+00 4.237849275859272069e+00 1.527841281419083597e+00 2.632757549859962576e-01 7.509366734503002405e-01 2.420592531548028781e+00 7.000000000000000000e+00 1.500000000000000000e+01 4.000000000000000000e+00 -2.861965375295100102e+02
1.996357081101136188e+00 1.748086330564336377e+00 4.903169752189611152e+00 5.254885141214739264e+00 1.650476812080118982e+00 2.027174790364094648e+00 7.933908149481219141e-01 2.624440562168576463e+00 1.000000000000000000e+01 1.400000000000000000e+01 4.000000000000000000e+00 -2.187408980737171987e+03
1.629940585424640043e+00 2.344771610172980303e+00 6.435840007284557629e+00 8.294799514588236278e+00 1.929740509355461375e+00 4.076685332798460903e-01 7.325822019331553747e-01 3.210022851097530161e+00 6.000000000000000000e+00 1.700000000000000000e+01 4.000000000000000000e+00 -2.092632543924935362e+03
1.262852406778613101e+00 1.947500453529352749e-01 8.164825492731461409e+00 6.284622859487836166e+00 2.005311395401264463e+00 3.101853920795534791e-01 4.400490265452618455e-01 2.718659085422653554e+00 8.000000000000000000e+00 6.000000000000000000e+00 5.000000000000000000e+00 -2.072722887605711094e+03
1.507034109538929023e+00 1.759303671419290893e+00 7.444880138078648457e+00 4.383593377407202674e+00 2.533519925533064487e+00 3.522559961904588866e-01 5.374551034419583484e-01 2.658073974436335973e+00 9.000000000000000000e+00 1.400000000000000000e+01 4.000000000000000000e+00 -3.323823258535010723e+02
1.031865932552817666e+00 1.740074488830203991e+00 5.316624890349969768e+00 4.351868826580989946e+00 1.239468167937124443e+00 3.168443040331860860e-01 4.462988522415392012e-01 2.636025768104452549e+00 1.000000000000000000e+01 1.200000000000000000e+01 4.000000000000000000e+00 -2.325630743384831192e+02
1.218176291731101646e+00 1.541929574615658494e+00 7.606747597616576151e+00 4.569716887500124614e+00 2.771474695396856980e+00 5.346820957210717262e-01 3.268708674022070548e-01 2.361813854259716017e+00 7.000000000000000000e+00 1.200000000000000000e+01 4.000000000000000000e+00 -2.839579345873247576e+02
1.575141471643308089e+00 6.356357206827089046e-01 8.781507219813455833e+00 5.901066821193210465e+00 1.678786029627164611e+00 4.261067852577915538e-01 4.979162473365379427e-01 2.915207340173484152e+00 7.000000000000000000e+00 1.000000000000000000e+01 4.000000000000000000e+00 -2.118039569666684201e+03
1.499295791878732631e+00 1.252409845848509118e+00 8.021285898432989114e+00 3.854144879590726269e+00 2.081358291322025877e+00 1.237699678441162021e-01 7.146736264339974554e-01 3.476797453501955903e+00 9.000000000000000000e+00 1.800000000000000000e+01 4.000000000000000000e+00 -2.361789930548230132e+03
1.142765111390058097e+00 6.207045872342991100e-01 7.467514244894724484e+00 7.796928480417943064e+00 1.257501645918920552e+00 5.345230029511146563e-01 6.588431078299291643e-01 2.390305124778062229e+00 6.000000000000000000e+00 1.500000000000000000e+01 4.000000000000000000e+00 -3.645281318884798338e+02
1.371608217290092746e+00 1.342475623948810926e+00 8.355991500669631478e+00 2.426417693291377020e+00 2.231103344330492178e+00 3.142499647962784248e-01 8.252015706805464479e-01 2.221217446905942250e+00 8.000000000000000000e+00 1.400000000000000000e+01 4.000000000000000000e+00 -3.588691254236651957e+02
1.019738697475768952e+00 3.023120400840395572e-01 4.939033566888404891e+00 4.685614957220360921e+00 9.241064567230008464e-01 5.496648417788735363e-02 9.462292887611437608e-01 3.160182519923977917e+00 9.000000000000000000e+00 1.800000000000000000e+01 5.000000000000000000e+00 -2.127061053408388489e+03
1.301986185226568171e+00 4.493117340458484543e-01 7.905022432439871238e+00 6.259972023205510716e+00 1.058968658517082995e+00 6.688446093488353839e-01 6.175741380129753377e-01 2.533368005905973774e+00 7.000000000000000000e+00 7.000000000000000000e+00 4.000000000000000000e+00 -2.058142048447373327e+03
8.505503729350960551e-01 1.942324241365152027e+00 5.907181080308475885e+00 6.579017532396319368e+00 2.570250340106433828e+00 3.263210138528378490e-01 2.588119137038480400e-01 2.519633562862695353e+00 8.000000000000000000e+00 1.200000000000000000e+01 4.000000000000000000e+00 -3.144028814128485010e+02
9.736298321871946770e-01 1.065791314355956976e+00 7.559788503093007428e+00 3.148975855197670981e+00 2.271554712219524319e+00 3.132486892581798354e-01 4.392917887379015340e-01 2.225548982264140552e+00 1.100000000000000000e+01 1.800000000000000000e+01 4.000000000000000000e+00 -3.309473950237611461e+02
1.220886921917559986e+00 9.387636261366146817e-01 7.655346873960277243e+00 6.046031166932507084e+00 9.631757984439401898e-01 2.595120177362871816e-01 7.435929275613358813e-01 2.436331855807207791e+00 7.000000000000000000e+00 1.100000000000000000e+01 4.000000000000000000e+00 -2.212667071540335542e+02
2.289556815060738160e+00 2.803082624328358641e+00 4.480899818239885590e+00 6.995709614383361696e+00 1.298255967732755201e+00 3.219860922157460892e-01 4.551349628657532231e-01 3.877080950734174358e+00 1.100000000000000000e+01 1.200000000000000000e+01 4.000000000000000000e+00 -2.091355994011131315e+03
1.888120696414831601e+00 1.022468640951794905e+00 3.137003987129901361e+00 5.923474658303685025e+00 9.887060538402742127e-01 5.502515591243348214e-02 6.941327955793625826e-01 2.243783783577345758e+00 6.000000000000000000e+00 1.500000000000000000e+01 4.000000000000000000e+00 -2.834456761805358269e+02
6.634470934431913047e-01 1.476163096480834103e+00 8.355621860615002561e+00 5.197100228256168464e+00 1.192838946479879647e+00 7.889384184252993260e-01 5.903412470474908025e-01 2.400267318613912959e+00 9.000000000000000000e+00 1.300000000000000000e+01 4.000000000000000000e+00 -2.784286915771552913e+02
1.715559156140050501e+00 2.215987438803979082e+00 6.687687505628929330e+00 1.772210858840082004e+00 2.613766867583627196e+00 1.576037348861993315e-01 6.951189281162565292e-01 2.094818408328299242e+00 8.000000000000000000e+00 1.000000000000000000e+01 5.000000000000000000e+00 -2.192376473190146498e+03
2.102420525550928954e+00 1.183290117653722051e+00 2.025075802899091837e+00 7.337680818452332332e+00 2.014976178915032001e+00 2.822671840187116032e+00 9.312392849148308782e-01 2.478551115602272148e+00 1.000000000000000000e+01 9.000000000000000000e+00 4.000000000000000000e+00 -2.144099562880891881e+03
