2.398215856111793443e+00 1.393875285517615970e+00 7.264496150668079189e+00 7.579190816753023086e+00 1.803056513252591087e+00 1.029109153815256361e-01 6.923710084624081773e-01 2.715498698889855955e+00 5.000000000000000000e+00 1.100000000000000000e+01 3.000000000000000000e+00 -2.213628372626591499e+03
2.123530158263229328e+00 1.235648956658943254e+00 6.595944083565294491e+00 4.203160468783163850e+00 1.827855077175028820e+00 7.808934421235361745e-01 8.523568145225896009e-01 2.791349637578502296e+00 1.000000000000000000e+01 1.600000000000000000e+01 5.000000000000000000e+00 -2.089049360497122052e+03
9.870767867948393448e-01 1.780981079306017456e+00 6.360186480300231260e+00 5.555984662437672306e+00 2.137991345672514143e-01 1.252507678725448548e-01 9.394170203605459735e-01 3.155543933679840762e+00 8.000000000000000000e+00 1.700000000000000000e+01 4.000000000000000000e+00 -2.166719969876784035e+03
1.314313003471534902e+00 1.915230991663043891e+00 6.443619442504924244e+00 6.360120076818260415e+00 1.714635720921867890e+00 1.346008370928305942e+00 4.656677157868011063e-01 2.223349211328757402e+00 8.000000000000000000e+00 1.200000000000000000e+01 5.000000000000000000e+00 -2.243746338967698648e+03
2.300903421618483158e+00 6.870377168002591572e-01 5.285742045694213687e+00 7.087558426382079446e+00 2.755164724413183830e+00 1.859457891811843178e-01 7.010602391197867655e-01 2.609563771623939044e+00 8.000000000000000000e+00 6.000000000000000000e+00 4.000000000000000000e+00 -2.117239572694888636e+02
1.146771278831951735e+00 1.666759560166204635e+00 5.658966652846585177e+00 6.254852248445675222e+00 3.694046963550723373e-01 8.594058645609639058e-01 9.720543826068548388e-01 2.287221064536046011e+00 1.000000000000000000e+01 1.800000000000000000e+01 5.000000000000000000e+00 -4.028313080041395438e+02
1.678667643936268883e+00 1.508063256095529603e+00 6.526787907075579653e+00 2.374009555430924401e+00 2.562293967106239911e+00 6.478139937297463513e-01 6.989266733626471328e-01 2.370656302207339916e+00 9.000000000000000000e+00 1.400000000000000000e+01 4.000000000000000000e+00 -3.657975197421702092e+02
1.098581031881065595e+00 1.310993154938665750e+00 2.617274719466276878e+00 7.215910375798289422e+00 1.883448140365242551e+00 9.446762046884877861e-01 9.039936682612663699e-01 2.058996161488606536e+00 7.000000000000000000e+00 1.400000000000000000e+01 3.000000000000000000e+00 -2.245404797692828652e+03
1.962924102279315797e+00 1.901491678470631719e+00 7.799517928511567888e+00 7.135798763136750544e+00 1.586306252098724556e+00 9.246442309051032815e-01 8.517276499661609046e-01 2.137533174796840019e+00 7.000000000000000000e+00 1.000000000000000000e+01 4.000000000000000000e+00 -2.831873859236932276e+02
1.326305418127918134e+00 1.154330806949932064e+00 9.452271841181051570e+00 6.997955683032193619e+00 1.186292665182403061e+00 1.078235089075282316e+00 9.844179193344791967e-01 2.329789496988760700e+00 7.000000000000000000e+00 1.200000000000000000e+01 5.000000000000000000e+00 -2.153195937007023531e+03
1.849220513921365106e+00 1.345015410100065978e+00 3.165836730834151513e+00 6.116670762315814969e+00 2.385884465796680232e+00 8.458714774174385109e-01 6.382667893971389894e-01 2.397724709698055623e+00 5.000000000000000000e+00 1.000000000000000000e+01 4.000000000000000000e+00 -2.139440011862518531e+03
1.142606670447756656e+00 1.805275161798554073e+00 3.904008992368797060e+00 5.279775409511659134e+00 1.266068560461083070e+00 4.305537325309194419e-02 8.462319030878959758e-01 2.931503470423299174e+00 8.000000000000000000e+00 1.900000000000000000e+01 4.000000000000000000e+00 -4.242874214279770513e+02
2.315879827050225881e+00 1.684706562457677137e+00 5.041086690372045709e+00 5.168861452389793776e+00 2.436054931795889722e+00 5.805532785998748224e-01 6.662466374464376395e-01 2.491576976538445898e+00 9.000000000000000000e+00 8.000000000000000000e+00 3.000000000000000000e+00 -2.142062377585543800e+03
1.151174429011283751e+00 1.124491493352476779e+00 4.679937561197125895e+00 6.374443128395460789e+00 1.197583348518019619e+00 2.136533317127899401e-01 9.787391917675081210e-01 3.033917373061444156e+00 8.000000000000000000e+00 1.400000000000000000e+01 4.000000000000000000e+00 -2.341872589750278735e+02
1.766843923491449697e+00 2.215507284676599298e+00 6.807522244014691637e+00 6.124919785085805479e+00 5.498486619576259393e-01 1.112151985462119241e-01 8.305316570097304174e-01 2.285002681477710240e+00 8.000000000000000000e+00 1.500000000000000000e+01 4.000000000000000000e+00 -2.750100892370391534e+02
1.903815794047929000e+00 2.104260559023058086e+00 6.489858661553875585e+00 5.903203625926685127e+00 1.530629660562111027e+00 9.588340447446446202e-01 3.762343509018998278e-01 2.991335042060201399e+00 7.000000000000000000e+00 2.000000000000000000e+01 5.000000000000000000e+00 -2.210342387736567161e+03
1.758159840698067411e+00 9.844473720021144070e-01 7.179150303103391195e+00 7.122763247527397645e+00 1.795007326014767646e+00 1.105603958847297674e+00 6.550443878290036492e-01 2.187065047009685959e+00 7.000000000000000000e+00 1.600000000000000000e+01 4.000000000000000000e+00 -2.183818449000769760e+03
1.311349575910255361e+00 8.242372260225800940e-01 5.549392396484500445e+00 5.119253314251464460e+00 1.733684051286923156e+00 4.172542876276440493e-01 7.343602327787571715e-01 3.134003237225384542e+00 8.000000000000000000e+00 1.400000000000000000e+01 4.000000000000000000e+00 -3.486262371575857060e+02
1.977475319773645879e+00 1.103225703497010990e+00 7.297073886120342578e+00 4.251582028936403468e+00 1.276817414725006428e+00 3.561136163923430686e-01 5.658212821597857767e-01 2.801503792396003334e+00 5.000000000000000000e+00 1.700000000000000000e+01 4.000000000000000000e+00 -1.014953222691424116e+03
1.337141608888874345e+00 1.417355867871114228e+00 4.900157099539220518e+00 6.240755821241279477e+00 1.973985665931531797e+00 5.165416820244184137e-04 7.603900898357599525e-01 2.976100917344070673e+00 9.000000000000000000e+00 1.100000000000000000e+01 4.000000000000000000e+00 -2.547391842785430640e+02
8.057317776944136201e-01 1.299432705389451881e+00 4.687880677106309513e+00 6.489659261551341096e+00 2.205913099953842771e+00 6.617313703310127859e-02 7.195996528065612408e-01 2.635987919038392135e+00 7.000000000000000000e+00 1.700000000000000000e+01 4.000000000000000000e+00 -4.047090417431957121e+02
1.885197907961768227e+00 1.564908291490513248e+00 6.475669219363433093e+00 7.397533001904145422e+00 1.530803088587578298e+00 1.186423388412084723e+00 2.698144435643698991e-01 2.560029103061764566e+00 7.000000000000000000e+00 1.500000000000000000e+01 5.000000000000000000e+00 -2.196915029679289091e+03
1.146789774908224091e+00 8.292545372705790729e-01 4.384419733928564433e+00 8.128532839271615629e+00 1.471010826040890951e+00 1.041450134325177412e+00 6.722812947618332924e-01 2.386073595892449273e+00 7.000000000000000000e+00 1.400000000000000000e+01 4.000000000000000000e+00 -2.127002864204803700e+03
1.057254397940522006e+00 1.772564280091140532e+00 8.359186155069027180e+00 3.668913210938114400e+00 2.718564538866077740e+00 2.001220927005470385e-01 6.813004726174892722e-01 2.404096536870298895e+00 8.000000000000000000e+00 1.200000000000000000e+01 4.000000000000000000e+00 -3.325994959600197944e+02
1.838819971572265954e+00 1.694472146277764768e+00 7.518786144811494765e+00 5.691233623185866897e+00 1.845016230195785312e+00 6.419819965427637776e-01 6.512558098494113379e-01 3.436316120662894491e+00 1.000000000000000000e+01 1.200000000000000000e+01 4.000000000000000000e+00 -4.332477141183185836e+02
2.180416741155696947e+00 1.446525337424585000e+00 4.376705601842273197e+00 6.681755179586900795e+00 1.113636914140083700e+00 8.598601197394678541e-02 7.695748811141467360e-01 2.506534364424905625e+00 7.000000000000000000e+00 8.000000000000000000e+00 4.000000000000000000e+00 -2.151317588977425658e+03
1.630385595783364838e+00 2.883643119869976346e-01 5.434970764206241256e+00 7.057549049580068790e+00 1.783947526806559214e+00 4.057611307827077574e-01 7.565600570206633124e-01 2.551402414807363961e+00 9.000000000000000000e+00 9.000000000000000000e+00 4.000000000000000000e+00 -1.941597441708860572e+02
1.924235674833099985e+00 7.996203495967593167e-01 5.128107177007757755e+00 5.192016527952549865e+00 2.012753616186737204e+00 3.343302674097849980e-01 5.899200422039192482e-01 2.046506358378288315e+00 5.000000000000000000e+00 1.400000000000000000e+01 4.000000000000000000e+00 -2.230940171298810128e+03
9.799125116525628787e-01 1.258675429755777397e+00 4.716454600845922940e+00 6.481617832597912354e+00 1.634484983240872547e+00 4.343783679868803982e-01 6.175258616217459418e-01 2.270915066984253272e+00 8.000000000000000000e+00 1.200000000000000000e+01 4.000000000000000000e+00 -3.159930496061729173e+02
2.225800626815869432e+00 1.121856303262119159e+00 7.027371414204830913e+00 6.464584842488915406e+00 1.792983912217965603e+00 7.266867593337875686e-01 5.338871310386597013e-01 2.330550686403176197e+00 8.000000000000000000e+00 1.200000000000000000e+01 5.000000000000000000e+00 -2.222765782606991706e+03
7.462783755049948731e-01 1.322800597723323701e+00 7.249873015132163090e+00 5.035489471744828194e+00 1.738754444088563389e+00 1.451889494008734294e-01 8.816923959251964371e-01 2.721723720566306959e+00 1.000000000000000000e+01 1.400000000000000000e+01 4.000000000000000000e+00 -3.470652295339377815e+02
1.394499246084412336e+00 2.188660172753430722e+00 7.901047667788246187e+00 6.591622474530493214e+00 2.186863763185665555e+00 6.021330579311953146e-01 4.167524112986677465e-01 2.559877416696124452e+00 7.000000000000000000e+00 1.600000000000000000e+01 4.000000000000000000e+00 -3.805169751898604318e+02
1.460643269028061741e+00 1.390178187188305436e+00 7.919932937615087098e+00 6.903127173482440426e+00 2.685324263981724080e+00 4.192230686411863028e-01 6.538310145231566173e-01 2.487100817556914922e+00 7.000000000000000000e+00 1.600000000000000000e+01 4.000000000000000000e+00 -3.895743496617906771e+02
1.062453432963710753e+00 1.004351803160747458e+00 7.694476372032333700e+00 2.235766023026744875e+00 1.414735654826575706e+00 7.493341343975705726e-01 9.709462770808601206e-01 2.669948676504871887e+00 1.100000000000000000e+01 1.700000000000000000e+01 4.000000000000000000e+00 -3.956338937104786737e+02
1.542037427609254330e+00 1.691314264781443200e+00 6.731071600102343844e+00 6.834950823621023019e+00 1.866236822092607328e+00 1.099550649667617508e+00 8.161092407789936054e-01 3.317078308392885866e+00 7.000000000000000000e+00 1.200000000000000000e+01 4.000000000000000000e+00 -2.234501017963568756e+03
1.928158962985797809e+00 1.666162002408166032e+00 6.540268496852070790e+00 8.173392228790721248e+00 1.860034970128048082e+00 6.486953484422837146e-01 7.246890259844666060e-01 3.669515640494382058e+00 8.000000000000000000e+00 8.000000000000000000e+00 4.000000000000000000e+00 -5.833855456746955497e+02
2.064404808757944298e+00 1.124420155982617464e+00 8.037712639560266936e+00 6.149236663667884351e+00 1.911952295245523459e+00 6.246279840469184386e-01 6.892292446884896728e-01 2.028883513081887191e+00 8.000000000000000000e+00 1.500000000000000000e+01 4.000000000000000000e+00 -3.654217336024473752e+02
9.448104955845424424e-01 1.005958455774965898e+00 4.380028617132851743e+00 6.625724928780216239e+00 1.019360012699633389e+00 9.444933346882125047e-01 7.676698204958598559e-01 2.020929898652549461e+00 8.000000000000000000e+00 1.000000000000000000e+01 5.000000000000000000e+00 -2.170526918571889837e+03
9.379905585767935872e-01 2.187701426934254734e+00 5.845290082947935950e+00 5.150171410132180938e+00 8.206407963442827747e-01 7.677622985314592752e-01 6.642372672772807185e-01 2.852352369101266660e+00 8.000000000000000000e+00 1.200000000000000000e+01 4.000000000000000000e+00 -9.094562033240470100e+02
1.593846196542002103e+00 2.409121944594851072e+00 5.735736744719710956e+00 6.804571153271318451e+00 1.020897915779027443e+00 1.215055949597543039e+00 7.870495122825170720e-01 2.334963900634786427e+00 1.000000000000000000e+01 1.300000000000000000e+01 4.000000000000000000e+00 -2.485718175230624354e+02
1.391044714981377384e+00 1.688076951383247870e+00 9.533218984851401956e+00 3.901452563740287260e+00 1.517323175237731192e+00 7.509930303914922334e-01 8.897076107507037035e-01 2.416698981390241308e+00 8.000000000000000000e+00 1.300000000000000000e+01 4.000000000000000000e+00 -2.171091756212087603e+03
1.662058543633181396e+00 1.909332054215875374e+00 9.926819748747393035e+00 2.928916727805887632e+00 1.412467293731116680e+00 2.721497650000919907e-02 8.960356973079660614e-01 3.081463929825515091e+00 1.100000000000000000e+01 1.700000000000000000e+01 4.000000000000000000e+00 -2.350994093869065182e+03
1.111658971181147315e+00 6.156953198498920088e-01 3.179089112578457499e+00 5.049221357982603742e+00 1.941845086432523182e+00 1.478026675870712792e-01 7.088806216600066490e-01 2.271849690096563901e+00 1.000000000000000000e+01 7.000000000000000000e+00 3.000000000000000000e+00 -2.090962600527916948e+03
2.290720493058609364e+00 1.153573321942988006e+00 5.577577493631567407e+00 5.631487163608388968e+00 8.369503329817645776e-01 1.445411828982777092e+00 5.203834284745078032e-01 3.017948418644556874e+00 5.000000000000000000e+00 1.400000000000000000e+01 4.000000000000000000e+00 -2.147660083817593659e+03
2.419669323533839567e+00 1.525903970160391143e+00 5.580519968495288197e+00 5.273774864983565180e+00 1.114711419715425089e+00 8.090819926092328584e-01 7.088760134646292510e-01 2.325067511415685129e+00 5.000000000000000000e+00 6.000000000000000000e+00 4.000000000000000000e+00 -2.081831851262259534e+03
2.017889298237889761e+00 1.225388170972156354e+00 8.525131955899945879e+00 6.544669081932451782e+00 1.611393519103184957e+00 1.388497623325555042e+00 7.527065369402083927e-01 2.498895072305757470e+00 9.000000000000000000e+00 1.400000000000000000e+01 4.000000000000000000e+00 -2.256352393416696941e+03
1.873263781063408517e+00 1.037632956151745223e+00 4.085403997254403841e+00 5.709899997210360567e+00 1.824317966134940017e+00 7.360230012803046229e-01 6.594326497512059682e-01 3.121699808731710490e+00 6.000000000000000000e+00 1.400000000000000000e+01 5.000000000000000000e+00 -2.132331816826729209e+03
2.102420525550928954e+00 1.183290117653722051e+00 2.025075802899091837e+00 7.337680818452332332e+00 2.014976178915032001e+00 2.822671840187116032e+00 9.312392849148308782e-01 2.478551115602272148e+00 1.000000000000000000e+01 9.000000000000000000e+00 4.000000000000000000e+00 -2.144099562880891881e+03
