1.536693624774526201e+00 2.295961298872907896e+00 4.723555002594174823e+00 4.596737244564504721e+00 2.037804030585535831e+00 8.728700247441156801e-01 6.715355745892610528e-01 2.039501875629267769e+00 1.100000000000000000e+01 1.300000000000000000e+01 4.000000000000000000e+00 -3.304283433129988907e+02
1.643923116803993167e+00 1.785896571606674810e+00 6.935440450471828555e+00 2.834687008803734365e+00 2.592239759830350820e+00 4.553308522247601076e-01 8.074306284244064935e-01 2.368014007085199601e+00 1.000000000000000000e+01 1.500000000000000000e+01 5.000000000000000000e+00 -2.288300415219347997e+03
2.198446682873597346e+00 1.591237070798126041e+00 4.149638629043894689e+00 6.695874923014879521e+00 2.165945772957090121e+00 1.413948351905274903e+00 7.749957096666922896e-01 2.196982770417579278e+00 1.000000000000000000e+01 1.500000000000000000e+01 5.000000000000000000e+00 -2.148486907575403166e+03
2.503428834139538761e+00 1.199383674418100343e+00 4.301444647046166025e+00 5.835849548766514516e+00 2.835199665274657388e+00 9.138927209153407949e-02 6.884750609416220302e-01 2.745879441313868963e+00 1.100000000000000000e+01 2.000000000000000000e+01 4.000000000000000000e+00 -2.241018769991165300e+03
1.902957002731029634e+00 2.217873709719109687e+00 4.574438574435580662e+00 3.552599752346624840e+00 2.475881897868435821e+00 1.073950668743155257e+00 5.492569474125478246e-01 3.183424290113162414e+00 5.000000000000000000e+00 8.000000000000000000e+00 5.000000000000000000e+00 -2.171498299223561844e+03
1.530878561944280625e+00 1.992190030482768215e+00 4.048298728581232631e+00 4.315663352725723101e+00 2.406953020237397656e+00 5.020909081860401857e-01 8.180117154811846758e-01 2.289055153308749091e+00 8.000000000000000000e+00 1.100000000000000000e+01 4.000000000000000000e+00 -2.628764761807057653e+02
2.427895744341208140e+00 1.902804486107109616e+00 3.596140402165386885e+00 5.872582074844919120e+00 2.374924865334575586e+00 5.866928310964746318e-01 9.027518520107329358e-01 2.335630804492390133e+00 6.000000000000000000e+00 2.000000000000000000e+01 4.000000000000000000e+00 -2.169607733020880914e+03
2.186274488218178824e+00 2.335291112580596185e+00 4.471300448198135769e+00 3.373633651801298594e+00 1.808054594915749824e+00 3.125152323130209187e-01 8.766176259002542714e-01 2.144739566763156358e+00 3.000000000000000000e+00 1.600000000000000000e+01 5.000000000000000000e+00 -2.307003097073165918e+03
2.621877940923154071e+00 1.267063015904469125e+00 5.073250957127613425e+00 4.635562532278999726e+00 2.069796050603167625e+00 7.601624840042245923e-01 6.975500074183523802e-01 2.531127472500410924e+00 1.000000000000000000e+01 9.000000000000000000e+00 5.000000000000000000e+00 -2.057505141059827565e+03
2.627191853852697712e+00 1.034826333321603897e+00 3.404177050459819220e+00 7.591708974195633175e+00 2.657298959187613718e+00 6.514027118177666553e-01 8.769592996605685142e-01 2.294402082895206085e+00 9.000000000000000000e+00 1.800000000000000000e+01 5.000000000000000000e+00 -2.316797162604460482e+03
2.527797582588351855e+00 1.994319108316033429e+00 2.492879916703696797e+00 4.150531280873378748e+00 1.434829603726157199e+00 1.146962620078070039e+00 7.972340747354502710e-01 2.801713250047248582e+00 7.000000000000000000e+00 1.200000000000000000e+01 4.000000000000000000e+00 -2.143728312251389980e+03
1.338917841242253104e+00 1.300900273947232400e+00 5.402312653750351856e+00 3.922010229011955840e+00 2.054006483024193308e+00 1.301042624642263279e+00 9.512900759571782938e-01 2.416294710717572514e+00 9.000000000000000000e+00 1.000000000000000000e+01 5.000000000000000000e+00 -2.073016406037937486e+03
1.793182126006845678e+00 2.153075348969617053e+00 2.815796875674064559e+00 5.157194029329354557e+00 2.002856995349990399e+00 1.435883291568420983e+00 9.713320124917976806e-01 2.293683860595571389e+00 1.000000000000000000e+01 6.000000000000000000e+00 5.000000000000000000e+00 -2.074141617175423562e+03
1.735737639976373536e+00 1.635214524825322036e+00 5.113267196361725553e+00 6.960046899717464264e+00 1.871046432133451454e+00 1.259492819585815715e+00 6.397167669581695915e-01 2.681025722474858597e+00 5.000000000000000000e+00 1.200000000000000000e+01 5.000000000000000000e+00 -2.148875309272452341e+03
2.147218931980173995e+00 1.003474022653835229e+00 5.018963210740373881e+00 3.056073774472654936e+00 2.277548660479964848e+00 8.859049056859821247e-01 8.099771732980576289e-01 2.440647631901152526e+00 1.000000000000000000e+01 8.000000000000000000e+00 5.000000000000000000e+00 -2.090922127810061738e+03
2.818174714525864655e+00 1.312493397655483118e+00 3.929574835525898813e+00 4.722137570807078966e+00 2.258213333608351192e+00 6.601624731843888094e-01 8.764319542621838988e-01 3.119819297749125475e+00 9.000000000000000000e+00 1.200000000000000000e+01 5.000000000000000000e+00 -2.149292370958933134e+03
2.010195702588909672e+00 4.521776771564165465e-01 3.247218959502818691e+00 5.949800929742261602e+00 2.894497918725549734e+00 8.420865341910486190e-01 8.257848417346368430e-01 2.001015564764069055e+00 1.100000000000000000e+01 1.100000000000000000e+01 5.000000000000000000e+00 -2.160429384056928484e+03
1.815262381472359188e+00 1.335899237230123271e+00 6.308260596289955835e+00 7.400727071414139324e+00 2.471059798441152200e+00 5.727881806567546308e-01 7.273575111928797243e-01 3.148170681611244248e+00 9.000000000000000000e+00 1.900000000000000000e+01 5.000000000000000000e+00 -2.245537877653778196e+03
1.556749410882793949e+00 2.117238680805055839e+00 4.128314864763785508e+00 4.708285806124265171e+00 1.680810933510497041e+00 1.088076047180661643e+00 7.843944558840425518e-01 3.135491362589041486e+00 3.000000000000000000e+00 1.300000000000000000e+01 5.000000000000000000e+00 -2.152143146271283513e+03
2.097841539333930694e+00 2.092496724934330032e+00 7.490112925088238782e+00 3.190218925771251879e+00 2.716302450139182145e+00 4.699662829381910933e-01 8.565394968273482013e-01 2.431950313668620467e+00 9.000000000000000000e+00 1.700000000000000000e+01 4.000000000000000000e+00 -3.894622912593938509e+02
2.739266891408717264e+00 2.171125048092648946e+00 2.796908344707860650e+00 1.860198303153883348e+00 2.683240652608673837e+00 6.923640648387375807e-01 4.801659086194852710e-01 3.128138216894611467e+00 3.000000000000000000e+00 8.000000000000000000e+00 4.000000000000000000e+00 -2.159354091405858185e+02
2.318844074327207405e+00 2.063974691783138748e+00 3.496587916095010851e+00 4.311187061405985510e+00 2.679086292933290370e+00 1.571003824681012073e+00 5.457187353213879266e-01 2.843878201821649299e+00 7.000000000000000000e+00 1.300000000000000000e+01 5.000000000000000000e+00 -2.184043002353302654e+03
1.980098367365627388e+00 2.240954975574294128e+00 5.120091377932617149e+00 5.994832703442172672e+00 2.519594780666968958e+00 3.420753364421877385e-01 4.959697414331857290e-01 3.531803900277331820e+00 6.000000000000000000e+00 8.000000000000000000e+00 4.000000000000000000e+00 -2.068627462519514211e+03
2.518142014857826627e+00 1.022212458161894100e+00 4.903178044027381333e+00 6.791526433453056733e+00 2.779625634116562605e+00 5.866212404585149365e-01 7.030633772305504570e-01 2.370803543974133287e+00 1.000000000000000000e+01 1.700000000000000000e+01 4.000000000000000000e+00 -3.975641704349058045e+02
2.109277129525914507e+00 2.084327622493942211e+00 5.397360829596391518e+00 6.769928587827178212e+00 2.739381082564601666e+00 1.096596733723331329e+00 9.562396027420638767e-01 2.419884000537500413e+00 1.000000000000000000e+01 1.300000000000000000e+01 5.000000000000000000e+00 -6.880784805294423450e+02
1.771029582953811632e+00 2.222763700086508809e+00 6.017615139473139863e+00 4.654602147506451182e+00 1.922127447438122472e+00 4.228846643416454554e-01 8.254570607984874631e-01 2.877074710226872778e+00 6.000000000000000000e+00 1.000000000000000000e+01 4.000000000000000000e+00 -2.073085109295472648e+03
2.135821729518639245e+00 1.677344119119812849e+00 3.447191830949931202e+00 7.357047045499540694e+00 2.025266681918559186e+00 9.609304112151839661e-01 9.189552610062003968e-01 2.227044528301200810e+00 1.100000000000000000e+01 1.600000000000000000e+01 4.000000000000000000e+00 -2.147299643683395516e+03
2.572018708154232947e+00 2.247698052443236172e+00 5.129931293689142358e+00 8.534874247603761788e+00 1.045783965103259661e+00 1.440546559499654489e+00 5.751967366333973208e-01 4.119536864658501329e+00 6.000000000000000000e+00 1.600000000000000000e+01 4.000000000000000000e+00 -2.118794209274657987e+03
2.486076819200126575e+00 2.331314832531648396e+00 4.245644525150591875e+00 3.440895227573477211e+00 2.082433114598549295e+00 1.118244776238059179e+00 7.217535551925414739e-01 2.599882273488497209e+00 9.000000000000000000e+00 8.000000000000000000e+00 5.000000000000000000e+00 -2.080378651214929960e+03
1.870771449324482472e+00 2.568221543485888603e+00 5.429686620332133451e+00 5.632595053400138774e+00 1.926549541599799076e+00 2.273857436062757809e-01 8.030636075514074879e-01 2.701563807492166625e+00 9.000000000000000000e+00 2.000000000000000000e+01 5.000000000000000000e+00 -2.167315421982917087e+03
1.552848826752334821e+00 2.058766526352410420e+00 4.901954931111243141e+00 4.943842421936889941e+00 1.753187689214727785e+00 5.819640017240368390e-01 6.745487946924813016e-01 3.100977383410305599e+00 8.000000000000000000e+00 9.000000000000000000e+00 4.000000000000000000e+00 -2.094485109815288070e+03
1.788212517271212665e+00 1.849768210391623757e+00 3.735856697695527640e+00 5.440353507039502823e+00 2.082572557027079885e+00 3.939591441852654530e-01 9.488528837401618565e-01 2.506324071749417737e+00 9.000000000000000000e+00 2.000000000000000000e+01 5.000000000000000000e+00 -2.385334686071777469e+03
1.887487188209179934e+00 5.536130631816327252e-01 5.131655244753463130e+00 5.539842243589380821e+00 2.611395499155455102e+00 5.220553268905604449e-01 7.060748959037861372e-01 2.805266855099740386e+00 1.000000000000000000e+01 1.000000000000000000e+01 3.000000000000000000e+00 -2.143901621714909197e+03
2.311603883755748878e+00 1.912318406953295025e+00 6.770197448100959470e+00 4.793318770213915947e+00 2.585250630485405932e+00 9.983155524694714567e-02 6.218248024017180020e-01 2.270707225957188324e+00 1.000000000000000000e+01 1.500000000000000000e+01 4.000000000000000000e+00 -3.607335164735143280e+02
2.883468538648673363e+00 9.057961476337308415e-01 7.373424591282181417e+00 6.530860465800186532e+00 1.879572618915071658e+00 1.595394941291180313e+00 3.937253870816115331e-01 4.014483445732513367e+00 3.000000000000000000e+00 1.500000000000000000e+01 3.000000000000000000e+00 -2.154360228766169712e+03
1.849272911084574478e+00 1.422466534754082135e+00 6.941428380259690556e+00 3.919772236058608250e+00 2.817236498004411782e+00 1.296219457851269574e+00 8.909525528729399513e-01 2.830695885477212403e+00 1.100000000000000000e+01 1.000000000000000000e+01 5.000000000000000000e+00 -2.165816547242598972e+03
2.978034178845565982e+00 2.830983216468929253e+00 6.382471547787107014e+00 4.770877401253555306e+00 1.798765868306597460e+00 3.978295487827370192e-01 7.826642376799916034e-01 2.274149651745062783e+00 7.000000000000000000e+00 1.800000000000000000e+01 5.000000000000000000e+00 -2.175665381134960626e+03
2.410942808675056170e+00 2.133280731183326839e+00 6.930824419066235365e+00 5.117767243996764748e+00 7.132839606793155429e-01 1.248230876285861601e+00 5.592535029268763669e-01 3.377434865426912847e+00 2.000000000000000000e+00 8.000000000000000000e+00 3.000000000000000000e+00 -2.139166681252641865e+03
1.733301842853235186e+00 1.639261529835869924e+00 7.073525321743360905e+00 5.367606583202913839e+00 1.584414663444815519e+00 4.320891939035446105e-01 7.837370029985271103e-01 2.282881447083456194e+00 9.000000000000000000e+00 1.400000000000000000e+01 4.000000000000000000e+00 -2.170816702068288123e+03
1.240897539324948395e+00 1.640173918637479078e+00 7.196908587506659849e+00 4.979064108610640638e+00 2.506667195369151724e+00 2.383912038304215886e-01 7.466250842942493415e-01 2.054439518962437372e+00 1.000000000000000000e+01 1.300000000000000000e+01 3.000000000000000000e+00 -2.270186401499382555e+03
2.487168508762760410e+00 2.406493057109645672e+00 3.301376499942724863e+00 2.020722726981760697e+00 2.221385190992418046e+00 7.169401227958487333e-01 5.478464565816999476e-01 4.305190818182238033e+00 5.000000000000000000e+00 8.000000000000000000e+00 4.000000000000000000e+00 -2.109892814502718920e+03
1.745041902650802168e+00 1.207518869988275956e+00 2.460227010455507735e+00 7.298915272189248071e+00 1.203985107348444661e+00 1.099299568310813768e+00 9.042805918683937128e-01 2.305610095325188347e+00 9.000000000000000000e+00 1.300000000000000000e+01 5.000000000000000000e+00 -2.153798493643426355e+03
1.862946347391209567e+00 1.716692200654687195e+00 6.816056282614185058e+00 3.570611149310627397e+00 2.745407296771025685e+00 8.233014631621345947e-01 6.634904696936878565e-01 2.226198116677505556e+00 1.000000000000000000e+01 1.900000000000000000e+01 3.000000000000000000e+00 -2.229848981352294231e+03
1.378886854790549066e+00 2.143139178855897331e+00 4.277361364504260521e+00 7.351179028018159478e+00 2.046365366112633311e+00 1.808055447864044707e+00 9.945372073197814577e-01 2.062275206203350475e+00 1.000000000000000000e+01 8.000000000000000000e+00 4.000000000000000000e+00 -2.095684364501373693e+02
2.497874157025690156e+00 1.615595356211247058e+00 4.156875497434542766e+00 5.918897414021712322e+00 1.621902599849842197e+00 1.309964045064379468e+00 6.124834694340872687e-01 3.965487327891180858e+00 9.000000000000000000e+00 1.100000000000000000e+01 5.000000000000000000e+00 -2.140856268582179382e+03
2.586977743892253656e+00 9.839347719669406800e-01 3.644249094188953819e+00 3.898525504595338642e+00 2.346372624310249400e+00 6.345527540671536126e-01 9.426755427449000635e-01 3.340046065096046846e+00 1.000000000000000000e+01 1.600000000000000000e+01 3.000000000000000000e+00 -2.149799597458310018e+03
5.439071317896507773e-01 2.398207905893661618e+00 7.412534512270937626e+00 8.097863311024154243e+00 1.928868029235637493e+00 1.229096047735932729e+00 4.290952861066416602e-01 3.492614197601665804e+00 7.000000000000000000e+00 1.600000000000000000e+01 3.000000000000000000e+00 -2.143306531723397711e+03
2.216021862638503315e+00 1.389765196128512903e+00 7.589770594922119251e+00 5.456795118614979678e+00 1.493886395572423975e+00 4.643778893654210149e-02 6.500283257927746972e-01 2.577386553354136911e+00 1.100000000000000000e+01 7.000000000000000000e+00 4.000000000000000000e+00 -2.078759506509095900e+03
