2.213968894955639755e+00 1.839569166635529385e+00 4.557244564398351905e+00 5.026332272876475216e+00 2.363029566830800121e+00 4.434611026423975755e-01 7.909450036117254834e-01 2.958371110617669331e+00 1.000000000000000000e+01 1.000000000000000000e+01 5.000000000000000000e+00 -2.109817404143121166e+03
2.472125069297941735e+00 1.435786914223892374e+00 3.815088913481700317e+00 4.567767378650271937e+00 2.785534172815393283e+00 4.003262874395299153e-01 8.273002556276102260e-01 2.379557736963270997e+00 1.000000000000000000e+01 1.600000000000000000e+01 4.000000000000000000e+00 -3.701038387538220604e+02
1.998083945212745904e+00 2.537715926259525023e+00 5.007312366579954599e+00 7.417792801200688402e+00 1.472605031393164232e+00 1.486285981373399290e+00 9.049609822334780951e-01 2.426210381722134102e+00 1.000000000000000000e+01 1.000000000000000000e+01 4.000000000000000000e+00 -2.120360211890997562e+03
2.304416220826914774e+00 2.206942759098565965e+00 6.079409229076068399e+00 5.650121203832128458e+00 2.095219496549435068e+00 1.508616386596432823e+00 6.798648079403353250e-01 2.628058692581073164e+00 1.100000000000000000e+01 1.200000000000000000e+01 5.000000000000000000e+00 -2.142522860042513457e+03
1.984086112781182853e+00 1.634318283857193910e+00 5.196696191259073672e+00 6.768154224348698733e+00 2.703289442843418655e+00 2.461724976266786435e-01 6.879288783178864053e-01 2.556580504323012537e+00 9.000000000000000000e+00 1.500000000000000000e+01 4.000000000000000000e+00 -2.138350460413318615e+03
2.525480212011348868e+00 2.599858342604778105e+00 6.647730245063723231e+00 9.028810282211731320e+00 1.607654426770042999e+00 2.389369513715988991e-01 9.639698997514360990e-01 2.261245688988049007e+00 1.100000000000000000e+01 1.800000000000000000e+01 5.000000000000000000e+00 -2.175096522110441583e+03
1.947876932743930478e+00 2.015534831447140185e+00 5.758770574099793649e+00 6.738892158648043029e+00 2.102568315093774398e+00 4.756760398822690306e-01 5.314750771530961648e-01 2.676325669517789052e+00 1.000000000000000000e+01 1.600000000000000000e+01 5.000000000000000000e+00 -2.079102079676031735e+03
2.199882143747008190e+00 1.832820468019190630e+00 4.439513099933016349e+00 6.391528184947878444e+00 1.872028720316843975e+00 1.115065842665335261e+00 7.211227419414303341e-01 2.152012105799052222e+00 8.000000000000000000e+00 1.800000000000000000e+01 4.000000000000000000e+00 -4.118639411048483794e+02
2.274690671994744839e+00 1.010024853196478833e+00 4.015532163812880029e+00 4.707589397860852287e+00 2.402058334516910421e+00 6.760321485864813074e-01 7.300549653182079046e-01 2.533747379146912060e+00 8.000000000000000000e+00 1.200000000000000000e+01 3.000000000000000000e+00 -2.148427542471400557e+03
1.632526005113676071e+00 2.310080076371320512e+00 5.780158952186099874e+00 5.262861352102454759e+00 2.700696178221680288e+00 2.770713697385968066e-01 6.790212871828830155e-01 2.668341116570144944e+00 1.100000000000000000e+01 1.400000000000000000e+01 4.000000000000000000e+00 -2.161504290486011996e+03
2.653771187353901162e+00 1.664168948541445481e+00 6.381772897056042559e+00 6.708401075166043448e+00 2.199232528768242378e+00 3.024389125878269025e-01 9.112992846912628675e-01 2.184629297465521702e+00 8.000000000000000000e+00 1.200000000000000000e+01 3.000000000000000000e+00 -2.082233881477469367e+03
2.632715761808980925e+00 1.404020499171158676e+00 2.583686242836836566e+00 7.181741482629827367e+00 1.246881893135934671e+00 1.157291238982900428e+00 6.933533433748169106e-01 2.800186421927397973e+00 8.000000000000000000e+00 4.000000000000000000e+00 4.000000000000000000e+00 -2.130790739640262018e+03
2.653724884317479660e+00 2.104430754227851974e+00 3.263092982791866881e+00 6.410622522164981518e+00 2.256538014922234048e+00 8.806167860037867889e-01 9.983866612838214749e-01 2.391025913443707296e+00 7.000000000000000000e+00 1.700000000000000000e+01 4.000000000000000000e+00 -2.137205349916913747e+03
2.450595930074976891e+00 1.345159804295130046e+00 4.826782679606162141e+00 6.420235712072127399e+00 2.539006768807273495e+00 5.120157297512770711e-01 9.646386651950118463e-01 2.291184570623487016e+00 1.100000000000000000e+01 2.000000000000000000e+01 4.000000000000000000e+00 -4.454379831381412487e+02
1.922288482657722009e+00 1.958687237841163720e+00 6.538857672433643131e+00 4.840324405109637240e+00 2.471806675988213353e+00 1.320460838761708500e+00 8.777187084074600243e-01 2.642231982227154496e+00 1.100000000000000000e+01 1.200000000000000000e+01 4.000000000000000000e+00 -2.199454110600975127e+03
1.903274962191154218e+00 1.327823227682724871e+00 5.766957055835699286e+00 7.509612931858780982e+00 1.828493148357007936e+00 3.235871802795594609e-01 8.077030843321173492e-01 2.663276383307579653e+00 1.000000000000000000e+01 1.600000000000000000e+01 4.000000000000000000e+00 -3.740554031587344070e+02
1.798464265848968235e+00 1.791724978084584752e+00 5.535059875779101191e+00 6.946868084554705725e+00 1.989150242482445208e+00 1.095913573076965353e+00 9.291696393422332889e-01 2.782780503123697180e+00 1.000000000000000000e+01 1.500000000000000000e+01 4.000000000000000000e+00 -2.207079824812064999e+03
2.038856319957057739e+00 2.042655281983604354e+00 3.204320875085116427e+00 4.409703879264570858e+00 2.233815525619039732e+00 5.413293381296556683e-01 8.454897175461187908e-01 2.377131553206978332e+00 8.000000000000000000e+00 1.500000000000000000e+01 5.000000000000000000e+00 -2.140652095587123313e+03
1.615969226248600954e+00 2.669445681312603291e+00 8.528458981861726684e+00 2.665393007664957459e+00 2.493590059910609114e+00 1.985113107221702922e-01 7.489089676182126842e-01 2.119952137929032698e+00 9.000000000000000000e+00 8.000000000000000000e+00 4.000000000000000000e+00 -7.616854422605579202e+02
9.971819241937556200e-01 2.600096837576295172e+00 7.537756228571939943e+00 3.292651230125950956e+00 2.895970850659145057e+00 5.771041929784010982e-01 7.152903912369207307e-01 3.027214043932337173e+00 9.000000000000000000e+00 1.000000000000000000e+01 4.000000000000000000e+00 -6.089429103105181866e+02
2.362031317876251091e+00 2.445860077397776333e+00 7.271081695971639114e+00 5.699505758195985372e+00 2.047496564229505989e+00 5.713588707289477542e-01 7.735818076341809402e-01 2.272560505160806432e+00 9.000000000000000000e+00 1.200000000000000000e+01 3.000000000000000000e+00 -2.262483825394350333e+03
1.750726258560619142e+00 2.198023883585551008e+00 5.901868480874060907e+00 5.545081415152271376e+00 2.225689065523960508e+00 3.405389685589749194e-01 5.760419246724006737e-01 2.725753201503871459e+00 5.000000000000000000e+00 1.800000000000000000e+01 4.000000000000000000e+00 -2.182997881838703506e+03
2.732758254711920021e+00 1.296449497075246704e+00 6.196485270212532370e+00 7.906295480735932912e+00 2.145997024856042490e+00 3.841062647406574548e-01 9.998054459789721404e-01 2.316579313617232572e+00 9.000000000000000000e+00 1.500000000000000000e+01 4.000000000000000000e+00 -3.651582242504190390e+02
2.829506835507527907e+00 1.602315064395283706e+00 5.766030458901919786e+00 7.392945565569833732e+00 1.523854218383272618e+00 1.232645566003577192e-01 6.944046386648603519e-01 2.928780326257938604e+00 9.000000000000000000e+00 1.400000000000000000e+01 5.000000000000000000e+00 -2.678207533538032976e+02
2.348523357917649879e+00 1.621719441840526965e+00 4.600497550847703288e+00 5.494722072203913399e+00 2.241834903808182400e+00 2.863403422463631220e-02 8.552909115659295125e-01 2.791592827804987742e+00 7.000000000000000000e+00 1.400000000000000000e+01 4.000000000000000000e+00 -3.624876450015793807e+02
2.295136541406902264e+00 1.637740953319505088e+00 5.228527242020059695e+00 5.703573447220128045e+00 2.396702328052665365e+00 9.930862667284305889e-01 7.795585773497821780e-01 2.823959030605315501e+00 9.000000000000000000e+00 1.000000000000000000e+01 4.000000000000000000e+00 -2.129776683086827688e+03
2.907035103306939483e+00 2.094903107593713898e+00 3.008033355127059938e+00 4.234438866154875747e+00 2.931187582868095998e+00 1.064148953675112974e+00 9.687400502337460972e-01 2.267968532184822195e+00 9.000000000000000000e+00 1.600000000000000000e+01 3.000000000000000000e+00 -2.176395649927846080e+03
2.663272121719107322e+00 1.170349753443693963e+00 5.838415491474428620e+00 4.078673041295580504e+00 2.343655830411893515e+00 5.275427735243110039e-02 5.740917867778808636e-01 2.115078965025555036e+00 1.100000000000000000e+01 1.700000000000000000e+01 4.000000000000000000e+00 -2.178292756955169807e+03
1.986045862598492917e+00 1.581834651211933229e+00 5.201088659507221656e+00 6.569116543244902573e+00 2.805617540616117012e+00 4.354827762512905043e-01 9.284080997418416858e-01 2.419173857985128073e+00 9.000000000000000000e+00 1.300000000000000000e+01 3.000000000000000000e+00 -2.266280215982432310e+03
2.281699514702119291e+00 1.463921381600557181e+00 5.555601386320651258e+00 6.825398093618124662e+00 2.870557484390818370e+00 5.008307686153754545e-01 8.898154949696990279e-01 2.266083494881510063e+00 1.000000000000000000e+01 1.300000000000000000e+01 5.000000000000000000e+00 -2.242967919921901739e+03
2.716225411827255076e+00 2.023261827480583808e+00 7.131769050367510410e+00 6.856815462766308045e+00 1.965898143178866908e+00 1.547142823839027792e-01 7.094983682381681422e-01 2.603602963548313109e+00 9.000000000000000000e+00 1.300000000000000000e+01 5.000000000000000000e+00 -2.250470413359268605e+03
2.579767458434446770e+00 8.734760374980305997e-01 7.941982909806649005e+00 4.468015950771921929e+00 1.886702065665496475e+00 2.760616177954539618e-01 8.856157788400669251e-01 2.505916695388735072e+00 7.000000000000000000e+00 8.000000000000000000e+00 5.000000000000000000e+00 -2.493642695444036121e+02
2.210007505384261606e+00 1.144100970520840921e+00 4.368762961246043020e+00 5.098432458019734881e+00 2.507934080493780193e+00 5.725294615288294420e-01 8.516522598533632360e-01 2.465643577781291285e+00 8.000000000000000000e+00 1.600000000000000000e+01 4.000000000000000000e+00 -3.820864324181538336e+02
2.301506635493241415e+00 2.269085025605876993e+00 7.686806981108484038e+00 3.195517564070499361e+00 2.064111254142294349e+00 2.751322751873924721e-01 6.911949005951935066e-01 2.331872872920284223e+00 1.000000000000000000e+01 1.200000000000000000e+01 4.000000000000000000e+00 -2.346251945725400674e+02
2.744756487968048830e+00 1.730109083074152787e+00 7.217061492074160256e+00 6.549393552449896738e+00 1.719329107438691606e+00 2.987032284874463484e-02 6.854566693974503133e-01 2.459538281151398387e+00 9.000000000000000000e+00 8.000000000000000000e+00 4.000000000000000000e+00 -2.183261848285857013e+03
1.739870486295912677e+00 1.984084740627693577e+00 4.738653580566071000e+00 6.592446662845923733e+00 1.594302505495104993e+00 8.560530570333396705e-01 8.748159881035862950e-01 2.365062237008673129e+00 1.000000000000000000e+01 1.700000000000000000e+01 4.000000000000000000e+00 -3.917732206222929108e+02
2.190540850478375656e+00 1.698419164437957152e+00 4.072213946027013698e+00 6.596756461162845753e+00 1.931455526930566879e+00 7.555346492285861526e-01 7.488103600251204695e-01 2.404467971877418897e+00 9.000000000000000000e+00 1.500000000000000000e+01 5.000000000000000000e+00 -2.159496417685094457e+03
5.405759035009028990e-01 2.315634577308853359e+00 4.789090935896800794e+00 5.988840077743897261e+00 1.019115967938398093e+00 3.616663688969793955e-01 6.159904440060567365e-01 2.962953757519658726e+00 7.000000000000000000e+00 1.200000000000000000e+01 5.000000000000000000e+00 -2.164369133431045611e+03
2.714551025353041602e+00 1.948132658418061824e+00 5.196549226634845198e+00 6.332771942644934704e+00 2.646324653880871569e+00 6.180815660364975539e-01 8.087092942626874503e-01 2.098518608318741041e+00 8.000000000000000000e+00 1.500000000000000000e+01 5.000000000000000000e+00 -2.260361093783805245e+03
1.777225807360267140e+00 1.612337028886337453e+00 4.229693127410838471e+00 3.589597474535929145e+00 1.852514472012678937e+00 5.830794265656613629e-01 9.536748438752631341e-01 2.678763776396344554e+00 1.000000000000000000e+01 1.800000000000000000e+01 4.000000000000000000e+00 -4.109993414678577892e+02
2.380796005392785908e+00 9.847748826103590591e-01 4.973318277949536181e+00 6.650014815573151772e+00 2.719483915122600681e+00 9.499450323537161900e-02 6.870859868111578450e-01 2.208662745918536174e+00 1.000000000000000000e+01 1.600000000000000000e+01 4.000000000000000000e+00 -2.270693283274827536e+03
2.102420525550928954e+00 1.183290117653722051e+00 2.025075802899091837e+00 7.337680818452332332e+00 2.014976178915032001e+00 2.822671840187116032e+00 9.312392849148308782e-01 2.478551115602272148e+00 1.000000000000000000e+01 9.000000000000000000e+00 4.000000000000000000e+00 -2.144099562880891881e+03
1.944078689439222352e+00 2.399058862584005247e+00 5.848286006625674105e+00 7.447865248697172369e+00 1.399892062387466662e+00 1.056210103217571472e+00 6.617656529093007833e-01 2.258799761939376261e+00 9.000000000000000000e+00 1.900000000000000000e+01 4.000000000000000000e+00 -3.955163462734826112e+02
2.116240327500102492e+00 2.594038049142023628e+00 3.200849094459324196e+00 7.915062975259239408e+00 2.316579933809943537e+00 5.107371178322671623e-01 7.169625334202853750e-01 3.009480757457661415e+00 6.000000000000000000e+00 1.800000000000000000e+01 3.000000000000000000e+00 -2.256862751145418315e+03
2.294924759475650777e+00 2.807544760564660624e+00 5.641511127853672036e+00 8.438595348578830979e+00 2.480662166207447950e+00 1.606596944712828989e+00 5.904165589518426405e-01 3.772970035685276002e+00 7.000000000000000000e+00 1.300000000000000000e+01 5.000000000000000000e+00 -2.154291650285954347e+03
1.903750568790204767e+00 1.709499483847816581e+00 5.091265004317873988e+00 5.276397625109043865e+00 2.082656256137591644e+00 9.984799993041417743e-01 8.588534371558846914e-01 2.473403081086238409e+00 8.000000000000000000e+00 1.200000000000000000e+01 4.000000000000000000e+00 -1.029788126888832494e+03
1.527328339451593964e+00 1.649235866197056088e+00 3.958570279784153989e+00 5.325648273695730239e+00 2.761605130987968781e+00 1.138619044914241790e-01 4.541571359195495372e-01 2.700393946839870107e+00 8.000000000000000000e+00 1.500000000000000000e+01 4.000000000000000000e+00 -3.619062127786372685e+02
2.102420525550928954e+00 1.183290117653722051e+00 2.025075802899091837e+00 7.337680818452332332e+00 2.014976178915032001e+00 2.822671840187116032e+00 9.312392849148308782e-01 2.478551115602272148e+00 1.000000000000000000e+01 9.000000000000000000e+00 4.000000000000000000e+00 -2.144099562880891881e+03
