2.466754378413495541e+00 2.065986770628115643e+00 6.092620795821815705e+00 5.668495053928146454e+00 2.269818539765406040e+00 4.245660015013187349e-01 9.976208725277270206e-01 2.973003650099971473e+00 1.100000000000000000e+01 1.300000000000000000e+01 4.000000000000000000e+00 -2.598470658704889047e+02
2.364172263896459292e+00 1.778216410632575739e+00 6.280555539800950271e+00 9.516400317890989058e+00 1.483929258411086138e+00 3.011432448864573841e-01 8.640728913032733605e-01 2.550951457170751002e+00 9.000000000000000000e+00 1.900000000000000000e+01 4.000000000000000000e+00 -4.191904917860681508e+02
1.419154096297490675e+00 2.984265370958648855e+00 9.080068505869851592e+00 1.085998582406946911e+00 2.627201673004741611e+00 5.207004674462456517e-02 4.912641501273085631e-01 2.257779174513624199e+00 1.100000000000000000e+01 3.000000000000000000e+00 4.000000000000000000e+00 -2.131057242757277891e+03
2.418509385666568257e+00 1.776303243602372683e+00 6.106316512680463937e+00 6.829389415348901871e+00 1.722945842347731737e+00 8.276444384878938187e-01 8.960013393804713289e-01 2.536475232017450399e+00 8.000000000000000000e+00 1.500000000000000000e+01 4.000000000000000000e+00 -3.617760761179329734e+02
2.601832612884536378e+00 8.998360690920415017e-01 3.146052659084170866e+00 4.710127115980746737e+00 1.692850365409715563e+00 7.725280922877791889e-01 5.507546335903936718e-01 3.111165695210480919e+00 8.000000000000000000e+00 1.700000000000000000e+01 4.000000000000000000e+00 -2.205341744542184188e+03
1.603786221281871871e+00 2.472799045675978302e+00 5.644610007765160198e+00 7.036071974939462237e+00 2.296936419707315657e+00 1.700028583769973567e-01 5.931966871763776350e-01 2.517578588173876142e+00 1.000000000000000000e+01 1.000000000000000000e+01 5.000000000000000000e+00 -2.163101077673382406e+03
2.056706643020500103e+00 1.541071978460920588e+00 6.279982164454185778e+00 8.470481219909482107e+00 2.077820960950101270e+00 1.273706675029771529e-01 8.681438198560440522e-01 2.517548063863625174e+00 7.000000000000000000e+00 1.600000000000000000e+01 4.000000000000000000e+00 -3.897734661221508645e+02
2.587753178133697762e+00 1.817026878367432374e+00 5.230470297549310033e+00 6.599364265373024452e+00 8.426118344187816245e-01 4.006778930722773580e-01 8.774432677462906671e-01 3.124240484027946074e+00 9.000000000000000000e+00 1.300000000000000000e+01 5.000000000000000000e+00 -2.103550417881589055e+03
2.991503877554115398e+00 1.721381401710040393e+00 4.243299133123130673e+00 5.932556564336097793e+00 2.042382103166109797e+00 3.077911013088834302e-01 9.825908476073637043e-01 2.046678249710375042e+00 7.000000000000000000e+00 1.500000000000000000e+01 5.000000000000000000e+00 -3.726141950624233914e+02
1.887174184522333098e+00 1.890251046163963000e+00 5.672663952298686141e+00 6.086997867345694146e+00 1.666713922556224636e+00 7.971157440249643233e-01 3.832902138999091379e-01 2.745104988250219868e+00 1.000000000000000000e+01 1.500000000000000000e+01 4.000000000000000000e+00 -2.172852956789735799e+03
1.365104857095052138e+00 2.688139803455869448e+00 6.036934942792062664e+00 5.885260878050683431e+00 2.540916147598559327e+00 2.721824542043523865e-01 5.873641239821072446e-01 2.732724192333214397e+00 1.100000000000000000e+01 1.100000000000000000e+01 4.000000000000000000e+00 -1.915535019122414724e+02
2.219041477831618536e+00 1.631910117622065837e+00 5.419720831141259687e+00 5.864462802127965446e+00 1.931516156517654181e+00 5.258656280713495113e-01 9.966830245213897932e-01 2.866960164245535125e+00 1.000000000000000000e+01 1.700000000000000000e+01 5.000000000000000000e+00 -2.342428782440309078e+03
2.874465337090486461e+00 2.596552187169645087e+00 6.369180605196127942e+00 3.062651644038658194e+00 1.878590709155512295e+00 2.401561435319655158e-01 6.181433440814289026e-01 2.936391755308555229e+00 9.000000000000000000e+00 9.000000000000000000e+00 4.000000000000000000e+00 -2.107972900233183736e+03
2.098555023139585085e+00 1.582085714442112767e+00 3.937699175178435151e+00 4.725267668999956427e+00 2.282574028036035596e+00 6.057270727068821969e-01 9.115260178398125746e-01 2.200484563097777624e+00 7.000000000000000000e+00 1.500000000000000000e+01 4.000000000000000000e+00 -3.696540198494789138e+02
2.881298822200172971e+00 1.317403184121545889e+00 5.002326780780063764e+00 8.046187337481709889e+00 2.121829124970122216e+00 9.369865991105386094e-01 7.252354903824403953e-01 2.493682380996570913e+00 7.000000000000000000e+00 1.300000000000000000e+01 5.000000000000000000e+00 -2.175139095585093401e+03
1.935721799813719723e+00 9.088411236017993611e-01 3.614549486249195809e+00 5.545988529324638705e+00 2.368968970063520807e+00 8.471864867300304969e-01 9.777749403011155582e-01 2.469999407582413653e+00 1.000000000000000000e+01 1.800000000000000000e+01 4.000000000000000000e+00 -2.221325705083309458e+03
2.372765254038399441e+00 1.719746550229800608e+00 4.018989924204406705e+00 6.320068036446732762e+00 1.914496019074627409e+00 8.239404452288363601e-01 6.684940826604230946e-01 2.074790258076075755e+00 7.000000000000000000e+00 1.600000000000000000e+01 4.000000000000000000e+00 -2.188616653828434210e+03
2.605926755466193789e+00 7.808503850682123604e-01 7.684594584906144554e+00 6.823730347381760986e+00 2.529477498021763360e+00 4.556997097293434273e-01 8.825748192631909239e-01 3.147517645876674486e+00 9.000000000000000000e+00 8.000000000000000000e+00 5.000000000000000000e+00 -2.080654352887770528e+03
1.632073218324035846e+00 1.821585895704678659e+00 4.757420733533616719e+00 5.276284413613347546e+00 1.781961278601498222e+00 1.081669340279499236e+00 8.021345148521261681e-01 2.610549959418850818e+00 8.000000000000000000e+00 1.700000000000000000e+01 4.000000000000000000e+00 -5.526852420470208926e+02
2.650484953131194921e+00 1.122979983930313841e+00 7.363391699446722782e+00 7.129798923267260058e+00 2.301768329750711217e+00 2.898743192322162932e-01 9.768467819333805924e-01 2.651879484038714985e+00 1.000000000000000000e+01 1.700000000000000000e+01 5.000000000000000000e+00 -2.319723905943174486e+03
2.184502493535519729e+00 1.773480577484880971e+00 5.947425946848369449e+00 3.712695685886929553e+00 2.529953681871296212e+00 3.475609754060031142e-01 8.705108493328876929e-01 2.240541079825827619e+00 1.000000000000000000e+01 1.700000000000000000e+01 4.000000000000000000e+00 -2.273675673829066000e+03
2.504618405459856145e+00 1.189051024598427819e+00 3.181938341069248111e+00 8.141170545993489327e+00 1.881482812729797338e+00 4.062732025624253840e-01 9.784447830661175960e-01 2.980105955257340788e+00 1.100000000000000000e+01 1.300000000000000000e+01 4.000000000000000000e+00 -2.613865136330658174e+02
2.679657357781333626e+00 1.348939782503509210e+00 6.486684275505871788e+00 7.174454618988454158e+00 1.833647286287322986e+00 8.350232555532011158e-01 7.423617146411637391e-01 2.163770308664989983e+00 9.000000000000000000e+00 1.200000000000000000e+01 5.000000000000000000e+00 -2.160259755345699887e+03
2.540101535220237849e+00 1.612330405533309641e+00 4.969091912308920556e+00 6.351490250509087332e+00 1.603559422136161761e+00 5.561133011551452343e-01 7.866185628299030563e-01 2.128117898135676977e+00 6.000000000000000000e+00 1.400000000000000000e+01 5.000000000000000000e+00 -2.175824365633929574e+03
2.392994188821260249e+00 1.342939744045523742e+00 2.440327998176094138e+00 5.704145173120285683e+00 2.252443460331843728e+00 6.090141613137364240e-01 5.981372839266764219e-01 2.210921579778650781e+00 9.000000000000000000e+00 1.700000000000000000e+01 4.000000000000000000e+00 -3.936620569685698001e+02
2.348190290541280589e+00 1.271554785197978488e+00 3.298014179811360691e+00 6.734714230282358827e+00 2.994284064554342706e+00 5.604833022526732877e-01 8.159436455689527135e-01 2.667072754878027308e+00 8.000000000000000000e+00 1.900000000000000000e+01 4.000000000000000000e+00 -2.133486976117335871e+03
1.675855965089091404e+00 1.440290743997444167e+00 6.331142880881454715e+00 3.477305630807986603e+00 2.140059941928615039e+00 6.706868688510386756e-01 5.102846994604224307e-01 2.555507030604689866e+00 9.000000000000000000e+00 1.100000000000000000e+01 4.000000000000000000e+00 -2.161814173680243130e+03
2.180766820929669780e+00 1.810540250556145647e+00 5.987650347995160161e+00 4.398333859939676849e+00 1.562408855271381292e+00 2.684417005725372452e-01 5.374623324839932215e-01 2.243058772102793696e+00 1.000000000000000000e+01 1.600000000000000000e+01 4.000000000000000000e+00 -2.250575508862185870e+03
2.408474324997318838e+00 1.571432041711098959e+00 6.088289666785935417e+00 9.806149223424521111e+00 2.373389520288685439e+00 5.812678011746255091e-01 6.344706048920432107e-01 2.767918321621680722e+00 1.000000000000000000e+01 1.800000000000000000e+01 5.000000000000000000e+00 -2.088694804798346013e+03
2.430161066651264967e+00 1.425056438192394026e+00 5.968910141274919923e+00 3.865092744592563356e+00 1.761115977653066267e+00 3.486193631730739040e-01 8.800787600558144241e-01 2.619016049000032265e+00 8.000000000000000000e+00 7.000000000000000000e+00 4.000000000000000000e+00 -1.054031081226207789e+02
1.893287152463771772e+00 7.092492376942970411e-01 6.889527783220868784e+00 5.247757787346100322e+00 1.916791674805844670e+00 3.737689487295235979e-01 8.528777427365477060e-01 2.804199523061614130e+00 8.000000000000000000e+00 9.000000000000000000e+00 4.000000000000000000e+00 -2.141629648053864457e+03
1.648467391802185933e+00 1.670230550345579434e+00 5.144480137103449202e+00 2.486018828194352714e+00 2.232257549453537493e+00 3.881735364696905499e-01 7.994443110817449627e-01 2.321834752000259794e+00 1.100000000000000000e+01 1.100000000000000000e+01 4.000000000000000000e+00 -2.104174402882139930e+03
2.522967505086510798e+00 1.059732098036494152e+00 6.145656345316726110e+00 8.008025461920537325e+00 1.993384196624944371e+00 3.062075573955769792e-01 8.859705561801310969e-01 2.546081487174487901e+00 1.000000000000000000e+01 1.300000000000000000e+01 5.000000000000000000e+00 -2.159602128693697523e+03
1.044320494043013303e+00 1.680680358888988479e+00 3.305428264153304596e+00 6.468179634001578471e+00 2.079940676516649933e+00 7.271379837988242167e-01 9.554295795821516890e-01 2.517165765785321252e+00 1.100000000000000000e+01 1.400000000000000000e+01 4.000000000000000000e+00 -3.485230026084689143e+02
1.255154940663863794e+00 1.765966856015749098e+00 4.958635183362130050e+00 8.407110526580339638e+00 1.984035478546790854e+00 8.615844487526904683e-01 4.534084629726163884e-01 2.815051162899590231e+00 9.000000000000000000e+00 1.700000000000000000e+01 5.000000000000000000e+00 -2.082720319254074639e+03
2.767480182100175323e+00 1.585264897909159032e+00 6.892857598140897046e+00 6.286821864377484026e+00 1.860521896504693906e+00 2.738663270591273902e-01 9.654678925486891439e-01 3.311863446321069215e+00 8.000000000000000000e+00 1.300000000000000000e+01 4.000000000000000000e+00 -2.148214698397671782e+03
1.713598608142007373e+00 2.580762036265818349e+00 9.103018232598333981e+00 1.513899256504620539e+00 2.732744045688130008e+00 7.165728920671805557e-01 6.648972485313369152e-01 2.256836234005422437e+00 9.000000000000000000e+00 1.100000000000000000e+01 4.000000000000000000e+00 -2.243181057999816858e+03
2.145881461229503184e+00 2.242584546725605588e+00 6.028439399474718741e+00 6.922317225566803067e+00 1.939852299771162691e+00 8.764329535087969081e-01 4.162060308712477452e-01 2.519268295572498317e+00 1.000000000000000000e+01 1.100000000000000000e+01 4.000000000000000000e+00 -2.111325316373033729e+03
2.388203650514924892e+00 7.484122069672858313e-01 9.230155091130965772e+00 4.105438781110390067e+00 1.903324730386767527e+00 2.006033654885184259e-01 9.124499836066984892e-01 2.496889261196179710e+00 7.000000000000000000e+00 8.000000000000000000e+00 5.000000000000000000e+00 -2.111877436018169647e+03
1.422200663343468952e+00 7.567931038254747111e-01 3.495491703423871943e+00 6.228076309209667372e+00 2.375355854270915223e+00 3.338388745110128508e-01 7.046923680015513280e-01 2.445379916338338955e+00 7.000000000000000000e+00 1.700000000000000000e+01 4.000000000000000000e+00 -4.023268504295559183e+02
2.749254828291551433e+00 1.734502781272444949e+00 4.150028687941896166e+00 6.140082864457545142e+00 2.046359736708433186e+00 1.338348581447247332e+00 7.891645629894480374e-01 2.729308930882577311e+00 8.000000000000000000e+00 2.000000000000000000e+01 4.000000000000000000e+00 -2.176691273732075842e+03
2.308914850417449482e+00 1.655992265574907751e+00 5.436967588104882232e+00 6.650037285269371878e+00 1.905549261053440802e+00 5.949161746499624925e-01 5.292944960600134419e-01 3.331455766658102391e+00 9.000000000000000000e+00 1.400000000000000000e+01 5.000000000000000000e+00 -2.157266230724148045e+03
2.474276566533157862e+00 1.347681902501838502e+00 6.926438253407498635e+00 8.222948994800782785e+00 2.055564963921654442e+00 5.953256509709292654e-01 8.610685902856501928e-01 3.142465649170451236e+00 1.000000000000000000e+01 1.800000000000000000e+01 5.000000000000000000e+00 -2.167245215448201179e+03
2.409442274461035538e+00 1.849256625730518078e+00 9.742417183898343325e+00 2.901244347053971939e+00 1.671615722872233478e+00 3.229551474266010302e-01 6.400847344830002950e-01 2.575465131013960018e+00 1.100000000000000000e+01 9.000000000000000000e+00 4.000000000000000000e+00 -2.157490530179192319e+03
1.816244149448112521e+00 1.900936685682423244e+00 3.760591676258078664e+00 8.987986386293931318e+00 1.593433895208613560e+00 9.426512954623261775e-01 6.295339108009900819e-01 2.593522387638884652e+00 9.000000000000000000e+00 2.000000000000000000e+01 4.000000000000000000e+00 -2.210334930724631704e+03
2.350467288633938612e+00 7.559328634965150062e-01 2.705927313957328550e+00 7.553354855537785184e+00 2.030180572500918323e+00 5.297247367451536348e-01 8.650041625466344808e-01 2.574788856868680753e+00 1.000000000000000000e+01 2.000000000000000000e+01 4.000000000000000000e+00 -4.387354878707951684e+02
2.906586997080159218e+00 7.789609152113348145e-01 4.199001124972959076e+00 3.171273955616964901e+00 2.918685176081201593e+00 5.024399130531662649e-01 8.423809902770758029e-01 2.244488847179025193e+00 9.000000000000000000e+00 1.900000000000000000e+01 4.000000000000000000e+00 -1.031519591328361230e+03
2.102420525550928954e+00 1.183290117653722051e+00 2.025075802899091837e+00 7.337680818452332332e+00 2.014976178915032001e+00 2.822671840187116032e+00 9.312392849148308782e-01 2.478551115602272148e+00 1.000000000000000000e+01 9.000000000000000000e+00 4.000000000000000000e+00 -2.144099562880891881e+03
