1.913133624255856535e+00 1.495750440314487228e+00 4.100439250007108960e+00 9.408305503595121522e+00 1.981536507963260529e+00 5.870966332923566178e-01 8.628344924541196947e-01 2.925242616281960473e+00 1.000000000000000000e+01 1.900000000000000000e+01 4.000000000000000000e+00 -2.173550667679046455e+03
2.903168970328941612e+00 1.600502997306322506e+00 4.105342525710133472e+00 4.272413172449368801e+00 1.323388700813418861e+00 2.186082925465309135e-01 8.966522824068690056e-01 2.547688593263013335e+00 1.100000000000000000e+01 1.600000000000000000e+01 4.000000000000000000e+00 -2.950244205206491870e+02
2.306876497646694002e+00 6.555951377424722448e-01 4.550458406836273006e+00 4.811672465406628518e+00 2.059164469447285484e+00 6.802787131902714446e-01 9.843958307803428731e-01 3.034759395561140494e+00 8.000000000000000000e+00 1.800000000000000000e+01 4.000000000000000000e+00 -2.223395828194568821e+03
2.031253447265446876e+00 1.323346035686676192e+00 5.616176087601663980e+00 1.617850117413656807e+00 2.121759476933219535e+00 1.301933294296624410e-01 8.834098834278010237e-01 2.201442947393934091e+00 1.000000000000000000e+01 7.000000000000000000e+00 4.000000000000000000e+00 -2.066389522445426792e+03
2.620012456898718867e+00 3.862598784998922952e-01 2.830922131858477631e+00 8.826862093059286707e+00 1.981077684887035062e+00 1.664496339073577857e-01 8.583218933639331638e-01 2.791516722128226657e+00 1.000000000000000000e+01 1.800000000000000000e+01 4.000000000000000000e+00 -4.030841280098134689e+02
2.024855104322143440e+00 1.270540425359697245e+00 3.992790728373061260e+00 7.933650535458180997e+00 1.866301466467896741e+00 4.357041896672694814e-01 9.249746170463198913e-01 3.096468695419615003e+00 9.000000000000000000e+00 1.700000000000000000e+01 4.000000000000000000e+00 -2.165220621449665941e+03
2.145443758596575545e+00 7.724044299466020780e-01 1.330884058514431256e+00 3.523803838032405267e+00 2.305285132798724934e+00 3.136161278634055916e-01 8.381926946086722952e-01 2.361019868823326817e+00 6.000000000000000000e+00 1.700000000000000000e+01 4.000000000000000000e+00 -2.189310191798635060e+03
2.177224023676864739e+00 1.704365892922278025e+00 6.012460639191474776e+00 3.632500148176478483e+00 2.102846922802961149e+00 6.360149613189054474e-01 8.831063719833504022e-01 2.842825805570984965e+00 9.000000000000000000e+00 1.400000000000000000e+01 4.000000000000000000e+00 -2.084054231280493241e+03
1.906424597827754752e+00 1.527193639475121101e+00 5.527620128441147251e+00 7.041228344438778208e+00 1.445414936253476501e+00 1.037705771149202150e-01 8.236662228674341835e-01 2.564669228697078918e+00 9.000000000000000000e+00 1.500000000000000000e+01 4.000000000000000000e+00 -3.546799257890427270e+02
2.265568520227992710e+00 1.606077230952027701e+00 3.848599138238131268e+00 5.925830315493046285e+00 2.522675911869569632e+00 3.894926536898828950e-01 8.962189646521068198e-01 2.260420328145853919e+00 6.000000000000000000e+00 1.500000000000000000e+01 4.000000000000000000e+00 -3.728194925875740182e+02
2.323581469498097629e+00 2.098338985998586370e+00 5.508905527193656226e+00 6.344111413600954208e+00 2.837744551784263436e+00 6.813215650648629662e-01 7.090819484132140360e-01 3.064829847474504376e+00 1.100000000000000000e+01 1.100000000000000000e+01 3.000000000000000000e+00 -2.190803481323368942e+03
2.708178828096416080e+00 2.149772421495189434e+00 3.535997148538650325e+00 7.273013863853972083e+00 2.627754207181827617e+00 4.640651505819592959e-01 9.328992951600715289e-01 2.081636432978101858e+00 9.000000000000000000e+00 1.500000000000000000e+01 5.000000000000000000e+00 -2.224446831062282399e+03
1.977025394113004042e+00 6.226018323808875099e-01 2.480437718325517960e+00 6.322408947659735823e+00 2.825835755602170707e+00 4.903588290233144575e-01 5.657562294753533116e-01 2.559942269634223333e+00 8.000000000000000000e+00 1.600000000000000000e+01 3.000000000000000000e+00 -2.155189227070604829e+03
9.069466292018486531e-01 2.020117956393175707e+00 5.268156922811965792e+00 6.375996490402914496e+00 1.817959524082164657e+00 5.709266373569410469e-01 7.222958059136891373e-01 2.890961066724401007e+00 1.000000000000000000e+01 1.700000000000000000e+01 3.000000000000000000e+00 -2.120761370879767583e+03
1.800598845141437643e+00 8.957703141423307702e-01 4.354296481359412496e+00 6.244106745907566314e+00 2.938229518757131231e+00 6.109813031890980461e-01 6.074242980634677602e-01 2.693402923616107003e+00 6.000000000000000000e+00 2.000000000000000000e+01 5.000000000000000000e+00 -2.087246779198025706e+03
2.185468738393291588e+00 1.871773091935692079e+00 3.321323567380303210e+00 5.784858144248314460e+00 1.974536083309454737e+00 5.621699680220388906e-01 8.754735231088767167e-01 2.415169824845673219e+00 1.000000000000000000e+01 1.600000000000000000e+01 4.000000000000000000e+00 -3.775332563710952058e+02
1.344336727530607067e+00 1.235321597196838539e+00 4.467944392270652543e+00 8.481536434316474526e+00 1.845601619993625153e+00 6.057255333579987244e-01 9.215458675425532986e-01 2.098048632071779274e+00 1.000000000000000000e+01 1.600000000000000000e+01 4.000000000000000000e+00 -3.868451167920529770e+02
2.163640444861394840e+00 2.488164859798946527e+00 7.141491505977560550e+00 6.094600471274933540e+00 1.721816855119824741e+00 9.374288222343400978e-01 7.163855126772120663e-01 2.180231052273583714e+00 9.000000000000000000e+00 1.300000000000000000e+01 4.000000000000000000e+00 -3.190723993821069371e+02
2.324170978379923813e+00 2.184247878351166960e+00 3.621984757184121495e+00 4.876773968489901634e+00 1.330620622891410365e+00 4.606062670922770330e-01 8.559770343479149446e-01 2.636726903691791524e+00 8.000000000000000000e+00 1.500000000000000000e+01 5.000000000000000000e+00 -2.226655040633203498e+03
2.459692196751763316e+00 1.577860242270479274e+00 5.781434333820056004e+00 6.814146295720316715e+00 1.976026751384675872e+00 5.683702752195948227e-01 7.821714746484291769e-01 2.892715012565363786e+00 1.100000000000000000e+01 1.500000000000000000e+01 4.000000000000000000e+00 -2.244941696268025680e+03
2.259728087488073633e+00 1.334213175379214356e+00 6.126993324683457587e+00 4.151800707213809005e+00 1.503446698859244757e+00 7.289396448963781916e-01 6.806804568072089001e-01 2.274871669706600041e+00 8.000000000000000000e+00 7.000000000000000000e+00 4.000000000000000000e+00 -2.120988237971785566e+03
2.079589131678176273e+00 9.621466206589819326e-01 5.409027137396321017e+00 9.346210437377809654e+00 2.633441041171205033e+00 4.302085712762823144e-01 8.038931017749597618e-01 2.964588783261407290e+00 7.000000000000000000e+00 1.500000000000000000e+01 3.000000000000000000e+00 -2.292505956610319572e+03
2.849292606438040387e+00 1.867162622648739223e+00 6.872995535034918113e+00 3.653289311804337469e+00 1.314465471009169661e+00 5.380165880280118884e-02 7.793488038129754436e-01 2.903231415941614380e+00 8.000000000000000000e+00 1.200000000000000000e+01 3.000000000000000000e+00 -2.316720196586130953e+02
2.359660802552804970e+00 1.810475192301265190e+00 6.769124307801451579e+00 5.898814083971842592e+00 2.151203901693788278e+00 1.761188618882130741e-01 5.426190391410320446e-01 2.667782234325512647e+00 1.000000000000000000e+01 1.000000000000000000e+01 4.000000000000000000e+00 -2.228197843110875056e+03
1.608052570490685840e+00 7.623413825798781573e-01 6.585073019736273459e+00 6.739424299349556335e+00 1.909390750332133901e+00 4.444420813354942879e-01 8.179947106792336831e-01 2.572167398294665119e+00 7.000000000000000000e+00 1.900000000000000000e+01 4.000000000000000000e+00 -2.205068233361705097e+03
2.668525874424064082e+00 1.784944587232689006e+00 5.967336717551636305e+00 7.074885296098070597e+00 1.633468492569382091e+00 5.195328020229572630e-01 8.595123851788013525e-01 2.676879650828127843e+00 9.000000000000000000e+00 1.800000000000000000e+01 4.000000000000000000e+00 -4.061957222127413161e+02
2.979739006473259177e+00 1.221514930913637054e+00 4.259609667152172818e+00 2.677312355701088276e+00 2.465440110014230246e+00 6.440213194416490872e-01 8.307039632821915376e-01 2.556231597225906427e+00 1.000000000000000000e+01 1.600000000000000000e+01 5.000000000000000000e+00 -2.286117682717438129e+03
2.384692587089884075e+00 1.357755291820893273e+00 6.418343664948266358e+00 7.971523825345166792e+00 1.869078750401831357e+00 6.940655506569204380e-01 8.171317012153906933e-01 2.994060039380316507e+00 9.000000000000000000e+00 1.300000000000000000e+01 3.000000000000000000e+00 -2.167707529507687923e+03
2.292728495870099525e+00 9.327440017747702372e-01 4.889149834469765921e+00 4.280699773820113130e+00 1.743257808359130134e+00 6.848722160686213645e-01 6.953999592547897013e-01 3.249280230847517714e+00 9.000000000000000000e+00 5.000000000000000000e+00 4.000000000000000000e+00 -2.133179245586754405e+03
1.856225269236810860e+00 1.628552534096163074e+00 5.677561965255949694e+00 8.623073045295203798e+00 2.966983744055298189e+00 5.565043928695179165e-02 6.796841541036422463e-01 2.968328416305633155e+00 1.100000000000000000e+01 1.400000000000000000e+01 4.000000000000000000e+00 -2.185522710742206982e+03
2.311921781298949874e+00 1.580051970595055089e+00 3.500262134452571505e+00 6.529556267782837153e+00 1.319937328864911663e+00 6.414334843336640946e-01 9.258156931484754493e-01 2.525509470556375202e+00 9.000000000000000000e+00 1.300000000000000000e+01 4.000000000000000000e+00 -2.146605082222909459e+03
2.386543710279104058e+00 1.804255581012220944e+00 4.585262000066233412e+00 7.285913141470970800e+00 1.735538740482709619e+00 6.730078087058817271e-01 9.967063777937830160e-01 2.172262743720914546e+00 1.000000000000000000e+01 1.700000000000000000e+01 4.000000000000000000e+00 -3.951766744701139942e+02
2.536108023788531174e+00 1.818375476978851601e+00 4.825998367832932345e+00 5.432996032636761896e+00 1.768866929684621558e+00 4.180504726711008479e-01 6.837700365692871429e-01 3.350886193879102137e+00 1.000000000000000000e+01 1.000000000000000000e+01 4.000000000000000000e+00 -2.049752609196557387e+02
1.878741184512391804e+00 2.225055224195217285e+00 4.262330096656884670e+00 6.872563973545169347e+00 1.759195855598620684e+00 7.099880808810664634e-01 8.837880480791817650e-01 2.689235336127131948e+00 1.100000000000000000e+01 1.100000000000000000e+01 5.000000000000000000e+00 -2.144227582344084112e+03
2.098295608155673175e+00 2.025666942429930284e+00 7.391126254352084146e+00 4.921738803161434639e+00 2.917102186167125577e+00 1.365685576886933039e-01 6.325642927568019269e-01 2.950360069204406965e+00 9.000000000000000000e+00 7.000000000000000000e+00 5.000000000000000000e+00 -2.148217338154040590e+03
2.065405057786071197e+00 1.087582135950382778e+00 4.779925484081594789e+00 5.365373051050133846e+00 1.840458349478406141e+00 4.529180866142689665e-01 8.322548801342639635e-01 3.705432022711303119e+00 1.000000000000000000e+01 7.000000000000000000e+00 4.000000000000000000e+00 -1.731845858955279596e+02
2.289314014203866154e+00 2.255686692943243532e+00 6.416342592315117166e+00 8.151328535095935024e+00 1.505430335925561636e+00 5.928964908594908101e-01 9.203613798969512150e-01 2.194168872882227728e+00 9.000000000000000000e+00 2.000000000000000000e+01 4.000000000000000000e+00 -4.464504664816898867e+02
1.882524109617222496e+00 1.367875177410611043e+00 3.051792016188069390e+00 5.160935518922230791e+00 2.060972834998930470e+00 4.210623114603741501e-01 7.718446053912003668e-01 2.721665259066438747e+00 9.000000000000000000e+00 2.000000000000000000e+01 4.000000000000000000e+00 -2.194800326945397956e+03
9.455671944326542455e-01 2.133743482761992549e+00 3.624514715482644256e+00 6.564587109165872292e+00 2.367781045332937317e+00 1.619941868855134137e+00 9.317769432537394980e-01 2.453457286273815541e+00 1.100000000000000000e+01 1.600000000000000000e+01 4.000000000000000000e+00 -2.098608652960660493e+03
2.039548838394968477e+00 1.263334985851728876e+00 5.006262841566862853e+00 7.172045550634945421e+00 2.431696868517859489e+00 9.729033457588709410e-02 8.170476933683695764e-01 3.257459235648799911e+00 1.100000000000000000e+01 1.300000000000000000e+01 4.000000000000000000e+00 -2.192153435830843137e+03
2.727712085633089423e+00 1.754654911227035985e+00 3.690021701562382628e+00 7.125925001633696354e+00 1.484175258371958961e+00 1.144423213369427872e+00 8.580828087558898254e-01 2.229007738197549493e+00 7.000000000000000000e+00 1.400000000000000000e+01 4.000000000000000000e+00 -2.142938727680376360e+03
1.852043779246975275e+00 1.876777435572533292e+00 4.628442915348135678e+00 5.868537224625647752e+00 1.735896190807107997e+00 5.830943339653823498e-01 5.971815340340924649e-01 2.382692455267376275e+00 8.000000000000000000e+00 2.000000000000000000e+01 4.000000000000000000e+00 -4.438118754900617660e+02
1.287941417336290639e+00 1.668962836833653318e+00 5.001160619345566438e+00 6.802407958183501080e+00 1.846698910389286796e+00 6.711725041694257543e-01 8.564872330107692333e-01 2.099132285290011168e+00 4.000000000000000000e+00 1.500000000000000000e+01 4.000000000000000000e+00 -2.261389984155295224e+03
7.033893077632432655e-01 2.492896613737816569e+00 6.911899248443379662e+00 4.358374457424398329e+00 1.963967156789261370e+00 6.638420690409133629e-01 6.517586424031271974e-01 2.173081141310417852e+00 1.000000000000000000e+01 1.200000000000000000e+01 4.000000000000000000e+00 -2.425879298585959987e+02
2.498136546883650944e+00 7.929157720239310425e-01 1.089486159289957401e+00 4.901849581450216320e+00 2.020892595307159922e+00 7.245499688037613240e-01 6.795990707562529209e-01 2.837612734283249338e+00 9.000000000000000000e+00 2.000000000000000000e+01 4.000000000000000000e+00 -2.159802414868842789e+03
2.577933155596499049e+00 1.774363491283256211e+00 9.369426446013932264e+00 2.058242939420003470e+00 1.891222235454250500e+00 4.707145612913279376e-01 4.674281311617216605e-01 2.659665288923143578e+00 1.000000000000000000e+01 1.000000000000000000e+01 5.000000000000000000e+00 -2.097404737117406512e+03
1.511067897547525130e+00 1.409279799044384163e+00 5.916137440525392144e+00 5.730750839344169734e+00 2.253004658765859425e+00 2.188426294290445884e-01 8.884408844573582487e-01 2.412123375374055190e+00 7.000000000000000000e+00 6.000000000000000000e+00 4.000000000000000000e+00 -2.101827956311810794e+03
2.102420525550928954e+00 1.183290117653722051e+00 2.025075802899091837e+00 7.337680818452332332e+00 2.014976178915032001e+00 2.822671840187116032e+00 9.312392849148308782e-01 2.478551115602272148e+00 1.000000000000000000e+01 9.000000000000000000e+00 4.000000000000000000e+00 -2.144099562880891881e+03
