1.644560838640825029e+00 2.081049337148785483e+00 4.115020242874543932e+00 7.551698328502232549e+00 2.485923387167011445e+00 6.272399271240591823e-01 9.016674323081027564e-01 2.832008460450278431e+00 7.000000000000000000e+00 8.000000000000000000e+00 4.000000000000000000e+00 -2.167451632377714759e+03
2.843509631797618731e+00 1.609375333389554186e+00 5.407564122068123424e+00 6.123385783700572738e+00 2.826299980027928260e+00 5.344179682166789735e-01 6.896610009114173545e-01 2.563073713951819599e+00 1.100000000000000000e+01 1.600000000000000000e+01 4.000000000000000000e+00 -3.699745942575882509e+02
2.890593238461922176e+00 2.097179695582854553e+00 3.637080549680189456e+00 3.334747229849572392e+00 2.484637651754232124e+00 1.457576280566448279e+00 5.786167567319588922e-01 2.890169532442690592e+00 4.000000000000000000e+00 9.000000000000000000e+00 4.000000000000000000e+00 -2.163547942199772024e+03
2.168223238992054380e+00 2.392684130947666965e+00 4.990930522212297937e+00 7.627239335615824345e+00 1.531849296392468585e+00 4.823070674616165565e-01 7.367726636703979537e-01 2.652042209234187098e+00 6.000000000000000000e+00 1.600000000000000000e+01 3.000000000000000000e+00 -2.114770193462419229e+03
2.348578926130369560e+00 1.842283892002557266e+00 7.230443511481524865e+00 6.836734371573619740e+00 1.768101679031518048e+00 4.221006002980777216e-01 5.953435714153624270e-01 2.242903057899747754e+00 1.000000000000000000e+01 1.300000000000000000e+01 5.000000000000000000e+00 -3.311348166507271458e+02
2.289988929230037495e+00 1.976805606047526975e+00 4.341920334193496878e+00 6.633850632403285985e+00 2.813263200811463083e+00 6.689454495127207245e-01 9.710151937272224476e-01 2.074040460470417901e+00 8.000000000000000000e+00 1.500000000000000000e+01 4.000000000000000000e+00 -3.703860693930402590e+02
2.229895964300189437e+00 2.074805074465738919e+00 4.920675251083448387e+00 8.121642184765304862e+00 1.960630429350022297e+00 1.953989431283993383e-01 8.456152806473145045e-01 2.307204257847735196e+00 1.000000000000000000e+01 1.600000000000000000e+01 4.000000000000000000e+00 -3.754528109786732557e+02
2.340928850869136379e+00 1.901503019094165969e+00 6.433701860113541393e+00 8.345912030228490153e+00 2.535198488218136426e+00 5.467780965519750680e-01 8.032199518177066677e-01 2.174864520160099790e+00 1.100000000000000000e+01 9.000000000000000000e+00 4.000000000000000000e+00 -2.160234742173353879e+03
1.769088642995760852e+00 1.868048800322199998e+00 7.577659666877552880e+00 6.255543074689483340e+00 2.236240781581310344e+00 3.909605763928980515e-01 7.405982051965899204e-01 2.359320435378498448e+00 9.000000000000000000e+00 1.800000000000000000e+01 4.000000000000000000e+00 -4.220460087006269987e+02
2.196130578452263116e+00 2.820798822914640347e+00 6.008701895359802592e+00 7.832230546467452648e+00 2.267061212180619734e+00 1.295629486080163595e+00 6.063211422977126119e-01 3.252089469007727995e+00 9.000000000000000000e+00 1.300000000000000000e+01 5.000000000000000000e+00 -2.139951072923919128e+03
1.709517605711104782e+00 1.690632951080591528e+00 9.184061015135814188e+00 6.709481927596687711e+00 1.946692948737224205e+00 5.061183045378198075e-01 7.142702526410908970e-01 2.283106553261943006e+00 1.000000000000000000e+01 1.300000000000000000e+01 5.000000000000000000e+00 -2.153224537763917851e+03
1.999116866854752539e+00 2.087035833968812870e+00 6.832245668537785477e+00 7.088812355888880035e+00 2.948194330712113675e+00 1.306561773050044728e+00 5.966029205788179191e-01 2.134286066478519039e+00 1.100000000000000000e+01 1.000000000000000000e+01 3.000000000000000000e+00 -2.147219305807892397e+03
2.294398315420908663e+00 1.733376813433936237e+00 4.698819109679011952e+00 6.690091577864377470e+00 1.914893610593586093e+00 9.106709783764715960e-01 8.913834381567692366e-01 2.372337591923693978e+00 1.000000000000000000e+01 1.700000000000000000e+01 4.000000000000000000e+00 -3.944688327682593467e+02
2.110128001928119446e+00 1.760986178778517708e+00 5.181000674742811896e+00 7.583367448021389734e+00 2.369384627055549419e+00 1.001652199809329069e+00 7.955417003328226766e-01 2.587703971693898541e+00 1.000000000000000000e+01 1.300000000000000000e+01 3.000000000000000000e+00 -2.205881128779426035e+03
5.479898541421270863e-01 2.608814230999341621e+00 4.619623154932818387e+00 5.099797948937535352e+00 1.770769616726063367e+00 1.173190456010309024e+00 6.125751281636975243e-01 2.254052473105928378e+00 1.100000000000000000e+01 8.000000000000000000e+00 3.000000000000000000e+00 -2.163154529878190715e+03
2.540883337522772401e+00 1.471449492551421656e+00 7.631922975977606605e+00 5.517792790601125041e+00 1.891154261388243718e+00 2.027361164234217084e-01 7.157322853500932558e-01 3.019989043625376457e+00 1.000000000000000000e+01 1.500000000000000000e+01 5.000000000000000000e+00 -2.156195880973581552e+03
8.395197807346013175e-01 2.461051521760342808e+00 4.582557506033549721e+00 6.286627030504718938e+00 1.474389764036773132e+00 6.135598644297384219e-01 4.779800822478362798e-01 3.223794692463643585e+00 9.000000000000000000e+00 1.400000000000000000e+01 5.000000000000000000e+00 -2.177234834688793399e+03
1.795455253555985342e+00 2.678755415995716316e+00 4.578564007202940545e+00 8.466693701033243258e+00 2.417311149838881512e+00 7.251423780143944064e-01 6.210785725034412286e-01 2.668340008911350925e+00 1.100000000000000000e+01 1.100000000000000000e+01 5.000000000000000000e+00 -2.151027616289050457e+03
2.340458328372555297e+00 2.514889639278097722e+00 7.629311320940892927e+00 6.571758520745507148e+00 2.058712765453106108e+00 7.805045437654614116e-01 7.087451541056909443e-01 3.064271236434249257e+00 7.000000000000000000e+00 1.600000000000000000e+01 5.000000000000000000e+00 -2.157701028237011542e+03
1.053281792300932995e+00 2.095128745492337075e+00 4.243674168360032972e+00 6.735361085470970899e+00 2.246112469296125180e+00 2.201041462029290852e+00 6.809750876740813252e-01 2.323326369919910928e+00 9.000000000000000000e+00 8.000000000000000000e+00 3.000000000000000000e+00 -2.137919963814882976e+03
2.701302280579685355e+00 2.907491432985272795e+00 2.235217515366710206e+00 5.232672676611478835e+00 2.682141018600106452e+00 1.184761552003890772e+00 4.628740859615089187e-01 3.309114875999805694e+00 5.000000000000000000e+00 1.200000000000000000e+01 4.000000000000000000e+00 -2.145457262454202919e+03
2.339732825171579211e+00 1.843707254580493338e+00 6.585509225689389012e+00 5.605673426595142672e+00 2.510041363540213233e+00 1.037448930663217084e+00 7.239375229991049654e-01 2.524987604069032443e+00 6.000000000000000000e+00 8.000000000000000000e+00 4.000000000000000000e+00 -2.086642441079357013e+03
2.257707317580794459e+00 2.187087231986886149e+00 6.212283290634685429e+00 4.272785789309510918e+00 2.252595033844389860e+00 2.785161982318957175e-01 8.908398229714592498e-01 2.378557702906024307e+00 1.000000000000000000e+01 1.900000000000000000e+01 4.000000000000000000e+00 -2.219246355169241724e+03
1.474607776007415438e+00 1.716996113556172210e+00 5.459023483441490576e+00 6.837559565624021118e+00 1.991190946106292881e+00 9.680745268426979022e-01 4.854704483044695040e-01 2.828628723665117750e+00 7.000000000000000000e+00 1.400000000000000000e+01 4.000000000000000000e+00 -2.177311142549959186e+03
1.754546643339396361e+00 2.215601716922470210e+00 5.956016483078701462e+00 6.760197013274597211e+00 1.318440039397075880e+00 5.447842543886370903e-01 6.128504351834019870e-01 2.189365354860193236e+00 8.000000000000000000e+00 1.300000000000000000e+01 3.000000000000000000e+00 -2.163719272647432717e+03
1.752652496929662185e+00 1.730031846678210972e+00 6.242292180379628519e+00 6.439432493593835183e+00 2.555429039602354013e+00 1.929133552742351154e-01 5.342087847297649628e-01 2.387871818364822651e+00 1.000000000000000000e+01 1.400000000000000000e+01 3.000000000000000000e+00 -2.268982427468370588e+03
2.726219760830820071e+00 1.287476947624655477e+00 6.727249684194229751e+00 5.494246735651196367e+00 2.889451046981598381e+00 1.732982679845715968e-01 7.465980457470475784e-01 2.873555333887197971e+00 1.000000000000000000e+01 1.200000000000000000e+01 4.000000000000000000e+00 -3.168680132323154339e+02
2.339403938221844559e+00 2.702073626937112838e+00 7.266444882380870496e+00 4.680824125498245891e+00 2.135206074288560796e+00 1.265969108016413436e-01 6.642219564307481061e-01 2.657430442322077369e+00 8.000000000000000000e+00 1.100000000000000000e+01 4.000000000000000000e+00 -2.991794238356313826e+02
1.284802230488008457e+00 2.379888038242656378e+00 5.236145713273163693e+00 7.472821079606024597e+00 2.070687016657951851e+00 1.168990193034962655e+00 6.450464068065817624e-01 2.889720392217351552e+00 1.100000000000000000e+01 1.200000000000000000e+01 4.000000000000000000e+00 -2.100893073501576964e+03
2.587284997670376896e+00 2.820415109358517469e+00 5.864746637912405802e+00 5.241950900013359060e+00 2.231155269127603535e+00 1.036366777830647790e+00 8.770637643309009412e-01 2.271066989641960188e+00 1.100000000000000000e+01 1.600000000000000000e+01 5.000000000000000000e+00 -2.308647501669659505e+03
2.679126267808303208e+00 1.273995441762166392e+00 7.888137776485603325e+00 4.436362453175701326e+00 1.732656537674201136e+00 3.830425412077236302e-01 9.737674585761815216e-01 2.937654216964360465e+00 1.000000000000000000e+01 5.000000000000000000e+00 3.000000000000000000e+00 -2.136326065681444106e+03
1.185901119537766446e+00 2.015702689578708462e+00 3.585639869205369035e+00 7.217308869925319392e+00 2.394492085995588493e+00 1.930836895545374521e+00 6.912710922376709144e-01 2.331746932882505341e+00 1.000000000000000000e+01 1.200000000000000000e+01 4.000000000000000000e+00 -2.161842368881607399e+03
2.606536809739879779e+00 1.408543427033216222e+00 6.067103924387680536e+00 5.256652306308697398e+00 2.818299018318544125e+00 9.183481609085559771e-01 7.869257185670940347e-01 2.238103289344709701e+00 8.000000000000000000e+00 1.500000000000000000e+01 4.000000000000000000e+00 -2.161436929661839258e+03
1.776253079551329384e+00 1.805117697921033937e+00 4.261584182653982644e+00 6.551102303489297007e+00 2.740483461256068676e+00 1.643529068132286719e-01 5.867387560658778867e-01 2.276157731022937725e+00 9.000000000000000000e+00 1.600000000000000000e+01 4.000000000000000000e+00 -3.902459670882842602e+02
2.431695681940186926e+00 1.851423419785402480e+00 5.056748142408134861e+00 4.595745642089558380e+00 2.806784318489877528e+00 6.547752259306824918e-01 7.115937638392453302e-01 2.243549459065317553e+00 1.000000000000000000e+01 1.400000000000000000e+01 4.000000000000000000e+00 -3.194970749645441970e+02
2.487415270736439865e+00 1.751496048116488735e+00 4.933581039169824933e+00 6.769262035083792206e+00 1.348357121412217419e+00 4.462465921640187405e-01 5.512567223857748333e-01 2.080075131085073359e+00 8.000000000000000000e+00 6.000000000000000000e+00 5.000000000000000000e+00 -2.140102295889475954e+03
2.375810428277522313e+00 1.668555114113769111e+00 5.611699138165960221e+00 6.764568401863876979e+00 1.323831862529130987e+00 1.120753147569079067e-01 5.672578572973139277e-01 2.459124815253334706e+00 8.000000000000000000e+00 8.000000000000000000e+00 5.000000000000000000e+00 -1.990862167599053407e+02
2.567291852238432703e+00 2.196166756976321022e+00 5.836065284420249633e+00 5.738662314998546066e+00 2.486694977270816675e+00 1.500352910588231559e-01 7.519157903845825608e-01 2.543618934767146733e+00 9.000000000000000000e+00 1.600000000000000000e+01 5.000000000000000000e+00 -2.169534268286838142e+03
1.880246632216680425e+00 2.955967641005711855e+00 6.626432542644108636e+00 6.955494863079971779e+00 1.903838006546349604e+00 5.666014335685261027e-01 4.585380128721920912e-01 2.463266698061616466e+00 8.000000000000000000e+00 1.600000000000000000e+01 3.000000000000000000e+00 -2.180740390267646490e+03
2.308810347262472362e+00 1.005665117767584604e+00 6.981952514909078644e+00 4.558209638854625823e+00 2.428713676888058171e+00 7.018751952839386021e-01 3.720346552790554373e-01 2.556425811438945317e+00 1.000000000000000000e+01 1.700000000000000000e+01 5.000000000000000000e+00 -2.095985574249123601e+03
2.710225768754700670e+00 2.345291580641571727e+00 1.388951980221282634e+00 3.123068109762726863e+00 2.281113374914379932e+00 9.245045221345936648e-01 4.698384508832225137e-01 2.745000443088784881e+00 4.000000000000000000e+00 1.300000000000000000e+01 4.000000000000000000e+00 -2.112190160561402081e+03
2.336942584866969153e+00 1.943184682566429400e+00 6.703312628986948241e+00 6.409127755371690327e+00 2.524277236488689624e+00 3.883390144350522544e-01 5.903839257086560544e-01 2.410906200268031263e+00 1.100000000000000000e+01 1.300000000000000000e+01 2.000000000000000000e+00 -2.172709619642655525e+03
2.041804701837968139e+00 1.614784198024458384e+00 2.860110744810710148e+00 5.942563731005411576e+00 2.175454678884002124e+00 2.433339773313855758e+00 8.356829385764451557e-01 2.620197025765936605e+00 1.000000000000000000e+01 5.000000000000000000e+00 4.000000000000000000e+00 -8.077856263014601268e+01
2.359803596209458565e+00 1.409614789163484261e+00 5.130879776983785945e+00 7.564747301489149756e+00 2.982207909147865266e+00 8.205839077501004830e-01 9.479763047602531856e-01 2.012829552787732013e+00 1.100000000000000000e+01 1.300000000000000000e+01 4.000000000000000000e+00 -3.399032816411627209e+02
2.844170845040267182e+00 1.440255321059584093e+00 4.105560034563798588e+00 6.138582116137168754e+00 1.885862657175204404e+00 1.339269795017924980e-01 9.005191519769807362e-01 2.308710556841017780e+00 7.000000000000000000e+00 1.400000000000000000e+01 4.000000000000000000e+00 -3.498664030485290368e+02
1.561181946920793706e+00 1.448303627638648727e+00 6.648663366588611900e+00 6.581260355767682313e+00 1.869285452089439525e+00 1.060258860305507866e+00 7.136284504680825425e-01 2.616127434321823486e+00 7.000000000000000000e+00 1.500000000000000000e+01 5.000000000000000000e+00 -2.168850453729874971e+03
1.140108411449160641e+00 2.559840989826672075e+00 4.701059791562491874e+00 3.174108304530190328e+00 1.807114605617272884e+00 1.110340618737966523e+00 5.081202086657190531e-01 2.666025168772874210e+00 1.100000000000000000e+01 1.400000000000000000e+01 4.000000000000000000e+00 -2.204076383365337733e+03
2.247322840395467036e+00 9.736436430161446998e-01 7.130159279446110610e+00 5.425714350674461173e+00 1.235644358851825553e+00 3.092593165829388702e-01 7.981966313393077384e-01 2.173334708308436891e+00 9.000000000000000000e+00 7.000000000000000000e+00 4.000000000000000000e+00 -2.081258143492305862e+03
