1.554096394537964887e-01 2.439160799930746748e+00 6.892421868831068998e+00 5.653198191844181153e+00 2.251239101754016758e+00 1.135087164016227224e+00 6.125322770246759418e-01 2.845673006661174398e+00 4.000000000000000000e+00 7.000000000000000000e+00 1.000000000000000000e+00 -4.035020519803910020e+02 2.100699999999860097e+02 1.865419074877487304e+01 7.722467299573190780e-02 6.283138516219909597e+00
1.003137479767700846e+00 1.861465584080217894e+00 5.380681086484751852e+00 6.107973549209758879e+00 1.857427818553200494e+00 5.662757836942847733e-01 5.907487155758665009e-01 2.642527905479267858e+00 7.000000000000000000e+00 5.000000000000000000e+00 3.000000000000000000e+00 -1.656478862964447956e+02 1.165499999999955207e+02 1.830427091870739931e-02 -1.019930484389594660e+00 1.012363288342593565e-01
1.097486498294696800e+00 1.673023873579038368e+00 4.892956750180098346e+00 5.924813448818846418e+00 2.470143318427941548e+00 9.846517816998922035e-01 7.286026027243533987e-01 2.900755483786899624e+00 8.000000000000000000e+00 9.000000000000000000e+00 1.000000000000000000e+00 -2.754419494531612145e+02 2.700900000000045225e+02 8.774809340822436354e+00 3.714393943911045715e-02 1.622979315634156487e-03
1.062593099285493503e+00 1.134482517270843926e+00 3.733568427822231861e+00 7.294854966163739185e+00 1.814634764125794497e+00 1.325496462093284755e+00 5.526952293029931962e-01 3.343766363086847271e+00 8.000000000000000000e+00 9.000000000000000000e+00 2.000000000000000000e+00 -1.822379096673728043e+02 2.700900000000045225e+02 2.949556854210658940e+00 3.722844850878956487e-04 1.820125707394438836e-04
8.025997179051295172e-01 1.813957040663871201e+00 4.686124053619692198e+00 5.176271119219990169e+00 2.219385271864819487e+00 1.122699399719222946e+00 4.795013149585525269e-01 2.901656088097300135e+00 5.000000000000000000e+00 7.000000000000000000e+00 2.000000000000000000e+00 -4.370491409390621129e+02 2.100699999999860097e+02 2.075088380869182103e+01 -4.878083164623718548e-02 6.282601359228937810e+00
1.240745764534600060e+00 1.409012287652884554e+00 5.415153406695194960e+00 6.956152238802073562e+00 1.986645161211815669e+00 1.151487369879321765e+00 6.421869530880248700e-01 2.398824615917410252e+00 6.000000000000000000e+00 9.000000000000000000e+00 1.000000000000000000e+00 -4.154266544047884508e+02 2.700900000000045225e+02 1.752385340029913507e+01 1.864027434058846133e-01 6.167828875917661158e+00
1.343476098622057080e+00 1.525759338799001608e+00 5.908623486231653565e+00 9.157778957630615224e+00 1.417658070033364304e+00 8.036399880945896967e-01 6.555168834808323686e-01 2.892977907467836118e+00 6.000000000000000000e+00 8.000000000000000000e+00 2.000000000000000000e+00 -1.598414642503039147e+02 2.400800000000151329e+02 2.487591515643521323e+00 -1.286754958185402364e-01 6.270313524745376732e+00
1.291307481006586988e+00 2.105633095973346247e+00 7.073219974614999295e+00 3.516212020100287106e+00 1.491291518830813345e+00 7.966073300233538212e-01 3.814135437790392991e-01 2.689299485794875988e+00 6.000000000000000000e+00 9.000000000000000000e+00 1.000000000000000000e+00 -2.552248354190104749e+02 2.700900000000045225e+02 7.511239713688013353e+00 5.705171525385273681e-04 6.282228470975027790e+00
1.761894533980359556e+00 2.168885670757832784e+00 3.799271459236286841e+00 5.647086016693950050e+00 1.937452563057852517e+00 1.966781052488298709e+00 5.373568750380038894e-01 2.922806269528942735e+00 8.000000000000000000e+00 6.000000000000000000e+00 1.000000000000000000e+00 -1.694364806697426218e+02 1.434600000000039017e+02 1.404762499679174277e-02 -1.108842340939010240e+00 1.335870179276680281e-01
8.086415548890373284e-01 1.435164530379685388e+00 6.060155826240673171e+00 7.548452846012076556e+00 2.103487243578582522e+00 1.042010472174083047e+00 3.938322325129794965e-01 2.605166810203931593e+00 6.000000000000000000e+00 8.000000000000000000e+00 4.000000000000000000e+00 -2.730046232656298457e+02 2.400800000000151329e+02 9.560288954101393344e+00 -2.499814859918733312e+00 6.268535855851248506e+00
1.165541221906330360e+00 2.102793099002284283e+00 3.388812792213125036e+00 5.799082433711621576e+00 1.884676095628240677e+00 6.564746481247542009e-01 6.739933645943609886e-01 2.650083006479118097e+00 8.000000000000000000e+00 1.000000000000000000e+01 1.000000000000000000e+00 -2.756232802768353167e+02 2.740999999999938268e+02 1.773800396955308584e-02 -9.998936110279785794e-01 6.281299267873319714e+00
9.354114765399941245e-01 1.689224469013744567e+00 6.782277762064971682e+00 4.659153562024434869e+00 1.502736927356652430e+00 1.277392359768920960e+00 4.571106185959663004e-01 3.148488475111473228e+00 4.000000000000000000e+00 1.200000000000000000e+01 1.000000000000000000e+00 -4.659336178376447037e+02 3.601200000000105774e+02 1.786710111485246344e+01 -1.007161261725136696e-02 4.556683631730784612e-03
1.187545189337270601e+00 1.560035574961492477e+00 4.145773771922216078e+00 7.278757313902738169e+00 1.761739442639737030e+00 1.032705130230104018e+00 4.771147124108414128e-01 2.386012248548332160e+00 5.000000000000000000e+00 1.300000000000000000e+01 1.000000000000000000e+00 -4.785534348288108504e+02 3.901299999999891384e+02 1.771802717680101935e+01 4.422518044796652781e-02 1.076583065633395474e-02
1.509475432552118912e+00 2.501201397830931761e+00 4.199432524952595003e+00 6.759305533620330486e+00 1.801004294852257770e+00 1.116542773155748680e+00 4.130861608219124070e-01 2.467238347258353226e+00 8.000000000000000000e+00 8.000000000000000000e+00 2.000000000000000000e+00 -1.041092312302040881e+02 2.074400000000100306e+02 2.432695188744183126e-02 -9.512374263700839050e-01 2.879486691008748683e-02
1.786205794949080605e+00 1.573259684505605049e+00 3.921723687307525186e+00 5.323514619160377492e+00 2.204102975524238062e+00 1.044783345029356436e+00 5.615338864938427266e-01 2.612432663524943521e+00 3.000000000000000000e+00 9.000000000000000000e+00 2.000000000000000000e+00 -4.223991620625923815e+02 2.700900000000045225e+02 1.795963512891188429e+01 -7.727367339256333012e-02 1.520372421960786147e-01
9.543509546922125386e-01 1.672213909650983377e+00 3.694692438218564856e+00 5.779687190177260625e+00 2.068157426026805634e+00 9.127384503853507303e-01 5.191383649421099644e-01 2.765277127760505049e+00 6.000000000000000000e+00 1.400000000000000000e+01 1.000000000000000000e+00 -4.888546068431566027e+02 4.201399999999720194e+02 1.742403792769816206e+01 6.900655293587272532e-02 4.268596448480077230e-03
1.974944314772637766e+00 1.403226411244115068e+00 3.358393023213134487e+00 7.588543517158420570e+00 1.696888267894942182e+00 6.442496479255158670e-01 4.750199046773960210e-01 2.497679678088279065e+00 5.000000000000000000e+00 7.000000000000000000e+00 3.000000000000000000e+00 -1.395197176882196004e+02 1.381799999999930151e+02 1.797179520267480277e-02 -9.343913127903409332e-01 6.056576952983216522e+00
1.431772270986173989e+00 2.013886711398138463e+00 4.590519133638935045e+00 7.999540094356591524e+00 2.372868257580379669e+00 1.432798895331704347e+00 4.476832472941328911e-01 3.831298789546965899e+00 7.000000000000000000e+00 9.000000000000000000e+00 1.000000000000000000e+00 -1.984834214604485965e+02 2.700900000000045225e+02 3.964901341277895952e+00 9.617271442443081630e-02 6.271009607867643609e+00
8.157157105846140066e-01 1.470797365300894555e+00 4.849572553855525214e+00 6.083735218228524033e+00 1.870674528681931292e+00 1.662893825338681353e+00 3.818456236218749078e-01 2.368501147217625835e+00 6.000000000000000000e+00 6.000000000000000000e+00 2.000000000000000000e+00 -8.081713106705147709e+01 1.609800000000045657e+02 2.044569169057428720e-02 -9.519046997342588412e-01 6.251683370652416194e+00
1.793241957204384285e+00 1.460809150894162967e+00 6.116798964457347054e+00 7.289207984129285833e+00 1.845947585049036777e+00 1.019149269852616779e+00 7.551394579921906214e-01 2.271437983048796294e+00 6.000000000000000000e+00 1.200000000000000000e+01 1.000000000000000000e+00 -5.896983916578863045e+02 3.601200000000105774e+02 2.560239947861756349e+01 1.675352534855558129e-01 6.231940660468855420e+00
1.668416776557616332e+00 2.583093368120736422e+00 5.913114397911537701e+00 5.858725538133941591e+00 1.389078278147108936e+00 6.271538454546073948e-01 9.265523311950066843e-01 2.359522170715312228e+00 7.000000000000000000e+00 1.000000000000000000e+01 1.000000000000000000e+00 -2.872488577951743309e+02 3.000999999999997385e+02 8.574928612198402078e+00 4.437551236373018376e-02 6.282384855736373730e+00
1.723310679818691460e+00 1.651195568533102787e+00 3.641283644191837698e+00 5.796978476126096069e+00 2.306165062829267143e+00 4.811733116698491686e-01 5.232420894721888649e-01 2.037592396278421703e+00 6.000000000000000000e+00 1.100000000000000000e+01 1.000000000000000000e+00 -4.432052387271915563e+02 3.301100000000244563e+02 1.738438992044870801e+01 -1.425622343835969419e-02 6.261554996044502275e+00
1.353905118148761577e+00 1.313098364056749290e+00 4.456001273333533241e+00 4.630073638307825590e+00 2.226065284513205622e+00 4.379268731261233283e-01 4.185170542015428929e-01 2.740990329395764924e+00 6.000000000000000000e+00 9.000000000000000000e+00 1.000000000000000000e+00 -1.954580379980044142e+02 2.700900000000045225e+02 3.775814874875134119e+00 -4.952533659794263743e-01 3.352215787738708650e-04
1.123745415057117114e+00 2.106626803360780453e+00 4.488242233444695195e+00 6.270516307268536593e+00 2.404541344525348734e+00 1.191652283205757001e+00 5.687570464869033948e-01 2.304649156319506176e+00 5.000000000000000000e+00 8.000000000000000000e+00 1.000000000000000000e+00 -4.007059516149487308e+02 2.400800000000151329e+02 1.754162197593382189e+01 9.727557026789018790e-02 3.133744351974257492e-02
2.009514480045969442e+00 1.541249943111245413e+00 2.674054444940995978e+00 7.416073934393444311e+00 1.835200100942179668e+00 7.358706232333446229e-01 5.082993691746782172e-01 2.343234561509951241e+00 6.000000000000000000e+00 8.000000000000000000e+00 1.000000000000000000e+00 -2.303589608308294601e+02 1.838400000000063415e+02 1.770788049611984882e-02 -1.002179249234377734e+00 6.280807549378873311e+00
1.327361567458259728e+00 1.969561145337986874e+00 3.311685856509595904e+00 4.209194439078344452e+00 1.944535516740915071e+00 6.999874824253480288e-01 3.094725062467730270e-01 2.997074556844642856e+00 5.000000000000000000e+00 5.000000000000000000e+00 2.000000000000000000e+00 -5.720693179602069023e+01 1.136999999999956827e+02 2.230823725142802583e-02 -9.492675941816185459e-01 6.280668868340752553e+00
1.692411502072796337e+00 1.537093870169658594e+00 5.433679977225366109e+00 7.289807840328339950e+00 1.679319668509260177e+00 1.056678655955671564e+00 4.648603191466222362e-01 2.396137954038968232e+00 5.000000000000000000e+00 5.000000000000000000e+00 2.000000000000000000e+00 -5.647111274661968139e+01 1.122999999999957623e+02 2.006954666386263561e-02 -9.541064369483268637e-01 6.279393081833585910e+00
1.038912648477304579e+00 1.910182674469854014e+00 6.526667306540398172e+00 7.312738088398391234e+00 1.899069953224182150e+00 6.560640600071954154e-01 6.012911813345691581e-01 2.844316702356475712e+00 4.000000000000000000e+00 6.000000000000000000e+00 1.000000000000000000e+00 -2.270604118533117060e+02 1.800600000000052887e+02 8.564400740831816350e+00 -8.254716130527014473e-01 6.261393311492576608e+00
1.259953597004884962e+00 1.371018406260935629e+00 4.967701985637720696e+00 5.810430120856824310e+00 1.757597668510786804e+00 1.065514720602352527e+00 4.687390191771704240e-01 2.826048522728758172e+00 8.000000000000000000e+00 7.000000000000000000e+00 2.000000000000000000e+00 -8.088995671822019062e+01 1.609999999999907914e+02 2.437229488904988500e-02 -9.488184436508595443e-01 6.649417933516782453e-03
9.107436770931714998e-01 1.922767069055074440e+00 5.585115568462980740e+00 4.523101744441777150e+00 2.375867931138108347e+00 7.243371481606124540e-01 5.168587744847636944e-01 2.855141211425891168e+00 6.000000000000000000e+00 6.000000000000000000e+00 1.000000000000000000e+00 -2.315353824346676106e+02 1.800600000000052887e+02 8.844086402166560390e+00 7.870420417017966186e-02 6.278706603457774094e+00
1.219463773903562753e+00 1.571421213580919796e+00 4.029287034140722312e+00 4.768722714903221416e+00 2.239269040548064638e+00 1.293679981221314890e+00 7.088780846454668660e-01 3.153091904439716320e+00 5.000000000000000000e+00 8.000000000000000000e+00 1.000000000000000000e+00 -3.931425219855380533e+02 2.400800000000151329e+02 1.706890762409565454e+01 -7.971031960777327872e-05 6.282895970315025558e+00
1.531240392240087456e+00 2.487128471532815244e+00 4.981917503360544508e+00 6.893410446757030741e+00 1.357088237059005831e+00 8.008137986926603391e-01 7.074713326091516263e-01 2.669491087252104045e+00 7.000000000000000000e+00 6.000000000000000000e+00 1.000000000000000000e+00 -2.098456864295416381e+03 1.161600000000028814e+02 2.523554018463421755e+00 -3.771616287427213832e-02 6.526163512376111087e-02
6.056499041867894340e-01 1.219311951848298659e+00 4.408812710432766124e+00 5.747261539003805986e+00 1.542955001189487696e+00 4.927500401004781816e-01 7.382939150963225838e-01 2.788171233666122628e+00 5.000000000000000000e+00 1.100000000000000000e+01 2.000000000000000000e+00 -4.395970888341237810e+02 3.301100000000244563e+02 1.715888055213197205e+01 2.330841895209374015e-01 9.509389557099448206e-03
1.435686084444626420e+00 1.851334439285810873e+00 4.020870894406284535e+00 6.636078759430418472e+00 2.330807864242642857e+00 7.690971932715958692e-01 2.622536735108431660e-01 2.319748130582058643e+00 4.000000000000000000e+00 9.000000000000000000e+00 1.000000000000000000e+00 -4.075659609644426382e+02 2.700900000000045225e+02 1.703256006027752534e+01 1.207701807189753146e-02 6.189685965994478067e+00
1.941814982024077096e+00 1.911580264706710386e+00 3.423011257572786015e+00 6.487279863342523711e+00 1.730626628011804113e+00 9.041799535080681238e-01 4.965869388891575031e-01 2.390873430264778943e+00 5.000000000000000000e+00 1.000000000000000000e+01 1.000000000000000000e+00 -1.790102729122583014e+02 3.000999999999997385e+02 1.810017057016151343e+00 -3.321140905043921121e-01 5.172666586160435970e-04
1.025301395641132096e+00 1.371694571192701773e+00 4.388785871141045014e+00 5.502314700005559445e+00 1.204729613866869276e+00 8.997904323787629943e-01 5.854116156686209882e-01 2.447235239019563302e+00 5.000000000000000000e+00 1.000000000000000000e+01 2.000000000000000000e+00 -4.129620400861025473e+02 3.000999999999997385e+02 1.643200250538141916e+01 -7.334765822804165114e-02 3.572924617479366141e-03
5.378585880883828274e-01 1.965197119996344943e+00 2.980312804499038570e+00 6.451616419629298882e+00 2.739392203055524888e+00 1.571316748552044285e+00 7.774625893197699700e-01 2.559580110491944005e+00 9.000000000000000000e+00 1.100000000000000000e+01 1.000000000000000000e+00 -5.113664908600334229e+02 3.301100000000244563e+02 2.164446817875132467e+01 1.097819555070649461e-01 6.283122104835622501e+00
5.203057305654593678e-01 1.858436290210794706e+00 5.135053225773820174e+00 5.556665939095879914e+00 1.706909861790192551e+00 1.346108014507534811e+00 2.565665598228990540e-01 3.318866261255575711e+00 7.000000000000000000e+00 9.000000000000000000e+00 1.000000000000000000e+00 -1.881163832765547568e+02 2.700900000000045225e+02 3.316961454784530083e+00 -7.913151181461186567e-03 4.108053130504028816e-02
8.084090810159751950e-01 1.570813300108810040e+00 7.217690242196136197e+00 5.010235540244085684e+00 1.786254997315669169e+00 7.815762669953858488e-01 1.666581659522687053e-01 3.670367163942683142e+00 4.000000000000000000e+00 1.100000000000000000e+01 1.000000000000000000e+00 -4.391728187294933150e+02 3.301100000000244563e+02 1.713236367059256793e+01 -9.690792640699263938e-02 1.252926902236377038e-01
1.300203250063731941e+00 1.295655953590401754e+00 2.483776205689383509e+00 8.465514888902923474e+00 1.928344592038616634e+00 4.912193780934289156e-01 2.913699090724120033e-01 2.674104650668503780e+00 4.000000000000000000e+00 6.000000000000000000e+00 1.000000000000000000e+00 -2.039261927517635513e+02 1.306200000000034152e+02 2.093431558152389349e-02 -9.999545437804052694e-01 6.281272537514493770e+00
3.952552705008842704e-01 1.937418489268057264e+00 4.387820989888720824e+00 7.067278107954609645e+00 1.382752671805304923e+00 3.450778109416582362e-01 6.412147402508655558e-01 2.743379877793900690e+00 2.000000000000000000e+00 9.000000000000000000e+00 1.000000000000000000e+00 -4.267241452235218730e+02 2.700900000000045225e+02 1.822994657646997396e+01 3.161836884281957194e-01 6.268423566140064906e+00
1.244801166551246618e+00 1.117602445847224235e+00 5.795904355759727622e+00 5.838412199387564172e+00 1.982656405427275059e+00 3.610015581174986221e-01 5.381745675034429466e-01 3.410333926741186072e+00 6.000000000000000000e+00 4.000000000000000000e+00 1.000000000000000000e+00 -2.144309419914893624e+03 3.875999999999935142e+01 7.808088744680874882e+00 -1.981595989971518312e+00 3.143886737097414258e-02
2.074768617250473679e-01 1.702681928576201598e+00 6.817078861519357602e+00 3.893931954711851162e+00 1.734146855598341475e+00 9.289580860528394712e-01 7.573881317986170814e-01 3.046355091016752947e+00 3.000000000000000000e+00 5.000000000000000000e+00 2.000000000000000000e+00 -3.507402297295503217e+02 1.500499999999998693e+02 1.723220185809690008e+01 -1.145407496431086192e-01 3.042149501146637278e-02
1.530224302368688338e+00 8.098367682089109287e-01 3.455047926099598321e+00 6.968572845324039200e+00 1.998353971601292800e+00 1.126957836442455951e+00 5.246327497277537555e-01 2.358537409558092435e+00 7.000000000000000000e+00 1.100000000000000000e+01 1.000000000000000000e+00 -3.103094848611099792e+02 3.301100000000244563e+02 9.078405303818609440e+00 -2.393534237007831356e-01 6.190037439021502941e+00
1.570467167754290738e+00 2.046916782174159177e+00 5.247179161862682406e+00 6.012452126257340268e+00 1.419826433176799796e+00 4.799683533629195420e-01 6.075441784924713318e-01 3.219769978677829769e+00 8.000000000000000000e+00 1.500000000000000000e+01 2.000000000000000000e+00 -2.830973549105221991e+02 4.501499999999774104e+02 3.626397181908342482e+00 -3.376766494839962204e-03 6.283168128152882836e+00
1.715670532403142712e+00 2.303222692869125510e+00 6.056052912652162057e+00 3.109445077906943133e+00 1.537470194838093329e+00 8.092275892650322433e-01 4.373054104613975923e-01 2.629104319442052251e+00 4.000000000000000000e+00 1.300000000000000000e+01 1.000000000000000000e+00 -4.767201120517727304e+02 3.901299999999891384e+02 1.760344450323613685e+01 6.626648315008118722e-04 6.283095386193960685e+00
1.747763185391305818e+00 2.125961438005500526e+00 3.204861399899517238e+00 6.848603182547534196e+00 1.952238633833476067e+00 8.851794117643605464e-01 5.304131830515064205e-01 2.637559331573865240e+00 7.000000000000000000e+00 3.000000000000000000e+00 3.000000000000000000e+00 -2.385812820788742556e+03 8.070000000000019824e+00 2.386111379929641529e+01 -2.629412904148784147e+00 7.947659055354085178e-03
1.715003338356278162e+00 1.779233040892584716e+00 5.045302762944983144e+00 7.179784480823081516e+00 1.829688849937194828e+00 1.306926001946782323e+00 5.355163073606946655e-01 2.486910435742717418e+00 5.000000000000000000e+00 4.000000000000000000e+00 2.000000000000000000e+00 -4.237460957873523171e+01 8.404000000000193893e+01 2.216309867089156366e-02 -9.525837853814602685e-01 6.280244910701528127e+00
