1.428553063413654289e+00 1.502853042156952146e+00 7.139134176008764321e+00 2.235400860003686319e+00 2.056658977800254196e+00 6.981987138787666414e-01 8.270026303432460590e-01 2.734970350847210074e+00 3.000000000000000000e+00 6.000000000000000000e+00 2.000000000000000000e+00 -3.684253442649866201e+02 1.800600000000052887e+02 1.739970901656149849e+01 -5.031058482496804374e-02 6.282254614181570496e+00
1.031248197445048698e+00 1.411464222745671515e+00 3.223142106523558592e+00 7.331769694782465763e+00 2.565757153094485599e+00 1.508169796866050127e+00 5.635691668683100453e-01 2.702316477505608550e+00 9.000000000000000000e+00 8.000000000000000000e+00 1.000000000000000000e+00 -2.389834671525966030e+02 2.166400000000114687e+02 1.517253643877939338e-02 -1.028153945486831811e+00 6.255506700530085062e+00
1.903423203691081644e+00 1.943193239028670583e+00 7.082935607248810328e+00 8.164518826172065147e+00 1.888947685775818952e+00 1.414014332472482760e+00 5.570871677349416018e-01 2.155749080487055824e+00 7.000000000000000000e+00 9.000000000000000000e+00 2.000000000000000000e+00 -1.756386357713225266e+02 2.700900000000045225e+02 2.537102235707515696e+00 -2.505353549075384212e-01 6.094799943439658030e+00
1.151541832957543088e+00 1.259857552993360219e+00 4.242630718226926945e+00 3.462866824331051419e+00 2.083129223992266965e+00 1.608630877202882559e+00 4.723229274452027671e-01 2.507016061860671385e+00 8.000000000000000000e+00 5.000000000000000000e+00 1.000000000000000000e+00 -3.958890634625457210e+02 1.500499999999998693e+02 2.005400396640911254e+01 -1.673981611608691689e-01 6.111080497671067313e+00
7.310522943397566031e-01 1.574832230974978042e+00 5.932850399729050928e+00 6.660560553772800318e+00 1.984520874242884370e+00 8.422643615358997859e-01 3.197299826658937527e-01 2.419205616049927787e+00 5.000000000000000000e+00 3.000000000000000000e+00 2.000000000000000000e+00 -2.385942961078508688e+03 8.640000000000007674e+00 2.385143506740677921e+01 -2.381641299210480511e+00 3.158623378142914884e-02
9.125297354549870565e-01 1.755521209497269197e+00 5.797904935982017172e+00 4.967017720556180294e+00 1.333158461471324108e+00 1.096240498987904877e+00 3.265115945816006171e-01 2.636377757708971536e+00 6.000000000000000000e+00 7.000000000000000000e+00 1.000000000000000000e+00 -2.170541055767644139e+02 1.578499999999910983e+02 1.644308929875731157e-02 -1.001661736159631166e+00 6.279913062493162279e+00
8.147619131353269761e-01 1.975558971381418560e+00 3.268249155914677129e+00 7.277716695513349876e+00 2.364836656243961333e+00 1.057269363302927090e+00 3.869140597962711925e-01 2.948109280351844053e+00 5.000000000000000000e+00 9.000000000000000000e+00 1.000000000000000000e+00 -4.790364060673680342e+02 2.700900000000045225e+02 2.149946287921036259e+01 -1.272335549643156538e+00 6.144437815629890665e+00
1.670792080989330630e+00 1.229973802130082783e+00 5.291970898275875967e+00 4.321652340732923925e+00 2.059084388248360042e+00 5.178099263916797756e-01 4.984753255018392060e-01 2.676246940251164830e+00 7.000000000000000000e+00 7.000000000000000000e+00 2.000000000000000000e+00 -9.437048976482061846e+01 1.881599999999881447e+02 1.815561030165947776e-02 -9.530474788553999765e-01 6.949077534192071338e-03
1.287661451540440316e+00 1.892371931040319977e+00 8.284540166962992558e+00 5.130220883582481406e+00 1.780001350643347635e+00 1.148342045961269875e+00 2.092638160152765214e-01 2.721153000228680341e+00 8.000000000000000000e+00 1.200000000000000000e+01 1.000000000000000000e+00 -2.913748940997163004e+02 3.357600000000096543e+02 1.867353226972423216e-02 -1.038159726000075223e+00 5.085527612723105689e-02
1.108166171715298409e+00 1.862150944043255318e+00 5.256035105083134873e+00 3.484365980867981438e+00 1.871495045969556292e+00 1.004261426477782049e+00 4.137289881966523808e-01 3.193533091377179112e+00 7.000000000000000000e+00 5.000000000000000000e+00 1.000000000000000000e+00 -2.325527063592431659e+03 1.975000000000014566e+01 1.972825397452697871e+01 -9.892825269976814884e-01 1.824689296613396516e-01
1.941408309572404622e+00 1.701961075074311713e+00 4.136554180848775353e+00 4.927308162417073589e+00 1.563654481923347550e+00 6.347636591510389392e-01 6.311947252858453039e-01 3.134293367016260046e+00 9.000000000000000000e+00 1.000000000000000000e+01 2.000000000000000000e+00 -1.389104785131578126e+02 2.771999999999945317e+02 1.940490707253355804e-02 -9.479879076224290158e-01 6.266232721919316795e+00
1.324420129193188522e+00 2.345120871905908899e+00 5.670636545389733385e+00 6.029212477197807729e+00 1.926490004932569722e+00 1.751591288869927210e+00 4.331116251364023340e-01 2.297024567289429164e+00 7.000000000000000000e+00 9.000000000000000000e+00 1.000000000000000000e+00 -1.642668047323966221e+02 2.700900000000045225e+02 1.826362795774648218e+00 -3.347250216052897742e-01 6.222586065964319957e+00
1.608129187940047444e+00 1.121522512410404904e+00 4.190944785232458614e+00 5.825024049587167241e+00 1.335742607671873916e+00 6.551114686519796670e-01 4.322398782573758647e-01 3.341818763100134149e+00 7.000000000000000000e+00 9.000000000000000000e+00 1.000000000000000000e+00 -2.358607609476644029e+02 1.977300000000062141e+02 1.585701166351538571e-02 -9.933317351008406071e-01 6.276402577337949040e+00
1.445033562195409571e+00 2.020591307250108493e+00 5.150961960542815632e+00 4.946736336012241608e+00 1.699992551157008425e+00 8.974859429638003538e-01 6.303838302347692935e-01 2.435153599590373918e+00 5.000000000000000000e+00 8.000000000000000000e+00 2.000000000000000000e+00 -3.684947895298534490e+02 2.400800000000151329e+02 1.552842434561536855e+01 -9.755666341362291272e-01 3.150881104681759609e-02
1.047901642963267044e+00 2.699582658963326498e+00 4.881189007968732341e+00 5.751350950531577411e+00 2.213757755655026305e+00 7.672954248478591754e-01 6.288750512935245007e-01 4.003031091054863211e+00 5.000000000000000000e+00 9.000000000000000000e+00 2.000000000000000000e+00 -4.166442106851886820e+02 2.700900000000045225e+02 1.759995066782415307e+01 4.323340377000516738e-02 6.438693866589055570e-02
1.210575963416093526e+00 1.750043356395416527e+00 5.885431110148474865e+00 4.778741752372345886e+00 2.297256113889798002e+00 1.172897348732367728e+00 4.664291690727438433e-01 3.113389864207043445e+00 3.000000000000000000e+00 4.000000000000000000e+00 2.000000000000000000e+00 -1.864122951766778158e+02 1.200400000000075664e+02 7.899518448542126592e+00 -5.144471886431507476e-03 1.900748210502169877e-05
1.188035561392131845e+00 2.105365222346905707e+00 5.584797994448001290e+00 4.701572038123238428e+00 2.278875287142037465e+00 9.018842894071382732e-01 4.191030081357033921e-01 2.809323916328243076e+00 5.000000000000000000e+00 4.000000000000000000e+00 1.000000000000000000e+00 -1.901617840295523933e+02 1.028000000000048715e+02 1.747239484025929490e-02 -1.001013907858666840e+00 6.281870721849676542e+00
6.339844731059157690e-01 1.363301552328390454e+00 4.179054431120954760e+00 4.097772403497736526e+00 1.884908199237092852e+00 8.675895432300901877e-01 5.683396108381695289e-01 2.215826611690975056e+00 8.000000000000000000e+00 6.000000000000000000e+00 2.000000000000000000e+00 -2.238949336837747808e+02 1.800600000000052887e+02 8.366558355235758526e+00 -2.462730614486183939e-03 6.282955841780609063e+00
1.184047183990435625e+00 2.441214322184094954e+00 3.070596430673263821e+00 4.547320103791528290e+00 1.532664227541148394e+00 5.005692118074112074e-03 5.671751318456416113e-01 2.148556936584998578e+00 7.000000000000000000e+00 7.000000000000000000e+00 2.000000000000000000e+00 -4.321832106856857081e+02 2.100699999999860097e+02 2.044676316785579218e+01 -4.577120371265627763e-02 3.133453110182315982e-04
8.351880467768084682e-01 2.027963431339450118e+00 6.362850812570609804e+00 3.884197633843749831e+00 9.804007948237944969e-01 4.883514933473919184e-01 4.972973909736165821e-01 2.839513569396272530e+00 6.000000000000000000e+00 8.000000000000000000e+00 1.000000000000000000e+00 -2.274145886472877294e+02 1.775200000000053535e+02 1.734597513037410693e-02 -1.000264341560675119e+00 6.281563849294803603e+00
2.379678598252227828e-01 1.538249195908811373e+00 3.576253482476378309e+00 3.621654940632437203e+00 1.912925122708232450e+00 1.318155270906315346e+00 5.215139986194785582e-01 2.797574367465942569e+00 7.000000000000000000e+00 7.000000000000000000e+00 1.000000000000000000e+00 -4.343327633030811512e+02 2.100699999999860097e+02 2.058111020644301092e+01 2.864996191724752669e-06 6.283184484489703792e+00
1.661830156989378526e+00 1.698049937807756926e+00 2.371677248440737795e+00 6.529084041495977431e+00 2.718191181742734219e+00 3.983227573148149236e-01 4.358562998395690835e-01 2.232160846444378954e+00 6.000000000000000000e+00 7.000000000000000000e+00 1.000000000000000000e+00 -2.370221149205380016e+02 1.960699999999873739e+02 2.475163514180220292e-02 -1.000401466491877667e+00 6.282233122164626593e+00
1.762256186266932811e+00 2.198505246005932445e+00 6.291658604907204300e+00 6.882022503819806403e+00 2.308682609865873925e+00 1.128443212935267281e+00 5.843502544031067281e-01 2.606667284276097618e+00 5.000000000000000000e+00 7.000000000000000000e+00 2.000000000000000000e+00 -2.387510487259585830e+02 2.100699999999860097e+02 8.357253045372848632e+00 -2.793884007391502222e-01 6.005583026171750632e-02
8.417870124501142248e-01 1.290306459767215586e+00 5.008771194836644014e+00 4.961041022455559890e+00 1.598607917652257626e+00 7.422587616840429225e-01 6.234730622545968659e-01 2.820891891137035312e+00 8.000000000000000000e+00 8.000000000000000000e+00 1.000000000000000000e+00 -1.469191052867003009e+02 2.400800000000151329e+02 1.679944080418296570e+00 -2.578356711622527553e-01 6.282777379976332455e+00
1.441972687400865372e+00 1.552908433443716429e+00 6.543071907679080645e+00 2.199527355957834107e+00 2.150455006351674303e+00 8.296724031198081661e-01 5.538136959631629885e-01 2.774769243716757927e+00 7.000000000000000000e+00 1.000000000000000000e+01 2.000000000000000000e+00 -4.175416589130991269e+02 3.000999999999997385e+02 1.671822868206870538e+01 -6.005495152249768626e-02 6.276980633138238730e+00
1.784540077620512033e+00 2.081498642179318459e+00 3.286063419159875654e+00 3.871127776497606199e+00 1.871743415393906540e+00 7.768888180822013378e-01 7.071548425436582352e-01 3.321603977892004345e+00 8.000000000000000000e+00 8.000000000000000000e+00 2.000000000000000000e+00 -1.420726075889373021e+02 2.400800000000151329e+02 1.377037974308108925e+00 -1.587951939627179621e-01 6.282099083408959395e+00
8.435732551101533527e-01 1.609188518094870846e+00 6.923381472612439858e+00 6.058440377053388559e+00 2.095682214263354659e+00 1.052073358351208077e+00 5.612588957412805168e-01 2.788813251445495300e+00 4.000000000000000000e+00 9.000000000000000000e+00 2.000000000000000000e+00 -4.189871821595706933e+02 2.700900000000045225e+02 1.774638638497302878e+01 3.064532137285504859e-02 2.616014396145911053e-02
8.334652532119450896e-01 1.688535559820691923e+00 4.261776596995485278e+00 7.138579036133022804e+00 1.549680666923632710e+00 7.111373671132227292e-01 4.155547897669166213e-01 3.303210252129824553e+00 7.000000000000000000e+00 8.000000000000000000e+00 1.000000000000000000e+00 -1.521260683519855945e+02 2.400800000000151329e+02 2.005379271998626312e+00 -6.012568339565248221e-02 6.282366507874993289e+00
1.306562035766098973e+00 9.317993654203098330e-01 5.267060405012911950e+00 4.334978823568884643e+00 1.805282167111536218e+00 7.502710095628095655e-01 4.412510643872994409e-01 2.531779003426097407e+00 8.000000000000000000e+00 9.000000000000000000e+00 1.000000000000000000e+00 -2.472975694880410060e+02 2.700900000000045225e+02 7.015785593002422438e+00 1.148864830499676665e-01 7.964415893013365375e-03
1.404338675842096817e+00 1.462640835505617298e+00 6.847422587821628603e+00 4.301907118948618880e+00 2.309568503866426870e+00 1.872400998083783907e+00 3.575066517018959944e-01 2.241503592969882774e+00 8.000000000000000000e+00 9.000000000000000000e+00 1.000000000000000000e+00 -1.928773495179158033e+02 2.700900000000045225e+02 3.614521844869596823e+00 -7.140743352801572907e-01 6.232485600102438461e+00
1.629129393509347379e+00 1.304467724883387358e+00 4.508500988703459278e+00 7.609117649753807555e+00 1.032764549226876216e+00 1.408671364165329898e+00 6.745445273528429819e-01 2.489814416131944430e+00 9.000000000000000000e+00 1.100000000000000000e+01 1.000000000000000000e+00 -2.421160471538120191e+02 2.059200000000090540e+02 2.479438892830268526e-02 -1.023874623263555383e+00 6.279786803846583609e+00
1.633728408681197619e+00 2.030679911808080718e+00 4.791277815389072714e+00 5.642591629498782346e+00 1.113690944809005101e+00 5.612165181281213444e-01 6.736582311113146204e-01 3.083122297538785972e+00 9.000000000000000000e+00 1.200000000000000000e+01 2.000000000000000000e+00 -1.449912401109191364e+02 2.893200000000078944e+02 2.070250693219871652e-02 -9.497202792873160604e-01 1.120753534425127443e-02
1.075535803811292768e+00 1.123955382870996722e+00 3.788042157957724143e+00 4.978652645987529546e+00 2.055024077056681886e+00 1.588561627390927988e+00 4.038253386821338831e-01 2.933154656022602058e+00 7.000000000000000000e+00 1.000000000000000000e+01 2.000000000000000000e+00 -1.892032682577305707e+02 3.000999999999997385e+02 2.447079266108168838e+00 -4.280170097511540317e-02 1.100201159016890307e-01
9.755712182776419272e-01 2.192053906916656025e+00 4.767196914970029731e+00 5.030969446055786776e+00 1.845289732109318015e+00 1.061311939226789125e+00 2.177020854576777464e-01 3.095466220300302496e+00 4.000000000000000000e+00 5.000000000000000000e+00 1.000000000000000000e+00 -2.002118603552607112e+02 1.243499999999950774e+02 1.541972163787425770e-02 -1.000407898490749181e+00 6.279713574637240114e+00
7.740386722588490365e-01 2.349208553217425610e+00 6.433614793339386573e+00 6.116043333430230433e+00 1.380270832075811249e+00 1.457126264105630176e+00 4.296807140790986912e-01 3.071752758350652091e+00 9.000000000000000000e+00 5.000000000000000000e+00 1.000000000000000000e+00 -2.322879445749194929e+03 1.830000000000012506e+01 1.960809035932468092e+01 -1.818049149422757971e+00 6.208203049077704705e+00
1.374638554025941373e+00 1.584213611341777295e+00 3.696570858660068737e+00 6.847476759189704332e+00 1.298227483367730084e+00 6.567835963352310902e-01 5.066043579668699781e-01 2.831964670368959602e+00 5.000000000000000000e+00 5.000000000000000000e+00 1.000000000000000000e+00 -1.804068680089848726e+02 8.374999999999738520e+01 1.563606037973697127e-02 -1.001544851501864564e+00 6.281223455693050184e+00
6.668259571424388632e-01 1.265025043500466184e+00 3.620777044505771869e+00 5.264549513556161742e+00 1.448190267337717607e+00 1.314246164998803312e+00 3.864534152225901908e-01 3.037202204376357795e+00 7.000000000000000000e+00 7.000000000000000000e+00 1.000000000000000000e+00 -2.169666589970464088e+02 1.569399999999911870e+02 1.533154605460882933e-02 -1.003883187981599256e+00 2.145739448199502492e-03
1.701881602489812906e+00 1.951592731691397908e+00 2.349047858615795015e+00 6.902079743050176575e+00 1.837677597796297579e+00 3.109622353918803372e-01 5.423468500460636443e-01 3.569572218875810776e+00 7.000000000000000000e+00 9.000000000000000000e+00 1.000000000000000000e+00 -1.664682205616343822e+02 2.700900000000045225e+02 1.963951285102007338e+00 -1.239322409019927643e-02 6.282824800503731488e+00
1.502694989879928444e+00 1.876040726748993137e+00 6.197448709602142891e+00 7.151747690209115049e+00 1.535912975556509963e+00 1.006679533011308303e+00 4.304961585414202041e-01 2.488613311483863999e+00 8.000000000000000000e+00 1.300000000000000000e+01 2.000000000000000000e+00 -2.355454245526367174e+02 3.901299999999891384e+02 2.530026534540134708e+00 -2.505607103973455652e-01 6.263104144632726467e+00
1.246208819787397282e+00 3.091080053345969803e-01 5.560926576981725766e+00 1.971813376427806297e+00 2.418988687417847228e+00 1.909977297356039383e+00 5.670215233678209676e-01 2.743475303461277548e+00 1.100000000000000000e+01 9.000000000000000000e+00 2.000000000000000000e+00 -2.165592280618881887e+03 1.269900000000035476e+02 6.381080038680024380e+00 -1.521337967321086948e+00 5.547690660539854157e+00
8.289163502374298220e-01 2.029066705793300507e+00 5.112016780459071263e+00 6.706246872778107715e+00 1.950049332197681951e+00 6.903635708213107236e-01 6.170412381113825617e-01 3.264791607543048535e+00 4.000000000000000000e+00 1.000000000000000000e+01 2.000000000000000000e+00 -4.585339540011073041e+02 3.000999999999997385e+02 1.928024712506921290e+01 -1.237967530131502292e+00 1.393395983114850689e-01
1.054694900403516877e+00 2.512012483425217102e+00 6.135005119983940602e+00 2.604216281054971827e+00 1.639447994814810183e+00 2.221970043503806447e-01 5.567488137426703787e-01 2.532145412291367137e+00 5.000000000000000000e+00 7.000000000000000000e+00 2.000000000000000000e+00 -3.690548900833388188e+02 2.100699999999860097e+02 1.650124313020911160e+01 6.076398537977213687e-02 2.180590185592912178e-03
1.511455958520846465e+00 2.502846217236572635e+00 9.680624694973959166e+00 5.099714833331558950e+00 1.361062655565147939e+00 7.628776367096592459e-01 5.281007063901360654e-01 2.313007704923048191e+00 8.000000000000000000e+00 1.100000000000000000e+01 1.000000000000000000e+00 -2.969786923882192013e+02 3.163600000000227510e+02 2.047372561606792402e-02 -1.001356658189244797e+00 6.281825870223084252e+00
6.247689370610106652e-01 2.014137010740573608e+00 6.127158004224256160e+00 4.878281955139533110e+00 2.010981178530650393e+00 8.993434617537665599e-01 5.426907162388446837e-01 2.861949305116862075e+00 6.000000000000000000e+00 5.000000000000000000e+00 1.000000000000000000e+00 -3.369248975664147565e+02 1.500499999999998693e+02 1.636874359790092726e+01 -7.670372631210257627e-04 6.283183416326924231e+00
9.241121907723982565e-01 1.641226863995612906e+00 5.459553050140000252e+00 6.054193425940675333e+00 2.432339239620462834e+00 1.184246907004115945e+00 5.670775555340190621e-01 2.589168385984708998e+00 7.000000000000000000e+00 1.100000000000000000e+01 3.000000000000000000e+00 -2.190460985294362217e+03 1.406900000000009641e+02 7.507249080897626214e+00 -1.458540496469606929e+01 3.780419576284583250e-01
1.941328445976139738e+00 2.239683763741229683e+00 6.906596278573349679e+00 3.197894022723897223e+00 1.801355817410905447e+00 3.299951527928207673e-01 5.421472265531680490e-01 2.647340584360956761e+00 6.000000000000000000e+00 7.000000000000000000e+00 3.000000000000000000e+00 -2.435432506087900322e+02 2.100699999999860097e+02 8.656765663049814208e+00 1.373626920803410270e-03 4.766887061634742537e-05
3.778131553477104831e-01 1.133452873990584919e+00 5.208266127189007832e+00 4.686957377113884604e+00 2.220317784401469208e+00 1.274795466525848742e+00 7.389419327333954790e-01 3.165182801455051376e+00 7.000000000000000000e+00 9.000000000000000000e+00 2.000000000000000000e+00 -4.654407592799573194e+02 2.700900000000045225e+02 2.064973495499718936e+01 -9.979669112038169324e-08 6.283185262908570046e+00
1.715003338356278162e+00 1.779233040892584716e+00 5.045302762944983144e+00 7.179784480823081516e+00 1.829688849937194828e+00 1.306926001946782323e+00 5.355163073606946655e-01 2.486910435742717418e+00 5.000000000000000000e+00 4.000000000000000000e+00 2.000000000000000000e+00 -4.237460957873523171e+01 8.404000000000193893e+01 2.216309867089156366e-02 -9.525837853814602685e-01 6.280244910701528127e+00
