1.472251690819485592e+00 1.626671772151960571e+00 5.305947576219002926e+00 8.150888412710168396e+00 1.738341115824616256e+00 9.983803824769827973e-01 3.229924329700674668e-01 3.481961954673122861e+00 6.000000000000000000e+00 7.000000000000000000e+00 2.000000000000000000e+00 -1.573661135088831884e+02 2.100699999999860097e+02 3.270694594305636915e+00 -2.130930584934900493e-02 6.280238849214589081e+00
8.300014433110522449e-02 1.453622312193075583e+00 6.728693382115555011e+00 8.520907080606194839e+00 1.420936572191721980e+00 4.608738819245764562e-01 7.399038937992279408e-01 3.198471237457097160e+00 2.000000000000000000e+00 9.000000000000000000e+00 3.000000000000000000e+00 -2.236919938571068997e+03 1.616400000000048465e+02 9.756246160691645741e+00 -2.860006385504467730e-01 9.323626174915167208e-03
1.199065296191631269e+00 1.675652679171395931e+00 5.488786071625836094e+00 7.099887814765534877e+00 1.100773368854302214e+00 5.767035344662979623e-01 5.545047737771986451e-01 3.006604106212909855e+00 7.000000000000000000e+00 1.100000000000000000e+01 1.000000000000000000e+00 -1.859308164171335136e+02 3.301100000000244563e+02 1.304738526070079896e+00 -3.093460918684785010e-01 6.283033378313759520e+00
7.878930682833766852e-01 3.175440353879981914e-01 6.751217610877502828e+00 7.985133773366815291e+00 1.366422427903918324e+00 4.597331990071474306e-01 2.909654283952360365e-01 2.627049858554700634e+00 5.000000000000000000e+00 1.500000000000000000e+01 2.000000000000000000e+00 -5.045889932895481707e+02 4.501499999999774104e+02 1.746962458059746837e+01 -3.446930578734626327e-02 1.835007171291933026e-02
1.150998293694733832e+00 1.280954598115245480e+00 5.411782728678756982e+00 8.264436587954072877e+00 6.976073901440080771e-01 4.466591356327196394e-01 5.204970511164697111e-01 4.020633458326558163e+00 5.000000000000000000e+00 1.300000000000000000e+01 2.000000000000000000e+00 -2.514944416711448696e+02 3.901299999999891384e+02 3.526840104446893776e+00 -5.670953172474452186e-02 6.271924328626172773e+00
1.797622940801106406e+00 8.520637244563997736e-01 2.185408538265280143e+00 6.511961852921173133e+00 1.982050393196794769e+00 1.016208511579486773e+00 6.161615852039751262e-01 3.449048420873810361e+00 4.000000000000000000e+00 1.000000000000000000e+01 1.000000000000000000e+00 -6.122268755883483209e+02 1.216999999999973596e+02 7.319818590766288824e-04 -5.750508055947385344e+00 2.003698401822286979e+00
1.311634355668536367e+00 1.107118189712609446e+00 4.222532382104810189e+00 5.841089800350866668e+00 1.329788294460414022e+00 1.067010751429772641e+00 7.361004489010938290e-01 3.055597455916052585e+00 4.000000000000000000e+00 1.200000000000000000e+01 2.000000000000000000e+00 -2.692605451456835226e+02 3.601200000000105774e+02 5.575034071604891395e+00 -3.025672841661349199e+00 2.925963595950877849e-01
7.870666858608350580e-01 1.105003653593775059e+00 6.443937405686039455e+00 5.940471284002309282e+00 9.912328097653800851e-01 7.901967784980103993e-01 5.140553915695759146e-01 4.010785743500824729e+00 6.000000000000000000e+00 1.600000000000000000e+01 1.000000000000000000e+00 -3.188159880344444446e+02 4.801600000000302657e+02 4.920999252151830206e+00 -1.006733655455526455e-01 6.654794056306034822e-02
1.158844905890709320e+00 1.273979308910319519e+00 4.851573641071275311e+00 7.863128233862754612e+00 1.826668174486786977e+00 1.012691249716916708e+00 3.598907986911804580e-01 3.633522141323988652e+00 4.000000000000000000e+00 1.000000000000000000e+01 2.000000000000000000e+00 -2.348588395301661421e+03 2.016999999999928264e+02 1.548364970635404703e+01 -2.431236138453381823e+00 4.615696901140128539e+00
1.419321763011366810e+00 2.302166220895032644e+00 3.656393303592276212e+00 8.479291293030634336e+00 1.898354481602871902e+00 6.309383669115995463e-01 4.637249527379352365e-01 3.789113700451537170e+00 8.000000000000000000e+00 1.300000000000000000e+01 1.000000000000000000e+00 -2.490276507325522743e+02 3.901299999999891384e+02 3.372665670784857461e+00 -9.429959857045404348e-02 1.685180894051004769e-02
1.062942467579146344e+00 1.460327460887318907e+00 5.303719738719178345e+00 9.307686627444867966e+00 2.432944884406216257e+00 1.061705900518610690e+00 4.766256494506755370e-01 3.487350989017868219e+00 6.000000000000000000e+00 1.500000000000000000e+01 2.000000000000000000e+00 -6.337857070224807785e+02 4.501499999999774104e+02 2.554441918890575280e+01 -3.727033378878555903e-01 2.383470779823288754e-01
1.343968345224700212e+00 9.331650080314281004e-01 3.654802721802608900e+00 5.558720858371613893e+00 1.121545967049964787e+00 6.959106412455092761e-01 5.027495098025899223e-01 3.003780915974931798e+00 4.000000000000000000e+00 8.000000000000000000e+00 2.000000000000000000e+00 -1.440254985309385063e+02 2.180000000000116813e+02 1.757641171487353549e-02 -9.574690833012396984e-01 3.395950306339829416e-01
1.782728660451959324e-01 9.163587957616323720e-01 4.423604069605596045e+00 6.094585640254631898e+00 1.062012881716013268e+00 6.188649010472487833e-01 6.592206273559543250e-01 3.153408493280348335e+00 5.000000000000000000e+00 1.000000000000000000e+01 2.000000000000000000e+00 -4.180335570123717162e+02 3.000999999999997385e+02 1.674897231327324221e+01 -6.256162951533099648e-01 1.118897717784482840e-02
1.943180799262032021e+00 2.064046885560642419e+00 5.924330556962196681e+00 7.825116077778589307e+00 1.479275000401165663e+00 8.824498636608819613e-01 4.765031878537546728e-01 3.951605374008926308e+00 7.000000000000000000e+00 8.000000000000000000e+00 2.000000000000000000e+00 -2.159748899961196003e+03 6.679999999999893134e+01 7.896806247574786219e+00 -5.598195779545572792e-01 1.368297241697130351e-01
1.509247796895278437e+00 1.315167080271211653e+00 4.061507584158928985e+00 7.016561971083837612e+00 2.068839918894551211e+00 1.061757682254973911e+00 4.091787865275277603e-01 3.188934234985912664e+00 5.000000000000000000e+00 1.000000000000000000e+01 2.000000000000000000e+00 -4.221910769366231762e+02 3.000999999999997385e+02 1.700881730853895490e+01 3.178656651184634530e-02 6.164846157596774567e+00
7.603162223589517987e-01 1.086470693110817232e+00 3.030987483800675619e+00 7.706409132506392368e+00 1.354505312670919892e+00 8.020816266795188776e-01 5.992253069078857797e-01 3.294059985813450275e+00 8.000000000000000000e+00 1.000000000000000000e+01 3.000000000000000000e+00 -2.172120780009780447e+03 9.629999999999880345e+01 7.748173750611302424e+00 -3.529448653886631426e+00 1.521000549229556187e+00
1.195814624073812116e-01 1.149743740690504890e+00 3.645939523824647477e+00 7.212164771622245674e+00 1.345289828068877425e+00 7.334316425519963323e-01 4.344064418125228588e-01 2.547527227419269735e+00 6.000000000000000000e+00 1.000000000000000000e+01 1.000000000000000000e+00 -4.196089997365410227e+02 3.000999999999997385e+02 1.684743748353382387e+01 -6.402789069357116281e-02 6.244943033543822075e+00
1.970146341291446390e+00 1.915819941298350537e+00 2.604284990692215640e+00 8.404351050413554347e+00 1.824719420732258346e+00 1.755898830113308051e+00 4.491350984997947160e-01 3.055944392565773882e+00 5.000000000000000000e+00 7.000000000000000000e+00 3.000000000000000000e+00 -2.276716299384372178e+03 4.053000000000014325e+01 1.602820621152325131e+01 -3.245673860521351095e+00 2.389039538043884914e+00
7.480886934905507379e-01 1.627547354136281932e+00 3.855866229424888658e+00 7.515103131474400122e+00 1.659822863303712870e+00 2.694262275315239541e-01 7.456306360793063526e-01 2.649145282977938276e+00 4.000000000000000000e+00 6.000000000000000000e+00 2.000000000000000000e+00 -4.893144423709965167e+02 1.800600000000052887e+02 2.495527764818711702e+01 3.020853944251075118e-01 2.244581233243891916e-03
1.096874150089276467e+00 6.774463789788647272e-01 3.414166818396390024e+00 6.216736346725774354e+00 2.015209675051081284e+00 6.900034753490705830e-01 3.718625507252807938e-01 2.781072234776972962e+00 1.000000000000000000e+00 9.000000000000000000e+00 2.000000000000000000e+00 -4.337860424179206120e+02 2.700900000000045225e+02 1.867131515111989515e+01 -1.190790785701507058e-02 1.367352298569608424e-02
9.070755608850671337e-01 1.852583616600040894e+00 5.897263836917199242e+00 7.768540740296375979e+00 1.795322209440299854e+00 1.391179243804381294e-01 5.466993999874277810e-01 4.325050105378557497e+00 5.000000000000000000e+00 1.100000000000000000e+01 2.000000000000000000e+00 -4.436004666029115242e+02 3.301100000000244563e+02 1.740909166268120600e+01 -2.633310004560447948e-01 1.563725737342637869e-03
1.754966910782594258e+00 1.884475062975202508e+00 4.378227742910267395e+00 7.375793214624716043e+00 2.306012535617103953e+00 8.787338327769870228e-01 3.015168383466958479e-01 3.625193690198368568e+00 6.000000000000000000e+00 7.000000000000000000e+00 1.000000000000000000e+00 -1.619142486918761108e+02 2.100699999999860097e+02 3.554953043242694566e+00 -2.482982080612308393e-02 6.246139101559204043e+00
1.934646849787021283e+00 1.443693429363363867e+00 5.308391481310198223e+00 6.705864501481032747e+00 2.082207604248997423e+00 9.692773506006249207e-01 6.335771399282883465e-01 3.436970405983219568e+00 6.000000000000000000e+00 1.200000000000000000e+01 1.000000000000000000e+00 -4.516057497060016885e+02 3.601200000000105774e+02 1.697160935662477499e+01 -6.412576172342254743e-03 2.159747896687788660e-02
1.731132441406403544e+00 1.551038899495004397e+00 3.431370921537548302e+00 8.007154876103925289e+00 1.722593979789108332e+00 4.850736584054740064e-01 5.347886948505223836e-01 3.773039619724695370e+00 5.000000000000000000e+00 8.000000000000000000e+00 2.000000000000000000e+00 -1.630210003367431000e+02 2.400800000000151329e+02 2.686312521045970847e+00 6.015236727943740203e-03 6.280512114315087047e+00
8.988768949002425845e-01 1.156730078863919209e+00 5.555344210491650614e+00 7.359763960609004840e+00 1.414771451419064796e+00 1.027081635733976706e+00 6.153141646381568020e-01 3.625978553217650724e+00 4.000000000000000000e+00 1.300000000000000000e+01 2.000000000000000000e+00 -7.707317440701737041e+02 1.793999999999965098e+02 2.006897360610743197e-03 -5.547714943697911849e+00 2.408202734325830985e+00
9.186754078298624560e-01 1.317952389133387303e+00 4.929374429371851996e+00 4.092765585209772183e+00 1.683729901114884520e+00 6.607548086743765259e-01 5.385224334751272934e-01 3.114602223506592882e+00 5.000000000000000000e+00 1.300000000000000000e+01 1.000000000000000000e+00 -4.766799680637662959e+02 3.901299999999891384e+02 1.760093550398573470e+01 4.396139215914392218e-02 1.014661770151377290e-01
1.447183054466242069e+00 1.048493178995899111e+00 3.192347970557877890e+00 6.390467718555492560e+00 1.367090864357765501e+00 3.190141389575773534e-01 4.408157379135824727e-01 2.863571844050152748e+00 3.000000000000000000e+00 1.200000000000000000e+01 2.000000000000000000e+00 -4.545285538836438946e+02 3.601200000000105774e+02 1.715428461772741286e+01 -2.305311763032697782e-03 6.283169288480984882e+00
1.168688962019988509e+00 1.110550992692200811e+00 4.496277421445264544e+00 8.215125859291985577e+00 1.966480442439947351e+00 8.391464670576248563e-01 8.681341289852837484e-01 2.881902016553058221e+00 5.000000000000000000e+00 1.100000000000000000e+01 1.000000000000000000e+00 -4.460698936619904771e+02 3.301100000000244563e+02 1.756343085387364056e+01 -7.695778239439822477e-03 6.282517846707865061e+00
4.496188102927805019e-01 1.371381992025153096e+00 4.544884119583769255e+00 6.671624727443841607e+00 1.583626850486748561e+00 1.088105031975206138e+00 4.683493431791583284e-01 3.028627010699759925e+00 2.000000000000000000e+00 7.000000000000000000e+00 2.000000000000000000e+00 -3.391113680354679900e+02 2.100699999999860097e+02 1.462977300221718835e+01 2.950962467536083489e-02 6.251589802359673875e+00
3.854618415721545732e-01 1.279131784784918180e+00 5.705992649162038077e+00 7.487710735119704530e+00 1.473166226758281017e+00 5.493042435351838115e-01 7.455465722925950223e-01 2.844578139824502472e+00 2.000000000000000000e+00 1.000000000000000000e+01 2.000000000000000000e+00 -2.254375544634728158e+03 1.948999999999932129e+02 9.807846539670718400e+00 -4.100296404233432640e-02 1.052296839959595241e-02
5.712840504010350262e-01 1.036216497358967592e+00 8.545348842031126324e+00 7.350450269929464930e+00 1.720840280081482154e+00 8.637636902117258320e-01 5.251328690177349268e-01 4.174270350352721870e+00 5.000000000000000000e+00 1.600000000000000000e+01 1.000000000000000000e+00 -2.429571997857715360e+03 3.145600000000043792e+02 1.701824986610707668e+01 -4.480274601347008279e+00 4.271542943200285158e+00
1.319823871924553194e+00 1.449220038130508037e+00 2.278674932057652480e+00 5.495014672642108522e+00 2.305015741841332844e+00 9.618797922918196353e-01 3.902430712058168050e-01 2.834870685050065120e+00 5.000000000000000000e+00 7.000000000000000000e+00 1.000000000000000000e+00 -2.505377013694362915e+02 2.100699999999860097e+02 9.093918835590205418e+00 -1.782962124239582558e+00 6.185082617144486150e+00
1.541952727083217400e+00 1.805624131878787342e+00 5.190150516766080635e+00 7.257179577093034517e+00 1.483609024706705526e+00 1.011859364880195677e+00 4.342422242763082085e-01 3.192675697327516104e+00 6.000000000000000000e+00 9.000000000000000000e+00 2.000000000000000000e+00 -1.813506363134703463e+02 2.700900000000045225e+02 2.894102269591755316e+00 7.646263711544812325e-02 6.279979331980833912e+00
1.522187325236574074e+00 1.273070297595290112e+00 7.571829631660186521e+00 6.940785172472165421e+00 1.915797175610701952e+00 5.116912980595740290e-01 3.827692335994443140e-01 3.460610445847539740e+00 7.000000000000000000e+00 1.400000000000000000e+01 1.000000000000000000e+00 -4.809379549669176868e+02 4.201399999999720194e+02 1.692924718543322982e+01 -4.142964269470419264e-02 6.704907002077314417e-03
5.681100254327435817e-01 7.519074866462853723e-01 5.778417462241740132e+00 4.580393243224370359e+00 1.636618382116192594e+00 1.308076120495990535e+00 6.065270596310948781e-01 3.156216096911836910e+00 3.000000000000000000e+00 1.400000000000000000e+01 2.000000000000000000e+00 -5.212429699413874005e+02 4.201399999999720194e+02 1.944831062133758692e+01 1.529268203053787134e-01 6.168976678225889465e+00
9.189115657147073346e-01 4.327976102384667456e-03 4.639663204085879400e+00 7.627800285259791480e+00 6.071487569171706289e-01 1.228482820578553347e-01 5.679796513553690973e-01 2.692314042804446306e+00 1.000000000000000000e+00 1.300000000000000000e+01 2.000000000000000000e+00 -2.539707035583483901e+02 3.901299999999891384e+02 3.681606472397113805e+00 -1.016382708549385117e-01 2.961348501914972189e-03
8.352549638610811122e-01 1.001293773455636638e+00 2.815940445670434222e+00 7.823203728128639511e+00 1.719876508044979602e+00 8.510174927625407948e-01 6.636618359739688833e-01 3.038605936015010833e+00 3.000000000000000000e+00 1.200000000000000000e+01 2.000000000000000000e+00 -4.718123604086720206e+02 3.601200000000105774e+02 1.823452252554167075e+01 -2.434169053524858906e-01 1.925862089482016648e-02
2.010578250269799305e+00 1.204399966941347433e+00 5.854694663775360297e+00 6.104848515962356004e+00 2.183050205588299431e+00 1.470339093812812692e+00 3.412983327576976089e-01 3.817257912000293629e+00 7.000000000000000000e+00 1.500000000000000000e+01 2.000000000000000000e+00 -2.282596799730893963e+03 1.815000000000040075e+02 1.199042498318076255e+01 -8.129344964096903325e+00 2.664352353390112338e+00
6.970336767398903621e-01 1.284457095993621678e+00 4.119774214661498846e+00 7.275998826572896760e+00 1.222894976729395289e+00 1.105451689058100762e+00 7.157869298432451011e-01 2.843325373047709270e+00 6.000000000000000000e+00 1.600000000000000000e+01 1.000000000000000000e+00 -5.184824763252078128e+02 4.801600000000302657e+02 1.740015477032454072e+01 -3.773246829891502285e-02 6.188944452767462856e+00
1.186777852548360990e+00 1.956759844080421029e+00 4.951641833756182720e+00 8.501059161687066990e+00 1.588290302878721860e+00 9.747745552317191864e-01 6.705048685812564635e-01 3.565984449516622856e+00 4.000000000000000000e+00 7.000000000000000000e+00 2.000000000000000000e+00 -1.628773887660632909e+02 2.100699999999860097e+02 3.615149297879393320e+00 -1.081993488976602663e-01 4.606661212862352703e-04
6.349588301649479183e-01 1.583885774260793466e+00 4.424699555039171450e+00 9.059186496737048344e+00 7.374907962328223210e-01 8.257950196805586840e-01 7.309036592746223082e-01 3.234479854576455260e+00 8.000000000000000000e+00 1.100000000000000000e+01 2.000000000000000000e+00 -1.537920413671651261e+02 3.067900000000215641e+02 2.481508544714638304e-02 -9.456703672682232886e-01 1.504690632415581486e-01
1.449610289257082130e+00 1.411931374581646859e+00 3.790646933178383637e+00 6.421121153087940847e+00 1.629446648105356443e+00 1.290599589436806749e+00 7.850600191959010710e-01 3.285256733104492621e+00 1.000000000000000000e+00 6.000000000000000000e+00 2.000000000000000000e+00 -2.080057749522878112e+03 8.340000000000163993e+01 2.397359345179834289e+00 -4.559325585519510282e-01 6.856489392964180141e-01
8.659428070509360698e-01 7.979425358567899806e-01 3.926454571605970223e+00 7.128816988600839899e+00 1.450077822503156977e+00 1.132614551403786918e-01 4.655215994761034981e-01 2.557609646103311984e+00 0.000000000000000000e+00 1.200000000000000000e+01 3.000000000000000000e+00 -4.806335458806660768e+02 3.601200000000105774e+02 1.878584661754129925e+01 -1.249048411837432981e+00 7.499552187571759121e-02
1.216209252936720331e+00 1.751189377701415140e+00 2.933606326201533498e+00 9.835035030982119508e+00 1.798933225923033730e+00 1.543427160274319698e+00 2.348708267763682800e-01 3.500445091701720912e+00 5.000000000000000000e+00 8.000000000000000000e+00 3.000000000000000000e+00 -2.393317257801540109e+03 2.071999999999991005e+01 2.393482861259626659e+01 -3.491165488792174809e+00 5.808681646654324515e-01
1.872393259053715120e+00 1.539457189942813553e+00 5.563815004466861502e+00 7.133628082097457579e+00 2.547221371042474924e+00 1.333662212758776500e+00 5.261569312386653596e-01 3.295988598276179182e+00 8.000000000000000000e+00 1.100000000000000000e+01 1.000000000000000000e+00 -2.283922085896315934e+02 3.301100000000244563e+02 3.958575536851209886e+00 3.283650055590460470e-02 6.246274115267309135e+00
8.645557422748391119e-01 4.625780142665094630e-01 6.322805696821480304e+00 6.776134254512024668e+00 1.035722981245504215e+00 7.268060929166370032e-01 4.806007660952245075e-01 3.524013129547606038e+00 6.000000000000000000e+00 1.700000000000000000e+01 2.000000000000000000e+00 -3.265381463163030844e+02 5.101700000000154773e+02 4.465821644768458221e+00 -8.704726613461336027e-02 2.837250680017625731e-02
2.552147132718525224e+00 2.097000191927554713e+00 5.141094092550950734e+00 7.194522383535569610e+00 2.887629409575101391e+00 6.393288959963890905e-01 6.450597528338126718e-01 3.186580253073690194e+00 9.000000000000000000e+00 6.000000000000000000e+00 2.000000000000000000e+00 -2.330839687059572043e+03 2.891999999999976723e+01 1.977373044122325751e+01 -4.549207966194939723e-01 6.229416516714605834e+00
2.386210389894226402e+00 2.116504054593994155e+00 5.904771721611581370e+00 7.575978649407179688e+00 2.655963797115301617e+00 1.241719966810873377e+00 5.751452876986755669e-01 2.649605120219628684e+00 7.000000000000000000e+00 6.000000000000000000e+00 1.000000000000000000e+00 -7.827373000168911688e+01 1.558200000000043701e+02 2.273312510543313084e-02 -9.971646741451660745e-01 6.280833971423978035e+00
