1.362425627941830975e+00 1.919763197414626754e+00 4.510750452391603105e+00 7.646813428994028605e+00 1.542699409029328006e+00 7.130629878016927492e-01 3.875441594900530529e-01 2.814179342974896247e+00 6.000000000000000000e+00 1.000000000000000000e+01 2.000000000000000000e+00 -2.880284084198749497e+02 3.000999999999997385e+02 8.623650526242194303e+00 -6.803175212680643777e-03 6.280675939729735369e+00
1.378995999292354835e+00 2.103738723245341280e+00 2.710617989902220248e+00 7.502614601604409295e+00 2.200250888966654994e+00 1.498710054923005908e+00 7.138582539407676286e-01 2.735834752817769555e+00 4.000000000000000000e+00 8.000000000000000000e+00 2.000000000000000000e+00 -3.941321096019922265e+02 2.400800000000151329e+02 1.713075685012404037e+01 4.760946423073940670e-01 9.293102695732879948e-02
1.052491570565202483e+00 1.909274147202215666e+00 6.034673489300000249e+00 5.811414202709172194e+00 1.620672026466383198e+00 9.756292389280752930e-01 4.284515436941894739e-01 3.775164338933524100e+00 4.000000000000000000e+00 1.000000000000000000e+01 1.000000000000000000e+00 -4.834991873604094508e+02 3.000999999999997385e+02 2.084057421002560062e+01 -7.855660776928931333e-03 2.044908749757556876e-02
6.233384222016310483e-01 1.977882099771267832e+00 5.925710710484310084e+00 6.489498346871240386e+00 1.828232988991022046e+00 7.641086620535035845e-01 6.184063475679819621e-01 3.188479980721337981e+00 7.000000000000000000e+00 1.000000000000000000e+01 1.000000000000000000e+00 -4.325922238088080576e+02 3.000999999999997385e+02 1.765888898805050999e+01 -5.265920435514107881e-06 1.921359172307240510e-06
1.329675388542585601e+00 1.380820785421495112e+00 3.283387238692593080e+00 6.498084786551847181e+00 1.330268172560505668e+00 1.387224722373317176e+00 4.934445187019919632e-01 3.776918076249017098e+00 8.000000000000000000e+00 1.000000000000000000e+01 2.000000000000000000e+00 -1.848736203699729685e+02 3.000999999999997385e+02 2.176476273123318705e+00 6.650577922318187674e-02 1.392620057604539163e-02
5.605939459719082585e-01 1.666718614881512961e+00 3.879414894873995046e+00 6.049590348799427808e+00 2.104750943736196422e+00 1.172390476104868906e+00 6.511199890894424636e-01 2.600188970798983146e+00 8.000000000000000000e+00 8.000000000000000000e+00 1.000000000000000000e+00 -3.849252074628453784e+02 2.400800000000151329e+02 1.655532546642736236e+01 -7.836421695445280644e-06 2.131296311166620214e-07
1.513022176754051928e+00 1.267222934645570787e+00 5.170249496508133369e+00 4.454354333684886313e+00 1.089324366635133989e+00 6.502908827832634131e-01 4.723689867556270516e-01 2.995073995602295369e+00 7.000000000000000000e+00 1.000000000000000000e+01 2.000000000000000000e+00 -2.216988450117137859e+02 2.181999999999918884e+02 2.436171260475244321e-02 -9.477190637773087456e-01 6.197365182468899114e+00
1.645400129152628566e+00 9.870647794981677325e-01 2.003036806641502299e+00 5.640892501282261939e+00 2.172341589500010883e+00 1.339930502069585305e+00 5.449427187622754021e-01 2.779837261642534862e+00 7.000000000000000000e+00 1.100000000000000000e+01 2.000000000000000000e+00 -3.025733852305775713e+02 3.133900000000223827e+02 1.811192339606533530e-02 -9.802055210632319993e-01 6.272905472628130141e+00
8.548300722766002391e-01 1.187931631225387141e+00 5.978575594508263258e+00 6.644015685785453762e+00 1.681636617775101428e+00 6.421040572543685876e-01 5.240820613000732875e-01 3.103870802176000865e+00 5.000000000000000000e+00 9.000000000000000000e+00 2.000000000000000000e+00 -3.859303660764373944e+02 2.700900000000045225e+02 1.568033537977719405e+01 -1.106798497952696803e+00 6.062061256371458207e+00
1.401862033313728162e+00 2.330107532009279225e+00 6.003083625056032879e+00 4.929526157024097799e+00 1.650440413125761285e+00 9.819894885063461532e-01 7.935511115907418755e-01 2.715007751048751139e+00 6.000000000000000000e+00 6.000000000000000000e+00 1.000000000000000000e+00 -2.100201345377986399e+02 1.682400000000048408e+02 1.739788478586978826e-02 -1.028192147504482401e+00 4.647920264939423701e-02
2.124581793137344299e+00 1.897642817476197452e+00 5.398342979122212171e+00 5.551768131499945191e+00 1.319181843397366993e+00 6.003012810356376239e-01 6.573241399973788202e-01 2.450882771874311583e+00 6.000000000000000000e+00 1.100000000000000000e+01 2.000000000000000000e+00 -1.869774847799914426e+02 3.301100000000244563e+02 1.370155298748701567e+00 -3.554290525652338828e-01 6.283150040708513906e+00
9.856867239333413355e-01 1.859261855410542452e+00 5.208383189445054740e+00 5.396316487096084025e+00 1.212026391111677759e+00 3.513289029710267575e-01 6.876667411085181092e-01 3.585192273156057041e+00 7.000000000000000000e+00 4.000000000000000000e+00 3.000000000000000000e+00 -2.139143257954693581e+03 2.899999999999955946e+01 7.790203622168371034e+00 -2.182111112035013178e+00 6.595755844378128896e-02
1.157206888953505874e+00 2.148839180645788272e+00 5.362859697299042772e+00 7.294571234211316479e+00 1.762897506291852823e+00 3.758935920045881618e-01 4.792529101095060473e-01 2.477667681195125038e+00 8.000000000000000000e+00 1.100000000000000000e+01 2.000000000000000000e+00 -5.629163787361640061e+02 3.301100000000244563e+02 2.486633617100948612e+01 3.427093180381375892e-01 6.280534369408246498e+00
1.090360749006959118e+00 1.635897434609836054e+00 4.687734032877665769e+00 4.500786785510068277e+00 2.568246512030016859e+00 1.453212333569821713e+00 3.120523412326345336e-01 3.307983350378088883e+00 6.000000000000000000e+00 5.000000000000000000e+00 1.000000000000000000e+00 -9.577276365946940473e+01 1.500499999999998693e+02 1.296735228716841659e+00 -2.788469639645594356e-01 6.282941018548947376e+00
1.420854809174812550e+00 1.978921965851199616e+00 6.359767510826373815e+00 7.542757663353898856e+00 1.744743253472572642e+00 1.400168587874005333e+00 3.610770779264920183e-01 2.078895798159408947e+00 7.000000000000000000e+00 1.000000000000000000e+01 2.000000000000000000e+00 -2.156225598587442391e+02 3.000999999999997385e+02 4.098284991171523117e+00 -5.321688580544746694e-01 6.268724735492451572e+00
1.836853838027530994e+00 2.447838807399045802e+00 5.541665862595011482e+00 4.559264309527983450e+00 1.972375405835028017e+00 1.266632732433522257e+00 5.194239495386323568e-01 2.891348738508496385e+00 5.000000000000000000e+00 8.000000000000000000e+00 1.000000000000000000e+00 -1.710880880152616896e+02 2.400800000000151329e+02 3.190505500953383144e+00 -6.780894938863195331e-02 5.760196278347315402e-02
5.220931722099833028e-01 1.141515738990561690e+00 5.929270329063757394e+00 6.915235540328327879e+00 1.923711913175955912e+00 2.921133774020978624e-02 6.914765031341955082e-01 2.474982290612485869e+00 6.000000000000000000e+00 3.000000000000000000e+00 2.000000000000000000e+00 -2.385812934967417277e+03 8.520000000000010232e+00 2.384705843546357684e+01 -2.448724565504331263e+00 6.606427527856130553e-04
1.752391401603375254e+00 2.077531823773405506e+00 5.752005464862762096e+00 4.306141256531689443e+00 1.703386152833306744e+00 7.795954764037844598e-01 7.741794579533752829e-01 3.105672178547254081e+00 4.000000000000000000e+00 9.000000000000000000e+00 2.000000000000000000e+00 -4.113626926390555809e+02 2.700900000000045225e+02 1.726985578994083070e+01 2.775047444420617460e-01 9.436059557632396969e-03
1.621874792743647209e+00 2.050705595090865252e+00 5.061308603296569508e+00 5.514819218850721683e+00 1.878619375162813077e+00 3.205034987844895267e-01 7.104079899535284959e-01 2.940416696463686641e+00 8.000000000000000000e+00 8.000000000000000000e+00 1.000000000000000000e+00 -2.207020697966375451e+02 2.400800000000151329e+02 6.291379362289372779e+00 -1.336421065458194904e-02 1.753019000682901844e-03
5.487569211610709985e-01 8.643253692940443544e-01 4.300695123684893595e+00 4.913698184086536358e+00 1.914577853987484923e+00 8.399986608506276875e-01 4.509945151192382706e-01 2.962187209597493265e+00 6.000000000000000000e+00 9.000000000000000000e+00 3.000000000000000000e+00 -2.298938742927492058e+03 8.406000000000192074e+01 1.605679643296817360e+01 -1.175921901303118799e+00 4.642380772544446366e+00
1.022446256992793012e+00 2.342674366212750492e+00 5.251740779078139632e+00 6.852843169465432815e+00 1.539973101530888622e+00 5.356397954336314937e-01 5.444294366919576467e-01 2.771530482965810727e+00 6.000000000000000000e+00 1.300000000000000000e+01 2.000000000000000000e+00 -4.746364194662019145e+02 3.901299999999891384e+02 1.747321371663795730e+01 8.344945326623279258e-02 6.242674761058353283e+00
2.106172117201749572e+00 1.754120962624985403e+00 3.443603590435068362e+00 8.978883368730095071e+00 2.417380637385391218e+00 7.960867875404766814e-01 4.640094712299365209e-01 2.371871676944864227e+00 7.000000000000000000e+00 1.200000000000000000e+01 1.000000000000000000e+00 -3.150047262577002698e+02 3.601200000000105774e+02 8.434045391105936318e+00 -1.421915702800793102e-01 6.281045857041419822e+00
1.417835724449556301e+00 1.714460701272159326e+00 4.428614618781249845e+00 6.768779897044471028e+00 1.606231671652990300e+00 9.379991104622625864e-01 4.518562714618360454e-01 2.188663510808182888e+00 5.000000000000000000e+00 7.000000000000000000e+00 2.000000000000000000e+00 -1.011495790951400835e+02 2.015299999999868419e+02 2.403619344666639568e-02 -9.532166060151811005e-01 6.279352452721159494e+00
1.119343243698503798e+00 2.264950058035787528e+00 4.715891540138989591e+00 5.466883685159533712e+00 1.316889085842512186e+00 1.617962681828409632e+00 5.460827034652554479e-01 2.999544561292195155e+00 7.000000000000000000e+00 9.000000000000000000e+00 1.000000000000000000e+00 -2.570000420874987981e+02 2.475000000000081002e+02 2.467641868314419604e-02 -1.008665885977891641e+00 3.421615122993185154e-02
1.487691131023287872e+00 1.862155140947372001e+00 7.150228972580154441e+00 7.898779548168438858e+00 1.930909946087282503e+00 3.819242057905441468e-01 3.667450845341905796e-01 2.210992486203831486e+00 6.000000000000000000e+00 7.000000000000000000e+00 2.000000000000000000e+00 -1.694566961416486208e+02 2.100699999999860097e+02 4.026356008853475998e+00 -6.158762798580728060e-01 6.281419096855532125e+00
1.189846936937327015e+00 2.012775249586325366e+00 2.472922786786581728e+00 6.974549711562396226e+00 1.890790850875383233e+00 1.088631349368843537e+00 4.547764550866082445e-01 2.622160114255568608e+00 7.000000000000000000e+00 1.000000000000000000e+01 1.000000000000000000e+00 -2.498537875203899148e+02 2.815999999999955321e+02 2.025748962531662145e-02 -1.057697552820899833e+00 9.667699711878093016e-02
1.809224475951818789e+00 1.344916896849779775e+00 3.882853296743710381e+00 6.425011566848907840e+00 1.918443037632015846e+00 9.259986276280973705e-01 4.963668097755424280e-01 2.806188392078854843e+00 5.000000000000000000e+00 9.000000000000000000e+00 2.000000000000000000e+00 -1.770674738535392976e+02 2.700900000000045225e+02 2.626404615846064328e+00 -2.022728686339538007e-02 3.524235032408952473e-02
1.715003338356278162e+00 1.779233040892584716e+00 5.045302762944983144e+00 7.179784480823081516e+00 1.829688849937194828e+00 1.306926001946782323e+00 5.355163073606946655e-01 2.486910435742717418e+00 5.000000000000000000e+00 4.000000000000000000e+00 2.000000000000000000e+00 -4.237460957873523171e+01 8.404000000000193893e+01 2.216309867089156366e-02 -9.525837853814602685e-01 6.280244910701528127e+00
1.363060442148614770e+00 2.160034266843278150e+00 5.324849972798784137e+00 8.208589441500420136e+00 1.658646336293057022e+00 1.289716857199971312e+00 6.178710323732627963e-01 2.487825350259211366e+00 4.000000000000000000e+00 8.000000000000000000e+00 2.000000000000000000e+00 -3.871404733684747725e+02 2.400800000000151329e+02 1.669377958552919949e+01 -2.536464916708083134e-02 6.141979439818727293e+00
8.368829318352319913e-01 1.225252375587060127e+00 3.901606849765593577e+00 7.363442656731471025e+00 2.708387314440086069e+00 1.508927216595910448e+00 4.456760211623206902e-01 2.442998002109995070e+00 6.000000000000000000e+00 9.000000000000000000e+00 2.000000000000000000e+00 -3.971302748740567949e+02 2.700900000000045225e+02 1.638032967962841013e+01 -2.946331584681711191e-01 1.406402747876089043e-01
7.294718024965913816e-01 1.523258770756871439e+00 4.555053474606632236e+00 7.139284863998586417e+00 1.628256289020252101e+00 1.141670318485246804e+00 5.596101060059369692e-01 2.871393223142467033e+00 4.000000000000000000e+00 4.000000000000000000e+00 1.000000000000000000e+00 -5.614895658633583508e+01 1.116800000000062596e+02 1.930978664579401094e-02 -9.973906230176114995e-01 6.280072130881376502e+00
1.591498500443409458e+00 1.641216425966549597e+00 4.667011983957284116e+00 6.776186194883980107e+00 2.170236883442889564e+00 1.507970023367521284e+00 7.922856683733320304e-01 2.741780623319550525e+00 5.000000000000000000e+00 7.000000000000000000e+00 1.000000000000000000e+00 -2.418748405517410163e+02 2.100699999999860097e+02 8.552490034484250714e+00 -1.237430673368160733e-01 6.276189670598150805e+00
1.461336976351901518e+00 1.747159957171981803e+00 4.700975358910937985e+00 6.744409575172409355e+00 1.687688581176891134e+00 3.261606367928890360e-01 4.521149241246144035e-01 3.687103815438280474e+00 5.000000000000000000e+00 7.000000000000000000e+00 3.000000000000000000e+00 -1.637236995005123674e+02 2.100699999999860097e+02 3.668043718782459717e+00 2.109110309860631402e-02 6.281742838229202874e+00
1.302478357314996504e+00 2.089109222386441811e+00 4.860889903232598286e+00 2.859772330496375137e+00 2.113838009516420424e+00 2.891131170467262645e-01 6.774129165294970889e-01 2.975217899271132893e+00 7.000000000000000000e+00 1.100000000000000000e+01 1.000000000000000000e+00 -4.946054022738366598e+02 3.301100000000244563e+02 2.059690014211402698e+01 -6.235285001508880098e-01 6.272805462237090346e+00
1.147957052589272386e+00 7.391899482438850644e-01 3.633356047397023225e+00 6.514470340399535431e+00 2.684625303012885933e+00 1.678476736922737356e+00 5.080993446451759210e-01 2.976319154836184033e+00 7.000000000000000000e+00 6.000000000000000000e+00 1.000000000000000000e+00 -2.133445041134260009e+03 6.354000000000089443e+01 6.354690070891227727e+00 -2.002241016575852850e+00 7.337303260808566430e-01
1.979849057170450566e+00 1.514067338797889573e+00 3.707891011299228268e+00 8.913678770072687385e+00 2.066872786481555924e+00 4.873070349540697954e-01 5.283523986411167161e-01 3.083628729105547528e+00 6.000000000000000000e+00 9.000000000000000000e+00 1.000000000000000000e+00 -1.869740185536113302e+02 2.700900000000045225e+02 3.245563659600566364e+00 5.934659384792166995e-04 7.593752813940986279e-03
1.429899433786511409e+00 1.366600422158204653e+00 1.448572692904296133e+00 8.593455803418256878e+00 2.597713562539756715e+00 1.253016730132319623e+00 6.618566028088502806e-01 3.441812887790289821e+00 9.000000000000000000e+00 9.000000000000000000e+00 2.000000000000000000e+00 -2.226591531803610735e+02 1.917000000000059856e+02 2.092152284361739958e-02 -9.400034425990858589e-01 6.242241357658746992e+00
1.497248683012516457e+00 1.897566863737989218e+00 6.072230668083784089e+00 5.220474865461504521e+00 1.955943903021731156e+00 7.310936769477830444e-01 4.075122540774414603e-01 2.250258667022307701e+00 4.000000000000000000e+00 6.000000000000000000e+00 2.000000000000000000e+00 -1.700624565496985099e+02 1.800600000000052887e+02 5.002028534355991596e+00 -8.642222949657698550e-01 6.279950067020399374e+00
2.789450533733376147e+00 2.211461201146349698e+00 5.557711897773138787e+00 8.546232339325269933e+00 2.239847732307707950e+00 4.062761414969244256e-01 5.404644573150627629e-01 2.478242586148166726e+00 5.000000000000000000e+00 8.000000000000000000e+00 1.000000000000000000e+00 -2.584824269353292152e+02 2.400800000000151329e+02 8.652651683457603937e+00 -1.229145255561873810e-03 6.282724121388276295e+00
7.820425319907040596e-01 1.546849026825082962e+00 6.193725005296486508e+00 6.944400092028058857e+00 2.525812200404908392e+00 5.105707741175803394e-01 6.714657993583242890e-01 2.525974622109643519e+00 8.000000000000000000e+00 4.000000000000000000e+00 2.000000000000000000e+00 -1.949402174471862281e+02 1.200400000000075664e+02 8.432513590448902363e+00 -1.490615629451126800e+00 5.243332086720629143e-02
1.253984788885125212e+00 1.960143429502720247e+00 4.718496211349942016e+00 6.399713175835816337e+00 2.182536314323351156e+00 4.584834281564634795e-01 7.138970727603340949e-01 2.919892334847938198e+00 4.000000000000000000e+00 8.000000000000000000e+00 1.000000000000000000e+00 -4.100268580291192961e+02 2.400800000000151329e+02 1.812417862681948222e+01 1.086917027350068655e-02 1.985384938172229957e-05
1.680155703885408247e+00 1.035986009704140010e+00 4.297425979669925233e+00 6.254770773082237945e+00 1.649501502049464330e+00 1.207918341468919188e+00 4.341650144739325201e-01 2.660908025545762001e+00 5.000000000000000000e+00 1.400000000000000000e+01 2.000000000000000000e+00 -4.851846412586252768e+02 4.201399999999720194e+02 1.719466507866495419e+01 -1.515726973590441479e-02 6.277192133159214649e+00
1.604666286814533160e+00 1.392126197930755982e+00 5.042884261276554980e+00 5.639337773520079367e+00 1.965516112529416493e+00 5.445258243819089961e-01 6.022516852582674440e-01 3.151935434739993269e+00 5.000000000000000000e+00 7.000000000000000000e+00 1.000000000000000000e+00 -1.633255208646563688e+02 2.100699999999860097e+02 3.643157554041459356e+00 -3.354170989161715279e-03 6.283094040146774084e+00
1.716410622320909685e+00 1.629829653145744128e+00 6.025248833848138474e+00 7.694187146647200493e+00 2.086460871352321167e+00 1.202430337311046760e+00 6.721550157067368580e-01 2.499676309471215774e+00 6.000000000000000000e+00 1.000000000000000000e+01 1.000000000000000000e+00 -4.274338148374733919e+02 3.000999999999997385e+02 1.733648842734209339e+01 -5.064477527631331376e-03 5.002353631371075394e-04
1.336162081674333368e+00 1.063308729314246248e+00 5.197204850121053710e+00 5.699453661152705131e+00 1.893253539059092994e+00 9.383080879822464082e-01 4.399105176493290359e-01 3.167900652358995206e+00 8.000000000000000000e+00 9.000000000000000000e+00 2.000000000000000000e+00 -1.832574648914028046e+02 2.700900000000045225e+02 3.013279055712533516e+00 1.291866778808270326e-02 6.283015927040044524e+00
8.576233394633956397e-01 1.534381901552642313e+00 6.600587234975568762e+00 5.019961649075069587e+00 1.672534926723729054e+00 8.431080152281558160e-01 7.931957035259422639e-01 2.545589325015289894e+00 2.000000000000000000e+00 7.000000000000000000e+00 2.000000000000000000e+00 -3.880736546263169657e+02 2.100699999999860097e+02 1.768991591414524933e+01 -9.359140001846838475e-02 6.282871031056417088e+00
7.447696020861772626e-01 2.389799237974564949e+00 3.246261305216092907e+00 7.240208566686289871e+00 2.586039536579423093e+00 1.617528360356886852e+00 4.613270864411503913e-01 2.652757509028933036e+00 5.000000000000000000e+00 5.000000000000000000e+00 1.000000000000000000e+00 -2.089085259950815612e+02 1.384499999999972317e+02 2.422358012218426074e-02 -1.051195229409394472e+00 8.196434977394417842e-04
8.547028458162981845e-01 2.054323325452511728e+00 3.212719418750272560e+00 6.269677618839239130e+00 1.886822456082906996e+00 1.407706887916737371e+00 5.495986678760825805e-01 2.773818406152475990e+00 5.000000000000000000e+00 4.000000000000000000e+00 1.000000000000000000e+00 -4.384571728341790475e+01 8.696000000000239538e+01 2.285733021354437178e-02 -9.976936157958818940e-01 6.282823636040077986e+00
