7.737918735368461975e-01 2.076220918601233478e+00 4.873607602925734916e+00 5.165980006493391841e+00 1.966768806796798774e+00 2.205548869819856650e-01 6.241753434297749870e-01 2.626411149115674970e+00 8.000000000000000000e+00 7.000000000000000000e+00 2.000000000000000000e+00 -3.762867686612787566e+02 2.100699999999860097e+02 1.695323554133035771e+01 2.174823437640218977e-03 6.283172612770402843e+00
1.019231427855016081e+00 1.673253134218970040e+00 2.790585244787368691e+00 8.669666234202004773e+00 2.276172141408982164e+00 8.483309553402704761e-01 4.635810509975786253e-01 2.325719888662483026e+00 7.000000000000000000e+00 9.000000000000000000e+00 1.000000000000000000e+00 -2.790263901335492278e+02 2.700900000000045225e+02 8.998836883346685411e+00 2.987505705061439532e-01 6.277348056456926173e+00
1.611346324846299360e+00 2.086082868689932202e+00 4.551920391533374577e+00 5.652007351405639923e+00 2.027884440633120011e+00 8.744263174550666040e-01 4.709338492255732977e-01 2.719413385891749968e+00 3.000000000000000000e+00 1.200000000000000000e+01 3.000000000000000000e+00 -2.432195022541040089e+03 3.492000000000101636e+02 1.609968890881471282e+01 -4.714101598264647919e+00 4.887987493473924694e+00
1.853838434461006379e+00 7.016572850081704837e-01 3.942804878852361750e+00 7.441964447479595179e+00 2.324727026301751209e+00 1.748093499386982552e+00 6.498229798134749213e-01 3.349019930860301031e+00 7.000000000000000000e+00 7.000000000000000000e+00 3.000000000000000000e+00 -2.270479574510033672e+03 3.353000000000011482e+01 1.585716090687710356e+01 -6.357226807586834560e+00 1.542007680848950679e+00
1.890567903306118014e+00 2.035221555455458020e+00 5.721511013736617635e+00 4.751863458851913968e+00 2.295045074388453621e+00 1.275166916016232443e+00 6.634952414235468776e-01 3.249031135261896353e+00 8.000000000000000000e+00 8.000000000000000000e+00 1.000000000000000000e+00 -1.756856511329363855e+02 2.400800000000151329e+02 3.477853195808050746e+00 -5.728880978685403358e-01 2.302971637446472875e-01
2.811758026762442020e-01 2.370620124193910883e+00 3.905381590640957690e+00 8.274135935940275743e+00 1.848529171445286723e+00 3.956138863497208336e-01 6.270932392905509412e-01 2.678602776858149070e+00 3.000000000000000000e+00 7.000000000000000000e+00 1.000000000000000000e+00 -3.865209875455881274e+02 2.100699999999860097e+02 1.759287422159969694e+01 -9.161032891983507398e-03 6.283069278780194722e+00
1.472041473291297198e+00 1.873113330957626665e+00 5.463046652393980906e+00 7.149417982039103947e+00 1.905712842315573141e+00 7.297428342422391800e-01 4.772379053207382316e-01 2.192874991620842984e+00 6.000000000000000000e+00 4.000000000000000000e+00 3.000000000000000000e+00 -4.936148656802942014e+01 9.804000000000412740e+01 2.134291050170999265e-02 -9.889159749344045292e-01 6.267638283994734216e+00
1.021394722830796020e+00 1.912652978498043055e+00 3.027667401334877884e+00 7.223709941597967088e+00 1.792522734238747084e+00 7.599430446675194961e-01 4.095383194711882391e-01 2.488206130190032894e+00 7.000000000000000000e+00 1.000000000000000000e+01 1.000000000000000000e+00 -2.793630923763994929e+02 2.821999999999956685e+02 1.685275562587276038e-02 -1.002077294999497381e+00 6.280299790737907450e+00
1.275288739343880318e+00 1.739681056510635315e+00 5.223473956643244875e+00 4.988263056884349567e+00 2.032417356854524737e+00 1.102277939878990587e+00 5.892845389603463824e-01 2.425574095804345465e+00 5.000000000000000000e+00 8.000000000000000000e+00 2.000000000000000000e+00 -3.884293253878110477e+02 2.400800000000151329e+02 1.677433283673771669e+01 -1.243284232602601645e-02 6.271833236475957030e+00
1.684605762556292241e+00 1.599267467262414311e+00 3.646419087103758283e+00 9.121964391720426946e+00 1.492417791177922837e+00 7.794122603669129123e-01 4.032661030979422523e-01 2.622272064315682716e+00 6.000000000000000000e+00 1.300000000000000000e+01 1.000000000000000000e+00 -3.318533705274157342e+02 3.901299999999891384e+02 8.549273157963822811e+00 3.026300549090200063e-04 1.128404910936567585e-04
1.256623972815227752e+00 1.260348157838418803e+00 5.432299666519593728e+00 4.504511211565250584e+00 1.375461468736035808e+00 7.826251589686825660e-01 4.653172203533831319e-01 3.440223515654195374e+00 7.000000000000000000e+00 1.100000000000000000e+01 2.000000000000000000e+00 -2.191870393344557044e+02 3.301100000000244563e+02 3.383252458402717266e+00 -1.075512960872124918e-01 6.166085353491369325e+00
1.319206982762274771e+00 1.731582847708952988e+00 5.699419450518013797e+00 5.748638875823751881e+00 1.828028159962433952e+00 1.253898679217760659e+00 8.200984871794549935e-01 2.341209621926590323e+00 6.000000000000000000e+00 9.000000000000000000e+00 2.000000000000000000e+00 -4.810960529426484982e+02 2.700900000000045225e+02 2.162819080891539159e+01 -9.087383868518286723e-02 6.269453116571697571e+00
1.334689615815777053e+00 1.560698105571631356e+00 3.159920962900829799e+00 7.370154427813088382e+00 1.907269814864485546e+00 7.674661269282860854e-01 4.191563494491364339e-01 2.687764378398377119e+00 4.000000000000000000e+00 5.000000000000000000e+00 1.000000000000000000e+00 -1.928235330505260947e+02 1.087999999999959613e+02 1.532954976521941869e-02 -1.002263235399109220e+00 6.280876100143073515e+00
1.829454843662339902e+00 1.597985302344402836e+00 6.288210516327231048e+00 8.112427292913414689e+00 2.097061064180520074e+00 1.374643927522587461e+00 5.937846333756746642e-01 3.024861536609475987e+00 6.000000000000000000e+00 6.000000000000000000e+00 2.000000000000000000e+00 -2.172401407765030115e+02 1.684200000000048476e+02 2.477955794011762677e-02 -9.483773262585027952e-01 6.240291168346610462e+00
1.703961108092861609e+00 1.646369223461887188e+00 4.633274620020434220e+00 8.327789430945008675e+00 1.974329719566934038e+00 9.401315029563912518e-01 4.938748570722255593e-01 2.332634520253864974e+00 6.000000000000000000e+00 1.200000000000000000e+01 1.000000000000000000e+00 -4.458861935540875834e+02 3.601200000000105774e+02 1.661413709713014342e+01 -5.013860429769554511e-02 6.230661284729270832e+00
2.377954328451066246e+00 2.169815958926812449e+00 4.951634790297601896e+00 7.543553939059227886e+00 1.961789568421629770e+00 8.658271254060004862e-01 5.585108428159190064e-01 2.616918550983060143e+00 5.000000000000000000e+00 1.100000000000000000e+01 1.000000000000000000e+00 -4.323822642565756382e+02 3.301100000000244563e+02 1.670795401603521313e+01 -2.747121213149489316e-01 6.237806712106933382e+00
1.120558824367330786e+00 2.484168875795500497e+00 5.129967122411702718e+00 7.101689320621313861e+00 2.313669809160160185e+00 1.544429409220398508e+00 5.818100615776671258e-01 2.316283340891609921e+00 8.000000000000000000e+00 1.100000000000000000e+01 2.000000000000000000e+00 -4.440311430579050693e+02 3.301100000000244563e+02 1.743600894111830257e+01 -1.262979333872437521e-02 6.038798629501995752e-02
7.717645404558476363e-01 1.493350507584516373e+00 4.213643743097856387e+00 4.984986272597160095e+00 2.131591750954233255e+00 9.775327413934854492e-01 4.273363205796138486e-01 2.753587483146324288e+00 5.000000000000000000e+00 8.000000000000000000e+00 1.000000000000000000e+00 -3.901810182213247344e+02 2.400800000000151329e+02 1.688381363883232211e+01 6.664856607433297057e-04 3.466093801131403616e-06
1.185610774535155842e+00 1.753852847009385485e+00 4.323235351256307091e+00 7.722812221278788414e+00 2.253084915767987084e+00 1.251005193745458710e+00 5.090401625106533157e-01 3.626532316825506808e+00 8.000000000000000000e+00 1.000000000000000000e+01 2.000000000000000000e+00 -2.096766994244813986e+02 3.000999999999997385e+02 3.726668714030094698e+00 -4.208255934090135431e-01 2.466372991976453766e-01
9.298042778272960218e-01 2.043204197048288595e+00 3.528724642236410247e+00 4.873368075734782146e+00 2.481599159898466578e+00 1.020295043324434214e+00 2.987205940648162694e-01 2.659631207713535339e+00 5.000000000000000000e+00 6.000000000000000000e+00 1.000000000000000000e+00 -2.142921606100124734e+02 1.524000000000042405e+02 1.530598046318010566e-02 -1.002365124044168443e+00 6.279829990074076385e+00
1.708609436994106945e+00 2.103271719345875201e+00 6.820586721402833064e+00 4.066762902976038596e+00 1.825659789944451550e+00 4.739484517243319206e-01 5.553841789115508965e-01 2.656480416732912797e+00 3.000000000000000000e+00 1.300000000000000000e+01 1.000000000000000000e+00 -5.570603513668231699e+02 3.901299999999891384e+02 2.262470946042678577e+01 3.621288905969965999e-02 6.271806877383653500e+00
1.243753282511552705e+00 1.675335826045327270e+00 3.210938243444095619e+00 5.288306232855553901e+00 1.750941441647968944e+00 8.393310963447134787e-01 5.913803054698919537e-01 2.554301449664496459e+00 8.000000000000000000e+00 9.000000000000000000e+00 2.000000000000000000e+00 -1.216076290879409498e+02 2.426400000000079160e+02 1.797681799606218322e-02 -9.616331045478028194e-01 1.468086449008108585e-01
1.481799543296220989e+00 2.066529610553430540e+00 5.496353353368611749e+00 6.634200070294705931e+00 2.410671341927696609e+00 5.159427657487050123e-01 4.668133686702032881e-01 2.337257056034677927e+00 5.000000000000000000e+00 8.000000000000000000e+00 1.000000000000000000e+00 -3.898618149535910220e+02 2.400800000000151329e+02 1.686386343459896509e+01 -4.568728361149190786e-02 6.269758568401282872e+00
1.596530532889197218e+00 1.658601479128674727e+00 5.076928319443423376e+00 8.510863108824153755e+00 2.152387202696298907e+00 8.557134631608804831e-01 4.486905503737422252e-01 2.939673860644996140e+00 4.000000000000000000e+00 1.400000000000000000e+01 2.000000000000000000e+00 -5.083380682562575430e+02 4.201399999999720194e+02 1.864175426601697083e+01 9.793910726043492110e-03 6.620320408759629294e-03
1.075867844467491174e+00 2.001281616947980346e+00 5.136697038320373387e+00 8.832587089707253369e+00 2.538167637563435886e+00 1.327200057554519086e+00 6.246007904884539608e-01 2.666690684838477043e+00 7.000000000000000000e+00 3.000000000000000000e+00 2.000000000000000000e+00 -2.385655535550524291e+03 8.100000000000019185e+00 2.385034597190774619e+01 -2.637795408092349358e+00 2.560615389763509363e-04
1.355311535910956877e+00 1.585676706780819956e+00 3.990250840857335390e+00 6.378095163796787759e+00 1.859110710530314403e+00 4.438577006653509627e-01 4.855491777829434308e-01 2.612468801435507526e+00 6.000000000000000000e+00 1.100000000000000000e+01 2.000000000000000000e+00 -4.361365240754615229e+02 3.301100000000244563e+02 1.694259525471558092e+01 1.641852760910770814e-01 1.647706493813124156e-03
1.867708701508491442e+00 2.159896984167285261e+00 5.737434698984364978e+00 6.553455399546314730e+00 1.641434341559491417e+00 3.113477581625289092e-01 6.637299425311463663e-01 2.235390966920791200e+00 7.000000000000000000e+00 1.100000000000000000e+01 1.000000000000000000e+00 -4.240759913562406496e+02 3.301100000000244563e+02 1.618881195976427634e+01 -7.858623079099924524e-02 7.864607089274674046e-04
1.190636368118032751e+00 1.948731671990103553e+00 3.914047415898425974e+00 6.233849960328008422e+00 1.826901046292589648e+00 9.305423450673950825e-01 5.057693090194667063e-01 3.096192142898719357e+00 7.000000000000000000e+00 1.400000000000000000e+01 2.000000000000000000e+00 -4.850185013344126901e+02 4.201399999999720194e+02 1.718428133340166752e+01 2.409885477534241538e-01 6.139316267060934001e-02
7.788551308925532046e-01 1.515461295635455619e+00 5.906733416625088218e+00 5.716306793519505547e+00 1.790613083260132132e+00 9.705758946045407454e-01 5.304511058440786186e-01 2.856711197428840165e+00 8.000000000000000000e+00 6.000000000000000000e+00 2.000000000000000000e+00 -4.840064126464069432e+02 1.800600000000052887e+02 2.462352579040026868e+01 -8.071529048045091026e-02 5.688527732447273486e-03
1.240573016647036564e+00 1.393274121425355005e+00 5.605453007655959219e+00 6.940241522368560290e+00 2.005593020492389300e+00 1.890521643395096651e-01 5.500469026636896075e-01 3.214899089082112305e+00 5.000000000000000000e+00 5.000000000000000000e+00 1.000000000000000000e+00 -1.279424491317569732e+02 1.500499999999998693e+02 3.307340570734814911e+00 -3.260966623391305108e-02 6.282614869447447070e+00
8.080071852901564711e-01 2.041796782257494058e+00 5.448787580961904631e+00 6.011927094699158758e+00 1.544856740004137752e+00 1.598166869819177105e+00 4.432680998003689088e-01 3.323553257103999403e+00 7.000000000000000000e+00 9.000000000000000000e+00 1.000000000000000000e+00 -1.831002680009623589e+02 2.700900000000045225e+02 3.003454250060005659e+00 -9.528619883852895711e-04 4.581329187234525063e-02
1.459865251667100239e+00 1.675118982344213858e+00 6.980010514057745752e+00 5.628369332477708653e+00 1.755540067339792731e+00 6.857767719909075854e-01 5.907427399217611841e-01 2.648791516877540886e+00 6.000000000000000000e+00 5.000000000000000000e+00 2.000000000000000000e+00 -6.292933866513586594e+01 1.252499999999950262e+02 1.902116657114714601e-02 -9.519689832013278341e-01 6.034696285735090086e-03
1.214631950487097267e+00 1.181752057227340558e+00 3.910012654694328571e+00 4.841723102097793330e+00 2.131877631402389728e+00 6.363177782876558997e-01 3.695844702565952433e-01 2.320931820528036482e+00 7.000000000000000000e+00 1.200000000000000000e+01 2.000000000000000000e+00 -4.505578812051456907e+02 3.601200000000105774e+02 1.690611757532127513e+01 -1.480449425849265366e-01 5.887503239520655574e-02
1.014066108230428753e+00 1.726034587886067673e+00 4.770515166530991280e+00 8.519972907455215960e+00 1.811784675143865542e+00 1.487375540542849928e+00 6.306250538767194103e-01 3.008764212861215981e+00 6.000000000000000000e+00 1.100000000000000000e+01 1.000000000000000000e+00 -4.443453832466308882e+02 3.301100000000244563e+02 1.745564895291366625e+01 -2.557583470354358179e-01 6.245225135109246040e+00
1.430002364461691045e+00 2.504898270786473535e+00 2.829474926452185457e+00 5.614806591336387598e+00 1.894750315611103630e+00 1.512430145194102238e+00 4.256941882385589238e-01 2.800735941587671363e+00 6.000000000000000000e+00 6.000000000000000000e+00 1.000000000000000000e+00 -1.955219307893771088e+02 1.167600000000029041e+02 1.897429142051526574e-02 -1.005088254387930036e+00 6.602238084337893297e-03
1.679416818558889135e+00 1.925912664034283184e+00 4.881023660697289657e+00 3.937873979998902652e+00 1.523652724783199019e+00 8.429332101576348935e-01 5.923557780329171685e-01 3.847833521225350495e+00 7.000000000000000000e+00 1.000000000000000000e+01 3.000000000000000000e+00 -2.281702343315721464e+03 6.090000000000059543e+01 1.570327145723256201e+01 -3.650755505752161678e+00 1.534554419502003997e+00
1.652769579891924190e+00 1.281148685991469582e+00 4.855249846360278454e+00 6.734209207351668169e+00 2.232107873625065686e+00 4.603533872796926607e-01 7.386445835105244218e-01 2.934509194489676620e+00 6.000000000000000000e+00 5.000000000000000000e+00 1.000000000000000000e+00 -2.055158443055772466e+02 1.404499999999976865e+02 1.521152488776019579e-02 -1.009741553045303331e+00 1.248226440541757611e-02
1.196077915942859615e+00 1.244948400310357250e+00 1.363085157599775998e+00 8.316606859836001675e+00 2.376974454634050105e+00 1.041316788723243070e+00 6.406632215384774343e-01 3.257139727613134639e+00 8.000000000000000000e+00 1.000000000000000000e+01 3.000000000000000000e+00 -2.193412093305503276e+03 6.700000000000046896e+01 9.994505831593933465e+00 -9.307494952781374398e-01 5.595395153338482697e-01
3.356813149427064769e-01 1.845737173671813780e+00 2.651407526716649699e+00 6.363399246960144140e+00 2.234427869343673656e+00 1.040575759793791244e+00 7.443217388955948310e-01 2.551687571079547912e+00 8.000000000000000000e+00 1.000000000000000000e+01 1.000000000000000000e+00 -5.588416064581876981e+02 3.000999999999997385e+02 2.554947540363674108e+01 1.395121755116715892e-02 6.236656587337868096e+00
3.615709923595081809e-01 2.000045573753481687e+00 3.353083969501191142e+00 7.028279013661919095e+00 1.690829529659174657e+00 1.330858615830028180e+00 6.015903789912289135e-01 3.053531311602268428e+00 6.000000000000000000e+00 3.000000000000000000e+00 2.000000000000000000e+00 -2.385118391015907491e+03 6.570000000000010054e+00 2.386458693849420953e+01 -3.024021895398639526e+00 1.386663928102585129e-04
1.035518651959982384e+00 2.164190869296906516e+00 3.975360427704878408e+00 5.353734797817738311e+00 1.678368575145162911e+00 1.137623573636447727e+00 4.120508893042085230e-01 2.433824235402791025e+00 7.000000000000000000e+00 1.000000000000000000e+01 1.000000000000000000e+00 -2.695429132727600745e+02 2.817999999999955776e+02 2.407072153628694172e-02 -1.021699075242435528e+00 3.410531309474489070e-02
1.524630668051836446e+00 7.865068341608383307e-01 2.215826601024373677e+00 5.934135719718315549e+00 2.011649806709462585e+00 1.698935351193403775e+00 4.554257409487895147e-01 3.181575819308975372e+00 7.000000000000000000e+00 1.000000000000000000e+01 2.000000000000000000e+00 -1.574602189124699976e+02 2.114999999999922693e+02 1.562768394658600388e-02 -9.609762869598132973e-01 3.121255130013450008e-01
9.342201944525945212e-01 2.175835626069495987e+00 6.894519074561765493e+00 5.021861586907170327e+00 1.730861122046614353e+00 7.051199456782585306e-01 2.613466715578027233e-01 3.345999067923855819e+00 4.000000000000000000e+00 1.000000000000000000e+01 1.000000000000000000e+00 -4.214987062974229275e+02 3.000999999999997385e+02 1.696554414358893936e+01 2.648047180054168004e-02 6.282828977632251899e+00
1.948704696931338853e+00 1.073350006925653188e+00 4.045431079489588910e+00 7.668403365150134654e+00 1.968126736100328733e+00 1.097915120815601719e+00 5.093992787455404736e-01 2.383496564469690160e+00 6.000000000000000000e+00 1.200000000000000000e+01 1.000000000000000000e+00 -4.545097600059606293e+02 3.601200000000105774e+02 1.715311000037220879e+01 -3.947463817155093535e-01 8.657007853069009773e-02
6.598268755933278662e-01 1.611665580012049626e+00 7.386960664656607278e+00 5.270208418452194898e+00 1.592110322069393735e+00 9.462777148865910704e-01 6.881249726983647008e-01 2.973332297252756273e+00 2.000000000000000000e+00 7.000000000000000000e+00 2.000000000000000000e+00 -3.934922601878982960e+02 2.100699999999860097e+02 1.802857876174407892e+01 4.426155218943034209e-01 3.009365810117208689e-02
2.466058282463571061e+00 2.000534432609778257e+00 4.608020459377568656e+00 8.194740297203253476e+00 2.016022677002845320e+00 5.318992027585830451e-01 5.931012405662361431e-01 2.487208711444357512e+00 4.000000000000000000e+00 8.000000000000000000e+00 1.000000000000000000e+00 -2.398036624885954780e+02 2.400800000000151329e+02 7.485228905536743582e+00 -2.027787488397745808e+00 6.277733304205715292e+00
1.393258982725193107e+00 2.134415223972934150e+00 6.186868645540070766e+00 5.039660039340073006e+00 1.270845112528758758e+00 1.216294522284163460e+00 8.173638364998386807e-01 2.184413280752107500e+00 7.000000000000000000e+00 7.000000000000000000e+00 1.000000000000000000e+00 -2.235993265767651508e+02 1.697499999999899387e+02 1.616632134889452871e-02 -1.003047831078136998e+00 6.281755677682827610e+00
1.715003338356278162e+00 1.779233040892584716e+00 5.045302762944983144e+00 7.179784480823081516e+00 1.829688849937194828e+00 1.306926001946782323e+00 5.355163073606946655e-01 2.486910435742717418e+00 5.000000000000000000e+00 4.000000000000000000e+00 2.000000000000000000e+00 -4.237460957873523171e+01 8.404000000000193893e+01 2.216309867089156366e-02 -9.525837853814602685e-01 6.280244910701528127e+00
