1.433382823453163812e+00 2.186821045724168577e+00 7.958298589366431308e+00 6.269849152496751898e+00 2.361539876009407291e+00 1.099339225236506845e+00 4.962777921226881328e-01 2.000320570855234514e+00 9.000000000000000000e+00 1.500000000000000000e+01 2.000000000000000000e+00 -6.391320171249307123e+02 4.501499999999774104e+02 2.587856357030887366e+01 9.806484353156175171e-03 6.222521303875354626e+00
1.896252046630962917e+00 1.951520311346616188e+00 4.449098005793427291e+00 5.654936858447609183e+00 2.554074156030295306e+00 2.078619769362259007e+00 4.444931353927859541e-01 3.874257606109160701e+00 4.000000000000000000e+00 7.000000000000000000e+00 2.000000000000000000e+00 -2.279521752242804268e+03 7.174999999999948841e+01 1.522792201517526856e+01 -3.895665339707220731e+00 1.064263438744771140e+00
1.751957652114536135e+00 9.422689177348017586e-02 7.710674720437095786e+00 8.762158126915922551e+00 2.694895731471088851e+00 9.523307002092135098e-02 8.453098788592869339e-02 4.074992678335553009e+00 7.000000000000000000e+00 2.000000000000000000e+01 2.000000000000000000e+00 -5.859383841885382935e+02 6.001999999999994770e+02 1.786489901178365969e+01 -3.192765045692562420e-02 4.356704013246431167e-03
1.230255654960090705e+00 1.444624852771385415e+00 4.311472513201346501e+00 6.142892410798262759e+00 1.485124195660450841e+00 6.646747462563049602e-01 4.387425878094229348e-01 3.681305933010844633e+00 7.000000000000000000e+00 1.500000000000000000e+01 2.000000000000000000e+00 -2.899461539862421091e+02 4.501499999999774104e+02 4.054447124140837744e+00 -1.708350693858782798e-01 6.230693625250912859e+00
6.941142722257515052e-01 1.298379471629283799e+00 8.075300302913174022e+00 3.463300506861076933e+00 2.138624173373569359e+00 1.051958836762402871e+00 7.226039089350075884e-01 4.370482171906075131e+00 1.000000000000000000e+00 2.000000000000000000e+01 1.000000000000000000e+00 -7.831246189946095910e+02 6.001999999999994770e+02 3.018903868716311933e+01 3.138355999356606113e-02 6.282932041833105608e+00
7.806269381984307643e-01 2.208090169122632229e+00 2.346152792577655966e+00 3.896295756941388078e+00 1.420668142619118113e+00 4.239897212122775705e-01 5.651440953915958243e-01 3.964661685524602852e+00 6.000000000000000000e+00 8.000000000000000000e+00 2.000000000000000000e+00 -1.521459581555187128e+02 2.400800000000151329e+02 2.006622384719447538e+00 -2.463172960301110784e-02 2.167145488786656482e-04
2.435307464579224312e+00 9.594783256314427522e-01 8.687622871497930888e+00 6.987423285651545690e+00 2.434469751508111734e+00 3.172108582873206517e-01 7.613998511260953173e-01 3.856723754505052337e+00 1.000000000000000000e+00 1.500000000000000000e+01 1.000000000000000000e+00 -6.787288264750029612e+02 4.501499999999774104e+02 2.835336415468839277e+01 7.417083721216953876e-03 6.282626614605049120e+00
1.172990717615713274e+00 2.192247179683260772e+00 7.254918081811180919e+00 7.457609015548227305e+00 1.705903790199178705e+00 1.024225415214633061e+00 7.116647059997377456e-01 3.817423100227771204e+00 2.000000000000000000e+00 1.300000000000000000e+01 1.000000000000000000e+00 -2.455480205315735930e+03 1.901899999999961324e+02 2.252407533223361469e+01 9.502955253129532487e-01 6.258260035606560301e+00
6.243040376285717841e-01 1.764906399629848632e+00 6.173604726451005220e+00 5.030985149644992660e+00 1.534963605008615950e+00 7.248306422236785451e-01 4.593324314299673805e-01 3.225484468154435014e+00 1.000000000000000000e+01 1.600000000000000000e+01 2.000000000000000000e+00 -2.971157710329213728e+02 4.801600000000302657e+02 3.564735689556639553e+00 -2.487902202582658456e-02 6.217183169737499959e+00
2.386210389894226402e+00 2.116504054593994155e+00 5.904771721611581370e+00 7.575978649407179688e+00 2.655963797115301617e+00 1.241719966810873377e+00 5.751452876986755669e-01 2.649605120219628684e+00 7.000000000000000000e+00 6.000000000000000000e+00 1.000000000000000000e+00 -7.827373000168911688e+01 1.558200000000043701e+02 2.273312510543313084e-02 -9.971646741451660745e-01 6.280833971423978035e+00
3.257095539160801967e-01 5.811260520329759593e-01 1.260843253057736923e+00 8.560765341135027739e+00 6.466603714518091017e-01 5.731890238449611763e-01 5.830712914328574081e-01 4.035392151196133703e+00 0.000000000000000000e+00 1.300000000000000000e+01 2.000000000000000000e+00 -2.133125938236128604e+03 9.112999999999959755e+01 5.472558639758046795e+00 -2.903983257793526729e+00 1.691652067544351157e+00
1.188909011921476244e+00 1.286552574813105032e+00 6.480020912400443756e+00 9.100324249794024212e+00 1.628130247512752815e+00 5.131300919435116681e-01 7.255887397516443960e-01 2.832125747373282376e+00 2.000000000000000000e+00 9.000000000000000000e+00 1.000000000000000000e+00 -4.248169204678117694e+02 2.700900000000045225e+02 1.811074502923809249e+01 5.674959608710837544e-02 6.278775753038960517e+00
7.440574731865245983e-01 1.631656560286625535e+00 6.698277327703895168e+00 5.990968733707110694e+00 1.063751785593694654e+00 4.820532813903606328e-01 4.322743024431043302e-01 4.139130730631817912e+00 6.000000000000000000e+00 1.400000000000000000e+01 3.000000000000000000e+00 -2.362124209663227248e+03 7.476000000000026091e+01 2.029651310395169261e+01 -3.706593018505319748e+00 4.026253376288819297e+00
5.308331752870567577e-01 1.591337236451313863e+00 2.956757701596541832e+00 2.722486188693042042e+00 7.199282358518848124e-01 7.729910953450720434e-01 3.374259222802555858e-01 4.566680790497148479e+00 9.000000000000000000e+00 1.100000000000000000e+01 2.000000000000000000e+00 -2.158081820458532547e+03 7.281999999999968054e+01 7.604488778658303971e+00 -2.232099836819248395e+00 3.377374838553536263e-01
7.934809635497557245e-01 4.922135937465628164e-01 5.178155744498019963e+00 3.077562472167496566e+00 7.527092975724808399e-01 5.014257891328059991e-01 3.353094505445546325e-01 4.821279732344506463e+00 1.000000000000000000e+01 1.800000000000000000e+01 2.000000000000000000e+00 -3.261111773126951903e+02 5.401800000000090449e+02 3.501323582043167182e+00 -7.749770288270313012e-04 2.134138263113507486e-04
8.955699300086314985e-01 7.312430583076506840e-02 5.192634209333046869e+00 6.784741429553421632e+00 1.403155818131561317e+00 2.122755210864596398e-01 6.002408410987574161e-01 3.305424426363393398e+00 2.000000000000000000e+00 8.000000000000000000e+00 2.000000000000000000e+00 -4.028585498035014325e+02 2.400800000000151329e+02 1.767615936271836574e+01 -2.358735692285701124e-01 6.266530514430655785e+00
1.007970115452708093e+00 9.695644386559483241e-01 5.159767124896051271e+00 6.007200250797173346e+00 1.778693146265605485e+00 8.397552273928330369e-01 7.394944071048201728e-01 2.612489754196108294e+00 6.000000000000000000e+00 1.200000000000000000e+01 2.000000000000000000e+00 -4.668589924468726622e+02 3.601200000000105774e+02 1.792493702792921084e+01 -5.867183648925358014e-02 3.639524329066987779e-02
2.546081491407460984e+00 1.642207328038296721e+00 4.519506962644532777e+00 7.487520172147632991e+00 2.875857719736063967e+00 1.263944895577523875e+00 6.240966847892367442e-01 3.572856637032734373e+00 3.000000000000000000e+00 7.000000000000000000e+00 1.000000000000000000e+00 -1.736299003678013264e+02 2.100699999999860097e+02 4.287181272988020098e+00 -5.532827486850076804e-02 4.511236973546758899e-02
2.021788538785365130e+00 6.407625034134802888e-01 6.305595858623870065e+00 4.797041249492624893e+00 2.202960721067072303e+00 6.673155744514891463e-01 4.981803729321101493e-01 4.161547050833567241e+00 2.000000000000000000e+00 1.700000000000000000e+01 2.000000000000000000e+00 -2.274273065464097272e+03 2.170899999999945464e+02 1.035800409150623480e+01 -1.331240225064700411e+01 5.694337622409046062e+00
1.970029839535226923e+00 2.041292988183938562e+00 3.355009092563499884e+00 5.700024989422454169e+00 2.014970657104885099e+00 1.186693958560152362e+00 4.908964982074845995e-01 3.800883213246820436e+00 4.000000000000000000e+00 6.000000000000000000e+00 2.000000000000000000e+00 -1.335527587940095202e+02 1.800600000000052887e+02 2.720172424625430185e+00 -2.238097579753139388e-01 1.517699454077901244e-01
2.020041661369291308e+00 1.808235066558603554e+00 5.955263596869789566e+00 6.548940073366011028e+00 1.388569441483424871e+00 4.183156427875164840e-01 1.372936992432536585e-01 3.759747022012160045e+00 8.000000000000000000e+00 1.800000000000000000e+01 2.000000000000000000e+00 -3.383471212872682372e+02 5.401800000000090449e+02 4.266070080453982172e+00 2.910640387914385091e-02 3.624748265527270863e-02
1.986834179000922962e+00 9.519193775762730958e-01 6.751612352433722819e+00 6.285766782887534099e+00 1.715100089982691145e+00 1.081267821687109887e+00 5.689541794874445335e-01 4.150978067203617172e+00 1.000000000000000000e+00 1.700000000000000000e+01 1.000000000000000000e+00 -2.368136671708160520e+03 9.027000000000073499e+01 2.018760448176000111e+01 -9.168212782052220788e+00 1.545066552031889806e+00
8.570508595903842952e-01 1.716921561469279434e+00 8.905345141538733245e+00 3.493536059725122822e+00 1.993660376081856311e+00 2.340704217743033055e+00 5.185214996426267264e-01 4.193590919694915264e+00 1.100000000000000000e+01 1.700000000000000000e+01 5.000000000000000000e+00 -2.348930555463259680e+03 6.222000000000045361e+01 1.986378471645370780e+01 -4.669184035164687607e+00 6.384751547893539048e-01
1.031873644368162424e+00 1.771194139031308179e+00 3.981285406488085599e+00 4.588824117918111511e+00 1.787084343890309235e+00 1.213493723904116584e-01 6.709512544248202870e-01 4.177229222463925140e+00 3.000000000000000000e+00 1.100000000000000000e+01 2.000000000000000000e+00 -4.559418373869469292e+02 3.301100000000244563e+02 1.818042733668341882e+01 -2.504017200448137304e-02 2.322362640836755313e-03
9.094541361536410129e-01 8.289512609050841974e-01 7.139171936890043035e+00 8.025065520455239465e+00 1.529060022646857586e+00 7.189326160947930866e-01 4.965110263387131351e-01 2.983441739256944558e+00 4.000000000000000000e+00 1.100000000000000000e+01 1.000000000000000000e+00 -4.430898432138539533e+02 3.301100000000244563e+02 1.737717770086510782e+01 -1.157546048628624730e-01 6.252828700314040589e+00
2.145815137217523816e+00 6.923918984248191855e-01 6.046262509726291867e+00 5.501526440747788627e+00 2.206091070567407275e+00 7.660144305857725655e-01 6.542178630746708912e-01 4.672152654115086179e+00 1.000000000000000000e+00 1.800000000000000000e+01 2.000000000000000000e+00 -2.421495807979790243e+03 2.070000000000053149e+02 1.987473799873672675e+01 -3.256587219324378779e+00 4.497891414746862715e+00
1.275408947825020789e+00 8.487258666528723072e-01 4.967339740419628669e+00 5.639900112280638034e+00 2.512690000354189657e+00 4.948851104654808375e-01 5.994003559302607531e-01 3.881469614768850107e+00 4.000000000000000000e+00 1.600000000000000000e+01 2.000000000000000000e+00 -6.489685054240784439e+02 4.801600000000302657e+02 2.555553158900395871e+01 -7.504108765833399086e-02 6.245865315786451433e+00
2.143381901134941092e+00 1.280196238863957392e+00 3.932135304027226219e+00 9.319258577067074611e+00 2.715442213916936964e+00 1.365678693697005786e+00 3.361097180804878959e-01 3.773317868608321746e+00 6.000000000000000000e+00 9.000000000000000000e+00 2.000000000000000000e+00 -1.932352199920475755e+02 2.700900000000045225e+02 3.636888749502832141e+00 -9.578146928526161119e-01 4.884050015723003790e-01
1.727946714490282254e+00 1.441293133803793758e+00 7.060311209151730161e+00 6.270075879318492085e+00 2.151977701662177278e+00 2.856146580635305909e-01 1.590879438348558328e-01 3.460131127487307889e+00 2.000000000000000000e+00 1.600000000000000000e+01 2.000000000000000000e+00 -5.971801960200599524e+02 4.801600000000302657e+02 2.231876225125279944e+01 -3.399582072181160739e-03 1.371602992107981075e-02
1.371095772779157729e+00 1.346087688620186018e+00 2.594971298601476573e+00 9.279634939067790356e+00 1.993465682297878239e+00 2.219943111853061257e+00 3.999210808858700839e-01 2.953896166622282493e+00 4.000000000000000000e+00 5.000000000000000000e+00 2.000000000000000000e+00 -1.040314431643972739e+02 9.899999999999651834e+01 1.686414068146990797e-02 -9.576777971209341489e-01 2.918757006385073738e-01
1.291550748299761464e+00 1.199376803190994378e+00 5.867351310140286991e+00 9.941045167358042889e+00 1.444544340334487531e+00 8.986342081709376428e-01 7.139038787430203037e-01 2.677005160916594129e+00 3.000000000000000000e+00 8.000000000000000000e+00 1.000000000000000000e+00 -3.964049847736748120e+02 2.400800000000151329e+02 1.727281154835420196e+01 -5.566532165233900598e-02 6.177366006515187635e+00
3.462765806575324179e-02 6.983002503591689836e-01 3.149816919981497154e+00 9.970266567692162241e+00 1.080695832698187475e+00 2.727746170092419931e-01 6.569985376612176298e-01 2.898046486809541911e+00 3.000000000000000000e+00 6.000000000000000000e+00 3.000000000000000000e+00 -2.349292954839708898e+02 1.800600000000052887e+02 9.056205967748015340e+00 1.033817863058693332e-02 5.415429698795789365e-02
6.665190761128982899e-01 1.505224928052880884e+00 6.577497552999759023e+00 7.798034240835040265e+00 1.300442247806685936e+00 5.583438386458784430e-01 4.292653566953978372e-01 3.933874791426091644e+00 6.000000000000000000e+00 1.100000000000000000e+01 1.000000000000000000e+00 -3.037697558186159768e+02 3.301100000000244563e+02 8.669672238662734287e+00 -3.025645269761154665e-01 6.236718872666934921e+00
2.828481982003641537e+00 2.060522083316616460e+00 3.294186905941921761e+00 8.776959365615930153e+00 2.529493495193873898e+00 1.507807524083811801e+00 7.808471334997444391e-01 3.550571273555892304e+00 3.000000000000000000e+00 8.000000000000000000e+00 2.000000000000000000e+00 -2.083607629298816391e+03 9.111999999999841293e+01 2.377976831176065620e+00 -1.690600017968206803e+00 5.728148691926993052e-01
1.867330144306330375e+00 1.104738326527340053e+00 5.602157172851333300e+00 5.393529878109827536e+00 1.405602743630333551e+00 7.627688451568082062e-01 3.978082953387138687e-01 4.274745385422292543e+00 8.000000000000000000e+00 1.200000000000000000e+01 2.000000000000000000e+00 -2.389016516100161596e+02 3.601200000000105774e+02 3.677603225625679872e+00 -2.372170678048751355e-02 6.929989087737803422e-02
7.237144073064497585e-01 1.009327363298402780e+00 2.724951734324998487e+00 7.439710480189575037e+00 8.694683906685909403e-01 2.641090482847809895e-01 4.682111740495502605e-01 2.942701901997070824e+00 1.000000000000000000e+00 1.200000000000000000e+01 2.000000000000000000e+00 -2.213710095457715283e+02 3.601200000000105774e+02 2.581938096610389533e+00 2.223146408178697242e-02 8.708197495872111588e-03
5.338683218103035255e-01 7.627708349994830050e-02 2.078018328343668397e+00 7.693293072165129587e+00 1.072814454703712839e+00 4.475397264925745633e-02 7.305674270379057811e-01 3.075699820551998087e+00 0.000000000000000000e+00 1.000000000000000000e+01 2.000000000000000000e+00 -2.708502936949598734e+02 3.000999999999997385e+02 7.550018355934999370e+00 1.627288721644575831e-01 8.651421981469904765e-03
1.939433200442147731e+00 2.232347076620823323e+00 6.008173839946558736e+00 6.365737118111639781e+00 2.974305862869557338e+00 1.639668530970451510e+00 4.511987914471463634e-01 2.152655918358618692e+00 1.000000000000000000e+01 1.300000000000000000e+01 3.000000000000000000e+00 -2.330528993238736348e+03 1.522299999999974602e+02 1.590087457742107979e+01 -7.638661860686823069e+00 2.023131780819430237e+00
2.955694038899795650e+00 2.719036144103327501e+00 5.411829304844225419e+00 8.657113740096663790e+00 1.438157504817761723e+00 4.734999268770127001e-01 1.906612870277962432e-02 2.414334245281603675e+00 3.000000000000000000e+00 1.800000000000000000e+01 2.000000000000000000e+00 -4.848642550137005287e+02 5.401800000000090449e+02 1.342339093835600039e+01 -1.170672055894457220e+00 2.962941555329431931e-02
2.768149248476460045e+00 1.112659529362544530e+00 1.859504625299584379e+00 8.020684991461864755e+00 2.622844773141288055e+00 1.927985870223682285e+00 6.361134542793333013e-01 3.053774295609654299e+00 5.000000000000000000e+00 6.000000000000000000e+00 1.000000000000000000e+00 -1.882346342238760712e+02 1.028400000000023766e+02 2.106999265831552975e-02 -9.033850373964426028e-01 4.359989433979895995e-02
1.120169772818452092e+00 2.103490133462105671e+00 3.303884942064299057e+00 4.332025814110828321e+00 7.957236569411494376e-01 2.072346310787033019e+00 7.824404838002692320e-02 2.208936398818061697e+00 5.000000000000000000e+00 5.000000000000000000e+00 3.000000000000000000e+00 -2.154271564208943346e+03 5.589999999999896119e+01 7.895097763058990914e+00 -1.063846937192378217e+00 8.324345364691458915e-01
2.667755350251137081e+00 1.020419350659858670e+00 5.583580699678654113e+00 8.694120832508385632e+00 2.440518610412488076e+00 4.882360896714780796e-01 6.950622249874438552e-01 3.911150662965004798e+00 0.000000000000000000e+00 1.200000000000000000e+01 1.000000000000000000e+00 -2.150003040518288344e+03 1.947600000000043394e+02 3.288940032392879242e+00 -1.037444047044474260e+01 3.403528682948500972e+00
1.982813933489747105e-01 1.722749462830463152e+00 5.578558248998001901e+00 9.690839278035001669e+00 2.605765747477450933e-01 7.127451265328788033e-01 5.704618089011450621e-01 2.745651925358196799e+00 5.000000000000000000e+00 3.000000000000000000e+00 1.000000000000000000e+00 -2.386274130448309734e+03 7.680000000000019256e+00 2.390213315301936348e+01 -2.398499778112135772e+00 2.556500801896177677e-03
1.257756559260802431e+00 2.687211792510014075e+00 5.216379617258300350e+00 6.297215119249803372e+00 1.453325615895609157e+00 1.036746525897688009e+00 5.287405854553792750e-01 3.306445081498719851e+00 2.000000000000000000e+00 1.100000000000000000e+01 3.000000000000000000e+00 -2.215040331361675271e+03 5.730999999999976069e+01 1.164908321010469194e+01 -1.959911871210700340e+01 4.254122851808483041e+00
1.727323482001325239e+00 7.623202175313600337e-01 7.490959843569371834e+00 5.384417742364350445e+00 2.520077387389169310e+00 5.173136169902992076e-01 5.334346816564627947e-01 4.192219590408418739e+00 2.000000000000000000e+00 1.600000000000000000e+01 2.000000000000000000e+00 -6.924753077398422647e+02 4.801600000000302657e+02 2.827470673373919396e+01 -2.242093985244917875e-01 1.170746055538073342e-03
8.387435404233568592e-01 1.357745167600131198e-01 9.616790193541120857e+00 9.498782902928919469e+00 2.712480406839143932e+00 1.114108672612852402e+00 2.670777700058184490e-01 3.749825083711151308e+00 8.000000000000000000e+00 1.900000000000000000e+01 3.000000000000000000e+00 -2.447406165077886726e+03 1.263499999999989711e+02 2.401444781736797651e+01 -3.347510250829509371e+00 5.030277601787680020e+00
3.627965518337256112e-01 2.451912856374784511e+00 1.112320767429069601e+00 3.322790827529401358e+00 1.411088331692773368e+00 5.905867530495643170e-01 6.206894761640270319e-01 3.961397862294844696e+00 5.000000000000000000e+00 1.200000000000000000e+01 2.000000000000000000e+00 -2.100636707022083272e+02 1.987200000000044895e+02 1.937706391813665691e-02 -9.483092763877734033e-01 6.193632946624864744e+00
2.886603375542454053e+00 1.710841710735540477e+00 2.543653856599467744e+00 8.810029579914939291e+00 2.921325708479074912e+00 2.112069426990213827e+00 5.088737460778904875e-01 3.133906503030824187e+00 5.000000000000000000e+00 5.000000000000000000e+00 2.000000000000000000e+00 -9.192623898344730549e+01 8.709999999999719478e+01 1.863606950431594134e-02 -9.678073066488586118e-01 5.856766086782857483e-01
