2.208939852830487549e+00 1.776390444016687553e+00 3.483774988474566126e+00 8.463510824620179562e+00 2.009794751958735581e+00 3.522500919981191303e-01 5.795353601130946997e-01 3.755795244977568892e+00 6.000000000000000000e+00 8.000000000000000000e+00 1.000000000000000000e+00 -1.736116332799399231e+02 2.400800000000151329e+02 3.348227079995771849e+00 1.634833920505995297e-01 6.282303817850584338e+00
1.565902810797018763e+00 1.314056787131065107e+00 7.430462095760324459e+00 8.428891964384726876e+00 1.724679044247139137e+00 4.406442982006666953e-01 6.319056907737293782e-01 3.268423307805954359e+00 5.000000000000000000e+00 1.000000000000000000e+01 2.000000000000000000e+00 -4.192954887452492585e+02 3.000999999999997385e+02 1.682784304657808860e+01 -6.363657444248961570e-02 4.338730458371742316e-03
1.378214707358081048e+00 1.366521860432851065e+00 4.638803073499966345e+00 8.553739908059450059e+00 1.406552950795002088e+00 9.081526026489602499e-01 5.261783948729131799e-01 3.377201214038477062e+00 4.000000000000000000e+00 1.200000000000000000e+01 2.000000000000000000e+00 -3.018580456687175229e+02 3.601200000000105774e+02 7.612377854294512858e+00 -3.388813870119739668e+00 6.024568363752089262e+00
2.071854791846023058e+00 1.653685995439696299e+00 4.754275354066419546e+00 5.745176284487561347e+00 1.420970973997805586e+00 9.966362453560441148e-01 3.481691262132368681e-01 3.316986356591820950e+00 7.000000000000000000e+00 1.200000000000000000e+01 2.000000000000000000e+00 -2.218913968812116764e+02 3.601200000000105774e+02 2.614462305075398341e+00 -6.583964499398147277e-03 6.282174894859714698e+00
2.359349803719434924e-01 1.816694712513013954e+00 6.093835633338235525e+00 9.753824367186460620e+00 2.268300580174722914e+00 9.523490456992549369e-01 4.244430144371601488e-01 3.364054291705345090e+00 8.000000000000000000e+00 1.000000000000000000e+01 1.000000000000000000e+00 -5.574088073649822945e+02 3.000999999999997385e+02 2.545992546031140336e+01 -4.879841503548636855e-02 6.244949738889906676e+00
9.912732779131633309e-01 1.437487824881244380e+00 4.330666484286199491e+00 7.128386728975326214e+00 1.276181048071252100e+00 7.724679186339113990e-01 3.646349096670705725e-01 3.643516123615915703e+00 4.000000000000000000e+00 5.000000000000000000e+00 1.000000000000000000e+00 -1.029805260983061004e+02 1.500499999999998693e+02 1.747220381144135359e+00 -2.069645434659151961e-01 4.856454062734790952e-03
1.522542075570106901e+00 1.196408406691906512e+00 6.932500358686739972e+00 6.743960900105128609e+00 1.668400615240592355e+00 6.024548526718699337e-01 5.612484737464052964e-01 3.385215733503599722e+00 7.000000000000000000e+00 1.000000000000000000e+01 2.000000000000000000e+00 -2.116651189401674742e+02 3.000999999999997385e+02 3.850944933760475308e+00 1.124003282404501536e-01 6.271603940553779566e+00
1.361668502675031256e+00 1.553398571489600366e+00 5.821278694705754653e+00 8.984826990624146248e+00 1.318167789904509890e+00 4.703869609760863435e-02 8.363050111991885416e-01 3.481362609995741764e+00 5.000000000000000000e+00 6.000000000000000000e+00 2.000000000000000000e+00 -1.851629357116972301e+02 1.800600000000052887e+02 5.945808481980910720e+00 2.013932988499975429e-01 6.278691622593504995e+00
1.538661692274853943e+00 1.961710727830113798e+00 4.817150390538472493e+00 6.331507217280554656e+00 2.177342668761299560e+00 4.496947495818441332e-01 5.662846994017078917e-01 3.564298950886402029e+00 5.000000000000000000e+00 1.000000000000000000e+01 1.000000000000000000e+00 -4.201882665731613997e+02 3.000999999999997385e+02 1.688364166082259388e+01 4.650445959813426927e-02 8.395688741315583681e-02
1.681360892570813448e+00 1.609965210186762530e+00 2.993199206503341259e+00 8.051129306471002778e+00 1.111982003863135171e+00 1.329080425504936436e+00 6.738067972892685109e-01 3.625658428797955413e+00 3.000000000000000000e+00 5.000000000000000000e+00 2.000000000000000000e+00 -1.441248842690783931e+02 8.774999999999715783e+01 2.439192737421828905e-02 -1.001586491221565733e+00 7.498087169220452042e-01
6.623003295846887628e-01 1.070675425630881694e+00 7.685616529816683418e+00 8.182649452552363201e+00 1.941341511540313869e+00 8.190663428686840719e-01 3.327818425618699338e-01 3.110514446342647066e+00 5.000000000000000000e+00 2.000000000000000000e+00 2.000000000000000000e+00 -2.383876976894531253e+03 4.319999999999995843e+00 2.385731105590820889e+01 -3.043924873673760079e+00 4.684790384209205211e-02
1.318374759781759664e+00 1.562211246367071205e+00 3.488092851198488553e+00 8.652798653695654707e+00 1.764658908193001086e+00 5.914268044516374223e-01 5.180395649822047144e-01 3.714795857907166265e+00 6.000000000000000000e+00 9.000000000000000000e+00 1.000000000000000000e+00 -1.852473875517864030e+02 2.700900000000045225e+02 3.137649221986508863e+00 -2.760322613143459392e-01 6.282206513721673602e+00
7.778513221921483645e-01 8.777906227549066021e-01 5.738378319235475367e+00 9.116677892558325169e+00 1.791578171651875273e+00 3.241900516416907352e-01 7.287184116693530278e-01 3.718312238558295402e+00 3.000000000000000000e+00 1.000000000000000000e+01 2.000000000000000000e+00 -4.473971887025115848e+02 3.000999999999997385e+02 1.858419929390698400e+01 2.743599590164730873e-01 6.258242900027085831e+00
3.763826615668395270e-01 1.310021505679637155e+00 8.792293620448971225e+00 7.235797266224485824e+00 1.942151521600277153e+00 4.694871097594447429e-01 3.242582831697007339e-01 2.887300192119476527e+00 7.000000000000000000e+00 9.000000000000000000e+00 2.000000000000000000e+00 -4.035262219473435152e+02 2.700900000000045225e+02 1.678007637170883015e+01 -8.448291997219475880e-02 4.322699415481274870e-04
1.340869157572907699e+00 2.035453224707331366e+00 5.881493254961118744e+00 8.502221562472730199e+00 2.279319940085424268e+00 1.108061910559479113e+00 6.839136777475267603e-01 2.830989801710930287e+00 5.000000000000000000e+00 1.100000000000000000e+01 2.000000000000000000e+00 -4.958054441956196001e+02 3.301100000000244563e+02 2.067190276222546075e+01 -1.610565442889201615e-02 4.805610597845995347e-04
2.124625071779183472e+00 1.572960624382824468e+00 6.020307197911087371e+00 8.044939126061693813e+00 1.860134655483137944e+00 1.343801065326122757e+00 6.276298158278563744e-01 2.987938624730213100e+00 7.000000000000000000e+00 9.000000000000000000e+00 2.000000000000000000e+00 -1.736225021862343283e+02 2.700900000000045225e+02 2.411093886639505079e+00 -3.922139102289202289e-02 2.217929906468791245e-04
1.047442303703125743e+00 2.117988059986605887e+00 4.502800031651720047e+00 8.676290133613747457e+00 1.200770127132979814e+00 8.113774373936389894e-01 4.973033748972578438e-01 3.717178394045456802e+00 4.000000000000000000e+00 7.000000000000000000e+00 1.000000000000000000e+00 -1.536229337547308660e+02 2.100699999999860097e+02 3.036745859671115433e+00 3.667811281340480761e-02 6.175400316929743560e+00
6.063515223262394560e-01 1.572428114166509072e+00 6.363159335460775168e+00 6.733967003973021725e+00 2.048664227573298913e+00 1.483229822253149810e-01 5.348403027981462055e-01 3.190196343189242167e+00 6.000000000000000000e+00 1.100000000000000000e+01 2.000000000000000000e+00 -5.489803740478969303e+02 3.301100000000244563e+02 2.399533587799279388e+01 -5.817146757741025187e-01 4.673251877367794530e-03
1.063097628830036667e+00 2.348520087719736971e+00 5.133131662260881356e+00 8.356926441531850713e+00 1.351892460823575837e+00 3.721289431771768186e-02 3.553775798285687681e-01 3.626601799253192038e+00 5.000000000000000000e+00 1.000000000000000000e+01 2.000000000000000000e+00 -3.536548883722948631e+02 3.000999999999997385e+02 1.272530552326843889e+01 -1.703409764825646100e+00 6.277394137507722682e+00
8.497323199771190660e-01 1.700600035519003850e+00 5.008574178299560309e+00 9.011191133513404949e+00 1.725345621089737769e+00 8.137001728359889441e-01 3.883896755825772540e-01 3.527507175202955203e+00 4.000000000000000000e+00 1.400000000000000000e+01 1.000000000000000000e+00 -4.979262835093891795e+02 4.201399999999720194e+02 1.799101771933769811e+01 1.886241253683713648e-01 6.279295087832098332e+00
1.283152992022068783e+00 1.495012358555000587e+00 5.336410230251163789e+00 6.021524801292530427e+00 1.672385204290512517e+00 9.769822118535089750e-01 4.414893378188993189e-01 3.655409482886208927e+00 6.000000000000000000e+00 1.400000000000000000e+01 1.000000000000000000e+00 -4.817313870694071625e+02 4.201399999999720194e+02 1.697883669183882205e+01 -1.726299477031030816e-01 1.788386445267596825e-01
1.474123631473059470e+00 2.072973734109035959e+00 4.942367397046871780e+00 8.130394026840997768e+00 1.489072299217500728e+00 8.952710348674687291e-01 5.139973044115591083e-01 2.843938881156552245e+00 5.000000000000000000e+00 1.000000000000000000e+01 1.000000000000000000e+00 -1.933062997671810308e+02 3.000999999999997385e+02 2.703518735448822596e+00 -7.957473293758544897e-02 2.280621948827655642e-04
1.766839056769907268e+00 1.325374260229104095e+00 5.524477257490330473e+00 5.530843867234508160e+00 2.142084316850429104e+00 9.540807646574733791e-01 5.768200325194167144e-01 3.330780174438503050e+00 6.000000000000000000e+00 9.000000000000000000e+00 1.000000000000000000e+00 -1.985227515454624836e+02 2.700900000000045225e+02 3.967359471591263453e+00 -2.636293733569536682e-02 6.279137608005261662e+00
1.563292686955556121e+00 1.847124438647628208e+00 8.004790217164085675e+00 7.663279780002392627e+00 2.268644914186379147e+00 1.116496041644245318e+00 4.481794038502492361e-01 3.123725264518768974e+00 6.000000000000000000e+00 9.000000000000000000e+00 1.000000000000000000e+00 -3.989755614146918106e+02 2.700900000000045225e+02 1.649566008841809506e+01 5.229989137946666755e-01 6.156623400819427161e+00
7.177398991553707308e-01 8.242794596739755342e-01 5.416833237577150406e+00 8.445473099376945569e+00 1.574312195034083484e+00 4.524265172473959096e-01 4.432530263686427774e-01 2.616974786496293337e+00 3.000000000000000000e+00 5.000000000000000000e+00 3.000000000000000000e+00 -9.268503135294245965e+01 1.499999999999998579e+02 1.854177129830681531e-02 -8.702062798857942427e-01 5.881232598700163017e+00
6.929919688350311135e-01 1.857290597384311681e+00 8.128207955551689068e+00 9.313484834236293253e+00 1.630749096760772066e+00 1.295429289846269150e+00 3.712881521148323483e-01 4.077584844629324579e+00 6.000000000000000000e+00 9.000000000000000000e+00 2.000000000000000000e+00 -2.162558854040221377e+02 2.700900000000045225e+02 5.075680337751243165e+00 1.758838035556799240e-02 6.256960478214561583e+00
1.033193294615741831e+00 1.506708445195156010e+00 6.505296600445277022e+00 9.877272149702415405e+00 2.438725282352501633e+00 1.783258698434520007e-02 6.323649214277442532e-01 3.823555137968967621e+00 6.000000000000000000e+00 1.200000000000000000e+01 2.000000000000000000e+00 -5.934925338866177071e+02 3.601200000000105774e+02 2.583953336791327615e+01 -3.298335581959771501e-03 5.404318502542107506e-05
1.063371543148773135e+00 1.789038167339624286e+00 6.788660620550412084e+00 9.832686566793785943e+00 8.922287062312215244e-01 7.844740643745946596e-01 4.969246232988175360e-01 3.314251264090121829e+00 5.000000000000000000e+00 1.400000000000000000e+01 1.000000000000000000e+00 -2.708504823740190659e+02 4.201399999999720194e+02 3.798780148377064680e+00 1.397498363213634243e-01 5.821701569562656609e+00
6.956338005542828107e-01 1.628324211998972260e+00 4.661884740008906292e+00 8.602884901831583164e+00 7.512430104010869858e-01 8.821751797129253614e-01 3.562210413448018698e-01 2.839684748569131667e+00 8.000000000000000000e+00 1.000000000000000000e+01 2.000000000000000000e+00 -1.023080114554312701e+02 2.040999999999926899e+02 1.612571596468293650e-02 -9.557154364979634220e-01 3.887892887403863323e-02
1.022737661319645275e+00 1.566396702135637309e+00 7.633648430921413208e+00 5.896844858034778980e+00 1.314246773575636240e+00 6.525066167017270491e-01 6.488959391412929545e-01 2.431568747117942131e+00 7.000000000000000000e+00 4.000000000000000000e+00 2.000000000000000000e+00 -2.148929595878981218e+03 4.891999999999913484e+01 7.779349742436362902e+00 -4.778567978921846593e-01 6.186122093712415726e+00
1.314495125810697829e+00 1.501263756360415424e+00 3.575418643424774778e+00 7.213005015639824435e+00 1.872998212354864744e+00 1.989676641984733652e-01 3.135614722856012726e-01 3.900827938396720818e+00 5.000000000000000000e+00 1.100000000000000000e+01 2.000000000000000000e+00 -2.360467292565143111e+02 3.301100000000244563e+02 4.436983078531380187e+00 6.066532801227704323e-04 6.283136749920448239e+00
1.012416116713811487e+00 1.505933894809887708e+00 3.235042191215691254e+00 8.881053166026017465e+00 2.269127925992336259e+00 1.399523450509297717e+00 4.254773364199916363e-01 2.576322551075805212e+00 7.000000000000000000e+00 9.000000000000000000e+00 2.000000000000000000e+00 -4.011812980366516967e+02 2.700900000000045225e+02 1.663351862729058794e+01 6.558990637751485088e-03 2.402535858002800666e-03
9.000442594053558176e-01 1.893710591320610481e+00 2.463971878728658638e+00 8.160866957748863726e+00 1.906650961426718194e+00 1.001071584004620485e+00 4.776182101487299048e-01 4.034280596740257963e+00 4.000000000000000000e+00 9.000000000000000000e+00 2.000000000000000000e+00 -2.290402114583406274e+03 7.002000000000138868e+01 1.596200716146284471e+01 -3.178430179456890770e+00 1.735775513131705194e+00
1.057628396730020848e+00 1.529562899300805245e+00 5.124037885539943993e+00 7.175790455811645430e+00 1.780388433472261944e+00 8.918109621610987858e-01 4.486534808920450423e-01 3.458654207206839803e+00 8.000000000000000000e+00 1.400000000000000000e+01 1.000000000000000000e+00 -2.784127841692497327e+02 4.201399999999720194e+02 4.271424010578982688e+00 -7.480435557213198361e-02 1.317208684996308207e-02
1.338483620248086980e+00 1.378484567102173042e+00 5.352646248293819298e+00 7.195106638657354559e+00 1.961743750193496005e+00 5.290821170993873501e-01 3.836130704244296585e-01 2.906661917100849202e+00 8.000000000000000000e+00 1.300000000000000000e+01 2.000000000000000000e+00 -3.187993652189077238e+02 3.901299999999891384e+02 7.733397826182073054e+00 -2.957016605710882195e-04 6.283063161178251477e+00
1.063203655903757427e+00 1.264143618978779582e+00 5.744271371380453850e+00 7.156990462852930612e+00 2.041520748434731747e+00 1.526717998939772780e+00 5.165155538962113990e-01 3.410150996710349158e+00 6.000000000000000000e+00 1.100000000000000000e+01 1.000000000000000000e+00 -5.984552986099936334e+02 2.970000000000203499e+02 -4.811867635386805897e-02 -9.354806881509876604e+00 4.718425211996971846e+00
1.961088131045877869e+00 1.669561998111737555e+00 3.639805478959086571e+00 5.885415168893292304e+00 1.455010918144065579e+00 1.170308438023032860e+00 6.795362441389597441e-01 3.070055217702652772e+00 7.000000000000000000e+00 1.700000000000000000e+01 2.000000000000000000e+00 -3.078114252796704591e+02 5.101700000000154773e+02 3.295401579978920914e+00 -7.046401453409678606e-02 3.921106379458647595e-01
5.195044772102157538e-01 1.264797161564575001e+00 5.557834495050652635e+00 9.455242250662740489e+00 2.152288433357583131e+00 5.417641670501355255e-01 4.699287262922786090e-01 2.689949681417219907e+00 4.000000000000000000e+00 2.000000000000000000e+00 2.000000000000000000e+00 -2.384931531127705057e+03 5.119999999999978790e+00 2.389822069548155525e+01 -1.822294254699876381e+00 9.388273549574160937e-02
1.964809867967558243e-01 1.382951813145738562e+00 4.044130478311998900e+00 7.432802855593326541e+00 9.420477892146161825e-01 4.650405942605169707e-01 5.463974787687331247e-01 3.877377405651802889e+00 8.000000000000000000e+00 5.000000000000000000e+00 4.000000000000000000e+00 -2.319831293178486703e+03 1.525000000000008171e+01 1.951289332365541895e+01 -1.587906408679451875e+00 7.088806672037703538e-02
1.923157281218178083e+00 1.639028940215249364e+00 5.370664308559782718e+00 7.922355756422425621e+00 2.287565967967926994e+00 8.096297803315850583e-01 5.184595795275874774e-01 3.178030328339562338e+00 7.000000000000000000e+00 9.000000000000000000e+00 1.000000000000000000e+00 -1.853965549102672412e+02 2.700900000000045225e+02 3.146972181891560361e+00 -1.109226680600860181e-02 6.282077512918252005e+00
2.000272078196855041e+00 1.849839733295404631e+00 2.447413973206349347e+00 8.692319137202261459e+00 2.130438170619196825e+00 3.441424548809290940e-01 5.835318172784567103e-01 3.022975908019529090e+00 4.000000000000000000e+00 8.000000000000000000e+00 1.000000000000000000e+00 -5.187817864696133938e+02 2.400800000000151329e+02 2.492136165435036332e+01 1.025252655211476155e-01 6.241055446645709992e+00
1.480977292332860573e+00 1.288802730994474954e+00 6.242954298006271330e+00 8.644331068752828529e+00 8.119959731427726091e-01 4.507065337815655548e-01 4.191550139610503711e-01 3.219196726442651091e+00 4.000000000000000000e+00 1.100000000000000000e+01 2.000000000000000000e+00 -2.061960299906201897e+02 3.301100000000244563e+02 2.571314374412997150e+00 -5.340396018053506638e-02 6.280786031331218489e+00
1.067752203721399340e+00 2.012158393841917636e+00 6.283994422047713968e+00 7.696228546973724605e+00 8.875572807468250502e-01 6.428220001080657831e-01 2.287920760672619291e-01 3.484003021686868262e+00 6.000000000000000000e+00 9.000000000000000000e+00 2.000000000000000000e+00 -1.245923566708098633e+02 2.485800000000081411e+02 1.889729192536190525e-02 -9.534605301618526152e-01 1.504095373456713902e-01
2.123078620787701265e+00 1.764664035381478646e+00 1.815126153371152018e+00 7.871300023571995652e+00 1.923933771417661198e+00 1.586986395890186863e+00 2.877577968719307600e-01 2.450998054226900091e+00 7.000000000000000000e+00 1.300000000000000000e+01 2.000000000000000000e+00 -2.776067888818428173e+02 2.913299999999925944e+02 2.300575325060320170e-02 -9.485405317248322143e-01 4.536145746674345725e-02
9.996023999322827258e-01 1.016067944109687371e+00 5.880726315173961716e+00 9.410934939166281765e+00 1.418686434680584973e+00 6.423216394002637109e-02 7.709135121993362372e-01 3.178777171246640165e+00 5.000000000000000000e+00 1.200000000000000000e+01 1.000000000000000000e+00 -5.846692855955753885e+02 3.601200000000105774e+02 2.528808034972313123e+01 1.718428216235477800e-03 6.283159723746416070e+00
8.718470934220909907e-01 1.165984311583085464e+00 6.071172000970023852e+00 8.320939418382081953e+00 7.359347562826482614e-01 6.983766199115351014e-01 3.495244268531679244e-01 3.176992661455148248e+00 6.000000000000000000e+00 9.000000000000000000e+00 2.000000000000000000e+00 -9.817134050273193679e+01 1.957500000000061391e+02 1.852128142055453966e-02 -9.548802805904057500e-01 2.134442930257891557e-01
2.694841483447916186e-01 9.564174291293470187e-01 4.528449208443486640e+00 6.361926406511248189e+00 2.610635771812789052e+00 6.607298970449626552e-01 9.197347535904383253e-01 3.100112378754088294e+00 4.000000000000000000e+00 1.400000000000000000e+01 1.000000000000000000e+00 -6.420939363288382538e+02 4.201399999999720194e+02 2.700149602055326881e+01 -1.322650301139895179e-01 6.275282753807195135e+00
7.739966691234378970e-01 1.334684937475659083e+00 6.166336009322794354e+00 6.578399700426239782e+00 1.879992340224445835e+00 6.646643607897484429e-01 4.944409405541012603e-01 2.735562854089302665e+00 7.000000000000000000e+00 4.000000000000000000e+00 2.000000000000000000e+00 -4.493561648398072350e+01 8.920000000000274554e+01 2.097603024870919874e-02 -9.510278604202968555e-01 9.482559241058734212e-02
