1.345906769759016353e+00 2.118800417221356813e+00 4.130291746572049227e+00 7.872883208443267833e+00 2.474465988464510602e+00 8.595566532122378423e-01 4.847673282221608981e-01 3.171145025912577076e+00 4.000000000000000000e+00 8.000000000000000000e+00 2.000000000000000000e+00 -3.987224633431131338e+02 2.400800000000151329e+02 1.741765395894409707e+01 3.229305810915696351e-01 2.883891842892199672e-02
1.255827978170809045e+00 1.780364389912985068e+00 4.464193168643683762e+00 8.122280800903935116e+00 1.411961266510725066e+00 7.899394628488622949e-01 2.264586755241587701e-01 2.554476033514221367e+00 5.000000000000000000e+00 1.300000000000000000e+01 1.000000000000000000e+00 -2.592469082408856593e+02 3.901299999999891384e+02 4.011369265055694910e+00 -1.107197862019313916e+00 3.128682913129646800e-03
1.592067433991825931e+00 1.903275605617675170e+00 5.742954986739031042e+00 8.645484097144560565e+00 1.824134713160121990e+00 1.771587321529809467e-01 3.891818583864832259e-01 3.254323984805993053e+00 6.000000000000000000e+00 1.000000000000000000e+01 2.000000000000000000e+00 -4.202561714955353409e+02 3.000999999999997385e+02 1.688788571847096520e+01 5.558505767275656595e-02 6.283176875361363933e+00
1.841812581306611518e+00 2.450995149930407901e+00 3.187839278085274675e+00 8.501359191313271779e+00 2.203933333837277964e+00 1.275261773113317343e+00 5.279925643566648619e-01 3.867776310817554020e+00 6.000000000000000000e+00 7.000000000000000000e+00 1.000000000000000000e+00 -1.498727929999357116e+02 2.100699999999860097e+02 2.802362062496418282e+00 3.337038007644501092e-01 6.099617520255028680e+00
2.268516297666899550e+00 1.934513400746171730e+00 3.784265105116674466e+00 5.860664078595134718e+00 2.253276183155572987e+00 1.240710514314659285e+00 5.231202671483742295e-01 2.975283459183593937e+00 6.000000000000000000e+00 1.000000000000000000e+01 1.000000000000000000e+00 -2.052266206559949637e+02 3.000999999999997385e+02 3.448538790999692960e+00 -7.268432565142701751e-02 6.132752087476502467e+00
6.004256398453962085e-01 1.767126247950191686e+00 8.917343072637322621e+00 7.674373042044011939e+00 1.830773844467114220e+00 1.164034690540086014e+00 5.196841191127333781e-01 3.546301921193235618e+00 6.000000000000000000e+00 7.000000000000000000e+00 2.000000000000000000e+00 -2.477313047127489369e+02 2.100699999999860097e+02 8.918519044547245755e+00 -1.989153762351031710e-03 1.290376864114297674e-03
5.038481850988629773e-01 1.535881591982650063e+00 5.931540488916556164e+00 6.324626217617653090e+00 2.073174948606280044e+00 9.220802690714545724e-01 2.482931183567530509e-01 3.128646354710822752e+00 6.000000000000000000e+00 1.100000000000000000e+01 2.000000000000000000e+00 -4.425835965027892485e+02 3.301100000000244563e+02 1.734553728142356377e+01 1.313704735658556277e-01 6.278516405752191609e+00
1.620048435247086305e+00 1.581095087431414248e+00 4.240656870881351459e+00 5.027909719761399998e+00 1.897897821581787881e+00 5.047792102481978294e-01 3.310323445371018414e-01 3.324520860964416347e+00 8.000000000000000000e+00 9.000000000000000000e+00 3.000000000000000000e+00 -1.644017446976399697e+02 2.332800000000075613e+02 1.508072761341476553e-02 -1.006273911779864028e+00 2.875347405265927803e-01
1.084704512963954537e+00 1.414326212269652272e+00 6.127727620329060265e+00 9.142162585912636530e+00 1.463388460289593240e+00 9.801005867454395393e-01 2.305833073163843228e-02 2.626206491748716232e+00 7.000000000000000000e+00 1.200000000000000000e+01 2.000000000000000000e+00 -2.224905835909499103e+02 2.994000000000082764e+02 2.159438890577286899e-02 -9.582281292866696720e-01 2.107377708532790772e-01
1.646406468772021015e+00 1.776085887009247966e+00 5.959557491781331429e+00 7.358389584377491133e+00 1.601931581306866192e+00 6.109297932690971322e-01 5.852736180476603156e-01 3.277948282991430595e+00 8.000000000000000000e+00 1.200000000000000000e+01 1.000000000000000000e+00 -2.362509215157076881e+02 3.601200000000105774e+02 3.511932594731399515e+00 -2.274434399573184440e-02 6.275029232441928784e+00
1.496071877811561590e+00 8.671689022507969025e-01 5.241473906969762453e+00 7.531763170294254017e+00 1.262392408106659980e+00 7.025007628721412489e-01 5.884695610222084872e-01 2.976893779949592922e+00 8.000000000000000000e+00 9.000000000000000000e+00 2.000000000000000000e+00 -1.645285774540874115e+02 1.776600000000054536e+02 2.282967695174217479e-02 -9.534391163413857839e-01 2.041273774295159216e-01
1.328634416981396171e+00 1.272525537066022006e+00 5.364167264737425000e+00 6.890737544100587364e+00 1.692004779495601685e+00 8.566465769136476505e-01 3.884592140705165897e-01 2.814887157258939343e+00 7.000000000000000000e+00 1.100000000000000000e+01 2.000000000000000000e+00 -2.071016724213199041e+02 3.301100000000244563e+02 2.627917026331728856e+00 -1.206854827146918024e-01 8.689926932433382836e-03
1.752555147449705419e+00 1.614510734910944212e+00 7.022076056098127239e+00 6.119488457268984050e+00 1.747260502925348513e+00 1.484878272192840853e+00 7.936367621681763573e-01 3.037608244344698782e+00 5.000000000000000000e+00 1.000000000000000000e+01 2.000000000000000000e+00 -4.234046395435717614e+02 3.000999999999997385e+02 1.708466497147324148e+01 2.630744521419906556e-01 1.677066693612335457e-01
1.498752666406429901e+00 1.636971508535681519e+00 5.636582084046080965e+00 8.133669179603106869e+00 2.594520973545802356e+00 1.008751071412478995e+00 3.473806105760827156e-01 3.210121031387056068e+00 8.000000000000000000e+00 1.000000000000000000e+01 1.000000000000000000e+00 -2.109978181880430554e+02 3.000999999999997385e+02 3.809238636752699136e+00 1.088147951557481008e-01 6.243605029231349413e+00
1.282259916122714394e+00 1.647647076013139644e+00 4.838154302349936486e+00 9.688452708517507617e+00 1.274410066282920972e+00 5.333676543990042429e-01 4.651700113978504691e-01 2.957298780997058785e+00 7.000000000000000000e+00 9.000000000000000000e+00 2.000000000000000000e+00 -1.179557145226440298e+02 2.351700000000076329e+02 2.316965766501334276e-02 -9.408182803909332925e-01 1.530312240825264496e-03
1.150642211058714226e+00 1.343514201543540842e+00 4.585631449522407976e+00 8.339793265150369450e+00 1.445465857955202438e+00 5.339795697169813504e-01 5.649044539578044200e-01 3.387221971460539383e+00 3.000000000000000000e+00 7.000000000000000000e+00 1.000000000000000000e+00 -3.724063384843504991e+02 2.100699999999860097e+02 1.671070865527234162e+01 1.173701664463816844e-05 1.009696971152497872e-06
1.264379821007686422e+00 1.691505513474532485e+00 4.740375399384626931e+00 9.377961177292194250e+00 1.518336657937342959e+00 1.108295642187176799e+00 6.329230023988562381e-01 3.103474542504755185e+00 8.000000000000000000e+00 1.200000000000000000e+01 1.000000000000000000e+00 -2.476196098784268713e+02 3.601200000000105774e+02 4.222475617401348913e+00 -1.054105419270524813e+00 6.232114207133032657e+00
9.121276229126867863e-01 1.737239839724711965e+00 6.212539381059336563e+00 9.688287128544263993e+00 1.876691207595504673e+00 1.000746277330546663e+00 6.194078874436235171e-01 3.278123072230614721e+00 4.000000000000000000e+00 1.300000000000000000e+01 2.000000000000000000e+00 -1.021157479388638649e+03 3.769999999999895977e+02 -3.773400207632410241e-02 -8.415532827050387965e+00 3.487916628998080526e+00
1.929693588477818800e+00 1.039343579977193954e+00 4.535949698260123064e+00 8.115622057195468031e+00 1.568092184821534563e+00 1.047136166692324899e+00 5.689614669670358671e-01 3.573511695484597794e+00 7.000000000000000000e+00 1.000000000000000000e+01 1.000000000000000000e+00 -2.027933591782121425e+02 3.000999999999997385e+02 3.296459948638267079e+00 -4.952029086111571499e-02 6.275735880134691413e+00
1.203018740548712273e+00 9.787556169722507748e-01 5.222943752717633892e+00 5.613179652844335621e+00 1.454446178398018263e+00 4.574219630335458753e-01 3.991378017924019916e-01 2.899069310057863280e+00 4.000000000000000000e+00 9.000000000000000000e+00 3.000000000000000000e+00 -1.859195504376230019e+02 2.700900000000045225e+02 3.179659402351295849e+00 -6.739037081587032074e-02 1.080696180469052463e-02
1.901232841463873058e+00 9.912681513315160231e-01 3.608226288377641922e+00 8.265009447909191564e+00 1.892404641384814568e+00 1.025352115092288630e+00 4.980214446988506793e-01 3.682965914217563252e+00 5.000000000000000000e+00 8.000000000000000000e+00 2.000000000000000000e+00 -1.669361998706932013e+02 2.400800000000151329e+02 2.931012491917853069e+00 6.647619749374056308e-02 1.168399220493476220e-01
1.957816850672837505e+00 1.463116907869614014e+00 6.209959286592491523e+00 6.727082441111463140e+00 1.098997683340489528e+00 1.351084772694407077e+00 6.368119251318224983e-01 2.993477393391791086e+00 5.000000000000000000e+00 1.100000000000000000e+01 1.000000000000000000e+00 -2.077841999160218336e+02 3.301100000000244563e+02 2.670574994750600784e+00 -6.627378540255886297e-02 6.206671504701640529e+00
1.670960932567014723e+00 2.216483952870639484e+00 3.782390743533972977e+00 6.496614922842521622e+00 1.559056580667278480e+00 1.141058536171636550e+00 6.671662238780988741e-01 2.727887157649680372e+00 5.000000000000000000e+00 1.400000000000000000e+01 1.000000000000000000e+00 -4.840928635382185803e+02 4.201399999999720194e+02 1.712642897113953566e+01 -4.546319561860167474e-02 6.279827848929653733e+00
2.048499749641402357e+00 1.845370600407842065e+00 1.660991629986213969e+00 7.786927673690766660e+00 1.807709061725228716e+00 9.249034590561219238e-01 7.953231470826589433e-01 3.188682958619259988e+00 3.000000000000000000e+00 1.200000000000000000e+01 2.000000000000000000e+00 -2.785909554387567937e+02 2.460000000000062812e+02 2.250290975971692975e-02 -9.081701137338820118e-01 3.457954827559249489e-04
1.622712113072314555e+00 1.199977082520865324e+00 4.774178038532162383e+00 7.284306357349572991e+00 1.642243200878605869e+00 7.653890856487187699e-01 5.260955865902693374e-01 3.248506716787141979e+00 5.000000000000000000e+00 8.000000000000000000e+00 2.000000000000000000e+00 -1.740598055774991906e+02 2.400800000000151329e+02 3.376237848593226953e+00 -1.074841018842600943e-01 3.366946293912049387e-02
1.894374341100644177e+00 2.121176864071947055e+00 2.860363872880101077e+00 8.189557473581645652e+00 1.557809843307556230e+00 1.050562236390509163e+00 6.686807866665342992e-01 3.376161448371317597e+00 3.000000000000000000e+00 1.000000000000000000e+01 2.000000000000000000e+00 -1.924160237207735804e+02 3.000999999999997385e+02 2.647876482548357391e+00 9.722922647516685224e-02 6.207940081219571304e+00
1.292145555649306443e+00 1.543676324037712266e+00 8.703574061691444541e+00 5.611597680600672433e+00 1.804999849241032628e+00 3.336784543066783071e-01 6.416529459217169551e-01 3.279476295819091280e+00 6.000000000000000000e+00 6.000000000000000000e+00 1.000000000000000000e+00 -1.342866028413194783e+02 1.800600000000052887e+02 2.766037677582302123e+00 -8.015982101948959659e-02 6.282828332545739691e+00
1.479586462446500272e+00 2.149381453149318499e+00 4.791501133907337007e+00 7.435536666070781564e+00 2.275255001520079201e+00 9.205229056394130804e-01 4.105935903864406100e-01 3.011424965145083288e+00 4.000000000000000000e+00 1.200000000000000000e+01 1.000000000000000000e+00 -4.723230833409917295e+02 3.601200000000105774e+02 1.826644270881165255e+01 -5.561827601545836774e-01 6.271986599559078890e+00
4.856642715540538946e-01 5.883030310487346037e-01 6.752240437277514218e+00 7.864659685000173539e+00 2.315082702019296335e+00 7.259957621111630122e-01 6.451928120586961635e-01 3.550252517215126691e+00 3.000000000000000000e+00 1.100000000000000000e+01 2.000000000000000000e+00 -5.949993187583220333e+02 3.301100000000244563e+02 2.687151992239436282e+01 -6.812704809198111278e-02 2.128102207694770182e-02
1.347206176118701304e+00 9.478767563027519216e-01 7.289936548826787543e+00 9.220940013608831975e+00 1.452888623794494904e+00 6.100254183147544307e-01 4.119223559648902411e-01 3.745962674145117077e+00 6.000000000000000000e+00 1.000000000000000000e+01 2.000000000000000000e+00 -2.155724292290923358e+02 3.000999999999997385e+02 4.095151826818279162e+00 -3.014928879142667138e-03 6.282804897417899603e+00
1.724992288165254628e+00 1.180629434605220629e+00 5.006497649080897006e+00 9.023593059768295177e+00 8.340287741043566072e-01 2.139780409407878725e-01 7.467406845370739843e-01 3.201254783083522959e+00 4.000000000000000000e+00 9.000000000000000000e+00 1.000000000000000000e+00 -1.541639438818478709e+02 2.700900000000045225e+02 1.194933992615349938e+00 -3.022226059599759096e-01 6.282939401865469620e+00
6.535750691000508095e-01 1.364113758506472207e+00 4.836482057891958952e+00 9.131371950328707854e+00 1.923891441076347686e+00 2.753970418635215966e-01 6.986804317309622814e-01 2.914420871581692385e+00 5.000000000000000000e+00 1.000000000000000000e+01 1.000000000000000000e+00 -5.594975359327559090e+02 3.000999999999997385e+02 2.559047099579725071e+01 1.560716988886431966e-04 6.283159163262883595e+00
1.218291296678631230e+00 1.867453420419613597e+00 6.996574031536024307e+00 7.583005582633716379e+00 1.821143473669780022e+00 9.548101209690451618e-01 6.388333821266521939e-01 2.989007367454485919e+00 6.000000000000000000e+00 1.200000000000000000e+01 1.000000000000000000e+00 -5.910506519174634832e+02 3.601200000000105774e+02 2.568691574484113715e+01 4.118971182127814656e-02 6.268011728032456986e+00
1.790949483103838391e+00 2.255742596358595975e+00 4.764681374909919498e+00 8.080792652010048371e+00 1.721374200993293080e+00 9.809161860276771616e-01 7.110353681587251451e-01 3.690790054344463833e+00 6.000000000000000000e+00 5.000000000000000000e+00 1.000000000000000000e+00 -2.144794030300035956e+03 4.244999999999972573e+01 7.723064393752238743e+00 -1.162185543145981326e+00 3.769326308539426851e-01
1.611332205173182208e+00 1.679921591605922249e+00 6.195540557693856698e+00 8.961755263818208306e+00 1.766209984283296119e+00 1.848819838290766682e-01 6.410635556854374917e-01 2.960364234218300972e+00 5.000000000000000000e+00 8.000000000000000000e+00 2.000000000000000000e+00 -2.400406935996984146e+02 2.400800000000151329e+02 7.500043349980678009e+00 -2.021068694812903299e+00 1.313876717250339610e-02
1.828074623862492309e+00 1.929033934592228272e+00 4.682619496296432260e+00 7.355578725293287157e+00 1.278635756681850699e+00 7.922901998643676613e-01 3.734431276367691788e-01 2.995506271735413062e+00 4.000000000000000000e+00 1.100000000000000000e+01 2.000000000000000000e+00 -2.135551612117575360e+02 3.301100000000244563e+02 3.031260075734081294e+00 -3.689480822437479768e-02 6.271919869983760165e+00
2.548508480795019793e+00 1.379729543467125952e+00 3.249608740715279609e+00 5.506660918485126288e+00 1.479926858886551733e+00 9.039642050814331586e-01 4.847894326217597194e-01 3.007566502348480331e+00 7.000000000000000000e+00 5.000000000000000000e+00 2.000000000000000000e+00 -2.322684546396260430e+03 1.940000000000014069e+01 1.956153414976627047e+01 -1.708905580466957952e+00 5.966434745811169726e+00
1.954103277647673220e+00 1.878677832265300385e+00 2.697711343344021628e+00 5.543914008731205989e+00 1.431200967201714302e+00 2.287195408170429545e+00 6.909229941512131656e-01 3.510588786059303246e+00 8.000000000000000000e+00 1.600000000000000000e+01 2.000000000000000000e+00 -2.740115735770832543e+02 4.801600000000302657e+02 2.120723348566758482e+00 -9.822857595090567218e-02 6.868064055182235839e-01
2.788338972812973715e+00 1.780185681358219307e+00 4.190085751928434910e+00 8.143458793814753349e+00 2.368372685023663493e+00 1.085726009574515816e+00 5.705423898848301922e-01 2.696913414175523993e+00 6.000000000000000000e+00 1.100000000000000000e+01 2.000000000000000000e+00 -2.166978417722346819e+02 3.301100000000244563e+02 3.227677610763903804e+00 -1.583836557303831549e-01 6.218715043908447981e+00
2.067100990840160524e+00 1.557433174916629692e+00 3.197751329374946216e+00 7.304799580962831662e+00 2.394631501491457204e+00 7.939748552880531163e-01 5.063253561643452638e-01 4.240405028329630177e+00 5.000000000000000000e+00 5.000000000000000000e+00 1.000000000000000000e+00 -2.322310872692469275e+03 1.460000000000007248e+01 1.968817954327932185e+01 -9.333094246056471421e-01 6.049972881158932836e+00
2.009818922946084108e+00 1.260023809150076168e+00 6.223620336772981432e+00 6.487148678572090432e+00 1.328821109735077055e+00 3.407618098483452540e-01 6.624057757901476995e-01 3.160021014641534620e+00 8.000000000000000000e+00 1.100000000000000000e+01 2.000000000000000000e+00 -2.012329189493893580e+02 3.301100000000244563e+02 2.261119934336071058e+00 -8.638496246644898624e-02 6.282837506333494915e+00
1.865717709395299018e+00 1.184131795026204248e+00 3.965657783656510560e+00 8.287587272634990399e+00 1.776872272369249606e+00 1.504005484722142683e+00 3.621718068180479477e-01 2.362362015700214091e+00 5.000000000000000000e+00 1.200000000000000000e+01 2.000000000000000000e+00 -2.367681606305929449e+02 3.601200000000105774e+02 3.544260039411728513e+00 -8.221003861393390011e-01 6.157113446893260900e+00
9.965964183418789535e-01 1.616662142605394648e+00 4.632018780117975076e+00 8.009064925763102138e+00 1.518297104951493282e+00 9.266172914086792112e-01 2.246441960368024404e-01 4.071000975154183799e+00 3.000000000000000000e+00 1.100000000000000000e+01 1.000000000000000000e+00 -2.310715311570586437e+03 1.071399999999995032e+02 1.607158197316165982e+01 -1.582688712824562138e+00 3.971232143763773870e+00
9.889190808082080064e-01 4.362244836911572943e-01 5.294375591896608668e+00 8.972238644649058514e+00 1.489303517932583087e+00 3.039530980592223819e-01 7.636396404898784240e-01 3.185890189723063592e+00 4.000000000000000000e+00 1.000000000000000000e+01 1.000000000000000000e+00 -4.362030003472241333e+02 3.000999999999997385e+02 1.788456252170151828e+01 -9.792463720646395198e-02 6.256673688182680770e+00
1.424588642686964279e+00 1.864369455463435798e+00 6.961420653707020456e+00 8.684151845926750823e+00 1.626726537675634798e+00 1.126952382061793489e+00 4.028922048264362843e-01 3.394615438404148922e+00 4.000000000000000000e+00 9.000000000000000000e+00 2.000000000000000000e+00 -2.039895289866224175e+02 2.700900000000045225e+02 4.309033061663760655e+00 5.011234748221918972e-02 2.088308233182796514e-02
1.098037644324568962e+00 2.147650880775843429e+00 5.274103040559911193e+00 9.020610329667956506e+00 9.239020681429901405e-01 4.118256064183851706e-01 5.357354852323554795e-01 4.016463983571601837e+00 2.000000000000000000e+00 9.000000000000000000e+00 2.000000000000000000e+00 -2.210425362970901006e+03 2.650500000000059231e+02 4.868772685681120649e+00 2.475470859020424685e-02 6.275828272887933323e+00
1.493558595767888297e+00 1.726520103022010089e+00 7.067664649161538470e+00 8.383017960356776044e+00 2.656801204851298337e+00 9.359809797216640526e-01 5.429340192026921308e-01 3.252417649215240125e+00 7.000000000000000000e+00 1.100000000000000000e+01 1.000000000000000000e+00 -4.420402607933376089e+02 3.301100000000244563e+02 1.731157879958283630e+01 -9.370603440318536759e-03 6.210386550948755691e+00
7.739966691234378970e-01 1.334684937475659083e+00 6.166336009322794354e+00 6.578399700426239782e+00 1.879992340224445835e+00 6.646643607897484429e-01 4.944409405541012603e-01 2.735562854089302665e+00 7.000000000000000000e+00 4.000000000000000000e+00 2.000000000000000000e+00 -4.493561648398072350e+01 8.920000000000274554e+01 2.097603024870919874e-02 -9.510278604202968555e-01 9.482559241058734212e-02
