8.522468367253832611e-02 1.219331023825736215e+00 5.860275236596847570e+00 8.073022558304595364e+00 1.899119514653975438e+00 4.004382684475870091e-01 8.448746953558036177e-01 3.009583624776047017e+00 9.000000000000000000e+00 8.000000000000000000e+00 4.000000000000000000e+00 -4.923731508248007458e+02 2.400800000000151329e+02 2.327082192654957282e+01 3.824210604907372218e-02 1.413073725387721177e-02
4.434843311791555887e-01 9.766377980945739612e-01 8.334707619942239631e+00 6.419541195518883470e+00 1.420538360430469549e+00 6.893350168437062386e-01 9.521545836879047320e-01 3.517765224921603373e+00 7.000000000000000000e+00 1.600000000000000000e+01 4.000000000000000000e+00 -5.952543512059066870e+02 4.801600000000302657e+02 2.219839695036822391e+01 -1.932321915504729981e-01 5.755769586066605825e-03
9.970860477674730049e-01 2.279133730074739184e+00 5.736603959004462183e+00 4.558304583189831227e+00 2.394858681436661030e+00 5.493272149908647872e-01 2.465239934286585777e-01 3.777701866136741859e+00 5.000000000000000000e+00 1.300000000000000000e+01 4.000000000000000000e+00 -5.071690928565241165e+02 3.901299999999891384e+02 1.950650580353309849e+01 -1.646406076675506758e-01 6.274600950912782693e+00
8.056904335548384921e-01 2.169924493617361172e+00 5.248502089624152767e+00 6.622196439343297492e+00 1.492988488822385440e+00 4.997342338178140109e-01 3.761143586979470710e-02 2.067036069674894172e+00 7.000000000000000000e+00 9.000000000000000000e+00 4.000000000000000000e+00 -3.244592931269972951e+02 2.700900000000045225e+02 1.183839332043719139e+01 -6.571559055161919627e-01 2.210509646290340427e-02
1.231220497965070937e+00 1.307366375945341330e+00 4.850339235310466179e+00 2.151839097491865527e+00 1.826458753217768294e+00 7.005192710546339629e-01 5.499273862225015908e-01 2.228823493838754999e+00 1.000000000000000000e+01 9.000000000000000000e+00 4.000000000000000000e+00 -4.603985096414962754e+02 2.700900000000045225e+02 2.033459435259337766e+01 1.521754498417881574e-01 1.054580278909407649e-02
1.748489954073822794e+00 2.330978995873338455e+00 5.157809603093536310e+00 5.102695681728405930e+00 1.001392745757668346e+00 6.816676445959510833e-01 7.976711361938249034e-01 2.588719774343407831e+00 8.000000000000000000e+00 1.100000000000000000e+01 4.000000000000000000e+00 -2.531301070085672507e+02 2.341900000000125601e+02 2.321190438739319586e-02 -1.064532527965831088e+00 1.216244594508329030e-02
1.482435353582237436e+00 2.474071537401115073e+00 2.298015234134002771e+00 6.805895041330627393e+00 2.414672422948101360e+00 1.195738396673503123e+00 5.897073299822017667e-01 3.480948630392189269e+00 5.000000000000000000e+00 1.000000000000000000e+01 3.000000000000000000e+00 -2.316988506713953939e+03 8.139999999999965041e+01 1.726803166962212899e+01 -9.269190703786431840e+00 3.431129398364257455e+00
1.554753983525364980e+00 2.825449292908586596e+00 4.032191258992684268e+00 6.879638368499397139e+00 1.350967148661918582e+00 6.502061527366721494e-01 4.929596675253904436e-01 2.802739266089021797e+00 6.000000000000000000e+00 1.800000000000000000e+01 4.000000000000000000e+00 -5.417757355661427709e+02 5.401800000000090449e+02 1.698035847288364053e+01 -5.731486977967750196e-01 4.849819232171436595e-03
1.057436370012063698e+00 1.696162291420526547e+00 3.407579508899740262e+00 4.870395735775209012e+00 2.341443735967120965e+00 1.941975706272441871e-02 3.443401352188241171e-01 2.695958369913519004e+00 7.000000000000000000e+00 1.000000000000000000e+01 2.000000000000000000e+00 -5.390403422975291505e+02 3.000999999999997385e+02 2.431189639359557830e+01 2.663831068152539561e-01 6.282166440707115385e+00
2.132927789467689905e+00 1.398240713243086741e+00 5.582926234286737177e+00 4.625986259321167360e+00 1.456473916608098662e+00 9.716116212169090272e-01 4.607087531678632497e-01 2.784565207876291026e+00 5.000000000000000000e+00 1.600000000000000000e+01 2.000000000000000000e+00 -5.486388975939281636e+02 4.801600000000302657e+02 1.928493109961956620e+01 -5.583473797052963816e-03 6.282541447344473617e+00
3.912732225787459717e-01 2.014082466293402263e+00 4.003503206414253945e+00 4.772232864346799275e+00 2.055233913736828288e+00 5.863682027884120629e-02 4.403451706589942005e-01 2.774611981617124634e+00 6.000000000000000000e+00 1.000000000000000000e+01 3.000000000000000000e+00 -5.377575137660908240e+02 3.000999999999997385e+02 2.423171961038068645e+01 -5.826102973031465071e-01 2.992829803556952984e-03
1.419670145260474525e+00 2.904481300845227043e+00 4.547682877825804937e+00 8.579042954783576036e+00 1.618649866959944505e+00 6.581514789995324133e-01 4.399662397721328944e-01 3.792801273101355619e+00 9.000000000000000000e+00 4.000000000000000000e+00 4.000000000000000000e+00 -2.384875561990096230e+03 8.240000000000000213e+00 2.379722262438101765e+01 -1.500014370650180728e+00 1.046459254863693969e-03
1.664551665953425186e+00 1.698376535188052872e+00 2.364648523741825770e+00 5.989837098904032153e+00 1.937029347913137967e+00 5.399691287737667933e-01 6.148661317249979330e-01 3.228892441394467294e+00 1.000000000000000000e+01 9.000000000000000000e+00 4.000000000000000000e+00 -2.150564761097441078e+03 1.242000000000034419e+02 5.529047568589956718e+00 -2.894493773389726243e+00 3.143755881800308627e-01
8.554835849395266978e-01 1.027325638458543633e+00 4.012576516768640467e+00 3.029821106596145341e+00 1.664251054411268971e+00 7.025704356134091499e-01 5.817346226468198545e-01 3.428699635487072683e+00 6.000000000000000000e+00 5.000000000000000000e+00 2.000000000000000000e+00 -2.382196408956407595e+03 1.530000000000008242e+01 2.340915055977546544e+01 -3.379294393220002135e+00 7.701625007595456207e-01
1.908939704727342646e+00 1.551836657181712820e+00 5.444526978138128470e+00 5.160404831418746951e+00 2.117511962704065276e+00 9.794921886540156608e-01 5.047341787049486328e-01 2.582741380875380077e+00 7.000000000000000000e+00 5.000000000000000000e+00 5.000000000000000000e+00 -2.389842818546072522e+03 1.785000000000011866e+01 2.380736365912952479e+01 -2.043866093338039480e+00 7.998258445281115625e-01
1.176730122686373559e+00 1.733095859372095537e+00 5.372642658179748842e+00 2.265757823891971778e+00 1.731686044345277509e+00 2.975294606599037106e-01 7.669772524699135507e-01 2.632280998010612105e+00 5.000000000000000000e+00 5.000000000000000000e+00 3.000000000000000000e+00 -2.006690757688700728e+02 1.500499999999998693e+02 7.852754735554383636e+00 -8.746530631771767261e-01 1.963532580491428314e-02
6.656830692282951212e-01 1.446862318448562945e+00 3.910609312096293699e+00 7.007912369448781043e+00 1.612303021838187522e+00 8.687019337973003186e-01 5.735110512840073671e-01 4.198616612574176621e+00 7.000000000000000000e+00 8.000000000000000000e+00 3.000000000000000000e+00 -2.371481880431734680e+03 7.775999999999869772e+01 2.078761752698347109e+01 -4.042791995142227535e+00 5.169102713277548666e+00
1.673359288906202114e+00 1.918602473916310558e+00 4.910180676174410230e+00 6.484297582452463793e+00 2.082732420702145149e+00 1.118415888410701386e+00 6.607309769660041354e-01 3.264777797865909825e+00 6.000000000000000000e+00 1.600000000000000000e+01 5.000000000000000000e+00 -2.344202375102518090e+03 3.628800000000119326e+02 1.017264844390699707e+01 -2.208415210837525677e+01 3.371305732054246107e+00
2.323441549929747829e-01 1.415432602984944221e+00 5.107524684594493714e+00 6.331096354904601320e+00 1.631316486666134935e+00 1.189545155612218075e+00 8.853833823468080233e-01 2.613238228433469867e+00 5.000000000000000000e+00 1.000000000000000000e+01 4.000000000000000000e+00 -4.586979486038148934e+02 3.000999999999997385e+02 1.929049678773844079e+01 1.100194677341041899e-01 7.016159716260794710e-03
1.047082732046743736e+00 2.371928855349600962e+00 4.988567763683825262e+00 8.898496955920872864e+00 2.310818987194828811e+00 1.157892736687101909e+00 9.860131078864813325e-01 3.116795921860631147e+00 1.000000000000000000e+01 1.200000000000000000e+01 5.000000000000000000e+00 -5.852996757659186642e+02 3.601200000000105774e+02 2.532747973536958952e+01 -2.665463166461441435e-01 1.159645865183450975e-01
8.177195109885028179e-01 2.579660733207228773e+00 1.430003445233592352e+00 6.846220362015937866e+00 1.224395285589883864e+00 9.396664172089375100e-01 5.072512107674881365e-01 2.088525380801980802e+00 6.000000000000000000e+00 9.000000000000000000e+00 3.000000000000000000e+00 -4.316750963373222021e+02 2.700900000000045225e+02 1.853938102108249453e+01 -1.727202744104555376e-01 1.023052767378287119e-02
8.465574703030931403e-02 1.176349866147700096e+00 8.350236905140757671e+00 7.711774133987621127e+00 6.951506841382248947e-01 1.895662380572044725e+00 4.362873599690293980e-01 2.151566840647922696e+00 1.000000000000000000e+01 2.000000000000000000e+01 5.000000000000000000e+00 -4.277290986392118839e+02 5.885999999999968395e+02 1.878092338934118921e-02 -2.504515174111762832e+00 2.444038066444152446e-01
4.552552183450240819e-01 1.857219585950330876e+00 4.815593406929119524e+00 5.141925819979319634e+00 2.324910697223047773e+00 7.367588511549431063e-01 7.181150300098027017e-01 3.289808357673551953e+00 1.100000000000000000e+01 1.300000000000000000e+01 5.000000000000000000e+00 -5.457528804857502109e+02 3.901299999999891384e+02 2.191799253035972583e+01 -1.175305979869029516e+00 8.826444191853966004e-03
7.130843019006416483e-01 2.180949451366728464e+00 3.074283364343453950e+00 8.234029918512360879e+00 1.039518067326648421e+00 9.116190621681163897e-02 7.798801699860729020e-01 3.296742003989109104e+00 8.000000000000000000e+00 1.400000000000000000e+01 3.000000000000000000e+00 -4.942852815830021882e+02 4.201399999999720194e+02 1.776345509893851116e+01 -9.936008313837640937e-01 6.253823134133041250e+00
5.792406775870337921e-01 1.686654847399737811e+00 5.334479035682672787e+00 2.364913676658298769e+00 1.959366310106087194e+00 1.078150560724614682e+00 7.621461067403079159e-01 3.134905413424616150e+00 7.000000000000000000e+00 6.000000000000000000e+00 4.000000000000000000e+00 -1.247358906467447923e+02 1.800600000000052887e+02 2.169118165421383804e+00 -1.458995957402942634e-01 8.230473955344975306e-03
9.850576535082675722e-01 1.898784531481505278e+00 5.459881501809801030e+00 5.333760451872074704e+00 1.368980257621749796e+00 1.229809593530433176e+00 3.956048472446026532e-01 2.936701920759081652e+00 1.000000000000000000e+01 1.800000000000000000e+01 4.000000000000000000e+00 -2.347843622900611990e+03 2.007000000000050761e+02 1.546835143128809875e+01 -3.701145113032421108e+00 1.101044231023790676e+00
7.067486971623757608e-01 1.587704347337282496e+00 5.812442551910198318e+00 8.094487719413523408e+00 2.213377113345394775e+00 4.206658536072527266e-01 4.532506033061773354e-01 2.936669694305452882e+00 5.000000000000000000e+00 1.200000000000000000e+01 5.000000000000000000e+00 -2.292069092651252504e+03 2.671200000000070531e+02 9.906818290703059304e+00 -2.646387436816653782e+00 4.398353112073980498e+00
1.816793267533794332e+00 2.718856831288851694e+00 5.907749121184855845e+00 6.091701772627230227e+00 2.610986656050885202e+00 2.427107704381679387e-01 2.566509246054676785e-01 2.338649628194774621e+00 9.000000000000000000e+00 1.900000000000000000e+01 3.000000000000000000e+00 -6.977270805225532513e+02 5.701900000000110822e+02 2.578950503265923189e+01 -8.232506647369934871e-01 6.300493248820958347e-02
1.270763971575061158e+00 1.878318186511330756e+00 1.783311168123665524e+00 4.267834025249989338e+00 2.728835210587585269e+00 8.590978153262759376e-01 5.611198606162155489e-01 2.489068799544122967e+00 9.000000000000000000e+00 1.200000000000000000e+01 4.000000000000000000e+00 -4.447915030854765064e+02 3.601200000000105774e+02 1.654571894284195110e+01 1.885688248319809107e-02 6.276719368473552052e+00
1.401580850980079784e+00 2.581937320740709918e+00 3.669779565768962470e+00 9.666563491927659513e+00 1.686989791543431316e+00 9.088568795381490872e-01 4.229281897799225809e-01 2.928264478639698520e+00 6.000000000000000000e+00 1.000000000000000000e+01 5.000000000000000000e+00 -5.151606371137594351e+02 3.000999999999997385e+02 2.281941481960997464e+01 -4.211990968006061598e-02 2.306360460553769087e-03
9.050048918102201467e-01 1.748692517067533592e+00 6.661827451787246446e+00 6.452233721109806197e+00 2.907133199117677869e+00 5.668573977645394724e-01 5.396269595634912708e-01 2.674536887854857437e+00 8.000000000000000000e+00 1.000000000000000000e+01 3.000000000000000000e+00 -5.551370708288377500e+02 3.000999999999997385e+02 2.531794192680236932e+01 -6.086398797300140995e-02 5.704319223302077579e-02
5.868375362277846730e-01 1.812745407422775790e+00 4.236116197703689856e+00 3.701237695204395717e+00 1.820757666097473138e+00 9.839611980525198032e-02 6.248988412821567806e-01 2.791110022369655219e+00 6.000000000000000000e+00 1.000000000000000000e+01 4.000000000000000000e+00 -5.550145702231645828e+02 3.000999999999997385e+02 2.531028563894779637e+01 -5.454048488194365024e-02 6.278617850357814056e+00
1.646802969217867618e-01 1.927836049207815261e+00 7.135486078543110011e+00 6.810712063413899564e+00 1.585371668813945867e+00 1.247530789393148432e+00 5.197771782833114917e-01 3.959496638777673105e+00 9.000000000000000000e+00 8.000000000000000000e+00 4.000000000000000000e+00 -2.281837645725361654e+03 8.431999999999855788e+01 1.497985285783514975e+01 -2.028231001667245570e-01 5.821399135731320840e+00
1.690047783792078429e+00 2.595453138047145281e+00 5.185149493471882920e+00 6.685054991171052841e+00 2.287491878233784526e+00 5.525312293274212694e-01 5.144692219488372631e-01 3.388223123667035708e+00 7.000000000000000000e+00 8.000000000000000000e+00 2.000000000000000000e+00 -1.716217713971890362e+02 2.400800000000151329e+02 3.223860712323842304e+00 6.597266055099487714e-02 6.374677476973289458e-03
8.283575649014498499e-01 2.582052449191340138e+00 5.102238359174053883e+00 5.985868244861078935e+00 1.014665829702296573e+00 1.153750273047656982e+00 5.019686667379553713e-01 3.276018538581895623e+00 1.100000000000000000e+01 5.000000000000000000e+00 2.000000000000000000e+00 -2.189673130321951248e+03 3.999999999999986500e+01 1.060457064512196368e+01 -7.264666555728298558e-01 3.096077339403780632e-02
8.607598790793915544e-01 2.634188501051100140e+00 7.663469270476957362e+00 5.985982002071835062e+00 2.468277411881076411e+00 9.982677965109894025e-01 4.932871609818851311e-01 2.700744024757561146e+00 5.000000000000000000e+00 8.000000000000000000e+00 3.000000000000000000e+00 -5.262423934288831333e+02 2.400800000000151329e+02 2.538764958930472559e+01 -6.211829375194738434e-02 6.264805932801113642e+00
1.179791472032201582e+00 2.423069866071342560e+00 3.738599818217579696e+00 6.763505109818130023e+00 1.092791327453549011e+00 2.035973909160155415e+00 3.716336300820629601e-01 2.828892538142033786e+00 5.000000000000000000e+00 7.000000000000000000e+00 5.000000000000000000e+00 -2.241959460257834508e+03 6.964999999999969305e+01 1.294590376611466631e+01 -3.534265764609183957e+00 1.464922391338757679e+00
1.488222425373293856e+00 1.467611961217446082e+00 4.477703951126267512e+00 4.219470673714326381e+00 2.882241396595516925e+00 8.999570596359312002e-01 3.326125476018416682e-01 3.755481588356723410e+00 1.000000000000000000e+01 1.700000000000000000e+01 3.000000000000000000e+00 -2.258991597302361242e+03 1.025100000000008578e+02 1.298353733139754418e+01 -2.120102156881541466e-01 5.870617359530845292e+00
2.940937040344141495e-01 7.020514069378313016e-01 4.156430920515870042e+00 8.882636106739997928e+00 2.456650072907142768e+00 1.267392323320518654e+00 8.036940774448962932e-01 2.938118816416576795e+00 9.000000000000000000e+00 9.000000000000000000e+00 4.000000000000000000e+00 -5.330716063325867253e+02 2.700900000000045225e+02 2.487666289578652723e+01 1.666140597177097893e-01 1.917499755568689845e-02
1.859423146205012589e-01 1.866796958150778174e+00 5.056262771813206491e+00 3.701080971580794188e+00 1.313749942714258934e+00 4.769677266554809281e-01 6.185389311558390224e-01 2.351292174721321793e+00 7.000000000000000000e+00 9.000000000000000000e+00 2.000000000000000000e+00 -4.990902933137583659e+02 2.700900000000045225e+02 2.275283083210975477e+01 2.487854152499085342e-02 1.408345291782161016e-02
2.004583972309808004e+00 2.788991519343492875e+00 8.891846193090170658e+00 6.432794377678893838e+00 2.515930349329137616e+00 2.215624244409988286e-01 7.971666047648807707e-01 2.561018379346437612e+00 7.000000000000000000e+00 1.000000000000000000e+01 5.000000000000000000e+00 -5.513869243751742033e+02 3.000999999999997385e+02 2.508355777344839765e+01 -1.913414402123168878e-02 2.083438202366893685e-02
2.024261093743087159e+00 1.830338273332590804e+00 7.857189013716224579e+00 2.679111699930607937e+00 2.347229810139799255e+00 2.647604908953063996e-01 4.958788333404416382e-01 3.545059641138442963e+00 8.000000000000000000e+00 3.000000000000000000e+00 5.000000000000000000e+00 -2.293272658554639747e+03 1.886999999999995836e+01 1.773985365966497341e+01 -3.215997790593941863e-01 6.268843130534223818e+00
1.205632599725550813e+00 1.374366251410186424e+00 3.959932634147529384e+00 3.214515203752072114e+00 1.785877783506315097e+00 3.790823605369424421e-01 6.386353824913558741e-01 3.458897907751148804e+00 8.000000000000000000e+00 8.000000000000000000e+00 2.000000000000000000e+00 -5.132669148894563023e+02 2.400800000000151329e+02 2.457668218059054510e+01 1.807450058463725417e-01 1.302509569079557394e-02
1.236077069657295358e+00 2.010250835082792342e+00 2.567889889220972055e+00 5.939618304667492410e+00 2.328733406282397667e+00 2.100266074540795280e+00 5.939056070844791480e-01 2.184086388211572416e+00 7.000000000000000000e+00 1.800000000000000000e+01 5.000000000000000000e+00 -2.415559209374639977e+03 3.634200000000112141e+02 1.461557558591464101e+01 -1.257320361800803710e+01 3.090255473296791955e+00
1.313488743432002170e+00 2.857336497210157145e+00 6.397822536182835584e+00 3.496988749007726938e+00 8.100053675588214652e-01 1.014515491755572540e+00 5.201830028976595077e-01 2.715619755845187555e+00 8.000000000000000000e+00 1.000000000000000000e+01 3.000000000000000000e+00 -2.147072942009829433e+02 1.667999999999948102e+02 1.799513907724734421e-02 -1.045548351999488812e+00 2.643399099836562724e-02
1.598200132733089918e+00 1.152814410688982383e+00 3.421298609784670930e+00 3.598750642144139533e+00 2.011531265370373855e+00 1.199080441132212016e-01 3.766866691558939384e-01 2.318393283046340514e+00 1.100000000000000000e+01 1.100000000000000000e+01 4.000000000000000000e+00 -4.193549389679428714e+02 3.301100000000244563e+02 1.589374618549566343e+01 5.279713287643011954e-02 1.393050412090230186e-02
1.965832386366994644e-02 1.224312171493845414e+00 3.849336730239828697e+00 6.531352462494737665e+00 2.035083942659908995e+00 1.875118695554327974e+00 3.516139498365179472e-01 2.481894993538851679e+00 8.000000000000000000e+00 1.200000000000000000e+01 5.000000000000000000e+00 -2.383344561634094589e+03 2.608800000000068167e+02 1.580653510213070945e+01 -2.829262889765221001e+00 1.540818884007579381e+00
5.318723457040498426e-01 1.284745806243998478e+00 1.416416162279863000e+00 8.296804829505893153e+00 2.082220212346898691e+00 6.970855591438469556e-01 6.491072848211841828e-01 3.481334972806227945e+00 7.000000000000000000e+00 6.000000000000000000e+00 4.000000000000000000e+00 -7.350166193616759358e+01 1.464000000000040131e+02 1.885387101034947943e-02 -9.796566481078063937e-01 7.140346597847013754e-04
