5.475095566353702647e-01 1.099798193328383356e+00 6.615071144441242446e+00 3.540715579095895738e+00 1.608257047872351686e+00 1.245998086994467013e-01 3.133681286662040044e-01 2.955191946470791642e+00 8.000000000000000000e+00 1.100000000000000000e+01 3.000000000000000000e+00 -5.309923732240617937e+02 3.301100000000244563e+02 2.287108582650309785e+01 -1.592733146846664616e-01 1.160301453810684211e-03
9.782425551612139447e-01 1.501383692230519928e+00 5.831910430002860579e+00 2.807824327667082009e+00 1.388786669175435362e+00 7.612354070963741615e-01 1.789923544064069560e-01 2.442526654149419496e+00 6.000000000000000000e+00 1.100000000000000000e+01 3.000000000000000000e+00 -4.254813873431895672e+02 3.301100000000244563e+02 1.627664920894858369e+01 -2.210125296840370068e-01 4.319529146301626099e-03
8.286452955778631502e-01 1.368892863560228434e+00 6.850229856409796092e+00 3.961775143051091685e+00 1.534014009859691718e+00 2.622782221669154312e-01 4.326214643864373932e-01 2.716359746849024592e+00 8.000000000000000000e+00 1.300000000000000000e+01 3.000000000000000000e+00 -5.435338563496039797e+02 3.901299999999891384e+02 2.177930352185058638e+01 1.908719936314299814e-01 6.225007927914925965e+00
7.788614865615894889e-01 1.636390934556441135e+00 6.657918395235079778e+00 3.577395208174246832e+00 1.451868094002988219e+00 2.114389410137609837e-01 4.570713753369307630e-01 2.948796458235147355e+00 6.000000000000000000e+00 1.000000000000000000e+01 4.000000000000000000e+00 -5.167707176234201825e+02 3.000999999999997385e+02 2.292004485146376780e+01 9.702573934801880795e-03 6.283017543477338762e+00
1.171078085420552695e+00 1.114583982838011522e+00 5.516525948974495996e+00 4.961994367444122034e+00 1.555630755426559819e+00 1.134881844600002188e+00 3.123134998124001416e-01 2.655818034579842557e+00 9.000000000000000000e+00 1.000000000000000000e+01 3.000000000000000000e+00 -2.292614264411577665e+02 2.111999999999922863e+02 2.319088647764353667e-02 -1.044031364632652448e+00 5.116250263941464482e-02
8.509906606670091245e-01 1.399732454355636868e+00 6.120668333258018734e+00 3.773789443090068474e+00 1.430632357437697566e+00 1.116718931811844229e+00 2.153770202221093055e-01 2.678951914099949150e+00 1.100000000000000000e+01 1.200000000000000000e+01 4.000000000000000000e+00 -3.118524207734499782e+02 3.465600000000100636e+02 2.022407120669285352e-02 -1.000104657885084070e+00 6.281094372670933623e+00
6.848832061151075568e-01 1.866085786702474270e+00 6.931106359460228461e+00 4.199650298205678034e+00 1.202656911307896426e+00 1.172845084949071692e+00 2.958894820277843118e-01 2.243821641258165300e+00 7.000000000000000000e+00 1.600000000000000000e+01 3.000000000000000000e+00 -5.746019771336136728e+02 4.801600000000302657e+02 2.090762357084990697e+01 1.226474298850222799e-01 6.276326250149587338e+00
1.096854939757346603e+00 1.098020172095937719e+00 6.809434374595410233e+00 4.355599930888305771e+00 1.496830883392970879e+00 1.096573954181077060e+00 3.540266092101455597e-01 2.911586436733136107e+00 9.000000000000000000e+00 1.400000000000000000e+01 3.000000000000000000e+00 -3.310766279450422189e+02 3.887799999999750753e+02 1.825171860873784496e-02 -1.018755646543775262e+00 9.115234361035270960e-03
6.281658745884530770e-01 1.216800506826795747e+00 7.177277051839240585e+00 4.818421764082946979e+00 1.386519886755898989e+00 4.417553707937244556e-01 2.985313174698674965e-01 3.552342391887060469e+00 9.000000000000000000e+00 9.000000000000000000e+00 4.000000000000000000e+00 -2.591971288374746791e+02 2.406600000000078410e+02 1.554303095528732602e-02 -1.027258781270708354e+00 6.281470107315389129e+00
8.699357975662402875e-01 1.482463914426366269e+00 6.355516536740509537e+00 2.510575726894789916e+00 1.540873071227046864e+00 7.133050205028202972e-01 3.458483062460677160e-01 2.757514134568192166e+00 5.000000000000000000e+00 1.100000000000000000e+01 3.000000000000000000e+00 -5.183341775302039878e+02 3.301100000000244563e+02 2.207994859563698142e+01 -3.176810178332588330e-02 9.859506754094304881e-03
6.513498553040014682e-01 1.442067680883073022e+00 5.940638530465312428e+00 4.196631383288122130e+00 2.010192197969549177e+00 5.291848062232649141e-01 2.621414543640620542e-01 2.587583434956769679e+00 8.000000000000000000e+00 1.400000000000000000e+01 3.000000000000000000e+00 -5.589404617555314871e+02 4.201399999999720194e+02 2.180440385972158879e+01 -1.425598220477365674e-01 6.275320600779799918e+00
5.973498762937792250e-01 1.237636561174586536e+00 6.607667167561691812e+00 4.802476508565484359e+00 1.719262510783085229e+00 5.951616281376510553e-01 3.044843530023537692e-01 2.889353563501407152e+00 8.000000000000000000e+00 1.200000000000000000e+01 3.000000000000000000e+00 -4.229768310641287599e+02 3.601200000000105774e+02 1.518230194150771695e+01 -9.074965311387346301e-01 2.899305689423682664e-02
3.864163721526112094e-01 2.196612020976904223e+00 7.825042287893000825e+00 3.962872377365736831e+00 1.424500478843012230e+00 6.056436252896677530e-01 2.473590624127077475e-01 2.843466161397748770e+00 6.000000000000000000e+00 1.100000000000000000e+01 5.000000000000000000e+00 -4.988143179258040618e+02 3.301100000000244563e+02 2.085995737036198960e+01 7.374572943841010801e-03 8.212206114750441460e-03
5.233650292458803532e-01 1.248651033335438587e+00 6.638563713357203078e+00 4.908938848982455028e+00 1.308156604324363315e+00 2.220188903053811891e-01 3.399032407155029301e-01 3.384890793804221865e+00 8.000000000000000000e+00 8.000000000000000000e+00 4.000000000000000000e+00 -1.216204313605079648e+02 2.400800000000151329e+02 9.877696003127513225e-02 -9.718444917656128279e-01 9.324559287387452003e-04
6.092948460674143529e-01 1.629218876433389918e+00 7.027006564026847535e+00 5.113780685222358180e+00 1.346829972339029124e+00 5.190073671582814407e-01 5.473005715981426045e-01 3.026383790176160105e+00 7.000000000000000000e+00 1.000000000000000000e+01 4.000000000000000000e+00 -4.152297707084499052e+02 3.000999999999997385e+02 1.657373566927812547e+01 1.140462587007245870e-01 6.253372645656622097e+00
4.434839056265497681e-01 1.393677115551974932e+00 6.678074391098775209e+00 5.719458183966872333e+00 1.741152607967246801e+00 9.750738072937814582e-01 3.735107823598377008e-01 2.755337728791150020e+00 9.000000000000000000e+00 1.100000000000000000e+01 4.000000000000000000e+00 -2.167248464439155953e+02 3.301100000000244563e+02 3.229365402743960001e+00 -6.822830493571045984e-01 6.267753701818079115e+00
5.262411776369303462e-01 6.050223757260593249e-01 5.823124981976608439e+00 5.003324292075469693e+00 1.309688877726812306e+00 3.886587068091625352e-01 3.824957339451542371e-01 3.316062067636937449e+00 9.000000000000000000e+00 1.400000000000000000e+01 3.000000000000000000e+00 -4.104251260539414261e+02 4.201399999999720194e+02 1.252219537837221175e+01 -3.066082279322740245e+00 6.221626838663770975e+00
8.901766754208518817e-01 1.486181545185464969e+00 7.237068932033876578e+00 4.758775483566573428e+00 1.886102114171933186e+00 9.815841170031668339e-01 3.198830901880523325e-01 2.925666672148675040e+00 8.000000000000000000e+00 1.300000000000000000e+01 3.000000000000000000e+00 -2.208093247686014365e+03 3.329299999999911392e+02 2.601765480376169837e+00 -1.619485492108923452e+01 3.831672485721845600e+00
7.309173625389696616e-01 1.021226548262456957e+00 5.419401186512212476e+00 4.873129165714729538e+00 1.480716611505130897e+00 6.041394682220664336e-01 3.268161687432072360e-01 3.059562452600505633e+00 6.000000000000000000e+00 1.200000000000000000e+01 3.000000000000000000e+00 -4.530213850279216103e+02 3.601200000000105774e+02 1.706008656424477010e+01 4.574111871762674697e-02 3.367623613231951474e-02
1.161843029889341405e+00 1.263186662153967355e+00 7.408717558279447779e+00 3.700215069307119187e+00 1.998403060086033634e+00 5.211024018609496933e-01 3.411051598994727097e-01 3.065771666646051052e+00 1.000000000000000000e+01 1.200000000000000000e+01 4.000000000000000000e+00 -2.073194613042772687e+02 3.601200000000105774e+02 1.703716331516998972e+00 -1.484002691349486369e-01 2.595261075108545867e-03
7.979776885349982862e-01 1.546781069152046939e+00 6.444963806884807411e+00 3.465602984910832518e+00 2.267548640694867057e+00 8.161145766213907526e-01 4.109754080445892632e-01 2.596013591353508954e+00 8.000000000000000000e+00 9.000000000000000000e+00 3.000000000000000000e+00 -5.015321894386050872e+02 2.700900000000045225e+02 2.290544933991267840e+01 3.444642086238559886e-02 5.690424358445689279e-03
9.020483248881767668e-01 1.823358866426226799e+00 5.857661279033056445e+00 3.082336871562277647e+00 1.885858011257864897e+00 1.052309820776603733e+00 4.254914103384703217e-01 3.709329008265513927e+00 6.000000000000000000e+00 8.000000000000000000e+00 4.000000000000000000e+00 -2.194485940456578192e+03 1.560800000000020020e+02 7.277871278536079735e+00 -3.280762041022295961e-01 5.759434865806684734e+00
9.794668129447612337e-01 1.153861062282206751e+00 7.349492070722077663e+00 5.156847710320496603e+00 1.799440219378481753e+00 1.248157191260202137e-01 2.385914562484558465e-01 3.089237229995696055e+00 8.000000000000000000e+00 1.000000000000000000e+01 4.000000000000000000e+00 -4.139497746711114132e+02 3.000999999999997385e+02 1.649373591694447327e+01 5.012743240241718939e-02 6.280308644332347257e+00
4.813285197435070994e-01 1.197852421610880125e+00 5.796949787599607440e+00 4.708611792211851110e+00 1.914924565025225345e+00 6.147421560419298325e-01 5.319648565558687814e-01 3.214213199936551746e+00 6.000000000000000000e+00 1.300000000000000000e+01 3.000000000000000000e+00 -5.432132003957127608e+02 3.901299999999891384e+02 2.175926252473238875e+01 1.784022262393530900e-01 1.285819398994817765e-03
1.426509662250361021e+00 7.455371341276889607e-01 5.201867096902242693e+00 4.192551080250601636e+00 1.165405672850297503e+00 8.554751638194797447e-01 3.394586465074989068e-01 2.809076906077568658e+00 7.000000000000000000e+00 1.200000000000000000e+01 4.000000000000000000e+00 -9.969186967568651880e+02 1.419600000000023385e+02 -5.497878398900847563e-02 -9.693853318940810482e+00 3.208391675858866421e+00
5.920425394931190244e-01 1.362803198525944781e+00 6.550795770664040063e+00 4.597230812729748095e+00 1.619859046949418069e+00 4.513016524796719109e-01 2.340809888961457585e-01 3.276641706520965869e+00 9.000000000000000000e+00 1.000000000000000000e+01 5.000000000000000000e+00 -1.907898539759731023e+02 3.000999999999997385e+02 2.546240873498327062e+00 1.397738890559567793e-01 6.245602827641238086e+00
6.120445687482365393e-01 1.466326182168564030e+00 7.597745302549516744e+00 4.261051042733329908e+00 1.200986429976047098e+00 3.043665010105408020e-01 1.904460457580506860e-01 3.110580809166027638e+00 7.000000000000000000e+00 1.200000000000000000e+01 4.000000000000000000e+00 -2.787764663072598523e+02 3.601200000000105774e+02 6.169779144203409338e+00 -2.926620946721021355e+00 3.706291520458573907e-02
4.620046889309216698e-01 1.301652727109757324e+00 6.383282979523031031e+00 4.548065971943998420e+00 1.109007849697946746e+00 5.160387755202950899e-01 2.792587939657921736e-01 3.090974563795367391e+00 9.000000000000000000e+00 1.200000000000000000e+01 4.000000000000000000e+00 -3.072430477348048612e+02 3.601200000000105774e+02 7.948940483424972392e+00 -3.454589775192980911e-02 6.281682112634626947e+00
1.272006683042571584e+00 1.555564575203834732e+00 7.007953645866291659e+00 3.946496868522250345e+00 1.462064769442288803e+00 8.317605607419646940e-01 3.971016748070812508e-01 2.695023662235338957e+00 7.000000000000000000e+00 1.300000000000000000e+01 3.000000000000000000e+00 -3.109168651325217070e+02 3.901299999999891384e+02 7.240741570782947001e+00 -2.742734141060437225e-01 7.237844497647644149e-02
8.485798289790782434e-01 1.650865928973408003e+00 4.754093698575736049e+00 3.865718954543278407e+00 1.837883119680731703e+00 5.960629478255335956e-01 2.117352780629516706e-01 2.963871265280971556e+00 7.000000000000000000e+00 1.000000000000000000e+01 4.000000000000000000e+00 -3.179854604911395199e+02 3.000999999999997385e+02 1.049596628069622994e+01 -3.577136323385187722e-01 8.263482447627412686e-02
7.917847249280758337e-01 1.431855366083037318e+00 6.820011762849760295e+00 5.299583231376101544e+00 1.860732362235201220e+00 3.875591412174302364e-01 2.113628934923123537e-01 2.623946762390906517e+00 9.000000000000000000e+00 1.300000000000000000e+01 4.000000000000000000e+00 -4.916726138471990453e+02 3.901299999999891384e+02 1.853797586545027798e+01 -1.124798558432303086e-01 1.903184890476621385e-02
7.202299866960231167e-01 1.609180883052803823e+00 7.564288254760691999e+00 5.920677860695473527e+00 1.667949236963494064e+00 1.235915970316630030e+00 4.377722243012064918e-01 2.710493102895031647e+00 8.000000000000000000e+00 1.300000000000000000e+01 3.000000000000000000e+00 -4.663043258907695190e+02 3.901299999999891384e+02 1.695245786817343259e+01 2.810262580845086511e-01 4.537403567490627676e-02
8.152900770475947079e-01 1.565355372159600078e+00 6.389019040736147126e+00 2.932954429925262119e+00 1.613125812430893147e+00 6.759764620188121187e-01 2.784400138663868929e-01 2.578936181588013188e+00 7.000000000000000000e+00 1.200000000000000000e+01 3.000000000000000000e+00 -4.469022577559481988e+02 3.601200000000105774e+02 1.667764110974643188e+01 -1.888714898958817820e-02 6.269899852772239157e+00
9.226867373568732322e-01 1.467570834579403627e+00 6.683551150037720490e+00 4.691928122252690514e+00 1.676569402244397988e+00 8.950042933907405018e-01 2.664396267347565739e-01 3.253177423168838622e+00 7.000000000000000000e+00 8.000000000000000000e+00 5.000000000000000000e+00 -1.607887332445708637e+02 2.400800000000151329e+02 2.546795827785206523e+00 -1.535539473932938381e-01 8.462404182267697916e-02
8.007607781972146954e-01 1.971781008777223620e+00 5.330892518799215551e+00 1.546238765837911533e+00 2.094369282056303572e+00 7.390759562630362378e-01 4.004916503661008487e-01 2.654968175625761262e+00 7.000000000000000000e+00 8.000000000000000000e+00 3.000000000000000000e+00 -3.564681249547254538e+02 2.400800000000151329e+02 1.477675780966986885e+01 -6.843951677601952666e-01 6.278763441769112497e+00
1.180759670365642666e+00 7.598837608755103501e-01 6.556081298366896348e+00 4.696747601349491319e+00 1.655028521190573310e+00 1.247196335394975986e+00 5.147887175079118860e-01 2.980549952065959740e+00 7.000000000000000000e+00 1.100000000000000000e+01 5.000000000000000000e+00 -2.365068421640180077e+03 2.390300000000131604e+02 1.534708885251087729e+01 -3.546210981607601731e+00 1.823510503685236150e+00
2.375287271550639845e-01 6.412416597733631152e-01 9.959537103759933174e+00 4.907028324541169439e+00 7.938024496366649085e-01 5.375429565257537901e-01 2.522345545414542145e-01 4.156319053776757144e+00 1.000000000000000000e+01 1.100000000000000000e+01 5.000000000000000000e+00 -6.974478052178950520e+02 2.388100000000131331e+02 8.147681812295318182e-04 -4.097884903601592299e+00 4.267975796499091423e+00
6.733609172043073521e-01 7.643173659880293513e-01 5.243825440649938940e+00 3.097038311811909583e+00 1.810457056987998747e+00 9.422031298592605797e-01 3.454374719308681563e-01 3.087358746305929991e+00 7.000000000000000000e+00 1.200000000000000000e+01 2.000000000000000000e+00 -4.640282290682073381e+02 3.601200000000105774e+02 1.774801431676262808e+01 2.828893685568619754e-01 5.337232185832263553e-03
9.889791680659586470e-01 1.388838608584444412e+00 8.138599607972519578e+00 5.028772548096611672e+00 1.529320004139953060e+00 6.346257568322613007e-01 2.934396651127161304e-01 2.646460842023438342e+00 1.000000000000000000e+01 1.000000000000000000e+01 4.000000000000000000e+00 -2.466097427491666849e+02 2.192999999999918259e+02 2.036241893703706271e-02 -1.057894363640705881e+00 6.274269465281921754e+00
1.350214162125587647e+00 6.916161421404696252e-01 6.479272451386111520e+00 3.063554105504671998e+00 1.746548329511914632e+00 3.902522270703411289e-01 4.799954622902991574e-01 2.984673236217454395e+00 7.000000000000000000e+00 1.500000000000000000e+01 2.000000000000000000e+00 -6.272234585653354770e+02 4.501499999999774104e+02 2.513427866033417502e+01 6.334176904961164034e-02 6.281266933116432583e+00
1.574106605351244692e+00 9.880295587362034615e-01 5.070296684432156198e+00 3.771177120495680768e+00 2.069637735910194731e+00 6.118399949674274696e-01 6.466625523541580378e-01 2.414166640300911215e+00 6.000000000000000000e+00 1.100000000000000000e+01 3.000000000000000000e+00 -5.665659784329561717e+02 3.301100000000244563e+02 2.509443615205900002e+01 -7.433160765256575930e-02 6.271564423264550214e+00
7.159456763399534296e-01 3.076433201345426527e-01 6.582920335324057071e+00 4.915270361355808859e+00 1.606453361913384281e+00 2.110109312765917622e-01 2.035975886139701763e-01 3.294980091294307911e+00 8.000000000000000000e+00 1.200000000000000000e+01 3.000000000000000000e+00 -3.693643064341048330e+02 3.601200000000105774e+02 1.183151915213121974e+01 -1.283791006893698183e+00 1.396200519386874561e-01
1.022968011204036021e+00 1.124155648238275074e+00 7.759317383740473417e+00 4.655337730581376121e+00 1.731113323752774047e+00 3.396307648847270988e-01 1.819002566440540702e-01 2.910379801038381675e+00 1.000000000000000000e+01 8.000000000000000000e+00 4.000000000000000000e+00 -2.327458102894607691e+03 8.959999999999844533e+01 1.766613143091301907e+01 -2.398354537914668683e-01 6.268578651172550309e+00
5.354231620445778494e-01 1.852132177797911616e+00 7.386639209153985419e+00 5.361924223311078208e+00 1.244449697715995562e+00 8.878504808279398253e-01 3.203156412322585300e-01 3.219923860892249134e+00 8.000000000000000000e+00 1.100000000000000000e+01 4.000000000000000000e+00 -2.019401656324020280e+02 3.301100000000244563e+02 2.305322852024362934e+00 -2.119626810851759358e-01 1.818529999693397660e-03
4.775345606001685783e-01 1.313488313754591630e+00 8.921630491250319039e+00 4.754833258766772985e+00 1.494412655381666344e+00 2.532239216229913437e-01 3.669891346851771319e-01 4.074519796926318271e+00 8.000000000000000000e+00 1.400000000000000000e+01 4.000000000000000000e+00 -4.841281467439374637e+02 4.201399999999720194e+02 1.712863417149696588e+01 -1.066709458563264851e-02 6.281436696539214104e+00
7.839873455690885562e-01 1.684376106689033481e+00 5.612574617186202097e+00 3.920956645549869002e+00 1.416795717892290529e+00 3.719376689911458866e-01 1.708848741888489842e-01 2.994844223616393020e+00 8.000000000000000000e+00 9.000000000000000000e+00 4.000000000000000000e+00 -2.457867170169510871e+02 2.157300000000068962e+02 1.701607448763832464e-02 -1.046915481932312986e+00 6.277778580093813510e+00
2.267296597391483814e-01 6.454389931048168938e-01 8.741215683060341135e+00 5.954483351749511044e+00 1.083097226510448596e+00 8.611314566169847584e-02 9.098469293021972659e-02 3.573437448985283371e+00 1.100000000000000000e+01 5.000000000000000000e+00 5.000000000000000000e+00 -2.273759576844698586e+03 3.740000000000001279e+01 1.594122355279365166e+01 -1.297550476740719549e+00 5.715844960811933717e+00
5.941263495729636190e-01 1.425207256294690916e+00 7.920979092337270266e+00 3.166060966535408028e+00 1.355394865235375557e+00 4.207266478769087770e-01 1.825801211122993206e-01 3.368076192915430589e+00 8.000000000000000000e+00 8.000000000000000000e+00 4.000000000000000000e+00 -1.036937927477964934e+02 2.066400000000099055e+02 2.336204673697162004e-02 -9.603695755757876151e-01 7.162223742402495930e-03
