3.450083340306620006e-01 2.237868732367383373e+00 7.813180328882141978e+00 5.374344660444100974e+00 1.518290368355960762e+00 2.506507000382777184e-01 4.556168984676672862e-01 2.909444132860757648e+00 1.000000000000000000e+01 1.200000000000000000e+01 5.000000000000000000e+00 -5.450096102809762897e+02 3.601200000000105774e+02 2.280935064256068756e+01 3.728103731144100097e-03 6.278462706712081065e+00
6.877263081550606394e-01 1.143062008323331380e+00 7.433898221902349945e+00 4.232048203106749007e+00 1.213494030376472521e+00 4.677385780920326197e-01 3.394007285079152503e-01 3.493246981756262581e+00 8.000000000000000000e+00 7.000000000000000000e+00 4.000000000000000000e+00 -2.155386106665370789e+03 7.328999999999933834e+01 7.421319166585686133e+00 4.095285638208193829e-02 3.109178920238304666e-01
6.059325341574142154e-01 1.762125253647184087e+00 8.504559239464771991e+00 4.190912936852959625e+00 1.425701196103950963e+00 7.226674492979353603e-01 3.004447418525909019e-01 2.877022218094543060e+00 6.000000000000000000e+00 1.100000000000000000e+01 5.000000000000000000e+00 -4.657495562774261657e+02 3.301100000000244563e+02 1.879340976733837110e+01 -3.718102028076472609e-02 3.297466672021082817e-02
7.124199323265736350e-01 1.541247516260620953e+00 6.800694273233973242e+00 4.443220254132533853e+00 1.576370614066211928e+00 2.662500463740758994e-01 4.785454268510052622e-01 3.006898233453138669e+00 9.000000000000000000e+00 1.300000000000000000e+01 5.000000000000000000e+00 -5.295057004632392363e+02 3.901299999999891384e+02 2.090254377895278992e+01 -8.712145743835210399e-02 3.450302241446265902e-03
1.129391118862877352e+00 1.428438715322508434e+00 7.533407205400390438e+00 4.422216803628224113e+00 1.261057249431162708e+00 9.155017525314227411e-01 3.806579100005555993e-01 2.897671887825594261e+00 7.000000000000000000e+00 1.000000000000000000e+01 4.000000000000000000e+00 -1.574750559563000820e+02 3.000999999999997385e+02 4.640659972687630752e-01 -7.174164437233134795e-01 3.591105846588504846e-03
5.445255714911336753e-01 2.177551640688240475e+00 6.867663150991810461e+00 4.904132690712817322e+00 1.327607694406896410e+00 3.214579211007634330e-01 3.266783918506138140e-01 3.073025525522629309e+00 8.000000000000000000e+00 1.000000000000000000e+01 5.000000000000000000e+00 -5.101436615708215641e+02 3.000999999999997385e+02 2.250585384817635415e+01 5.332943102921610529e-02 5.880378270336272806e-03
4.628128408062462951e-01 1.442592967274140214e+00 5.064230967620440893e+00 5.000289509180488423e+00 9.973104461954314104e-01 3.035747467342407302e-01 3.525934081724810820e-01 3.021392646785372005e+00 8.000000000000000000e+00 1.200000000000000000e+01 5.000000000000000000e+00 -4.486084556018066678e+02 3.601200000000105774e+02 1.678427847511258619e+01 1.289954865049800781e-01 2.323943471211009637e-02
6.846191463615683981e-01 1.648797471279028537e+00 7.250375541993082429e+00 2.764624293491499962e+00 1.178612528069793663e+00 3.330170790581373774e-01 1.939526924472998459e-01 2.802679365173904813e+00 8.000000000000000000e+00 1.400000000000000000e+01 4.000000000000000000e+00 -4.681624715725378110e+02 4.201399999999720194e+02 1.613077947328448758e+01 -5.556372266199896548e-02 6.263252745985061765e+00
2.339203548658908005e-02 1.790082214277495254e+00 7.848162332585523870e+00 2.777374890021656384e+00 1.250729377464941727e+00 2.749927718630270634e-01 3.257428509734373590e-01 3.643549446052043006e+00 6.000000000000000000e+00 1.000000000000000000e+01 5.000000000000000000e+00 -4.220621767256332078e+02 3.000999999999997385e+02 1.700076104535208188e+01 4.772296463108122860e-02 6.256077847577247830e+00
6.942222360633560907e-01 1.829177738183310975e+00 7.339215633472305100e+00 5.372609156601384939e+00 1.305494600574868880e+00 7.682295332397215404e-01 4.254543435175082711e-01 3.168022591211402172e+00 9.000000000000000000e+00 1.100000000000000000e+01 4.000000000000000000e+00 -1.796297454803997766e+02 3.301100000000244563e+02 9.109215925242211132e-01 -3.669600445653892207e-01 6.104769066720194814e-03
6.986915483984171837e-01 1.248427706292313699e+00 7.216329266413253229e+00 4.533306257349762447e+00 1.219892987361178793e+00 5.629864799623141014e-01 2.784954208227471972e-01 2.918819262441147089e+00 8.000000000000000000e+00 1.200000000000000000e+01 4.000000000000000000e+00 -2.101486057357465995e+02 3.601200000000105774e+02 1.880537858483832592e+00 -2.536689771167969787e-01 7.973480342348139224e-03
7.438684386989483643e-01 1.410560701623765345e+00 6.587264790315900953e+00 4.457163152897262393e+00 9.164928814912769450e-01 5.672693932971261122e-01 3.671665247048535030e-01 2.734149390458838536e+00 8.000000000000000000e+00 1.200000000000000000e+01 4.000000000000000000e+00 -1.947117427427749305e+02 3.601200000000105774e+02 9.157339214231019486e-01 -6.118996420852903517e-01 6.272703662338492414e+00
6.827884813684829135e-01 1.708700170149182851e+00 5.870335650179500320e+00 4.725143656817929028e+00 1.303050547998779951e+00 5.345482296356859342e-01 4.705937331743608731e-01 3.251867706861635288e+00 9.000000000000000000e+00 8.000000000000000000e+00 4.000000000000000000e+00 -2.240743756442404447e+03 7.215999999999881709e+01 1.279148477765031267e+01 -6.732946571634244037e-01 1.049892464896996086e-01
5.886672027775902150e-01 1.705300367979436293e+00 7.374972683011761454e+00 4.458724213526242153e+00 7.752765646477330908e-01 4.394231409292574386e-01 3.195753107492933509e-01 3.106599215011291104e+00 8.000000000000000000e+00 1.700000000000000000e+01 4.000000000000000000e+00 -2.935506575907422189e+02 5.101700000000154773e+02 2.404103599420905457e+00 -1.956584056820760142e-01 8.879072345280292211e-04
6.763008586705204772e-01 1.499209829659617021e+00 7.315422033246903766e+00 4.076738079053455976e+00 8.137580666587251876e-01 3.739129413472384034e-01 3.103298651798562235e-01 3.186570810894908234e+00 9.000000000000000000e+00 1.200000000000000000e+01 5.000000000000000000e+00 -2.819534766804080732e+02 3.234000000000091859e+02 2.080765755745363210e-02 -9.739495172615465490e-01 6.017454888319012651e-02
4.828743675315542161e-01 1.679937561395934864e+00 5.844042291191044569e+00 3.748536234911988618e+00 6.239233303887244952e-01 3.224591305776108308e-01 3.662559205729574718e-01 2.856431980887047306e+00 9.000000000000000000e+00 1.400000000000000000e+01 5.000000000000000000e+00 -1.738043088850636195e+02 3.469199999999791544e+02 2.151930531712728523e-02 -8.584379495430756180e-01 6.272244557137475418e+00
4.790652942123514446e-01 1.957974864619868027e+00 6.497166774697231695e+00 4.540527931882225587e+00 1.640121696809977214e+00 5.078142443987535559e-01 4.572298963924092963e-01 3.175342785870149065e+00 9.000000000000000000e+00 9.000000000000000000e+00 5.000000000000000000e+00 -3.902743118137090050e+02 2.700900000000045225e+02 1.595183198835667149e+01 1.139574154151450081e-01 1.827275300851401163e-02
6.703323588583575132e-01 1.910659964569936031e+00 7.060976656422426778e+00 4.095661397221369349e+00 1.568077047199197382e+00 7.095313685232312872e-01 3.612564847478472174e-01 3.228682597871810778e+00 7.000000000000000000e+00 1.000000000000000000e+01 4.000000000000000000e+00 -3.666820863016546923e+02 3.000999999999997385e+02 1.353950539385342644e+01 2.677696848914594696e-01 6.551536482896556240e-03
6.270379790548392673e-01 1.726445035459622135e+00 8.436418850165104288e+00 5.016464736344728337e+00 1.363666418259276369e+00 6.865421027267959442e-01 1.848726226772137993e-01 3.229438047816983737e+00 7.000000000000000000e+00 9.000000000000000000e+00 5.000000000000000000e+00 -3.092198106216599172e+02 2.700900000000045225e+02 1.088592566385360350e+01 -1.648060516828494804e-01 7.413861665040460958e-02
5.365577532960527085e-01 1.281363952617559754e+00 7.671291511428241172e+00 3.639379259227979890e+00 1.249879550681355145e+00 7.221693970790867834e-01 3.484334375985962962e-01 2.787689300698954042e+00 9.000000000000000000e+00 1.100000000000000000e+01 4.000000000000000000e+00 -2.829603979448380642e+02 2.904000000000195314e+02 1.751316442733113349e-02 -1.055523705666526313e+00 6.276965519430172336e+00
9.220806970657849932e-01 2.204045575031711834e+00 6.276671799170324029e+00 3.620262348626462234e+00 1.257777478934524851e+00 7.161982098186437939e-01 2.095804141890430239e-01 3.218987027426596814e+00 9.000000000000000000e+00 1.200000000000000000e+01 5.000000000000000000e+00 -2.653213888184764642e+02 3.184800000000089995e+02 1.833082252287724506e-02 -1.088739140175826181e+00 1.076332295626425406e-01
1.354502173033995394e-01 2.307579686299836119e+00 5.827458079314727257e+00 5.297585323649980360e+00 8.096393304809315072e-01 2.101795100352352730e-01 2.683724882177199733e-01 2.539426193697705614e+00 9.000000000000000000e+00 1.000000000000000000e+01 4.000000000000000000e+00 -3.595555640699955120e+02 3.000999999999997385e+02 1.309409775437472945e+01 -1.102805688959494768e-02 1.848675529572324158e-02
1.017971713338258866e+00 1.759031285610747730e+00 6.820957003709470889e+00 4.417241877613375500e+00 1.539930979624328566e+00 6.108207563292638032e-01 2.619910969265546452e-01 3.254215287419366831e+00 7.000000000000000000e+00 1.000000000000000000e+01 5.000000000000000000e+00 -2.181877444248087272e+02 3.000999999999997385e+02 4.258609026550554510e+00 -8.341267231469225996e-01 2.241161718439605918e-02
6.292706872585797084e-01 1.868842375419296209e+00 5.976800828801108523e+00 3.265511483361144052e+00 1.493583297588301662e+00 5.991863825949063083e-01 1.734667384511670019e-01 3.488511335108023026e+00 8.000000000000000000e+00 1.200000000000000000e+01 4.000000000000000000e+00 -2.267264295878934490e+02 3.601200000000105774e+02 2.916651849243010464e+00 1.308091659896353648e-02 6.277320497391748688e+00
9.970772045904416903e-01 1.893075368610259268e+00 6.195011030635309446e+00 4.635994726150720169e+00 1.721033311194425153e+00 3.023016471815046513e-01 6.394137654332789911e-01 3.363913716791334885e+00 8.000000000000000000e+00 1.200000000000000000e+01 5.000000000000000000e+00 -4.770050948616678284e+02 3.601200000000105774e+02 1.855906842885390873e+01 -7.833744796490396678e-02 6.279088361194857804e+00
7.667440109863868924e-01 1.442571583078023023e+00 5.745087161323428226e+00 3.583805288750984808e+00 1.304787643775607409e+00 3.587346229091001870e-01 2.065537696718987570e-01 3.823132468110829851e+00 8.000000000000000000e+00 9.000000000000000000e+00 5.000000000000000000e+00 -9.418533338694435315e+02 2.172600000000069542e+02 -5.370504024147139399e-02 -8.828803752719494469e+00 3.547743031459456020e+00
4.424557102415868082e-01 1.762786108464823531e+00 6.987838949058253313e+00 5.723199548432234884e+00 1.593787680772719373e+00 7.723470545690442890e-01 5.583759929197298355e-01 3.489069042772371176e+00 1.000000000000000000e+01 1.000000000000000000e+01 4.000000000000000000e+00 -4.428162361581318009e+02 3.000999999999997385e+02 1.829788975988324395e+01 -8.692687054831801929e-02 6.282577521861057335e+00
5.471455159514921895e-01 1.728521598285231553e+00 7.545133470804127995e+00 3.975065812294504841e+00 1.204945672161085612e+00 7.692196947607765622e-01 4.289946729425468952e-01 3.138078489500164547e+00 8.000000000000000000e+00 1.200000000000000000e+01 5.000000000000000000e+00 -4.208814253763773650e+02 3.601200000000105774e+02 1.505133908602325654e+01 -1.398855667200880948e+00 1.793321329998320834e-03
6.972913200958789082e-01 1.617106150104130613e+00 8.161687772947274766e+00 6.148342614099105319e+00 1.353822252875352738e+00 8.549097793667694845e-01 3.863782163849835416e-01 3.091675990607714475e+00 8.000000000000000000e+00 1.300000000000000000e+01 5.000000000000000000e+00 -4.564446236641077803e+02 3.901299999999891384e+02 1.633622647900707747e+01 -3.746106389369983219e-03 4.715574797629087239e-02
3.836502150662359778e-01 1.496164911312256596e+00 7.716595958302473690e+00 4.409429778102174957e+00 1.980905563532107116e+00 5.977591184098726140e-01 3.973265120929267979e-01 2.826153930259468261e+00 1.000000000000000000e+01 1.100000000000000000e+01 4.000000000000000000e+00 -5.713067930798226826e+02 3.301100000000244563e+02 2.539073706748814985e+01 2.136426359127732710e-02 6.278027604058053157e+00
6.099067803964441925e-01 1.349582961821412574e+00 7.309067572810508118e+00 4.221264249108415356e+00 1.336072747995132870e+00 4.394324155531971199e-01 4.051691060367605401e-01 3.191033321371544051e+00 9.000000000000000000e+00 1.100000000000000000e+01 4.000000000000000000e+00 -4.507252974790582698e+02 3.301100000000244563e+02 1.785439359244037760e+01 -1.263230840487412909e-01 4.584885956667213158e-02
4.739976624735383615e-01 1.439204221283697960e+00 7.784437685513087679e+00 5.513768527381763818e+00 1.616413962298806295e+00 5.966453494971775129e-01 4.114171280942977571e-01 2.889949106269667389e+00 8.000000000000000000e+00 1.200000000000000000e+01 5.000000000000000000e+00 -4.793056032846304788e+02 3.601200000000105774e+02 1.870285020528907438e+01 -2.225731804303515693e-02 1.368752716388640760e-02
6.711320508986162725e-01 1.247758300547073373e+00 8.102273509720241407e+00 3.857493389024518216e+00 1.414375392996064296e+00 7.368079921299170998e-01 3.583773872431786356e-01 3.320971053060262967e+00 7.000000000000000000e+00 1.000000000000000000e+01 4.000000000000000000e+00 -1.944558093354397101e+02 3.000999999999997385e+02 2.775363083464990055e+00 -6.681722621672303575e-02 1.221274536513567745e-02
8.223650142433657217e-01 1.233202599851721315e+00 7.236525401507214461e+00 5.049258568622477128e+00 1.391591905960567033e+00 5.032090816081277174e-01 2.649286111939777033e-01 3.150773942505201486e+00 9.000000000000000000e+00 1.400000000000000000e+01 5.000000000000000000e+00 -3.466561287055635603e+02 4.201399999999720194e+02 8.536633044098595136e+00 7.218040821672044860e-02 6.263703365697699255e+00
7.553710402700222204e-01 1.127358803478052840e+00 5.647380885499472924e+00 3.974629430118848727e+00 1.116366782357198773e+00 6.198356538797445969e-01 3.319462384495063256e-01 3.138221919052657682e+00 8.000000000000000000e+00 1.000000000000000000e+01 4.000000000000000000e+00 -1.241002116667110755e+02 2.475999999999902172e+02 1.876322916974798583e-02 -9.071116328633237469e-01 1.606619965426059338e-02
4.302117893873763643e-01 1.457310874919143240e+00 7.632543593118645830e+00 2.747826623065737106e+00 1.417593866949981685e+00 3.359321313830343492e-01 2.719276557256070093e-01 3.340406738708626033e+00 7.000000000000000000e+00 1.200000000000000000e+01 5.000000000000000000e+00 -4.509741500185965037e+02 3.601200000000105774e+02 1.693213437616195094e+01 -9.166075932570091900e-02 1.145643460264800240e-02
6.416301897427945100e-01 1.279066222369266370e+00 8.061263023349194867e+00 3.687391867467479045e+00 1.314376991313327636e+00 6.040915636092417662e-01 2.755178216076949460e-01 3.308161181000399687e+00 8.000000000000000000e+00 6.000000000000000000e+00 4.000000000000000000e+00 -2.206458974884801137e+03 7.068000000000115790e+01 1.069493593030003709e+01 -3.316345330709524752e-01 5.162173035274565669e-02
5.985560024086746811e-01 1.343251227519652646e+00 6.725813983462074930e+00 2.788344769643336107e+00 1.485822785164915949e+00 1.306105584574313028e+00 2.428825096146162155e-01 3.650813663117332464e+00 8.000000000000000000e+00 8.000000000000000000e+00 4.000000000000000000e+00 -2.453739148545948581e+02 2.146400000000111561e+02 2.454821930724608928e-02 -1.040194781950573910e+00 5.170723446899664309e-03
9.463418779895840238e-01 1.483778101744781086e+00 6.843691655374852800e+00 5.100883473174608440e+00 6.563066505514765225e-01 5.160925488986706222e-01 4.760698691876158462e-01 2.730213571720855104e+00 5.000000000000000000e+00 9.000000000000000000e+00 5.000000000000000000e+00 -1.209008614134583013e+02 2.412000000000078614e+02 1.880383834089842734e-02 -7.419596408735104065e-01 6.268273710152250544e+00
9.210874594735765641e-02 1.455336226990389115e+00 8.341266145574271818e+00 2.764645983823531772e+00 1.214799649959925842e+00 8.183581582779791974e-01 3.833365387764530174e-01 2.480617928357700563e+00 8.000000000000000000e+00 9.000000000000000000e+00 4.000000000000000000e+00 -3.990032820806795826e+02 2.700900000000045225e+02 1.649739263004233081e+01 -1.036277503940523093e-01 6.281979958632676997e+00
2.296394816679432627e-01 1.401843043154930246e+00 7.452280399850277348e+00 2.636768452908287763e+00 1.221107354226085739e+00 9.414752391520294639e-01 3.683561005351642104e-01 2.629271516517637242e+00 7.000000000000000000e+00 1.200000000000000000e+01 5.000000000000000000e+00 -4.553710209126497830e+02 3.601200000000105774e+02 1.720693880704028089e+01 -2.555513171645554804e-01 5.782427833343588286e-02
1.681617181547490070e-01 1.511492726291964850e+00 8.183546689059372881e+00 3.735118536487096463e+00 1.259176671345819898e+00 7.009256053057002500e-01 1.913229873381253610e-01 3.065191263514094100e+00 8.000000000000000000e+00 9.000000000000000000e+00 4.000000000000000000e+00 -2.604928133731845037e+02 2.437200000000079569e+02 2.457563221745767690e-02 -1.021771726320880536e+00 6.280455046768172345e+00
2.293952114798913644e-01 2.422686326394746459e+00 6.045674347500102463e+00 4.972495067558988957e+00 8.435273817118645878e-01 4.690592556156618631e-01 4.606108681674753180e-01 2.109223517892236721e+00 8.000000000000000000e+00 7.000000000000000000e+00 4.000000000000000000e+00 -2.100775726171889062e+02 1.445499999999923944e+02 2.051451190549959461e-02 -1.010741149482826895e+00 6.278403526730042650e+00
7.459766607890397916e-01 1.899383459190223888e+00 5.966073420817413542e+00 4.541554767057475850e+00 1.664872110948165895e+00 6.727445390262094538e-01 3.852351404307369775e-01 2.723129112981100608e+00 7.000000000000000000e+00 1.100000000000000000e+01 4.000000000000000000e+00 -4.185561333666233850e+02 3.301100000000244563e+02 1.584382083541319908e+01 -5.242828716213165929e-01 3.762764238942539752e-02
4.059349357441473516e-01 2.443950292793322987e+00 6.478510881217093065e+00 3.709442053819890450e+00 6.452153874120125643e-01 1.367119552190276366e+00 4.273664974125206961e-01 3.213967844216293557e+00 9.000000000000000000e+00 1.400000000000000000e+01 4.000000000000000000e+00 -2.871499360299437171e+02 3.018399999999835472e+02 2.129749918360198530e-02 -9.058100049763802009e-01 6.268485165699785533e+00
6.288940110694758445e-01 1.315264223036902491e+00 7.980990895756442605e+00 4.731410429822370034e+00 1.485627495953050659e+00 2.784229885187631259e-01 3.772544644521089729e-01 3.000839680956494782e+00 1.000000000000000000e+01 1.400000000000000000e+01 4.000000000000000000e+00 -3.791364034432847347e+02 4.201399999999720194e+02 1.056665021520617032e+01 -2.326921701114393476e-02 6.097813788239623417e-03
4.407566124736091440e-01 1.808526305460102623e+00 5.593439104588018296e+00 5.900727997469153330e+00 1.810045683989493170e+00 5.723715070474677535e-01 3.603576442568172111e-01 2.995455059722297086e+00 8.000000000000000000e+00 1.000000000000000000e+01 4.000000000000000000e+00 -4.183860096068015082e+02 3.000999999999997385e+02 1.677100060042510066e+01 -5.895087304174093101e-02 5.443608419624330896e-03
5.941263495729636190e-01 1.425207256294690916e+00 7.920979092337270266e+00 3.166060966535408028e+00 1.355394865235375557e+00 4.207266478769087770e-01 1.825801211122993206e-01 3.368076192915430589e+00 8.000000000000000000e+00 8.000000000000000000e+00 4.000000000000000000e+00 -1.036937927477964934e+02 2.066400000000099055e+02 2.336204673697162004e-02 -9.603695755757876151e-01 7.162223742402495930e-03
