8.043924224155138969e-01 1.479091047100521639e+00 8.475388671237059413e+00 4.595261465788570199e+00 1.156529086359978864e+00 7.952337661869792740e-01 2.240290577362829827e-01 3.347268154428196585e+00 8.000000000000000000e+00 1.100000000000000000e+01 3.000000000000000000e+00 -1.716084433410501333e+02 3.301100000000244563e+02 4.095902088148698494e-01 -8.009060578533342412e-01 2.104046965501288335e-02
3.468411031347846674e-01 1.143733064342737249e+00 7.187533724062382667e+00 3.906843985806986108e+00 6.889907506833533590e-01 7.556172731394437125e-01 3.769714571793952862e-01 2.886952857296313013e+00 9.000000000000000000e+00 9.000000000000000000e+00 4.000000000000000000e+00 -2.172760281849171861e+03 1.215900000000033430e+02 6.997830115573115961e+00 -2.300796405672816736e+00 3.349391889129411104e-01
6.907134722252971093e-01 1.622470410123743267e+00 7.202106263299523192e+00 3.143214375188427834e+00 1.080426832418209804e+00 3.149539111335162289e-01 2.756129672204792325e-01 3.170336294731381344e+00 8.000000000000000000e+00 1.400000000000000000e+01 4.000000000000000000e+00 -4.949589262922877424e+02 4.201399999999720194e+02 1.780555789326885829e+01 -1.449290318101296604e+00 6.282869363577781918e+00
6.738701611408639547e-01 1.312044611142463957e+00 7.724731734947520856e+00 3.845576537698064179e+00 1.648290848219268412e+00 6.429869557617844400e-01 4.205481710037922150e-01 2.979793009961402284e+00 8.000000000000000000e+00 9.000000000000000000e+00 4.000000000000000000e+00 -2.638423904285182289e+02 2.700900000000045225e+02 8.049836901782246201e+00 2.325587525356200558e-01 6.279331790166842175e+00
5.850631521681215474e-01 1.654324915784569860e+00 6.828381873477829878e+00 4.096566634477393443e+00 9.747383576202619526e-01 6.208163133703805681e-01 4.562449297742579568e-01 3.187709444963027661e+00 7.000000000000000000e+00 1.100000000000000000e+01 5.000000000000000000e+00 -4.588458347526695320e+02 3.301100000000244563e+02 1.836192717204108149e+01 -7.524891807781088071e-02 2.618921575779340274e-02
5.900891998650265036e-01 1.885134568189020365e+00 6.690753823433566616e+00 3.342512236088720279e+00 1.143638688241290557e+00 8.214542975751565335e-01 5.149787929251238294e-01 2.771541821303302289e+00 8.000000000000000000e+00 1.100000000000000000e+01 4.000000000000000000e+00 -1.995257194487948027e+02 3.301100000000244563e+02 2.154419965548911797e+00 -2.313935617474724427e-01 6.277454734078424359e+00
5.203491148238068575e-01 1.535888889979689420e+00 5.919020097856966700e+00 4.127800373746784324e+00 1.263518411731710644e+00 5.014470444482056477e-01 3.056099935799672651e-01 3.021337284183539751e+00 8.000000000000000000e+00 8.000000000000000000e+00 4.000000000000000000e+00 -2.198449732174715336e+02 1.620800000000029399e+02 1.701270005189100404e-02 -1.017181536737056691e+00 6.281524159854139810e+00
5.026663070269646871e-01 1.515313382908045847e+00 6.616133708846104966e+00 4.338422070406893205e+00 1.132636851281537016e+00 6.214110769158216474e-01 2.835985946369374289e-01 3.052352652542335232e+00 8.000000000000000000e+00 7.000000000000000000e+00 4.000000000000000000e+00 -2.216090099499242854e+02 1.647099999999904298e+02 1.852640847402832816e-02 -1.026160674569217113e+00 7.011007478961604408e-04
4.913752366642955560e-01 1.698749055116169693e+00 6.252549570749514452e+00 3.537313837600943867e+00 1.174191647226246360e+00 4.791868764620508259e-01 2.653301477694084420e-01 3.125717764728495496e+00 9.000000000000000000e+00 1.000000000000000000e+01 5.000000000000000000e+00 -2.410232626276481085e+02 2.486999999999901547e+02 2.191397572699073371e-02 -1.068108996666517152e+00 7.322191089017747456e-02
1.423915356313438796e-01 1.907541094465120768e+00 6.977780963229990974e+00 4.245432557683511909e+00 1.523383914822533880e+00 5.577116720256795057e-01 3.339294196636400924e-01 2.964726201347670731e+00 9.000000000000000000e+00 1.200000000000000000e+01 4.000000000000000000e+00 -4.617519163302669085e+02 3.601200000000105774e+02 1.760574477064135124e+01 -7.174827846917538610e-01 1.080230082222313585e-02
5.649973467212878742e-01 1.530169664784662986e+00 6.942245506494363561e+00 2.612981388722831699e+00 1.731340727116478018e+00 4.800770506832077178e-01 4.235827092806840888e-01 2.788249809411569302e+00 9.000000000000000000e+00 1.200000000000000000e+01 4.000000000000000000e+00 -5.818699386689922903e+02 3.601200000000105774e+02 2.511312116681169115e+01 1.766197615660922149e-01 1.351028134175358275e-02
6.766459433024670789e-01 1.189267348704334371e+00 7.131307724446799057e+00 4.578533997896252039e+00 1.211361159214706440e+00 1.134701305425652285e+00 3.565815493332379904e-01 2.501589993042967919e+00 8.000000000000000000e+00 1.400000000000000000e+01 4.000000000000000000e+00 -3.319623448249717512e+02 4.201399999999720194e+02 7.618271551561610622e+00 -2.117191563195784276e+00 1.693405332753278869e-01
7.946672098918576843e-01 1.366866230984108865e+00 9.069007328932128686e+00 3.631763801948042047e+00 1.510005533357684726e+00 6.404221406152403873e-01 3.935565329215311436e-01 2.744129252539392549e+00 9.000000000000000000e+00 1.200000000000000000e+01 5.000000000000000000e+00 -2.281900418634305936e+02 3.601200000000105774e+02 3.008127616464081999e+00 -5.273779812186772942e-01 4.962655391273783356e-02
4.538129473566404615e-01 1.612525460000898025e+00 8.101627458033696882e+00 5.198951390027456654e+00 1.249569930288837005e+00 1.159489634327937946e+00 2.881935041729649094e-01 2.427937302564068922e+00 8.000000000000000000e+00 9.000000000000000000e+00 5.000000000000000000e+00 -2.119236843832133275e+02 2.514600000000082503e+02 1.929039286070757114e-02 -1.075345742471147670e+00 1.861317587782790883e-01
9.436459389804854325e-01 1.655568832282416913e+00 7.174453769462251884e+00 4.177482177548309750e+00 1.207572241072520258e+00 2.819040175958147376e-01 4.427115138425522511e-01 2.760363898655879389e+00 7.000000000000000000e+00 1.000000000000000000e+01 4.000000000000000000e+00 -2.839628895852670212e+02 3.000999999999997385e+02 8.369555599079198771e+00 -2.561101952635991968e-02 6.279832983114929768e+00
9.294881097131173497e-01 1.381562477254913768e+00 7.848099095292801586e+00 4.053198462876744124e+00 1.782578619435722933e+00 3.995978653890638332e-01 2.386617779580472720e-01 3.655234481993718809e+00 9.000000000000000000e+00 1.200000000000000000e+01 5.000000000000000000e+00 -2.352007329429661127e+02 3.601200000000105774e+02 3.446295808935051497e+00 4.800241601047214313e-02 5.943127382414330195e-02
4.752184880754647955e-02 1.404363665030762043e+00 7.133133183681978018e+00 4.581132475894639455e+00 9.801223347657875840e-01 7.660415652248874219e-01 3.519646142294063917e-01 2.415551954330273254e+00 1.000000000000000000e+01 1.300000000000000000e+01 4.000000000000000000e+00 -3.831168052456080773e+02 3.901299999999891384e+02 1.175323782785084425e+01 -1.036981010256191604e+00 6.275229006991238201e+00
2.622868292437832705e-01 1.574812485995042755e+00 7.368826806099503912e+00 3.887933541225628176e+00 1.542709770686095716e+00 1.432887578935793105e-01 4.338660910110339053e-01 2.631449706314683112e+00 6.000000000000000000e+00 1.100000000000000000e+01 4.000000000000000000e+00 -5.604788263954274043e+02 3.301100000000244563e+02 2.471398914971344851e+01 -1.081678627031635587e-01 5.307439563265171217e-03
3.366839447791024620e-01 1.227793554085881311e+00 7.877380767450761212e+00 4.489219823522923036e+00 9.375110373221522408e-01 3.821000915318804037e-01 3.524238541055597085e-01 2.753725750115759041e+00 1.000000000000000000e+01 1.000000000000000000e+01 4.000000000000000000e+00 -2.579083910436065139e+02 2.395999999999906720e+02 2.284724905249508470e-02 -1.017267552764426153e+00 6.279027838682001317e+00
5.583757081201140560e-01 1.507967872985863211e+00 5.831996410647981577e+00 3.947239957367774554e+00 9.429933961734462411e-01 3.105312742086710487e-01 3.547170296810634449e-01 3.178591139085641171e+00 8.000000000000000000e+00 9.000000000000000000e+00 5.000000000000000000e+00 -3.986135215134364671e+02 2.700900000000045225e+02 1.647303259458963609e+01 -1.263409698080999455e-01 3.370836389228556995e-02
6.818710258555471526e-01 1.453406797108789839e+00 6.516001329690356059e+00 3.814158482660954697e+00 1.569260230028999947e+00 5.455513099868152249e-01 3.826686731400730790e-01 2.818163950888488145e+00 7.000000000000000000e+00 1.200000000000000000e+01 5.000000000000000000e+00 -4.555880645707664485e+02 3.601200000000105774e+02 1.722050403567257248e+01 7.519282963190003499e-02 1.859604820247717782e-03
6.891249812863489144e-01 1.642230650145886761e+00 7.945504293415247332e+00 4.277802172145464432e+00 1.596370423940655314e+00 6.375308238122420201e-01 3.307197636945602981e-01 3.316307316867388000e+00 9.000000000000000000e+00 9.000000000000000000e+00 4.000000000000000000e+00 -2.678289449766442090e+02 2.614500000000069235e+02 1.698860137307943441e-02 -1.064580413286596361e+00 6.274474800289014276e+00
2.715022574338548100e-01 1.664262145615227340e+00 8.305477536576880482e+00 4.705938805193000896e+00 1.353427034543392748e+00 5.422934735984387133e-01 4.165175330878406745e-01 2.354078942224367310e+00 8.000000000000000000e+00 1.000000000000000000e+01 4.000000000000000000e+00 -5.135160512932440042e+02 3.000999999999997385e+02 2.271662820582776021e+01 -6.698210994544295804e-02 1.674729611620587311e-03
7.958931815009046007e-01 1.379060852904401280e+00 6.464741113873726519e+00 4.231286710093451475e+00 1.356784664167896448e+00 5.430790277973402969e-01 2.139463390578631441e-01 3.239984735874788413e+00 8.000000000000000000e+00 1.000000000000000000e+01 4.000000000000000000e+00 -2.858136425058331724e+02 2.932999999999981924e+02 2.334117197920190095e-02 -1.032306064999254147e+00 6.281840078650350989e+00
5.293668338014850816e-01 2.107770684629372226e+00 7.484259786664092751e+00 4.076212441281618304e+00 1.760963241282427649e+00 4.220497778702549940e-01 3.170110709722528397e-01 3.446837517125513006e+00 9.000000000000000000e+00 1.300000000000000000e+01 4.000000000000000000e+00 -4.581547549465225302e+02 3.901299999999891384e+02 1.644310968415799934e+01 -1.997301575216783309e+00 6.256310078301693167e+00
1.097863789550233005e+00 1.244238646752160671e+00 6.686237822374343054e+00 3.899780194359798724e+00 1.320429428346344247e+00 3.369173076751510454e-01 3.076413503030713814e-01 2.899691502129925436e+00 8.000000000000000000e+00 1.000000000000000000e+01 5.000000000000000000e+00 -2.626386096210353003e+02 2.701999999999929400e+02 1.975803641274444244e-02 -1.036617046777291939e+00 3.804550403689340582e-02
6.452950586997032723e-01 1.738923149869695095e+00 6.635156467934496760e+00 4.764831819946708791e+00 1.386023634824980144e+00 5.525679558654266188e-01 3.802757997492078879e-01 3.101523116585718665e+00 7.000000000000000000e+00 1.200000000000000000e+01 4.000000000000000000e+00 -4.483087662576371031e+02 3.601200000000105774e+02 1.676554789110198840e+01 1.219345294130305818e-01 5.622095015127115403e-03
6.622326199560595317e-01 1.635670608015288741e+00 7.078492401758413877e+00 4.092036580981041283e+00 1.523441789235851163e+00 7.958979881062180350e-01 3.656810230778372306e-01 3.260110442432654576e+00 7.000000000000000000e+00 1.300000000000000000e+01 5.000000000000000000e+00 -4.777028482152768447e+02 3.901299999999891384e+02 1.766486551345514044e+01 3.634538853771411282e-01 6.262122769856051541e+00
7.083302247655196560e-01 1.659750711820402458e+00 6.999551750964810637e+00 5.192725121609299777e+00 1.237638023125371411e+00 6.230217773174997475e-01 2.036485148725518946e-01 3.015812804450729523e+00 5.000000000000000000e+00 1.100000000000000000e+01 5.000000000000000000e+00 -4.613632473708971702e+02 3.301100000000244563e+02 1.851926546068030888e+01 -1.038764600497106144e-01 1.322605771148031850e-02
4.912524039896088990e-01 1.316928061447680376e+00 6.677310989730347757e+00 3.139367751579718480e+00 1.597334673159763740e+00 3.310507772559781459e-01 4.275917091769963485e-01 2.753172380264568897e+00 6.000000000000000000e+00 1.000000000000000000e+01 5.000000000000000000e+00 -4.324875076825957194e+02 3.000999999999997385e+02 1.765234423016224241e+01 -1.314590813508357825e-01 6.254563268420271882e+00
8.585629789950200985e-01 1.420699271502033456e+00 9.315539766617741080e+00 4.546280224921802393e+00 1.264469266180750173e+00 9.401459615085931976e-01 4.218772040899367304e-01 2.718175865537609148e+00 8.000000000000000000e+00 1.200000000000000000e+01 5.000000000000000000e+00 -3.117287976864701022e+02 3.601200000000105774e+02 8.229299855404049069e+00 -9.698136692483777521e-01 1.163608911092022663e-01
4.770781342931661451e-01 1.571356222917289491e+00 6.350239942177052122e+00 4.247139383466810081e+00 1.520654735348508035e+00 3.713528879355352252e-01 3.983640865351902316e-01 2.623241752126246773e+00 5.000000000000000000e+00 1.200000000000000000e+01 5.000000000000000000e+00 -5.024713634275885283e+02 3.601200000000105774e+02 2.015071021422395248e+01 -3.130685509137083322e-01 8.101308481272318646e-03
4.680916047793098334e-01 8.952453007186478295e-01 6.145065848493616478e+00 4.008353626733075714e+00 1.237958415058434181e+00 4.433025543786127676e-01 4.337042468601760015e-01 2.488223834058191475e+00 1.000000000000000000e+01 9.000000000000000000e+00 4.000000000000000000e+00 -2.644319399856507857e+02 2.563200000000083492e+02 2.285570224635304765e-02 -1.051213202111462630e+00 1.110727292614008960e-02
5.436777895321894816e-01 1.098247304426442250e+00 7.345547705200222488e+00 4.742122200963322598e+00 1.302532302773152351e+00 4.668690774308463243e-01 4.003294584944305790e-01 2.596709448889235716e+00 8.000000000000000000e+00 9.000000000000000000e+00 4.000000000000000000e+00 -4.028583629809619424e+02 2.700900000000045225e+02 1.673833518630997830e+01 6.537490437840607488e-03 6.277723813773497419e+00
7.970542796031632182e-01 1.486818662859954232e+00 6.691066570245686407e+00 3.738101375072966803e+00 1.663302427329514943e+00 4.895717667000357709e-01 3.187579958760953791e-01 2.532807525694823259e+00 9.000000000000000000e+00 1.500000000000000000e+01 4.000000000000000000e+00 -5.203423543775760436e+02 4.501499999999774104e+02 1.845420964859921042e+01 -2.299009320677936064e-01 3.939438362143907191e-02
6.916998676525722978e-01 1.749922698455521397e+00 6.731486556438287749e+00 5.290189002960544506e+00 1.508448713833761889e+00 5.954941416946442079e-01 3.157638579278317370e-01 3.137541218568787205e+00 9.000000000000000000e+00 1.200000000000000000e+01 4.000000000000000000e+00 -2.793639463253657027e+02 2.810400000000075806e+02 2.194454311530169566e-02 -1.023417835906251128e+00 6.281204301280129521e+00
5.814340451292703271e-01 1.462135485556693038e+00 7.499772599361421932e+00 5.029735342423307110e+00 1.195460076161387164e+00 8.350372677989607029e-01 6.434578310170210314e-01 2.885574068222666266e+00 9.000000000000000000e+00 9.000000000000000000e+00 4.000000000000000000e+00 -2.672737962045772520e+02 2.594700000000074738e+02 1.890228676651682649e-02 -1.044402960544191128e+00 6.641371050486167410e-03
5.648175231379792827e-01 1.335008540600662208e+00 6.876590625410708313e+00 2.232494573619076661e+00 9.675135065115781918e-01 1.839319160631556760e-01 2.468971775790968493e-01 3.119751710050938431e+00 8.000000000000000000e+00 1.100000000000000000e+01 4.000000000000000000e+00 -2.715059513281088357e+02 2.726900000000173350e+02 2.175424190472782446e-02 -1.059628974283595815e+00 1.469730511686926158e-02
3.086293526389873310e-01 1.027314207697794579e+00 7.645747974541418301e+00 2.595666613936964850e+00 1.622029476673954695e+00 8.653781507906456172e-01 2.767294276432120670e-01 3.328131856751827211e+00 7.000000000000000000e+00 1.000000000000000000e+01 4.000000000000000000e+00 -2.253742961778403242e+03 1.854999999999937472e+02 1.006206011115037491e+01 -3.388395321800699911e+00 1.561777923885985020e+00
6.534365262991560508e-01 2.398896875106637072e+00 5.866300831098707036e+00 3.333745337909204576e+00 1.590094149599929674e+00 2.642005108920063572e-01 4.706726359407975568e-01 2.906225966000769212e+00 6.000000000000000000e+00 1.000000000000000000e+01 4.000000000000000000e+00 -5.430361197272853815e+02 3.000999999999997385e+02 2.456163248295534274e+01 -1.732229926085571692e-01 1.066572068114586373e-02
7.203369012382347947e-01 1.772339345098109975e+00 6.548934722998072999e+00 4.739146284490566075e+00 9.546649172874637213e-01 1.694925034006245224e-01 2.813267057456862452e-01 3.181009594160512322e+00 7.000000000000000000e+00 7.000000000000000000e+00 4.000000000000000000e+00 -2.391900841352368388e+03 1.995000000000005969e+01 2.387036508452302286e+01 -4.587183959284996115e-01 1.061615928907851114e-02
1.162792084697514827e+00 1.025451774177446040e+00 6.578223805025884552e+00 5.636051033369765761e+00 1.405196823595166622e+00 4.272734443042941477e-01 4.100544093994975547e-01 2.461190854250681515e+00 1.100000000000000000e+01 1.100000000000000000e+01 4.000000000000000000e+00 -5.086287774206493282e+02 3.301100000000244563e+02 2.147336108878981875e+01 -5.867700007342087354e-02 6.278610791503100863e+00
8.496453784465552994e-01 1.153328426520944472e+00 7.030304481497855917e+00 5.097803237727601910e+00 1.097708088844436825e+00 4.851730792530641323e-01 3.480347024641641251e-01 2.772761240515369430e+00 8.000000000000000000e+00 1.600000000000000000e+01 5.000000000000000000e+00 -5.137597263832599310e+02 4.801600000000302657e+02 1.710498289895280166e+01 -1.433993270310841783e+00 5.198508664046750868e-03
1.027796805302612748e+00 8.439149047178821084e-01 6.526132017092809434e+00 3.108317218862513442e+00 1.833417883216719835e+00 1.072371978576299067e+00 3.903218380553242772e-01 2.675382548951796835e+00 8.000000000000000000e+00 9.000000000000000000e+00 4.000000000000000000e+00 -2.192701332047648066e+03 1.316700000000037107e+02 7.929145752977884598e+00 -9.059078952264632001e-01 6.268681747327059739e+00
8.802068798483426715e-01 1.869543515047719540e+00 6.586851560233017544e+00 3.700725674794401066e+00 1.559405293483142163e+00 6.382403686803390652e-01 3.600565547271880606e-01 2.325762550179871546e+00 8.000000000000000000e+00 1.400000000000000000e+01 4.000000000000000000e+00 -5.540803876687282354e+02 4.201399999999720194e+02 2.150064922929639266e+01 -6.442207550923229054e-03 8.904232874825990934e-03
7.956203945379811682e-01 1.458641716307754743e+00 6.942637970196068764e+00 3.840310066252456078e+00 1.531050143366212923e+00 5.780261214862887353e-01 3.988631890675877756e-01 3.306653229854636944e+00 9.000000000000000000e+00 1.200000000000000000e+01 5.000000000000000000e+00 -2.243687759435496218e+02 3.601200000000105774e+02 2.769298496471520377e+00 1.720769524822149954e-01 6.274234886343182716e+00
9.158596873405233652e-01 1.576567765525498155e+00 7.374898266097770438e+00 4.960795906070313954e+00 1.565122365843825136e+00 8.956893932648475332e-01 4.484872532200813167e-01 2.838360479297538319e+00 8.000000000000000000e+00 1.200000000000000000e+01 4.000000000000000000e+00 -4.702220879354827048e+02 3.601200000000105774e+02 1.813513049596733850e+01 -5.606172872765577408e-02 9.972840486028210910e-03
5.941263495729636190e-01 1.425207256294690916e+00 7.920979092337270266e+00 3.166060966535408028e+00 1.355394865235375557e+00 4.207266478769087770e-01 1.825801211122993206e-01 3.368076192915430589e+00 8.000000000000000000e+00 8.000000000000000000e+00 4.000000000000000000e+00 -1.036937927477964934e+02 2.066400000000099055e+02 2.336204673697162004e-02 -9.603695755757876151e-01 7.162223742402495930e-03
