9.659935251382382182e-01 1.721126991746934953e+00 6.513452323694327362e+00 3.203761739032035205e+00 1.715099972229075620e+00 4.673742559268804220e-01 3.364434462219035860e-01 2.670482449941389724e+00 6.000000000000000000e+00 1.100000000000000000e+01 3.000000000000000000e+00 -5.636609414664710584e+02 3.301100000000244563e+02 2.491287134165367334e+01 1.129379093827060643e-01 6.282175737474252841e+00
8.323027107600132757e-01 1.534028924412653039e+00 6.080280273713080774e+00 4.986169607638224477e+00 1.127359200826609564e+00 5.210174115774924841e-01 1.086779053238211556e-01 2.860240235425381972e+00 8.000000000000000000e+00 1.300000000000000000e+01 4.000000000000000000e+00 -3.152477373147732465e+02 3.543799999999903889e+02 2.155969763044238152e-02 -1.055872552135303621e+00 6.277591283524513344e+00
8.321556203466833335e-01 1.304997097755246083e+00 7.707844918757984054e+00 4.976806138233000887e+00 1.515514241255217609e+00 2.360658779561163323e-01 4.125757081893854372e-01 3.069868639408167788e+00 9.000000000000000000e+00 8.000000000000000000e+00 4.000000000000000000e+00 -3.977706288606184444e+02 2.400800000000151329e+02 1.735816430378817898e+01 -1.124853206818438034e-01 6.259695563710425681e+00
4.990645891021677216e-01 6.841138804321750255e-01 7.467080907141494528e+00 5.419311590369449760e+00 1.663673636219831664e+00 1.610533041358941375e-01 3.345181160351370364e-01 3.238217881233459661e+00 7.000000000000000000e+00 1.400000000000000000e+01 3.000000000000000000e+00 -5.817884096532465037e+02 4.201399999999720194e+02 2.323240060332878087e+01 -2.286870418220640078e-01 1.008404075520898981e-02
6.455598401573841016e-01 1.293808967972348567e+00 5.702324359396707010e+00 4.778692131982292146e+00 1.594347818912270398e+00 4.001635955337025097e-01 2.566793662948002042e-01 3.394125364169919834e+00 8.000000000000000000e+00 1.000000000000000000e+01 4.000000000000000000e+00 -1.963607350842276276e+02 3.000999999999997385e+02 2.894420942764234894e+00 -5.476497315572552427e-02 8.975631269774325682e-04
3.358844697303451365e-01 6.348407482427920190e-01 7.045761335247151536e+00 5.381198557366380086e+00 1.493567483851516275e+00 7.266846839420473270e-01 4.002738699348745710e-01 3.000146448224615181e+00 8.000000000000000000e+00 1.100000000000000000e+01 3.000000000000000000e+00 -2.402401122680411731e+02 3.301100000000244563e+02 4.699069516751809950e+00 -1.892301626594114827e+00 6.192787030945035909e+00
6.535901095181877452e-01 9.790721062955692888e-01 6.293483436810959120e+00 5.017519929511874643e+00 1.737303515843377832e+00 5.871065129317991627e-01 4.292523119998430947e-01 3.071967607813463896e+00 7.000000000000000000e+00 1.200000000000000000e+01 3.000000000000000000e+00 -2.371040595264315471e+03 1.802400000000037892e+02 1.755753720401961715e+01 -7.402772625916787419e+00 3.936145902922436157e+00
1.047364178295234316e+00 7.233084449957802864e-01 6.826210574827644706e+00 3.516784890067671476e+00 1.929211276631537242e+00 1.082832117856475262e+00 4.891525883473465952e-01 2.892635877255207433e+00 7.000000000000000000e+00 1.200000000000000000e+01 2.000000000000000000e+00 -2.410929752606262809e+03 2.650800000000069758e+02 1.739935953789120759e+01 -2.221475774870854902e+00 9.259140371796286129e-01
6.180323814716974784e-01 1.353150313962347973e+00 7.323183504516414644e+00 4.638126588731215527e+00 1.715012181013060966e+00 4.927051851625953716e-01 3.301770079640611311e-01 2.767911714434254655e+00 8.000000000000000000e+00 1.300000000000000000e+01 4.000000000000000000e+00 -5.004542601755247233e+02 3.901299999999891384e+02 1.908682876097063286e+01 7.149277786116203792e-02 6.264133594377844894e+00
9.798984338625756907e-01 1.133269249589799132e+00 9.162204754103726145e+00 5.044360726528494432e+00 1.089908030999372501e+00 5.742287438980057113e-01 1.701508645080113125e-01 3.447683478076509545e+00 7.000000000000000000e+00 1.100000000000000000e+01 4.000000000000000000e+00 -2.946747790359846135e+02 3.122900000000222462e+02 1.585033182278050568e-02 -1.049787934881522666e+00 3.520054571581989963e-03
5.216781908399034107e-01 1.693425199547470950e+00 6.520702141907842808e+00 4.736944568974733372e+00 1.312937862090119534e+00 6.490438805146744317e-01 2.552969535238934773e-01 2.962703536756190470e+00 7.000000000000000000e+00 1.100000000000000000e+01 4.000000000000000000e+00 -2.201778168167048193e+02 3.301100000000244563e+02 3.445176051043286503e+00 -3.010593885735338704e-01 6.265982711481546730e+00
1.351232119271056131e+00 1.219054019104436115e+00 6.243508796361370017e+00 3.234663239004290425e+00 1.749064065916509758e+00 7.460968270625925047e-01 4.565905168995444408e-01 2.447012159402561782e+00 8.000000000000000000e+00 1.300000000000000000e+01 3.000000000000000000e+00 -4.634147299601642089e+02 3.901299999999891384e+02 1.677185812251060426e+01 8.132080020643041307e-02 6.277546352847978461e+00
7.402174648574467719e-01 1.579390226671019359e+00 5.256155198716741417e+00 4.317383449159914122e+00 2.357364760824939953e+00 9.595155949337049739e-01 2.359648656207727901e-01 3.017187534767713952e+00 7.000000000000000000e+00 5.000000000000000000e+00 4.000000000000000000e+00 -2.386882206108085484e+03 1.430000000000006821e+01 2.373326288175532284e+01 -1.173008824562803198e+00 2.344468033025760012e-01
6.581965599413832635e-01 1.697256553898748743e+00 7.145814656933865194e+00 4.728486427788285873e+00 1.359642885050905470e+00 9.048107965014515752e-01 4.803347559624678853e-01 2.579040989228380099e+00 6.000000000000000000e+00 1.200000000000000000e+01 3.000000000000000000e+00 -5.503741147565046958e+02 3.601200000000105774e+02 2.314463217228120939e+01 -6.971685312337715379e-01 8.368592220682702365e-02
1.151636703179821808e+00 1.946288525934944502e+00 7.175256276419442969e+00 3.338531535122567284e+00 1.535338306323654090e+00 7.723878525752192470e-01 4.397567730019866783e-01 2.871778477413363895e+00 7.000000000000000000e+00 1.200000000000000000e+01 4.000000000000000000e+00 -4.520539049766599078e+02 3.601200000000105774e+02 1.699961906104091369e+01 -1.561877686349548988e-01 1.709626263796994172e-02
5.341951192076138666e-01 1.170528715832169109e+00 5.704186040936471969e+00 3.440270085690769086e+00 1.662889833832686293e+00 7.036229032613185996e-01 1.672291663743443180e-01 2.945084277981401488e+00 9.000000000000000000e+00 1.000000000000000000e+01 3.000000000000000000e+00 -4.123580555260674601e+02 3.000999999999997385e+02 1.639425347037922265e+01 8.642823630170562432e-03 7.219880363929613576e-03
4.448797926255926294e-01 1.240506816073633889e+00 6.488392455982081586e+00 4.560495050962619423e+00 1.647856734253689170e+00 3.166865424122997097e-01 3.096460025104747493e-01 3.295906698158374226e+00 8.000000000000000000e+00 8.000000000000000000e+00 4.000000000000000000e+00 -2.215337677654680647e+03 1.953600000000081423e+02 7.353604853417302856e+00 -1.486430322365444451e-02 1.703583531562330167e-01
1.156176961370439127e+00 1.359153765495301425e+00 7.187073862656109924e+00 3.849266579650469033e+00 1.440436848916575086e+00 6.518865886251863362e-01 3.079078206411252627e-01 2.636140957673645868e+00 7.000000000000000000e+00 1.300000000000000000e+01 3.000000000000000000e+00 -4.708443141937575547e+02 3.901299999999891384e+02 1.723620713711018482e+01 -3.298367581291821171e-01 9.286621054389382346e-02
5.052548432979893089e-01 1.545836969421686913e+00 7.910156974143409236e+00 4.898522673565991248e+00 1.258279800258487402e+00 5.213054178784823911e-01 3.065489930619435532e-01 3.329615803413409125e+00 8.000000000000000000e+00 1.500000000000000000e+01 4.000000000000000000e+00 -4.547747376474180783e+02 4.501499999999774104e+02 1.435623360296433759e+01 -1.697878112373754078e+00 5.959581407466885139e-03
8.475107289986129055e-01 1.238235842449828539e+00 7.058499775326812831e+00 4.707271777281376579e+00 1.613914183099845134e+00 5.166745577710314397e-01 3.333210883470703045e-01 3.457051597809510213e+00 9.000000000000000000e+00 7.000000000000000000e+00 4.000000000000000000e+00 -2.213119764932628186e+03 9.925999999999680767e+01 1.021811030828935785e+01 -7.952576872601863078e-01 6.273199073971948536e+00
8.232027382231231760e-01 1.183029867425962500e+00 6.219273666921909083e+00 3.724301327109310833e+00 1.309025443139219202e+00 4.220623277473826152e-01 2.508226786367133143e-01 2.923366785250657962e+00 8.000000000000000000e+00 1.100000000000000000e+01 3.000000000000000000e+00 -2.606881893518424818e+02 3.301100000000244563e+02 5.977074334489389962e+00 -1.166551429621775160e+00 2.024540300374967627e-02
8.200497503480401740e-01 1.651115472866336864e+00 7.340617352891637637e+00 5.330304748495310108e+00 2.011783738064681692e+00 7.413759353226211379e-01 2.985605219612565420e-01 2.885523779239857589e+00 9.000000000000000000e+00 1.300000000000000000e+01 3.000000000000000000e+00 -5.936085366899885685e+02 3.901299999999891384e+02 2.490897104312462673e+01 -1.469365405298428129e-01 6.255112821591656491e+00
5.269315159754869304e-01 1.687135938760617515e+00 7.432787516056943211e+00 4.746761397353322032e+00 1.378787801558665871e+00 8.612073517448405324e-01 3.090489167720564256e-01 3.215818128736875003e+00 8.000000000000000000e+00 1.200000000000000000e+01 4.000000000000000000e+00 -2.314923935303353915e+02 3.601200000000105774e+02 3.214524595645632310e+00 -1.004372661957847745e-01 6.281043305589151693e+00
7.872663597307809624e-01 9.906248915794257925e-01 8.135222941306262001e+00 4.309549367983771084e+00 1.029468544017876352e+00 6.377623049409626432e-01 3.403191833072992667e-01 3.650227856327437514e+00 8.000000000000000000e+00 7.000000000000000000e+00 5.000000000000000000e+00 -2.393631215409000106e+03 1.722000000000004860e+01 2.406382596306249155e+01 -1.007644763861816228e+00 7.266999163948619778e-01
7.456460992227968987e-01 1.943863468671201744e+00 8.279933030720764364e+00 3.567178637154198029e+00 1.857378883175677231e+00 7.172323572146750426e-01 3.468183608239968074e-01 2.979053746463111718e+00 8.000000000000000000e+00 1.200000000000000000e+01 4.000000000000000000e+00 -4.479462061781997022e+02 3.601200000000105774e+02 1.674288788613715084e+01 -3.636334340115003616e-02 7.884980390046258947e-03
7.124530581276338204e-01 1.872988344256662829e+00 7.532329977125840514e+00 4.736006173597981928e+00 1.470127291355362908e+00 4.003125303206560570e-01 1.729944656164213723e-01 3.091945792619664957e+00 8.000000000000000000e+00 1.100000000000000000e+01 4.000000000000000000e+00 -3.491612523812401037e+02 3.301100000000244563e+02 1.150664077382674222e+01 1.967682282319843656e-02 6.274921381675757637e+00
4.792351762277200500e-01 1.640021420871316860e+00 6.056866017839671379e+00 3.302507097594428842e+00 1.433241668889376097e+00 7.863755463078803132e-02 1.515239917277935722e-01 3.282392485437999774e+00 7.000000000000000000e+00 1.000000000000000000e+01 4.000000000000000000e+00 -4.192516459510386539e+02 3.000999999999997385e+02 1.682510287193992227e+01 1.236031434597764656e-02 6.276910621559778747e+00
9.015720980970338694e-01 1.249574267523440474e+00 7.655667529195188337e+00 4.441260432725833596e+00 1.030374543785099961e+00 6.504847398568331940e-01 3.903076154804401843e-01 2.670825456521872532e+00 9.000000000000000000e+00 1.000000000000000000e+01 4.000000000000000000e+00 -2.591008030727957703e+02 2.399999999999906493e+02 2.230497798281210614e-02 -1.002182492964476035e+00 6.282640814970250176e+00
8.784276015027132622e-01 1.719930481765049368e+00 5.463030961342196790e+00 3.755075931365114084e+00 1.277491370370644530e+00 5.381084624705727570e-01 1.602589961612424230e-01 2.873088113612112249e+00 9.000000000000000000e+00 1.100000000000000000e+01 4.000000000000000000e+00 -2.783707172425164913e+02 2.786300000000180717e+02 1.807695528339154853e-02 -1.047151722320926570e+00 2.007239621743250706e-03
1.090388683824059735e+00 1.218031272297745327e+00 5.944555744935689390e+00 3.856422769850324173e+00 1.638755664875123363e+00 9.550672013347419886e-01 3.368658999091730943e-01 2.352327387657069835e+00 7.000000000000000000e+00 1.200000000000000000e+01 3.000000000000000000e+00 -3.631319545263881992e+02 3.601200000000105774e+02 1.144199715789893190e+01 -2.499833178778034237e-01 3.202954669214916339e-02
3.033324412285971494e-01 1.599582173300452714e+00 6.001496019046444808e+00 5.223817157557309798e+00 1.945621221344653540e+00 6.794900040764585425e-01 4.511639461005721996e-01 2.882071800815443563e+00 6.000000000000000000e+00 1.400000000000000000e+01 4.000000000000000000e+00 -5.689275999204437539e+02 4.201399999999720194e+02 2.242859999502861257e+01 -2.299824303511564527e-01 6.278403938402639994e+00
7.786053929968115295e-01 1.489297047520345751e+00 7.864810801744134494e+00 4.281411051848041716e+00 1.913241677833465548e+00 5.762697650300779850e-01 2.853114392393563126e-01 2.759861388002951887e+00 8.000000000000000000e+00 1.100000000000000000e+01 3.000000000000000000e+00 -4.548670475694338506e+02 3.301100000000244563e+02 1.811325297308885141e+01 2.500281685955153821e-02 3.984023556279457645e-02
2.700535830294676920e-01 9.778559691724355574e-01 8.446219576435161969e+00 5.789728577885968619e+00 1.219241765487954821e+00 3.150569101518224668e-01 3.030508848590558468e-01 3.788856221852313855e+00 8.000000000000000000e+00 9.000000000000000000e+00 4.000000000000000000e+00 -2.009357161647369026e+02 2.700900000000045225e+02 4.118169760295915083e+00 -1.156560067423155314e+00 1.267584050332630843e-02
4.800718693623151068e-01 1.244315218321743410e+00 8.492058097797718474e+00 3.527312841835824386e+00 1.261097184570606045e+00 5.422976198197640985e-01 2.351279981613702830e-01 2.981898851772257775e+00 1.000000000000000000e+01 1.200000000000000000e+01 4.000000000000000000e+00 -2.326589307295933224e+02 3.601200000000105774e+02 3.287433170599252552e+00 -7.125303481201948896e-01 8.927132069923727348e-03
4.813844608557095728e-01 1.059485316021369528e+00 8.328242348856178978e+00 4.764457186383820542e+00 1.265605827642440229e+00 4.784195863829454609e-01 2.710924330969015084e-01 3.372040737977551217e+00 9.000000000000000000e+00 7.000000000000000000e+00 5.000000000000000000e+00 -2.395916152481629524e+03 2.051000000000006196e+01 2.410382203010184909e+01 -4.864127178150220998e-01 6.891206357663641757e-01
6.580968980512126310e-01 1.413661289370789609e+00 7.238155600132897938e+00 5.231776364501838472e+00 1.257377226067935228e+00 1.292940373998329395e+00 2.964802976209178209e-01 2.422472505301043633e+00 9.000000000000000000e+00 1.600000000000000000e+01 3.000000000000000000e+00 -6.416521156377236821e+02 4.801600000000302657e+02 2.509825722735678255e+01 -1.486512318141341993e-03 1.327892938901202883e-03
6.079976551172541210e-01 2.198352462058517087e+00 6.636094036574101018e+00 4.373462927935170441e+00 8.994785865855796647e-01 1.080082646891490361e+00 2.963689792587205218e-01 2.565998619892231769e+00 8.000000000000000000e+00 1.600000000000000000e+01 3.000000000000000000e+00 -2.878584663503580146e+02 4.801600000000302657e+02 2.986154146896430106e+00 -5.390398529690206830e-01 6.273830141417893635e+00
1.264988940282450791e+00 1.902546086811363280e+00 6.523654715389957559e+00 4.398731807006961425e+00 1.387894452457885563e+00 4.141045399843983343e-01 5.032804592220545548e-01 2.764670368195124794e+00 8.000000000000000000e+00 1.300000000000000000e+01 3.000000000000000000e+00 -4.467975890767883698e+02 3.901299999999891384e+02 1.573328681729961254e+01 -2.018839847556028189e-02 2.712040564599560444e-02
8.983576202560608071e-01 1.964628830797667813e+00 6.566512493508658288e+00 1.978124703483492786e+00 1.548279656067232501e+00 1.276703265263695819e+00 3.550981803593400432e-01 2.764640743997331285e+00 6.000000000000000000e+00 1.100000000000000000e+01 3.000000000000000000e+00 -4.358623112314094783e+02 3.301100000000244563e+02 1.692545695196232813e+01 -7.616853701903747442e-02 6.263378842203148444e+00
7.692999083606536503e-01 1.179222063802151332e+00 7.980118043468733546e+00 4.386718681720387814e+00 1.420150880758272116e+00 6.520883028220719746e-01 3.359544472057592879e-01 2.810966279732359574e+00 8.000000000000000000e+00 1.200000000000000000e+01 3.000000000000000000e+00 -2.255014252065114988e+02 3.601200000000105774e+02 2.840089075406638131e+00 -3.809358836575421625e-01 1.569085259392391518e-02
9.179949143949214241e-01 1.279383848530142975e+00 6.674175593441280974e+00 6.206746939704084198e+00 1.470754353236674916e+00 4.975110366485605007e-01 1.404175892913832602e-01 2.342451333172203221e+00 9.000000000000000000e+00 1.400000000000000000e+01 4.000000000000000000e+00 -3.433395353630168074e+02 4.072599999999732745e+02 2.057419168130171505e-02 -1.066741405873895987e+00 6.282290763702017777e+00
7.643261431736998457e-01 1.079286560218228885e+00 5.008220753476508413e+00 3.305362489643700385e+00 2.042473987039133743e+00 1.421315760338878409e+00 2.973397302394695241e-01 3.229586348490625092e+00 7.000000000000000000e+00 1.300000000000000000e+01 2.000000000000000000e+00 -2.182896708188555749e+03 1.923999999999960551e+02 5.418544261784859373e+00 -3.364221662647065347e+00 9.825456188883761044e-01
9.973294405889228109e-01 2.021289703361055068e+00 6.186823271113635059e+00 1.570874537282110683e+00 2.035477757146501254e+00 5.692760777920420345e-01 3.580269735490433369e-01 2.711120069756202788e+00 7.000000000000000000e+00 6.000000000000000000e+00 3.000000000000000000e+00 -1.482079596082900821e+02 1.800600000000052887e+02 3.636122475517965302e+00 -1.277335541539484476e+00 1.411778702069757876e-02
6.574435722375069346e-01 2.057310791619713974e+00 6.909517243005287135e+00 3.066552723549122561e+00 1.222524390519587945e+00 3.348730906208604585e-01 2.621295210446820123e-01 2.744215147952060452e+00 6.000000000000000000e+00 1.000000000000000000e+01 5.000000000000000000e+00 -2.111009192478749412e+02 3.000999999999997385e+02 3.815682452992192442e+00 -7.962038186864868194e-01 7.345215336892252367e-03
1.092589109612218667e+00 1.077014507680888578e+00 7.539629036463667333e+00 4.667185551322087456e+00 1.331441437433262598e+00 1.124050215240842476e+00 4.348598124437407231e-01 2.970833243754648745e+00 8.000000000000000000e+00 1.500000000000000000e+01 3.000000000000000000e+00 -2.339000075409619512e+03 2.004000000000047237e+02 1.492500471310109944e+01 -6.672930984936814802e+00 4.087833530449727526e+00
3.394491087471727675e-01 1.493467699664781989e+00 6.772110078347171935e+00 5.821592544633771737e+00 1.330428636506551854e+00 2.786871274110319097e-01 3.996589772942223950e-01 2.949858659316480392e+00 7.000000000000000000e+00 1.000000000000000000e+01 4.000000000000000000e+00 -5.154363967967705094e+02 3.000999999999997385e+02 2.283664979979816678e+01 4.595624919071635700e-02 6.280741928060590951e+00
4.912296133629036055e-01 1.459027481388231795e+00 6.687142268656928401e+00 3.644165266516331769e+00 1.378735910756387240e+00 2.922907489249616519e-01 2.796873564888621710e-01 2.786646231244777283e+00 7.000000000000000000e+00 1.000000000000000000e+01 3.000000000000000000e+00 -4.173959150972118550e+02 3.000999999999997385e+02 1.670911969357575089e+01 6.134496132514407479e-02 6.279090553644345540e+00
5.941263495729636190e-01 1.425207256294690916e+00 7.920979092337270266e+00 3.166060966535408028e+00 1.355394865235375557e+00 4.207266478769087770e-01 1.825801211122993206e-01 3.368076192915430589e+00 8.000000000000000000e+00 8.000000000000000000e+00 4.000000000000000000e+00 -1.036937927477964934e+02 2.066400000000099055e+02 2.336204673697162004e-02 -9.603695755757876151e-01 7.162223742402495930e-03
