1.099693553491505882e-01 1.538740736925600983e+00 6.286323223026689000e+00 4.799477334130282991e+00 1.492736194384436832e+00 3.377570141437628570e-01 3.136162122101382455e-01 2.745232546966101861e+00 6.000000000000000000e+00 1.000000000000000000e+01 5.000000000000000000e+00 -4.846749840016899498e+02 3.000999999999997385e+02 2.091406150010562826e+01 -2.235283654137847353e-01 3.333178432657861456e-02
5.835716844313314500e-01 1.421261118532291867e+00 8.864816697215989194e+00 4.808272459709082014e+00 1.660023374375910077e+00 4.266283951159993704e-01 3.056386509156446829e-01 2.888306135707090494e+00 8.000000000000000000e+00 8.000000000000000000e+00 4.000000000000000000e+00 -2.368948663354397468e+03 5.687999999999914280e+01 2.128179145964986674e+01 5.302198779730066258e-02 4.775633337574802795e-03
6.592376888796492862e-01 1.672186453164977715e+00 7.535150877751672027e+00 3.441206395648325422e+00 1.264864759956156215e+00 9.471357323790233762e-01 3.021523279395846862e-01 2.933782184144722915e+00 7.000000000000000000e+00 1.000000000000000000e+01 5.000000000000000000e+00 -2.859304604505703082e+02 3.000999999999997385e+02 8.492528778160652436e+00 1.487992720241782807e-01 4.149692025924522909e-03
2.321919351739709092e-01 1.472782138926336248e+00 8.049882347760776824e+00 4.033588402359521652e+00 1.451461719389212757e+00 4.152988671609577076e-01 3.516149811784676782e-01 3.164041338278370752e+00 8.000000000000000000e+00 9.000000000000000000e+00 4.000000000000000000e+00 -4.930550889768171601e+02 2.700900000000045225e+02 2.237563056105093295e+01 2.248034692405253415e-02 1.161373760143420870e-02
7.717221194865689915e-01 1.690075662013303059e+00 6.079269665532017086e+00 3.546579356190831422e+00 1.417609411158356814e+00 4.514486904893461050e-01 3.888377184691010902e-01 2.493570643261892705e+00 8.000000000000000000e+00 9.000000000000000000e+00 5.000000000000000000e+00 -2.692326958999829003e+02 2.648700000000059731e+02 1.872996381591104237e-02 -1.018750340022690715e+00 8.248621616577821170e-03
5.776455862389617835e-02 1.124693665091559103e+00 6.544655728519590987e+00 5.577987355747697329e+00 1.400818400410226650e+00 4.296375757436415865e-01 2.974503781001648361e-01 3.187427484019940582e+00 7.000000000000000000e+00 9.000000000000000000e+00 4.000000000000000000e+00 -2.066283924818309856e+02 2.700900000000045225e+02 4.473962030114295274e+00 -9.546384755078182183e-01 6.217489449499078447e+00
6.586361839980898747e-01 1.291536789016517250e+00 6.570405841343256448e+00 4.279076500040466691e+00 1.074810876727605224e+00 5.156185581542591656e-01 3.693504292027191549e-01 2.922446758522929677e+00 7.000000000000000000e+00 1.100000000000000000e+01 4.000000000000000000e+00 -3.227212204246086458e+02 3.301100000000244563e+02 9.854138776537277877e+00 -2.897843849778701131e+00 6.277815292242153511e+00
4.468046342743722255e-01 1.541679211418414575e+00 7.603351653731584392e+00 2.685362992364174861e+00 1.241706617719030570e+00 7.404328060271601064e-01 4.416196903745039370e-01 2.931439064198750000e+00 6.000000000000000000e+00 8.000000000000000000e+00 5.000000000000000000e+00 -2.611484680273613321e+02 2.400800000000151329e+02 8.819279251709609468e+00 -7.766493989627595296e-01 2.533763301961715619e-01
9.117203945973584300e-02 1.414308851204591377e+00 7.772463135165959436e+00 3.943021670789796485e+00 9.587465956013109247e-01 3.511957388380618772e-01 2.786180537374522981e-01 2.801228367617021764e+00 7.000000000000000000e+00 9.000000000000000000e+00 4.000000000000000000e+00 -3.479837043057407300e+02 2.700900000000045225e+02 1.330866901910865252e+01 -7.832380608731173699e-02 8.162506634598729396e-03
7.704203589842089084e-01 1.793522045817594668e+00 6.624551715578428812e+00 4.316861610147858741e+00 1.603585647369203837e+00 4.558805445235795673e-01 1.797719821100494109e-01 3.066853060550846610e+00 7.000000000000000000e+00 1.000000000000000000e+01 4.000000000000000000e+00 -4.468188459345723231e+02 3.000999999999997385e+02 1.854805287091077659e+01 -7.484304455386238120e-01 9.514828777298885154e-02
3.499423093675234075e-01 1.301716121668248016e+00 6.353173770703268275e+00 4.655068604727743420e+00 1.478747079568332179e+00 7.474339836944847715e-01 2.823937277027902537e-01 3.059348943490638018e+00 8.000000000000000000e+00 1.000000000000000000e+01 4.000000000000000000e+00 -4.577985953250562261e+02 3.000999999999997385e+02 1.923428720781602408e+01 -2.613709327695028506e+00 6.310521029052008554e-03
7.087593375924008399e-01 1.471893668196354366e+00 6.552953872083651099e+00 4.022156032232121703e+00 8.616348460434508638e-01 9.363945869948194778e-01 2.829221066121577755e-01 2.899068127317593557e+00 6.000000000000000000e+00 1.200000000000000000e+01 4.000000000000000000e+00 -2.329778366837163958e+03 1.634400000000031525e+02 1.550364792732265506e+01 -2.550603520725495788e+00 5.387828460060244851e+00
3.658332286026983460e-01 1.682795503723174324e+00 7.159811042797509018e+00 3.431710900713117240e+00 1.537507646565387631e+00 7.602920021301485809e-01 4.121227984136411338e-01 3.198000335121016224e+00 7.000000000000000000e+00 8.000000000000000000e+00 5.000000000000000000e+00 -1.676226847473739952e+02 2.400800000000151329e+02 2.973917796710401351e+00 -8.954590814396884424e-02 5.358710248302668566e-02
2.051187255931707920e-01 1.695263405158015324e+00 6.323924464480481511e+00 5.292190283420623587e+00 1.739201213465499052e+00 6.459336778903972398e-01 2.909822811054921798e-01 3.268681538862175273e+00 8.000000000000000000e+00 1.300000000000000000e+01 4.000000000000000000e+00 -5.977561528472912187e+02 3.901299999999891384e+02 2.516819705295603882e+01 7.733398770676347400e-02 1.203631237776568719e-02
2.957330710538554897e-01 1.584899241887997690e+00 7.946718793099347700e+00 3.241352223224818196e+00 1.269676427253948470e+00 6.963554211606952649e-01 1.123386321666121346e-01 2.940841226340396020e+00 7.000000000000000000e+00 1.000000000000000000e+01 4.000000000000000000e+00 -2.730872739732715786e+02 2.678999999999924171e+02 2.067097825420483384e-02 -1.051568800954147731e+00 6.281303416455145339e+00
6.282179700127771271e-01 1.558576412048918503e+00 6.175679039505427070e+00 4.028412546906822378e+00 1.392008390340585322e+00 3.537064277561468573e-01 4.358515095246892068e-01 2.737661896937566564e+00 8.000000000000000000e+00 9.000000000000000000e+00 4.000000000000000000e+00 -4.348820888424615987e+02 2.700900000000045225e+02 1.873981805265371037e+01 8.062622174487385496e-02 6.270098008634243492e+00
2.762819153585883702e-01 1.325313039435667806e+00 7.944620080091582714e+00 3.760251993981456486e+00 1.635238455739163266e+00 6.840844695273153864e-01 1.759841254510909891e-01 2.983429587053076926e+00 6.000000000000000000e+00 1.400000000000000000e+01 4.000000000000000000e+00 -5.203459760884129537e+02 4.201399999999720194e+02 1.939224850552668400e+01 9.721476909043995362e-02 6.255911573375401602e+00
6.014214729664025816e-01 1.339077721526810816e+00 7.072449779345872045e+00 4.187452867217572816e+00 1.345557980980465862e+00 7.337119950815154112e-01 3.037480650677913951e-01 3.240568601705765772e+00 7.000000000000000000e+00 1.200000000000000000e+01 4.000000000000000000e+00 -3.411172783925437670e+02 3.601200000000105774e+02 1.006607989953365312e+01 -4.319646916246231982e-01 6.281351006743817855e+00
5.819325772020111920e-01 1.586418598353845688e+00 6.180849739746192562e+00 5.469291089442033460e+00 1.447570319455401266e+00 8.568752946245974389e-01 3.400229168048568562e-01 2.810038685140171300e+00 7.000000000000000000e+00 1.300000000000000000e+01 5.000000000000000000e+00 -4.949045426377073227e+02 3.901299999999891384e+02 1.873997141485704887e+01 6.479686788430122357e-01 6.119902031113244156e+00
5.575048114441596425e-01 1.710217334701418013e+00 6.698213194605190601e+00 4.638613455618263437e+00 1.695468838111011900e+00 5.701752734412960377e-01 2.956691395357683994e-01 3.115482065894468633e+00 8.000000000000000000e+00 1.200000000000000000e+01 4.000000000000000000e+00 -5.095307382744616120e+02 3.601200000000105774e+02 2.059192114215352021e+01 9.888956940051665812e-02 9.129246836899883311e-03
1.569763840209687511e-01 1.464590012031337096e+00 6.629833301053881023e+00 3.760064437183432418e+00 9.836595201392991372e-01 6.350751733963184709e-01 4.579800014012783693e-01 3.346535965400079693e+00 7.000000000000000000e+00 1.100000000000000000e+01 4.000000000000000000e+00 -3.552995498282446079e+02 3.301100000000244563e+02 1.189028436426452551e+01 -2.531532386010908464e+00 7.765072246883513232e-03
1.906108500821512564e-01 1.443430982901486859e+00 6.451151208784811075e+00 4.268059344542463052e+00 1.027402385794132567e+00 4.392222118203581438e-01 3.942767826660765751e-01 2.931959039513508003e+00 9.000000000000000000e+00 1.300000000000000000e+01 4.000000000000000000e+00 -3.631124560615372161e+02 3.901299999999891384e+02 1.050296600384641543e+01 -1.033890757328407961e+00 5.204549958538209897e-03
2.143118768872531721e-01 1.244477027135852065e+00 5.593523340724773973e+00 5.287588869118337698e+00 9.447584988440878018e-01 5.271644851666766884e-01 3.734630361759801453e-01 3.225320869410494673e+00 6.000000000000000000e+00 1.200000000000000000e+01 4.000000000000000000e+00 -4.774323046684768883e+02 3.601200000000105774e+02 1.858576904177947497e+01 1.801664581305159607e-01 9.188271452833518538e-03
5.988421305484591395e-01 1.645969794285195631e+00 7.310357020174960141e+00 4.040698488922097376e+00 1.293056329679203698e+00 3.749537702088064361e-01 2.453177316240527095e-01 2.503703638409092935e+00 8.000000000000000000e+00 1.200000000000000000e+01 4.000000000000000000e+00 -4.377574051453507309e+02 3.601200000000105774e+02 1.610608782158409014e+01 5.789556389853169061e-02 6.282257737984302537e+00
4.903898289132694321e-01 1.645152758327669051e+00 7.828791531416158023e+00 3.860035044408798299e+00 1.331055064977747504e+00 7.679637563052169602e-01 4.832448500643344302e-01 3.060031917450766858e+00 8.000000000000000000e+00 1.300000000000000000e+01 4.000000000000000000e+00 -4.494486646834965313e+02 3.901299999999891384e+02 1.589897904271887086e+01 6.552773110835899417e-02 6.264486364510367444e+00
4.835441008050236356e-01 1.948462450026604120e+00 6.474768808325859659e+00 3.791276660502960638e+00 1.234083310174867609e+00 6.435055158090039473e-01 1.805625493667014636e-01 3.209666153308168735e+00 8.000000000000000000e+00 1.400000000000000000e+01 4.000000000000000000e+00 -3.869121581844178195e+02 4.201399999999720194e+02 1.105263488652698811e+01 -1.024863429500045692e-01 3.929037080455444197e-03
2.928974896471757683e-01 1.430606881507758166e+00 6.642403358685750270e+00 5.085418432922357290e+00 9.583065647512246654e-01 7.383700819551870520e-01 2.600941411314080520e-01 3.139562346210003074e+00 8.000000000000000000e+00 1.200000000000000000e+01 4.000000000000000000e+00 -2.142150774168732710e+02 3.601200000000105774e+02 2.134692338554249336e+00 -1.075934542214466993e-01 6.280477360312297641e+00
2.972908073892377434e-01 1.378283354345620326e+00 6.483133926443233719e+00 3.951851602669733232e+00 1.172020748695048908e+00 7.060657685954684348e-01 3.473284023176670399e-01 3.236656855779768360e+00 9.000000000000000000e+00 1.100000000000000000e+01 4.000000000000000000e+00 -2.654523432668243004e+02 2.552000000000151658e+02 1.741547739661036126e-02 -1.062591479665693006e+00 6.277066025204344868e+00
1.966804843372517153e-01 1.134993038858835845e+00 6.917421939860739499e+00 3.708165706461199917e+00 1.129701204294803363e+00 7.618970249930179239e-01 3.018786995588654820e-01 3.245085106864080249e+00 7.000000000000000000e+00 1.000000000000000000e+01 4.000000000000000000e+00 -3.207606959421661372e+02 3.000999999999997385e+02 1.066941849638539175e+01 2.297234531651456968e-02 4.740812789870345843e-03
3.790532444016704861e-01 1.345956463415574955e+00 7.148870145911362606e+00 4.043847539575857297e+00 1.288514222244205865e+00 7.292538669102430759e-01 3.473604628667804062e-01 3.147151239449207161e+00 9.000000000000000000e+00 1.200000000000000000e+01 4.000000000000000000e+00 -2.256751577861377314e+02 3.601200000000105774e+02 2.850947361633277666e+00 -1.906803311107302945e-01 6.280241837962719842e+00
2.085392369197275331e-01 1.400632010161362517e+00 8.774286366605966947e+00 4.108061975693615864e+00 1.739998018173762651e+00 4.544919675383776725e-01 2.946307905787770021e-01 3.658255061876008796e+00 7.000000000000000000e+00 1.500000000000000000e+01 4.000000000000000000e+00 -5.844916888537049999e+02 4.501499999999774104e+02 2.246354305335727020e+01 9.922865180626445902e-02 7.597293916900227373e-03
7.860021602513986849e-01 1.866257167548740714e+00 7.526027308773994839e+00 4.175037653100632795e+00 1.590070162672297949e+00 7.977228734396704102e-01 3.398226103100304707e-01 3.309614200320841970e+00 9.000000000000000000e+00 1.000000000000000000e+01 4.000000000000000000e+00 -3.977848932040667478e+02 3.000999999999997385e+02 1.548343082525418168e+01 -1.603074490338076696e+00 3.962788639036010641e-02
8.275591739922361079e-01 1.808268169553316485e+00 7.177011088704391639e+00 4.094348110190733969e+00 1.806324410970407301e+00 9.294297343784967413e-01 3.742777786092965631e-01 2.572911524062894806e+00 9.000000000000000000e+00 8.000000000000000000e+00 3.000000000000000000e+00 -2.374246172815725458e+03 6.159999999999904219e+01 2.146538580098288307e+01 -2.254417440572592302e+00 6.265320955207073439e+00
6.085175452322408862e-01 1.289711501039718877e+00 6.722737087813374757e+00 4.303849416884137469e+00 9.761933705886635115e-01 7.330976764009374813e-01 2.592538964006154689e-01 3.034746336525671939e+00 9.000000000000000000e+00 1.100000000000000000e+01 4.000000000000000000e+00 -2.634537420837357331e+02 2.517900000000147429e+02 2.352214032082212275e-02 -1.019818034505038495e+00 6.276945872230389689e+00
4.341208444488764417e-01 1.089540646464585594e+00 7.661051768144227836e+00 4.038683076390428894e+00 1.178509613378098564e+00 7.815070719016861123e-01 3.524122716189882487e-01 3.416084771035486689e+00 8.000000000000000000e+00 1.200000000000000000e+01 4.000000000000000000e+00 -2.270775311126954534e+02 3.601200000000105774e+02 2.938595694543134407e+00 -2.900770952765274746e-02 1.008198850949500527e-02
6.156127139992315644e-01 1.460229074624584733e+00 6.362695517683135904e+00 3.709636713665035668e+00 1.219964271473466200e+00 4.364224167841247448e-01 1.414599358100356308e-01 3.152756714493751833e+00 8.000000000000000000e+00 1.200000000000000000e+01 4.000000000000000000e+00 -3.025903917710859901e+02 3.302400000000094451e+02 2.455522590722169010e-02 -1.065533067919096188e+00 7.751605320444178090e-03
7.746073731043420230e-01 1.931743146145995071e+00 8.620527383169481084e+00 4.579856199956410912e+00 1.324060386620998120e+00 5.320139756661294017e-01 5.026759810224241676e-01 3.116273043359320205e+00 9.000000000000000000e+00 9.000000000000000000e+00 5.000000000000000000e+00 -2.046194370016858102e+02 2.101500000000066848e+02 1.708190172779945962e-02 -1.090974614793587705e+00 1.276439526279750936e-01
5.831829903502605550e-01 1.444266350099966623e+00 5.454041715084054331e+00 2.591282284926735180e+00 1.175087646835509148e+00 9.965973287808650438e-01 1.211992216564517638e-01 2.871551271392271509e+00 8.000000000000000000e+00 1.600000000000000000e+01 5.000000000000000000e+00 -4.982918346639278298e+02 4.801600000000302657e+02 1.613823966649454178e+01 3.628882418793707432e-01 6.205742863406997323e+00
3.887801595470061766e-01 1.379886390568492605e+00 6.919531904230115771e+00 3.529665310990185212e+00 1.537876408093534319e+00 5.806791078175936871e-01 4.052329718062268604e-01 3.611627305288946488e+00 8.000000000000000000e+00 1.000000000000000000e+01 5.000000000000000000e+00 -2.251970789941479438e+02 3.000999999999997385e+02 4.696692437134255549e+00 -9.010087837212754636e-01 7.600562822890909176e-02
3.972172056965267983e-01 1.777915770270140028e+00 6.206479857677220657e+00 4.709266887923368117e+00 1.701251544170945484e+00 7.775605218239806105e-01 2.858514603022367928e-01 2.378355100645125564e+00 7.000000000000000000e+00 1.100000000000000000e+01 5.000000000000000000e+00 -4.589594615847369141e+02 3.301100000000244563e+02 1.836902884904529287e+01 1.738130071013721523e-02 5.295655751257099739e-03
4.831468682162442518e-01 1.683303398317371968e+00 5.961828719772007901e+00 3.944450280828014854e+00 1.470338357742726698e+00 1.208144056048422454e-01 2.061135990002574414e-01 3.088809521687788440e+00 9.000000000000000000e+00 1.500000000000000000e+01 5.000000000000000000e+00 -5.582655684164444665e+02 4.501499999999774104e+02 2.082441052602848686e+01 -1.794738391747146000e-01 6.842557762997766857e-02
7.906508669555363245e-01 9.545828441644707008e-01 7.261424812680084884e+00 4.634125549499515273e+00 1.078080533276573938e+00 5.204586295200321899e-01 4.303005215192118871e-01 3.079480460702811673e+00 7.000000000000000000e+00 1.100000000000000000e+01 4.000000000000000000e+00 -1.862556581021211457e+02 3.301100000000244563e+02 1.325041131381806903e+00 -2.764245930704630205e-01 6.282394310062822562e+00
1.040844425153004960e-01 1.301271734840766525e+00 7.176696458929272993e+00 3.209042725639516203e+00 1.200875947358370777e+00 8.605503230301124740e-01 4.691071283852746299e-01 2.814102313283454393e+00 8.000000000000000000e+00 7.000000000000000000e+00 4.000000000000000000e+00 -2.325864637253582146e+02 2.100699999999860097e+02 7.971966482835326495e+00 7.831363799993197594e-03 1.196281633081165176e-02
9.081127954333014785e-01 1.530728531222520505e+00 8.637324633844480459e+00 6.141912459889872444e+00 1.877711105698044669e+00 9.674076672489655415e-01 3.202741969171084557e-01 2.547717035648979333e+00 1.000000000000000000e+01 7.000000000000000000e+00 4.000000000000000000e+00 -2.358587823631988613e+03 9.022999999999768761e+01 1.959205147699934813e+01 -1.120431153839851035e+00 1.022902522157826677e-01
6.584490823332518339e-01 1.735205867312104466e+00 6.848492908531681245e+00 3.452496439881894918e+00 1.216509034095701436e+00 1.115807905578670045e+00 3.418163614557783725e-01 3.516305803852904255e+00 7.000000000000000000e+00 8.000000000000000000e+00 5.000000000000000000e+00 -2.169778746385820796e+03 9.447999999999834131e+01 7.658671649113853341e+00 -3.380655518375915491e+00 1.368231516186303454e+00
1.077209588387350037e+00 1.531985346807937631e+00 5.851478120476461875e+00 5.962168583073150785e+00 1.211340193692896694e+00 3.907683717650212163e-02 3.571001405816834340e-01 2.696197329474778748e+00 8.000000000000000000e+00 9.000000000000000000e+00 4.000000000000000000e+00 -2.189202769905422883e+03 1.457100000000042428e+02 7.271735619088778080e+00 -5.646491834349182115e-01 1.556041719915194320e-02
4.178208908336656924e-01 1.381740742071757788e+00 6.817734860522889129e+00 3.553000245951686065e+00 1.406563140357497188e+00 1.006432030417287321e-01 1.798857913102285544e-01 3.264027229478295933e+00 9.000000000000000000e+00 1.000000000000000000e+01 4.000000000000000000e+00 -3.788222270962876337e+02 3.000999999999997385e+02 1.429826419351798350e+01 -3.199261497808859822e+00 4.176573664186824381e-02
5.941263495729636190e-01 1.425207256294690916e+00 7.920979092337270266e+00 3.166060966535408028e+00 1.355394865235375557e+00 4.207266478769087770e-01 1.825801211122993206e-01 3.368076192915430589e+00 8.000000000000000000e+00 8.000000000000000000e+00 4.000000000000000000e+00 -1.036937927477964934e+02 2.066400000000099055e+02 2.336204673697162004e-02 -9.603695755757876151e-01 7.162223742402495930e-03
