2.345338851091861021e-01 1.143430942638135495e+00 5.980464628084058987e+00 3.761682660764173125e+00 1.373063548773857612e+00 5.034796839782205158e-01 2.806943317966806295e-01 2.835394868447991268e+00 8.000000000000000000e+00 1.200000000000000000e+01 4.000000000000000000e+00 -3.459183365572070556e+02 3.601200000000105774e+02 1.036614603482511043e+01 -2.812117880819873378e-02 2.568708705693971417e-03
1.395423641641505563e-01 1.074050294665173988e+00 6.725034534615213389e+00 4.068954920539546549e+00 1.896599154538306520e+00 9.685989549220894723e-01 2.839348069064597802e-01 2.703638107295835979e+00 8.000000000000000000e+00 1.300000000000000000e+01 4.000000000000000000e+00 -5.038006165884205529e+02 3.901299999999891384e+02 1.929597603677662221e+01 5.344571772820897598e-02 1.088763083992994041e-02
5.947274461092284525e-01 1.259581562280646105e+00 6.106188139328571296e+00 4.721825263441649767e+00 6.336739301836102900e-01 5.935103430747267206e-01 3.940366784528014366e-01 2.339646357976086222e+00 6.000000000000000000e+00 1.000000000000000000e+01 4.000000000000000000e+00 -2.773562805602248318e+02 2.753999999999941224e+02 1.875499979884424212e-02 -1.059143188533734126e+00 6.282619970418432231e+00
4.395682001623233415e-01 1.085020942272310052e+00 7.574161287660311714e+00 3.753394614417186581e+00 1.462826978515841647e+00 7.741917222378618124e-01 1.568480933538184408e-01 2.763278153002954873e+00 1.000000000000000000e+01 1.300000000000000000e+01 4.000000000000000000e+00 -3.285476349332587347e+02 3.840199999999893521e+02 1.505825606532479495e-02 -1.015222743177727205e+00 8.675522689059791612e-03
9.777906657357606779e-01 1.382920322308748950e+00 5.736987248700774700e+00 5.393398646368117610e+00 1.205943936850796705e+00 7.653483074102198636e-01 2.674513783593869820e-01 2.881252286974932186e+00 9.000000000000000000e+00 1.400000000000000000e+01 5.000000000000000000e+00 -2.485728550744013035e+02 4.201399999999720194e+02 2.406428442150956304e+00 -7.754812753086354205e-02 2.749747648443549158e-03
3.543173102572678701e-01 1.778225150510051700e+00 6.544913950180836437e+00 4.442940336512728017e+00 1.890734025869791779e+00 7.418639855625244195e-01 2.176121092850449579e-01 2.798201343310585010e+00 7.000000000000000000e+00 1.200000000000000000e+01 4.000000000000000000e+00 -4.684228903870799172e+02 3.601200000000105774e+02 1.802268064919216428e+01 -3.769027036940170161e-01 1.872133392228469972e-03
9.964540169833434602e-01 1.163968731171352688e+00 6.571752405568872746e+00 3.677610154895594619e+00 9.396687900315741082e-01 5.090378153236951864e-01 3.633902511618110620e-01 3.080272067474270958e+00 9.000000000000000000e+00 1.000000000000000000e+01 4.000000000000000000e+00 -2.689464044215665126e+02 2.583999999999902570e+02 2.310005291993141169e-02 -1.041875359111575694e+00 1.877742789169771151e-04
6.735901966216585324e-01 9.454773611707328884e-01 7.463199342222019084e+00 4.211166826075333880e+00 9.596273696493815564e-01 5.105668488416368334e-01 3.716913052853832999e-01 3.219089593921307557e+00 9.000000000000000000e+00 1.000000000000000000e+01 4.000000000000000000e+00 -4.151425904760503727e+02 3.000999999999997385e+02 1.656828690475315824e+01 6.576008228938728939e-02 3.920288181658015958e-03
6.453292965455815766e-01 1.034245951285139187e+00 7.234261106922848406e+00 4.009989732785150807e+00 1.215106975917553456e+00 5.551478477783799992e-01 3.045425379469375859e-01 3.024158188190820606e+00 1.000000000000000000e+01 1.100000000000000000e+01 5.000000000000000000e+00 -2.236384622347971458e+02 2.653200000000164209e+02 1.556168532658849801e-02 -1.128082863945535586e+00 1.632492574716365441e-01
3.779558113639415184e-01 1.444026201117211805e+00 7.198104701968896180e+00 4.259951968996304572e+00 1.455338344473888768e+00 3.247606895006512340e-01 2.817805476910720808e-01 2.894456809506983586e+00 7.000000000000000000e+00 1.400000000000000000e+01 4.000000000000000000e+00 -4.899569471379995207e+02 4.201399999999720194e+02 1.749293419612584444e+01 -2.057428163862150272e-02 1.095434356129398878e-02
1.104694440888874141e+00 1.792136906237986604e+00 8.669366196230415156e+00 2.982929911885553675e+00 1.159666615904897613e+00 7.193968556479248821e-01 2.392016938228031520e-01 3.236469770718032990e+00 5.000000000000000000e+00 1.300000000000000000e+01 4.000000000000000000e+00 -2.391508133244362853e+03 3.828499999999893930e+02 1.250519582777299732e+01 -4.527334965522961774e+00 1.427356678827404135e+00
6.581276974329138829e-01 1.335786528448530186e+00 6.345714863606951361e+00 4.789001815051607380e+00 1.387271395321015843e+00 9.378331250139404496e-01 2.245868328218093568e-01 2.810088230253048547e+00 8.000000000000000000e+00 1.200000000000000000e+01 5.000000000000000000e+00 -3.098196554095662805e+02 3.601200000000105774e+02 8.109978463097563761e+00 -5.449564022131800356e-02 6.281001867705163555e+00
1.130214886408454689e+00 1.702180545490137975e+00 8.450246085176438271e+00 2.506779714214794730e+00 1.992830364851421177e+00 1.362074628303063584e+00 1.929970266136965262e-01 2.877951707184501107e+00 9.000000000000000000e+00 9.000000000000000000e+00 4.000000000000000000e+00 -2.246985415003202888e+03 9.333000000000227203e+01 1.252002593770010108e+01 -1.700731220780943298e+00 2.968911729840801872e-01
4.456671927898981367e-01 1.244483682066431562e+00 7.120004914003509100e+00 4.741465142784961451e+00 1.008799863885537773e+00 3.374215131518376043e-01 2.022361903902213931e-01 3.494710864240401449e+00 8.000000000000000000e+00 1.000000000000000000e+01 4.000000000000000000e+00 -2.234601238352385280e+03 1.336999999999966917e+02 1.048445239702416742e+01 -4.548730684353265441e-01 2.277536609468243656e-01
5.578087797630069122e-01 1.042674509016382034e+00 7.749566251459364175e+00 5.996119554854959510e+00 1.620492856279129423e+00 4.585325286971836389e-01 3.242372362150645615e-01 3.171805578379901736e+00 7.000000000000000000e+00 1.100000000000000000e+01 5.000000000000000000e+00 -4.600127620609080168e+02 3.301100000000244563e+02 1.843486012880598679e+01 -6.343179916092701875e-02 9.705990990134284735e-04
8.859584965619118346e-01 1.635269515644227623e+00 7.247452096253136133e+00 4.164941916494663943e+00 1.119489369998501571e+00 6.436309587606547922e-01 3.543998004738499463e-01 2.713699432233791953e+00 9.000000000000000000e+00 1.100000000000000000e+01 4.000000000000000000e+00 -3.819433257707269149e+02 3.301100000000244563e+02 1.355552036066966792e+01 -2.656598130417962000e+00 6.280834305998726386e+00
9.883108119819026260e-01 8.454244481325046134e-01 7.118990047336202664e+00 4.715735884563338587e+00 1.289519761258571817e+00 3.455784046307818214e-01 4.453177856340350127e-01 2.489229478570003096e+00 9.000000000000000000e+00 9.000000000000000000e+00 5.000000000000000000e+00 -2.689498949286050333e+02 2.594700000000074738e+02 1.922255078842642628e-02 -1.029059793541448942e+00 1.027289993896673970e-03
7.554097902474594672e-01 1.266724510464293907e+00 7.369907357532850867e+00 4.928497030819865898e+00 9.194144356501054993e-01 8.867712226194377489e-01 3.803375306626752828e-01 3.043904621757180351e+00 7.000000000000000000e+00 1.400000000000000000e+01 4.000000000000000000e+00 -2.147496718376746230e+03 2.566199999999879537e+02 1.199169898547002955e+00 -4.137662259639310669e+00 1.873294462814822259e+00
1.187221645118878843e+00 1.326340496782818734e+00 6.278285150886121713e+00 2.852461007419992534e+00 1.376337911764202948e+00 4.457353452098774538e-01 4.500970857240315093e-01 3.123769519424451691e+00 7.000000000000000000e+00 1.100000000000000000e+01 4.000000000000000000e+00 -2.083785077158178183e+02 3.301100000000244563e+02 2.707719232237848495e+00 -2.688598257118248597e-02 5.913744802331422079e-03
7.992882471232730657e-01 1.020147560204836656e+00 6.493133163812076170e+00 3.768822119887122568e+00 1.505825428898654117e+00 7.806869012918695727e-01 4.194241864121897034e-01 3.000358596307372672e+00 8.000000000000000000e+00 1.000000000000000000e+01 4.000000000000000000e+00 -2.857478538957702767e+02 3.000999999999997385e+02 8.481115868485650466e+00 -2.534148992822913726e+00 6.269100505945639057e+00
7.322501253340005789e-01 2.001932111112464607e+00 7.595201859835610136e+00 3.707911283936859537e+00 1.141294243223660132e+00 1.818516056623018240e-01 3.522502329056441672e-01 2.363918231751335863e+00 7.000000000000000000e+00 1.200000000000000000e+01 4.000000000000000000e+00 -5.413263450018125695e+02 3.601200000000105774e+02 2.257914656261295505e+01 -8.212594689934452075e-02 6.279986718201898910e+00
6.323374559727313882e-01 1.307178567982822726e+00 5.851934983022118786e+00 5.374773405260000914e+00 1.139861954802055433e+00 2.999927896873021416e-01 2.713192313239868869e-01 2.477040615965155013e+00 8.000000000000000000e+00 7.000000000000000000e+00 4.000000000000000000e+00 -2.277510553195354078e+03 7.286999999999937927e+01 1.506722207470963681e+01 -1.091313653636445391e+00 1.415333527522569072e-02
2.740932158364463578e-01 1.701054136784132975e+00 8.561913181741410028e+00 4.796193107961562951e+00 9.286253593641091708e-01 5.677586900936019143e-01 4.905074500863241815e-01 2.803406998037834441e+00 7.000000000000000000e+00 1.000000000000000000e+01 5.000000000000000000e+00 -2.813557750144273655e+02 3.000999999999997385e+02 8.206610938401718514e+00 -3.665583239551629124e-01 6.536705720658474161e-02
9.000816483565519110e-01 1.504249244806197705e+00 8.277295720548650593e+00 4.558251243099170402e+00 1.685454864657312868e+00 6.419542886328127862e-01 3.969622325872848023e-01 3.017611590900917129e+00 1.100000000000000000e+01 1.300000000000000000e+01 4.000000000000000000e+00 -2.297043732838542383e+02 3.901299999999891384e+02 2.164960830241228429e+00 -2.029954184232689030e-01 6.279893636873427276e+00
1.022129987487349068e+00 1.596308450858202388e+00 8.037979149205414231e+00 1.926098947753427160e+00 1.183702365386731792e+00 4.272073680394929962e-01 4.051359214839447276e-01 3.439328986149695844e+00 7.000000000000000000e+00 1.300000000000000000e+01 4.000000000000000000e+00 -4.570504419722078637e+02 3.901299999999891384e+02 1.637409012326333269e+01 -2.545652039770548297e-02 6.279963627350821476e+00
2.669839370661188371e-01 1.045460516189427480e+00 5.383937508778172898e+00 5.304486021640452797e+00 8.792402489881379068e-01 4.741292199698314835e-01 2.933375478367784006e-01 3.065160192229950287e+00 6.000000000000000000e+00 1.200000000000000000e+01 5.000000000000000000e+00 -2.203835197433801056e+02 3.601200000000105774e+02 2.520219983960926502e+00 -8.892342924441480612e-02 6.272113015580045747e+00
4.639969940955692707e-01 1.209871362774351367e+00 7.523468702088060844e+00 3.757537337900060059e+00 1.321224225222921822e+00 8.099773926644300293e-01 3.447628916996677284e-01 3.487257424163967112e+00 8.000000000000000000e+00 1.100000000000000000e+01 3.000000000000000000e+00 -5.287566360581549816e+02 3.301100000000244563e+02 2.273135225363391854e+01 -1.697822844185243318e-01 6.281045418282740656e+00
9.253397476131277610e-01 1.569032291920564592e+00 7.241202463618511054e+00 4.643495770674676670e+00 1.029798636246581856e+00 9.485049466817191410e-01 2.831820284420604739e-01 2.703761783803908081e+00 8.000000000000000000e+00 1.400000000000000000e+01 4.000000000000000000e+00 -6.807292373849645628e+02 3.232599999999814600e+02 -2.613972568576285876e-02 -5.695457017031351654e+00 4.525982013883775856e+00
6.318162722878463144e-01 1.162720142888716834e+00 7.522677984479654967e+00 4.077538899151781138e+00 9.527930744323281909e-01 8.236957910176357922e-01 2.955281848255824073e-01 2.816852398479082975e+00 7.000000000000000000e+00 1.300000000000000000e+01 4.000000000000000000e+00 -2.179602765288955197e+02 3.901299999999891384e+02 1.430954783056308521e+00 -3.581803388991430248e-01 6.280393361283833187e+00
6.856316096401438021e-01 2.194149898600082693e+00 5.951841230917557901e+00 2.940566398654381963e+00 1.192050942297910643e+00 3.834010115298508992e-01 4.192219329358811697e-01 3.195417175936523080e+00 7.000000000000000000e+00 1.100000000000000000e+01 4.000000000000000000e+00 -5.597666245889390666e+02 3.301100000000244563e+02 2.466947653680792385e+01 6.953561676745072251e-02 1.033579697502864936e-02
9.781211935841935823e-01 1.303596105442027975e+00 7.020572524412235893e+00 2.402255157261240726e+00 1.097083140561823988e+00 1.042904903055221766e-01 2.927830049608324825e-01 3.168841839194272314e+00 8.000000000000000000e+00 1.200000000000000000e+01 4.000000000000000000e+00 -2.219076344624423655e+03 1.210800000000015615e+02 9.908521539026414970e+00 -1.038525178543862060e+00 4.119838016269199155e-02
3.943239886115815218e-01 1.729474361613819067e+00 7.350721711560991523e+00 3.479966904215965329e+00 1.125516642964468073e+00 3.665282620899780186e-01 2.823629109914868041e-01 3.025952978555133122e+00 7.000000000000000000e+00 1.100000000000000000e+01 4.000000000000000000e+00 -4.163383183618220755e+02 3.301100000000244563e+02 1.570520739761311546e+01 -2.346332714553037990e-01 6.280282813801676411e+00
1.151555460208527837e+00 1.294960467095435108e+00 6.736551265841865366e+00 5.098266983456552381e+00 1.119759313447211024e+00 5.039888265542351586e-01 2.969759444810001203e-01 3.423560968142526306e+00 1.000000000000000000e+01 1.000000000000000000e+01 4.000000000000000000e+00 -2.284088192533472920e+03 8.079999999999968452e+01 1.523051203334206960e+01 -7.870936668756626231e-01 6.328347710183722385e-02
2.270405889367448360e-01 2.276431784118957857e+00 7.027683622535737307e+00 4.672778577061883709e+00 1.085167600207637140e+00 3.885170143123721220e-01 2.976255898962344992e-01 3.164226556504991628e+00 9.000000000000000000e+00 9.000000000000000000e+00 3.000000000000000000e+00 -2.597855215729194924e+02 2.461500000000080490e+02 1.589008709392892085e-02 -1.036404899591585327e+00 6.274203130907396897e+00
9.621470506788448729e-01 1.539028864759199422e+00 7.566059096914659499e+00 2.487967534362088173e+00 1.795422620881245157e+00 5.823820318055594747e-01 3.242472470180041699e-01 2.858584898098835314e+00 8.000000000000000000e+00 1.200000000000000000e+01 3.000000000000000000e+00 -4.437894489222681500e+02 3.601200000000105774e+02 1.648309055764142883e+01 6.246502820025719854e-02 1.213888464930956701e-02
6.200812531311907794e-01 1.639374656181900702e+00 5.568568896823506975e+00 3.523568511156687677e+00 1.022103498551579781e+00 7.946697462828085090e-01 1.493884659031977091e-01 2.376593294663507550e+00 8.000000000000000000e+00 9.000000000000000000e+00 4.000000000000000000e+00 -2.447325854796125384e+02 2.381400000000077455e+02 1.782773079644984007e-02 -1.052219994075999754e+00 4.441519206324047453e-02
5.617076972088381748e-01 1.372801084276037198e+00 5.678507494810158818e+00 3.322232300443813902e+00 1.222298832610591468e+00 4.266493140496633862e-01 2.978715004318830406e-01 2.684811387734789445e+00 8.000000000000000000e+00 1.000000000000000000e+01 4.000000000000000000e+00 -3.935628883974051178e+02 3.000999999999997385e+02 1.521955552483782981e+01 -4.406611151826288486e-01 6.281790883772612410e+00
8.019721714298329029e-01 2.227607056131009955e+00 6.767051876962508317e+00 4.112221127441522128e+00 1.397136808924887896e+00 1.442231026280287320e-01 2.788887842323103383e-01 2.937521224936612718e+00 6.000000000000000000e+00 1.000000000000000000e+01 4.000000000000000000e+00 -5.099810654852805101e+02 3.000999999999997385e+02 2.249569159283004183e+01 -5.656995070775203832e-02 6.275174330776367881e+00
8.329679824603362093e-01 9.892747765115267322e-01 6.232902589333893850e+00 6.395790186780922149e+00 8.772900858365346721e-01 5.893688013577976781e-01 4.156068251849316386e-01 3.420090565367802427e+00 9.000000000000000000e+00 1.300000000000000000e+01 4.000000000000000000e+00 -2.361854221221301941e+03 6.695000000000044338e+01 2.052370132633135569e+01 -2.940542858746420851e+00 5.649108676372573967e+00
4.716026020477077640e-01 6.099422716093393371e-01 7.676954695173061616e+00 4.808662145196604953e+00 1.609946813776379493e+00 7.395343336171050774e-01 1.003277232800592056e-01 2.746506748967197709e+00 7.000000000000000000e+00 6.000000000000000000e+00 4.000000000000000000e+00 -2.523399022722947223e+02 1.800600000000052887e+02 1.014436889201825487e+01 -3.136425953617516527e-03 1.686437096220849696e-03
9.021178415265257433e-01 1.428605710515241878e+00 7.972569373375600676e+00 4.753851921551150106e+00 1.152125284791944315e+00 5.277121066443861697e-01 3.093399125395957516e-01 3.155682392543386783e+00 7.000000000000000000e+00 1.000000000000000000e+01 4.000000000000000000e+00 -2.632190965223230705e+02 2.480999999999901888e+02 2.047073401580937896e-02 -1.048989596181928663e+00 1.703515860255033938e-03
1.222957229062509921e+00 1.825346664110899964e+00 6.343100591271664257e+00 2.852285709845161055e+00 1.910801084670253669e+00 1.726863634040729512e+00 1.482021960165674779e-01 2.464724425627654814e+00 8.000000000000000000e+00 1.000000000000000000e+01 4.000000000000000000e+00 -3.792982721421947190e+02 2.490999999999901320e+02 1.528454856770446353e-02 -1.127819759602550542e+00 5.063139205960770717e+00
4.471287641633784893e-01 1.479706041201781730e+00 4.335605716619873817e+00 4.320905854532471224e+00 1.120820196402196878e+00 7.900026882682467111e-01 3.863145987867938058e-01 2.694450724666868080e+00 8.000000000000000000e+00 1.100000000000000000e+01 4.000000000000000000e+00 -2.988485413328471623e+02 3.301100000000244563e+02 8.362096333302181606e+00 -1.006804995017869686e+00 6.833035530806091939e-02
1.377373630176642827e+00 1.460183475430593791e+00 8.903759787380824520e+00 6.664166870502504558e+00 6.031144286988161518e-01 1.158774975220439041e-01 4.471813553305574729e-01 2.938411049048766710e+00 6.000000000000000000e+00 1.000000000000000000e+01 4.000000000000000000e+00 -2.342360909832294055e+03 5.260000000000047748e+01 1.975380686451836709e+01 -3.683052200598291304e-01 6.270765430981926514e+00
9.625548576178448723e-01 1.263293889600868525e+00 6.892819844749944913e+00 4.142760573855412964e+00 1.319177632281704815e+00 8.166796084071067385e-01 4.264340486835349053e-01 2.673406406970622484e+00 7.000000000000000000e+00 1.200000000000000000e+01 5.000000000000000000e+00 -4.502747738359790333e+02 3.601200000000105774e+02 1.688842336474835903e+01 1.073992673401670539e-02 4.154197591553630831e-03
6.057441531736854623e-01 1.491133059219956536e+00 7.844619883971442498e+00 5.299018646974431590e+00 1.626873556782043817e+00 5.921829749266198650e-01 3.419097338074183479e-01 2.595893599847626909e+00 7.000000000000000000e+00 1.000000000000000000e+01 4.000000000000000000e+00 -4.456476564103261353e+02 3.000999999999997385e+02 1.847485352564539340e+01 -1.965546451684201390e-01 3.818512670115443985e-02
4.389727188941520142e-01 1.452498237116419455e+00 5.459109916069860624e+00 4.574818380821941588e+00 9.144668543403668970e-01 5.038032807167273086e-01 2.473105866294223465e-01 3.860581478981061299e+00 1.000000000000000000e+01 1.100000000000000000e+01 3.000000000000000000e+00 -2.386726298411887001e+03 2.947999999999990095e+01 2.324914365074294409e+01 -4.521139346165873540e+00 1.508263770640862589e+00
5.941263495729636190e-01 1.425207256294690916e+00 7.920979092337270266e+00 3.166060966535408028e+00 1.355394865235375557e+00 4.207266478769087770e-01 1.825801211122993206e-01 3.368076192915430589e+00 8.000000000000000000e+00 8.000000000000000000e+00 4.000000000000000000e+00 -1.036937927477964934e+02 2.066400000000099055e+02 2.336204673697162004e-02 -9.603695755757876151e-01 7.162223742402495930e-03
