6.774867689602571685e-01 1.287430562855873761e+00 6.540209981913573500e+00 6.423150487500254080e+00 1.057268549983443329e+00 8.497314879343094152e-01 4.908042483805214462e-01 3.233525653686215140e+00 8.000000000000000000e+00 1.100000000000000000e+01 1.000000000000000000e+00 -1.918030775745145888e+02 3.301100000000244563e+02 1.671754848406397542e+00 -2.004202032355118235e-01 5.277045781770794974e-04
1.183899077439512837e+00 1.955325161156506342e+00 9.207311241098965482e+00 3.928466847461928424e+00 1.812253207048599712e+00 9.605871004815257352e-01 6.426490801107134221e-01 4.375153010420984145e+00 0.000000000000000000e+00 1.500000000000000000e+01 1.000000000000000000e+00 -6.977051844139682544e+02 4.501499999999774104e+02 2.953938652587372360e+01 -1.097962176069913753e-01 3.708690162369687737e-03
1.775115636055379031e+00 1.988293194372441341e+00 4.904050525059306054e+00 7.489694584689759793e+00 2.122417040237267738e+00 2.060060298505586918e+00 5.989601980066940889e-01 3.665582829948560661e+00 1.000000000000000000e+00 8.000000000000000000e+00 2.000000000000000000e+00 -2.290886111679933492e+03 6.943999999999887507e+01 1.601038197999588775e+01 -3.119465552722981982e+00 9.145283406712408081e-02
2.326492230292925623e+00 1.991136173959594080e+00 4.646474400118691506e+00 7.889661097429736536e+00 1.980530106232748722e+00 9.568585921774319658e-01 4.544838828919366414e-01 2.520411100076372701e+00 5.000000000000000000e+00 1.400000000000000000e+01 2.000000000000000000e+00 -4.873900506522917340e+02 4.201399999999720194e+02 1.733250316576910777e+01 1.549865766289271751e-01 1.035041389314360870e-02
1.282411703073408571e+00 1.190225294115454080e+00 5.514887611997396633e+00 4.746334835713838629e+00 2.101900733417452649e+00 1.092760731009636999e+00 4.274528675949939571e-01 4.185009470320754765e+00 7.000000000000000000e+00 1.500000000000000000e+01 2.000000000000000000e+00 -2.221822050321989991e+03 3.581999999999913484e+02 2.670128145124638142e+00 -3.291461454702893530e+00 9.414882510684796646e-01
2.398567843669225041e+00 1.703312131739258328e+00 5.276092356707776432e+00 7.365418772180388984e+00 2.833605442679042685e+00 1.070525801065990157e+00 6.032398841276211954e-01 3.093924110046770259e+00 7.000000000000000000e+00 1.200000000000000000e+01 2.000000000000000000e+00 -4.681755948013408783e+02 3.601200000000105774e+02 1.800722467508347435e+01 -2.648206007663391273e-02 6.274406181092663459e+00
2.059190448454483846e+00 2.486329111273837711e+00 4.824899284028453472e+00 6.664448845652703568e+00 1.998901660244590595e+00 9.351073928379715072e-01 4.238733361651884635e-01 3.119695044664706707e+00 4.000000000000000000e+00 1.200000000000000000e+01 2.000000000000000000e+00 -4.582467572163272962e+02 3.601200000000105774e+02 1.738667232602012547e+01 1.667264014003196348e-01 6.250569010684713156e+00
1.347092877449269865e+00 2.747501035401501479e+00 5.116807069063389335e+00 4.695319167092157464e+00 2.222904814856245803e+00 7.216524794829509704e-01 6.663274920009440994e-01 3.250005828202482849e+00 5.000000000000000000e+00 1.500000000000000000e+01 3.000000000000000000e+00 -2.229320049684008609e+03 2.859000000000023078e+02 5.398128105250474817e+00 -8.031630785489261015e+00 2.200352471990275838e+00
1.787613927567401673e+00 1.262032677415428461e+00 3.191708235166640595e+00 7.628571866342179320e+00 2.080524564721524250e+00 1.096883297694086323e+00 6.605555137062176785e-01 2.421864862242390615e+00 3.000000000000000000e+00 8.000000000000000000e+00 2.000000000000000000e+00 -4.016251913587744298e+02 2.400800000000151329e+02 1.759907445992292807e+01 -2.823781024665651396e-01 1.035094803290627641e-01
1.980777011378670682e+00 2.193470956478998257e+00 3.156373909607776973e+00 5.652124857142172054e+00 1.588136140314379663e+00 5.084555810778546014e-01 7.704750309765148186e-01 3.613655104734160517e+00 4.000000000000000000e+00 1.100000000000000000e+01 2.000000000000000000e+00 -3.321654426334537789e+02 3.301100000000244563e+02 1.044440266459009692e+01 -2.532801727355074917e+00 4.436989345263540885e-02
1.758493660065111541e+00 2.418912961135884832e+00 3.869656561369274161e+00 5.300900382130962818e+00 2.184618398533413330e+00 1.162681523612677514e+00 6.002698781750289703e-01 3.191362479263146756e+00 6.000000000000000000e+00 1.100000000000000000e+01 2.000000000000000000e+00 -2.194692924761309030e+02 3.301100000000244563e+02 3.400893279757417620e+00 9.754908985571619177e-04 4.264945537257301710e-04
1.420993457931903459e+00 1.656005856544034094e+00 1.897483331154776298e+00 2.813179475701835575e+00 1.389205129439902819e+00 8.788655936419852432e-01 5.060883342385834593e-01 4.298821282879552896e+00 5.000000000000000000e+00 7.000000000000000000e+00 2.000000000000000000e+00 -1.304789602963104755e+02 2.100699999999860097e+02 1.590247518519842140e+00 4.486789759755519663e-02 6.257478615795896815e+00
1.737332280899900994e+00 9.449433722241963318e-01 5.847761921526176465e+00 3.706698719169354117e+00 1.877691734858854655e+00 4.158217755882657185e-01 4.679575879077897405e-01 4.334982365146873740e+00 7.000000000000000000e+00 1.500000000000000000e+01 2.000000000000000000e+00 -3.565110082718743456e+02 4.501499999999774104e+02 8.214750516992852525e+00 4.646468551429260019e-02 6.273064115878367097e+00
1.726136941002951897e+00 7.926617471766999046e-01 6.800411407866775448e+00 3.865363526517472614e+00 1.695846737075832333e+00 8.394293953268014974e-01 5.229388673254394826e-01 4.584288316174326638e+00 6.000000000000000000e+00 1.500000000000000000e+01 2.000000000000000000e+00 -4.929261199481501308e+02 4.501499999999774104e+02 1.674069499676009087e+01 1.794121864658878851e-01 4.317050994190640978e-01
1.875650598983487960e+00 2.245029293498536305e+00 6.503774494600250478e+00 5.157792592605210835e+00 2.677497167905543041e+00 1.111686011697250454e+00 5.723613102150949539e-01 2.112887652182091180e+00 9.000000000000000000e+00 1.500000000000000000e+01 3.000000000000000000e+00 -6.416109782915268624e+02 4.501499999999774104e+02 2.603349864322113305e+01 -3.462476429550749857e-01 1.634126265123694022e-01
1.612782864061265586e+00 1.419846690779340115e+00 2.929057009052927985e+00 6.547999773255535061e+00 1.685120039320456176e+00 4.700745084805656449e-01 6.617343932517474325e-01 3.745105236062753473e+00 2.000000000000000000e+00 1.000000000000000000e+01 1.000000000000000000e+00 -4.324402890759675984e+02 3.000999999999997385e+02 1.764939306724798485e+01 3.050429631024098587e-01 6.248751944563059268e+00
1.581839990599885670e+00 9.536143657831619436e-01 7.556357073444678996e+00 7.420774317897287808e+00 1.999740861842067341e+00 3.733487529500126856e-01 3.899084066044120611e-01 3.666924162807396748e+00 3.000000000000000000e+00 1.200000000000000000e+01 2.000000000000000000e+00 -4.708725021518336575e+02 3.601200000000105774e+02 1.817578138448927305e+01 -1.236883103732609734e-02 3.146490822473294729e-02
1.015459238343752846e+00 2.266719730786768139e+00 5.671848796754662914e+00 3.799987505933590359e+00 2.461583331602063218e+00 7.715398074042988386e-01 5.710221637889433266e-01 3.931499583965806011e+00 5.000000000000000000e+00 1.300000000000000000e+01 2.000000000000000000e+00 -5.491458764551932745e+02 3.901299999999891384e+02 2.213005477844991731e+01 -4.330096631168954824e-01 6.267963106262005368e+00
7.895303635522794572e-01 1.714387176749665453e+00 3.271215873017136566e+00 4.189317987752062322e+00 1.808290951114514877e+00 4.435755950268657766e-01 5.533836579933912869e-01 4.090902388957751157e+00 4.000000000000000000e+00 1.100000000000000000e+01 2.000000000000000000e+00 -4.497759136497722352e+02 3.301100000000244563e+02 1.779505710311000044e+01 1.348723062440666254e-01 6.274291670689080114e+00
1.270522977894248173e+00 2.431756295355507635e+00 4.066115709821847446e+00 3.882678695680986003e+00 1.849535034399968358e+00 1.202505405534014304e+00 6.007005399110756372e-01 3.276815675669611849e+00 6.000000000000000000e+00 8.000000000000000000e+00 2.000000000000000000e+00 -1.672793511049074198e+02 2.400800000000151329e+02 2.952459444056240834e+00 6.914741303017438168e-02 6.239228934580999919e+00
1.011814217097919411e+00 2.181743393372794326e+00 5.778569933987153462e+00 5.377320314038485094e+00 2.256890203633473924e+00 1.209972474843840740e+00 5.726257479048333376e-01 2.733618058430814290e+00 6.000000000000000000e+00 1.200000000000000000e+01 2.000000000000000000e+00 -4.789838685328313090e+02 3.601200000000105774e+02 1.868274178330162627e+01 -5.016600582638409689e-01 1.917212688238683141e-02
1.580255458976878469e+00 1.613067848829532025e+00 3.726215496069469335e+00 6.709742327644686810e+00 1.951818481736397271e+00 5.060453999237334299e-01 7.923363295708990561e-01 3.662086591464724261e+00 5.000000000000000000e+00 9.000000000000000000e+00 2.000000000000000000e+00 -2.821247329994899928e+02 2.700900000000045225e+02 9.192483312467985002e+00 2.530507463747306285e-01 6.277202476215789417e+00
2.368274091513373314e+00 2.405556990622876423e+00 6.332637107034036816e+00 6.615432115947917247e+00 2.760516673645362573e+00 1.495655217188591291e+00 6.176081364968980525e-01 2.639361135343619047e+00 8.000000000000000000e+00 1.300000000000000000e+01 3.000000000000000000e+00 -2.360484299199741145e+03 2.181399999999951547e+02 1.571339369998399071e+01 -5.212680854279426512e+00 5.914930532963604826e+00
1.077112749657928470e+00 1.141283648532313455e+00 5.131070247023707509e+00 7.648705530768379113e+00 1.510496124842837906e+00 5.709725042796992556e-01 6.519911238226347994e-01 3.731637373144728542e+00 1.000000000000000000e+00 9.000000000000000000e+00 1.000000000000000000e+00 -2.144319544263796047e+02 2.700900000000045225e+02 4.961684651648583966e+00 -7.683298020204451517e-02 6.156738812397823501e+00
2.266050257635025211e+00 1.439127721718147512e+00 5.112679963803137717e+00 7.371009666572654773e+00 2.995360850579721124e+00 1.754965904737640026e+00 5.803739037675653689e-01 3.197937095939052288e+00 5.000000000000000000e+00 1.000000000000000000e+01 2.000000000000000000e+00 -5.605322601630157351e+02 3.000999999999997385e+02 2.565514126018849339e+01 -9.327086448974285238e-02 6.272025379613176632e+00
1.881752538825870014e+00 1.741306126089714912e+00 6.291574872452908807e+00 7.407255863969875342e+00 2.484079548385380143e+00 6.067385484309378851e-01 5.765350979246324226e-01 2.828858549243868037e+00 6.000000000000000000e+00 1.400000000000000000e+01 3.000000000000000000e+00 -2.418470190929249839e+03 3.217199999999816100e+02 1.610063693307868249e+01 -2.811560267846659578e+00 1.409827783936034029e+00
2.043762239007348214e+00 2.089243626271547694e+00 6.107571026069161135e+00 5.269167089499824819e+00 1.914463311623576969e+00 1.561839967567253185e+00 6.222610066036482479e-01 3.370706712846530007e+00 5.000000000000000000e+00 1.300000000000000000e+01 2.000000000000000000e+00 -1.113875568971663824e+03 3.794699999999895113e+02 -3.046594099107194364e-03 -7.652326790393541245e+00 3.098569578220406129e+00
1.187361120067552900e+00 2.002164754812143510e+00 4.130196502410678150e+00 4.775635533469396066e+00 1.706063442165786981e+00 6.372032781456181683e-01 5.894355339615368061e-01 4.043886721301548803e+00 3.000000000000000000e+00 1.000000000000000000e+01 2.000000000000000000e+00 -4.294080891540706943e+02 3.000999999999997385e+02 1.745988057212942834e+01 -2.003539347962353667e-01 6.240339255389832473e+00
1.126835285373890327e+00 4.520873965674603312e-01 3.328173694292916984e+00 7.933417461837346529e+00 1.563121943776360601e+00 7.174894617508744687e-01 5.507020105488578121e-01 3.312610564817676018e+00 4.000000000000000000e+00 9.000000000000000000e+00 3.000000000000000000e+00 -2.333100253100365535e+03 3.239999999999997016e+01 1.980626581877284309e+01 -3.692504640087533652e+00 1.105559087181653855e+00
8.832905086010814921e-01 1.531225006963814472e+00 5.602003302611838542e+00 5.045073431948875253e+00 1.683884932919600397e+00 1.205833302520183059e+00 4.884616670873477839e-01 3.716148576090838596e+00 7.000000000000000000e+00 7.000000000000000000e+00 2.000000000000000000e+00 -1.540164854668840917e+02 2.100699999999860097e+02 3.061342841680692484e+00 -1.523245333946878508e-03 2.214032119046220582e-04
1.578274318353682926e+00 1.269774883765414142e+00 7.732960024842268965e+00 5.410863921090442119e+00 1.993014150075074875e+00 8.353796843042241571e-01 6.243070183176485655e-01 4.658386615576668888e+00 0.000000000000000000e+00 1.500000000000000000e+01 2.000000000000000000e+00 -2.511127991958331222e+03 3.757499999999886882e+02 2.020331199739605665e+01 -1.370178377171304307e+00 5.991787612301166632e+00
1.287415594026874333e+00 9.801027337306356113e-01 3.399831151857351408e+00 7.208347341506037509e+00 1.999367611714576221e+00 3.062749333073503388e-01 5.290808515661888922e-01 4.540239366592891734e+00 4.000000000000000000e+00 1.000000000000000000e+01 2.000000000000000000e+00 -4.374835211669352475e+02 3.000999999999997385e+02 1.796459507293346292e+01 9.482930454552181577e-04 6.283153324140685392e+00
1.728291483089976932e+00 1.672265392332350720e+00 6.173606639646258110e+00 8.760833222192994540e+00 1.553892277401131672e+00 6.247328350400691566e-01 2.950524639752126754e-01 3.088106713019635130e+00 2.000000000000000000e+00 1.100000000000000000e+01 1.000000000000000000e+00 -4.429031918260942007e+02 3.301100000000244563e+02 1.736551198913012328e+01 -1.993659563491791825e-02 7.216035628018119263e-02
1.158760506427874093e+00 1.054788931162961685e+00 5.167201169499947788e+00 7.532660944993293306e+00 1.377035162932244372e+00 9.192148812186474727e-01 4.953755864428517897e-01 3.130171799684416278e+00 4.000000000000000000e+00 1.100000000000000000e+01 1.000000000000000000e+00 -2.388525361921266779e+02 3.301100000000244563e+02 4.612346012007153107e+00 -1.142523771048316927e+00 6.264912636098435961e+00
2.147711610368344015e+00 1.313946603697304649e+00 5.191253424070380262e+00 6.223931950646675482e+00 2.732760054164106389e+00 1.777571512495901729e+00 3.220905927004861224e-01 3.479460362479001478e+00 5.000000000000000000e+00 1.100000000000000000e+01 2.000000000000000000e+00 -2.192273851131727042e+03 1.273799999999993986e+02 8.036490695732968703e+00 -9.899478889078142885e+00 2.050892106541552184e+00
8.341381830415902643e-01 1.359114278842261214e+00 6.733659436294598066e+00 8.678243005449603586e+00 1.794982299877790455e+00 5.825921334842381061e-01 4.059331277767276869e-01 2.968249174767250143e+00 6.000000000000000000e+00 7.000000000000000000e+00 2.000000000000000000e+00 -1.580134259238853360e+02 2.100699999999860097e+02 3.311151620243270699e+00 -2.243300131650469847e-02 6.283017689915525672e+00
2.100256112819470999e+00 2.789115498022566975e+00 7.058432837930864956e+00 7.095599500132869331e+00 1.489102736291157747e+00 7.201013398328921511e-01 1.963761794957766260e-01 2.568282678993399237e+00 3.000000000000000000e+00 1.800000000000000000e+01 2.000000000000000000e+00 -5.685111310939691975e+02 5.401800000000090449e+02 1.865132069337279219e+01 -5.975556633749376512e-02 2.990667455303019050e-03
6.504099260426600138e-01 1.266680681446397783e+00 7.022845497141957161e+00 9.270766565051575370e+00 1.239112582630722770e+00 4.311697860157652773e-01 3.343370651806610860e-01 2.720266959433207621e+00 6.000000000000000000e+00 8.000000000000000000e+00 2.000000000000000000e+00 -1.509091276394149190e+02 2.400800000000151329e+02 1.929320477462959316e+00 -3.037680826005729751e-01 6.571583839880601463e-03
7.592376706266305009e-01 2.632018728297801147e+00 1.005482452636375479e+00 2.886788187306535747e+00 1.546811752952646390e+00 1.029886809434124306e-01 6.978076315233674443e-01 3.938919075907528100e+00 4.000000000000000000e+00 1.100000000000000000e+01 2.000000000000000000e+00 -4.348363866928081052e+02 3.301100000000244563e+02 1.686133666829974231e+01 -3.210893797187928111e-01 6.275888439876601055e+00
4.542919345400359132e-01 1.008805138885744412e+00 5.475239893679074044e+00 9.632647665788407920e+00 1.447741799343815083e+00 5.233690699246834610e-01 3.752014501085479403e-01 2.910754260685773698e+00 5.000000000000000000e+00 1.200000000000000000e+01 2.000000000000000000e+00 -4.626334268508415448e+02 3.601200000000105774e+02 1.766083917817726601e+01 3.790829387962772919e-03 2.817064915938697809e-04
2.197989091890966140e+00 1.379399751241316530e+00 2.534708883428967496e+00 6.708493150615117528e+00 2.052589535092307127e+00 7.554111090997887024e-01 7.939401456884013220e-01 3.241661529705365474e+00 4.000000000000000000e+00 9.000000000000000000e+00 2.000000000000000000e+00 -4.065301879027115319e+02 2.700900000000045225e+02 1.696782424391932764e+01 3.174572902158110388e-01 6.175325568568093892e+00
2.124628239633221227e+00 2.212549528336327231e+00 6.137836672105199121e+00 8.197007752588802987e+00 2.677793221895063969e+00 1.645027288808437849e+00 4.745402598492934887e-01 2.609648331980566560e+00 7.000000000000000000e+00 9.000000000000000000e+00 2.000000000000000000e+00 -2.051567703421476097e+02 2.700900000000045225e+02 4.381985646384084276e+00 -4.616349257112794535e-01 1.116435075077984278e-02
3.897076344418933802e-01 1.610128610004087468e+00 5.576081147066973998e+00 9.743628198172602950e+00 1.180778609263673173e+00 1.098502621892629483e+00 5.841802686681690782e-01 2.247665478802202799e+00 3.000000000000000000e+00 5.000000000000000000e+00 1.000000000000000000e+00 -1.082790084983161307e+02 1.500499999999998693e+02 2.078375531144762700e+00 -3.928481000465631756e-01 1.764175706926358910e-04
3.402236828619201736e-01 2.832744160485705098e+00 2.090654178207036473e+00 3.304673238586687933e+00 1.286209873840444828e+00 5.293634275155623126e-01 5.975510469754681253e-01 4.163440228628637385e+00 3.000000000000000000e+00 8.000000000000000000e+00 2.000000000000000000e+00 -3.895351699566714387e+02 2.400800000000151329e+02 1.684344812229149113e+01 -2.772116625719560357e-02 1.593240925856775903e-05
3.276731761621256012e-01 2.094502431359807737e+00 8.511358157300096039e+00 3.455155020018607637e+00 1.686537851796325427e+00 1.187465890912982713e+00 5.982072437952526966e-01 4.932477028993058177e+00 1.000000000000000000e+00 1.400000000000000000e+01 1.000000000000000000e+00 -6.563237368628834929e+02 4.201399999999720194e+02 2.789085855393109270e+01 1.145930033278168003e-01 6.277878414871749690e+00
1.911785760767183984e-01 1.415805229082820471e-01 2.181489939793609611e+00 7.801530901111053851e+00 4.122048502065477349e-01 2.427013273792824610e-01 6.193835724518184094e-01 2.820506087017831121e+00 1.000000000000000000e+00 6.000000000000000000e+00 3.000000000000000000e+00 -2.116732406017362791e+03 6.642000000000099647e+01 5.220150376085130439e+00 -3.130152792069938350e+00 9.195640395730740879e-01
1.677444598254625552e+00 2.991293913589797793e+00 7.691143556835370987e+00 6.498434284472200062e+00 2.658096613341104586e+00 1.239374440649896769e+00 4.932708447867530377e-01 2.159038479303611702e+00 1.000000000000000000e+01 1.600000000000000000e+01 4.000000000000000000e+00 -5.151717646161762332e+02 4.801600000000302657e+02 1.719323528851006699e+01 1.801454320985973467e-01 2.383451717219976784e-02
2.886603375542454053e+00 1.710841710735540477e+00 2.543653856599467744e+00 8.810029579914939291e+00 2.921325708479074912e+00 2.112069426990213827e+00 5.088737460778904875e-01 3.133906503030824187e+00 5.000000000000000000e+00 5.000000000000000000e+00 2.000000000000000000e+00 -9.192623898344730549e+01 8.709999999999719478e+01 1.863606950431594134e-02 -9.678073066488586118e-01 5.856766086782857483e-01
