1.987710688369815681e+00 1.489300318540174528e+00 4.139108772977245110e+00 8.274516878037758261e+00 1.867289145973836550e+00 6.552626419917734202e-01 5.233043515605706464e-01 2.752119110532504465e+00 5.000000000000000000e+00 7.000000000000000000e+00 2.000000000000000000e+00 -9.528083254443032502e+01 1.900499999999879606e+02 1.598953402727121276e-02 -9.609941901690954857e-01 6.281787233952530691e+00
1.415853186506065953e+00 1.878029580793724840e+00 4.632844065338168171e+00 6.425475889993290224e+00 1.985650315772603314e+00 1.167627072747204453e+00 6.430435814449436682e-01 3.160654871711736202e+00 4.000000000000000000e+00 3.000000000000000000e+00 2.000000000000000000e+00 -2.136860970266199729e+03 3.264000000000047663e+01 7.533810641637455063e+00 -2.091161452318054170e+00 2.089877833066848267e-01
1.135893599589351988e+00 1.925865092456355177e+00 2.961658986559284834e+00 6.133917873146776500e+00 2.096173975332096262e+00 2.339710612560657044e-01 7.048470535638171608e-01 3.015190477978977768e+00 4.000000000000000000e+00 8.000000000000000000e+00 2.000000000000000000e+00 -3.959595065645700060e+02 2.400800000000151329e+02 1.724496916028515159e+01 -4.190553678417141548e-01 6.282937389695180563e+00
1.620700673534390512e+00 1.990746832916838738e+00 2.198762059909411981e+00 7.903327172422978997e+00 1.929544725271727268e+00 9.197367004581322725e-01 6.874165269807516188e-01 3.202757244139935899e+00 6.000000000000000000e+00 9.000000000000000000e+00 2.000000000000000000e+00 -1.664533279977415816e+02 2.700900000000045225e+02 1.963020499858707746e+00 6.395354966631364158e-03 6.282796331975205817e+00
1.271033931885463764e+00 1.864979303855630377e+00 3.179131666966496628e+00 6.447360090884242112e+00 2.720707379597825604e+00 4.393869343858751164e-01 3.780198021876780556e-01 3.498323453922822956e+00 4.000000000000000000e+00 3.000000000000000000e+00 2.000000000000000000e+00 -2.133138983440013362e+03 2.220000000000008455e+01 7.627436465000825727e+00 -2.315027644247137140e+00 6.282078989865882868e+00
1.374536316723758533e+00 2.196159609780504063e+00 4.597544852615948585e+00 5.080958719780950261e+00 2.298593588721745462e+00 1.405277926010788159e+00 5.860263580382412130e-01 3.381143287570884670e+00 6.000000000000000000e+00 7.000000000000000000e+00 2.000000000000000000e+00 -1.640462741072441872e+02 2.100699999999860097e+02 3.688204631703199787e+00 1.478355746405429208e-03 2.212949218650149877e-04
1.760792207707375656e+00 1.709603148484307944e+00 2.227553726811785317e+00 7.334317737278823301e+00 1.672420004915010638e+00 1.069898839889817932e+00 4.357763504624939110e-01 3.319949701113111384e+00 5.000000000000000000e+00 8.000000000000000000e+00 2.000000000000000000e+00 -2.114984054646554910e+02 1.659200000000035402e+02 1.761995772913255848e-02 -9.631426516619491229e-01 6.238466663064925477e+00
1.070759211514670906e+00 1.258595292967292334e+00 3.595512591582807893e+00 5.152302970938464455e+00 2.384454923661557757e+00 4.996247058365551053e-01 4.936270476130398821e-01 3.407963696087658256e+00 1.000000000000000000e+00 5.000000000000000000e+00 1.000000000000000000e+00 -1.305635440870024127e+02 1.500499999999998693e+02 3.471159005437655765e+00 7.359158830387541039e-02 4.855545138242311001e-03
6.377845595170048565e-01 1.295698992913937975e+00 3.133861591572518535e+00 6.996879544296664477e+00 1.774191127979778626e+00 8.819730387282522788e-01 5.278053797422849192e-01 3.487987960551520938e+00 2.000000000000000000e+00 6.000000000000000000e+00 2.000000000000000000e+00 -3.667776963031010951e+02 1.800600000000052887e+02 1.729673101894365317e+01 -2.049157093973443255e-01 3.777769456108613644e-02
1.344481334491475444e+00 1.605331445511759769e+00 3.915790123255914690e+00 7.733465277313956499e+00 1.794536479762404602e+00 9.742881937085553501e-01 5.566721523114293024e-01 2.876028770734483153e+00 4.000000000000000000e+00 5.000000000000000000e+00 2.000000000000000000e+00 -6.830120595275637640e+01 1.360999999999966974e+02 1.570037204737716185e-02 -9.524816556012475344e-01 6.277780877310624952e+00
2.193618627112520869e+00 1.529447000747063967e+00 2.014257273458390340e+00 7.803085232807709382e+00 2.549648725091665735e+00 1.099829078783128189e+00 5.791769656582556047e-01 3.180344902730650514e+00 3.000000000000000000e+00 7.000000000000000000e+00 2.000000000000000000e+00 -1.990510987678237314e+02 1.739499999999895294e+02 1.954015872763273376e-02 -1.003638681058136584e+00 1.296322674309999812e-01
1.213995117465550777e+00 2.031045712883309040e+00 4.236145065079167438e+00 8.127455597685885991e+00 2.247727466498263382e+00 7.184059329667973337e-01 5.838800439067440839e-01 3.281057491723114783e+00 4.000000000000000000e+00 6.000000000000000000e+00 2.000000000000000000e+00 -2.675063254469943104e+02 1.800600000000052887e+02 1.109227034043698090e+01 -2.699079457060880090e-03 6.283157970355324196e+00
1.757082220195216093e+00 1.976519374862653056e+00 4.158778753043014476e+00 5.839352524576531422e+00 1.950362909777107134e+00 1.002959435061220095e+00 4.748776283458981395e-01 3.564373217897492285e+00 5.000000000000000000e+00 7.000000000000000000e+00 1.000000000000000000e+00 -1.617892476272685087e+02 2.100699999999860097e+02 3.547140476704718548e+00 3.955589178220789148e-02 6.191098838357985024e+00
1.192473363724868562e+00 1.782444800187921841e+00 4.373147760926755723e+00 8.169104399585142673e+00 2.420235665298620553e+00 8.735906610185744103e-01 5.095690637970125003e-01 3.191152843895589175e+00 5.000000000000000000e+00 6.000000000000000000e+00 2.000000000000000000e+00 -3.592953078067039314e+02 1.800600000000052887e+02 1.682908173791883044e+01 -1.738769298414376274e-01 6.271864519265058391e+00
1.359883577220840412e+00 1.681611770559926056e+00 1.718596568805283331e+00 6.994458760070750181e+00 1.952535417100011106e+00 8.110561561876757919e-01 5.202353427765054050e-01 2.905817556427478632e+00 4.000000000000000000e+00 5.000000000000000000e+00 2.000000000000000000e+00 -4.778918931872845377e+01 9.479999999999675708e+01 2.432433242062967751e-02 -9.468970858761051046e-01 6.279740664825456342e+00
1.373012122020524473e+00 2.368997182269616530e+00 3.562574230262407049e+00 8.305243443259961111e+00 2.103977260893478807e+00 1.043976987413833601e+00 5.313953425066214598e-01 2.790066013073667861e+00 3.000000000000000000e+00 5.000000000000000000e+00 1.000000000000000000e+00 -9.752075473599367683e+01 1.500499999999998693e+02 1.405984670999608666e+00 -2.958355809904599787e-01 1.756749850596049699e-04
1.743134734526995189e+00 1.641885444027560315e+00 4.123619953245159842e+00 7.133157582439167754e+00 1.867582378082750294e+00 7.946353173502244127e-01 4.374787920160566057e-01 2.969594970968546299e+00 4.000000000000000000e+00 7.000000000000000000e+00 2.000000000000000000e+00 -1.585670379902686591e+02 2.100699999999860097e+02 3.345752374392227502e+00 2.071944860226719240e-02 6.274041043378196569e+00
1.214381744239492411e+00 2.289637073149767055e+00 4.713915700469748060e+00 6.258885475586954072e+00 2.192031567701347772e+00 7.299210986786471844e-01 5.729777986488933106e-01 3.513997311187329053e+00 4.000000000000000000e+00 5.000000000000000000e+00 1.000000000000000000e+00 -1.350534462528682695e+02 1.500499999999998693e+02 3.751777890804270488e+00 1.190306030328159848e-01 4.709037865014431730e-03
1.094720740086903898e+00 2.101575414634374361e+00 3.642019165078465015e+00 6.919866219788464612e+00 2.262670716910470059e+00 7.362184461886914777e-01 4.619280394724090688e-01 3.385779914360653287e+00 4.000000000000000000e+00 6.000000000000000000e+00 1.000000000000000000e+00 -1.461384576867507690e+02 1.800600000000052887e+02 3.506778605421758677e+00 -1.494889125852861544e-01 6.261984876703824199e+00
1.325456783992977616e+00 2.172762557378808967e+00 4.527006989097245082e+00 8.639198071678025670e+00 1.938573576469557969e+00 1.191356325738544442e+00 4.508877962990419652e-01 3.319977091619804366e+00 5.000000000000000000e+00 4.000000000000000000e+00 2.000000000000000000e+00 -4.407591571162489430e+01 8.736000000000245791e+01 2.474473197647926795e-02 -9.401854997458453100e-01 6.281345882841521622e+00
1.296205112843402230e+00 1.796456803304968375e+00 2.931894860568365235e+00 6.911240179452825316e+00 1.818567424280606026e+00 7.209175520366902790e-01 4.580092416020974389e-01 3.110900469842904581e+00 3.000000000000000000e+00 5.000000000000000000e+00 2.000000000000000000e+00 -9.670407969233576750e+01 1.500499999999998693e+02 1.354942480770989333e+00 -2.117565407209217043e-01 6.282585305796233754e+00
1.488172520315635738e+00 1.731352601627827559e+00 3.040674133732220508e+00 7.763938411260359551e+00 1.836310294259253295e+00 8.525856552147399459e-01 6.692660235152140258e-01 3.094949331434844186e+00 4.000000000000000000e+00 9.000000000000000000e+00 2.000000000000000000e+00 -4.144172952785057760e+02 2.700900000000045225e+02 1.746076845490647145e+01 7.146683759662995905e-02 6.264984328359725296e+00
1.476393305852814253e+00 2.214278758912690215e+00 2.187651767042336992e+00 6.861728265819543537e+00 2.218361365296804610e+00 9.840167441574604323e-01 5.480013865131525552e-01 3.497375492860028245e+00 4.000000000000000000e+00 3.000000000000000000e+00 2.000000000000000000e+00 -2.316553582165260650e+03 9.869999999999981455e+00 1.947616138532877983e+01 -2.842752956081787463e+00 6.145220675367311536e+00
1.482746227107504478e+00 2.198528312644855820e+00 2.561723452534159673e+00 7.035598068141845296e+00 1.936634730427936546e+00 6.934003017967950155e-01 3.671645510919558930e-01 3.518454234550680404e+00 5.000000000000000000e+00 3.000000000000000000e+00 2.000000000000000000e+00 -2.385050771902800079e+03 5.820000000000003837e+00 2.388379824392499629e+01 -3.380007921378291869e+00 3.094409639510686816e-03
1.396476449249342000e+00 1.382523179459776097e+00 2.748596942042483171e+00 6.417378927174668846e+00 1.767496501291015543e+00 5.776815131811188220e-01 5.253781238311663326e-01 2.915415898246822568e+00 4.000000000000000000e+00 7.000000000000000000e+00 1.000000000000000000e+00 -1.031488255889960328e+02 2.056599999999864394e+02 1.992659931267596121e-02 -9.860894968377251768e-01 6.264693911287061212e+00
1.839704342239907087e+00 1.860972593096986705e+00 3.957819323052629290e+00 8.279241122192496860e+00 2.421304380082487828e+00 9.010943502887510670e-01 6.162585667246534005e-01 3.069043006619742275e+00 4.000000000000000000e+00 6.000000000000000000e+00 2.000000000000000000e+00 -1.348243277211348357e+02 1.800600000000052887e+02 2.799645482570761956e+00 1.263965471851723893e-02 2.279741088353519872e-03
2.057700575050093850e+00 1.763890023032249843e+00 2.869409268584222517e+00 8.874295749690805479e+00 1.790104546709191835e+00 7.228978738585074559e-01 4.990118555847059545e-01 2.643311842665245326e+00 6.000000000000000000e+00 4.000000000000000000e+00 2.000000000000000000e+00 -2.145489573286075483e+03 4.195999999999928320e+01 7.781848330379737888e+00 -6.468711991247221293e-01 6.254417650693129715e+00
1.492482447151789682e+00 2.192068256495492751e+00 3.152504710634607132e+00 7.487100460356102438e+00 2.037598238623846925e+00 7.531792891631970965e-01 6.931679904020355831e-01 3.052992653714682092e+00 4.000000000000000000e+00 7.000000000000000000e+00 2.000000000000000000e+00 -2.346856955769962383e+02 2.100699999999860097e+02 8.103168473562702090e+00 -1.020564669085232579e+00 3.767766578800359201e-02
1.316203343362267963e+00 2.090837942767302060e+00 2.760030287815489203e+00 6.515800799683749922e+00 2.035107910335029135e+00 1.266317584173119126e+00 4.901665970007568762e-01 3.596711324721640679e+00 6.000000000000000000e+00 9.000000000000000000e+00 2.000000000000000000e+00 -2.158198950779893039e+03 1.291500000000036152e+02 5.851496923743189527e+00 -1.805520900196047274e+00 5.989441049980442244e+00
1.538660434075673100e+00 1.781151679197810811e+00 3.829592535521910257e+00 6.963774460555170798e+00 1.803029438795286321e+00 8.761710548600899484e-01 3.697813550667111704e-01 2.900227929673232730e+00 4.000000000000000000e+00 7.000000000000000000e+00 2.000000000000000000e+00 -1.385381675865313298e+02 2.100699999999860097e+02 2.093947974158645309e+00 -1.298587281475237221e-01 1.136828355498599591e-01
1.188052879242912363e+00 2.328367985266474705e+00 3.077257003389922474e+00 7.960763707152449520e+00 2.386747598948055771e+00 1.016795611166020796e+00 6.888533985424790673e-01 3.320345809966084971e+00 6.000000000000000000e+00 5.000000000000000000e+00 2.000000000000000000e+00 -3.352136514609945834e+02 1.500499999999998693e+02 1.626179071631216644e+01 -2.758510549361336845e-03 6.630372367270958537e-07
3.680784626912645408e-01 1.344417064588543598e+00 3.247309439969037204e+00 7.054300298089486887e+00 2.025928062761837012e+00 8.874287833860974306e-01 5.857134223461030187e-01 2.940936392252377907e+00 4.000000000000000000e+00 6.000000000000000000e+00 1.000000000000000000e+00 -4.914950240683608058e+02 1.800600000000052887e+02 2.509156400427238509e+01 -2.265715607953230470e-03 1.130778821961177407e-04
1.642836807899162865e+00 2.118212262353813991e+00 2.759724291931560103e+00 6.898900464914471620e+00 1.760605273925910597e+00 1.091220520725999066e+00 6.089927386766540440e-01 3.470491260396083355e+00 4.000000000000000000e+00 5.000000000000000000e+00 2.000000000000000000e+00 -8.718763952975153586e+01 1.500499999999998693e+02 7.601649706094752990e-01 -4.407756433995073109e-01 6.282601787368467861e+00
1.214937186596689589e+00 2.253727420930893732e+00 3.821911126085191235e+00 6.613824856877585923e+00 1.887712562139767236e+00 9.561950584452849622e-01 6.406098506330931697e-01 3.290571151117042792e+00 5.000000000000000000e+00 9.000000000000000000e+00 2.000000000000000000e+00 -2.677474428526791712e+02 2.700900000000045225e+02 8.293902678292306874e+00 -8.516384264472156573e-01 3.881650619307943501e-02
5.092770829479835726e-01 1.650070141485898256e+00 4.232438485874550516e+00 6.278011447517424237e+00 1.932320862240809900e+00 1.180238103938374028e+00 5.390706937628368944e-01 3.703969044719416015e+00 3.000000000000000000e+00 6.000000000000000000e+00 2.000000000000000000e+00 -1.544394245154433634e+02 1.800600000000052887e+02 4.025589032215044938e+00 -2.339510755497758443e-01 6.171852285031487639e+00
1.589432134289001208e+00 2.128645781603023313e+00 3.170153016287551306e+00 7.297265493423584104e+00 2.063310298918131558e+00 6.517086953556721074e-01 4.325606076209524975e-01 3.131790111891827877e+00 4.000000000000000000e+00 7.000000000000000000e+00 2.000000000000000000e+00 -3.660424021476651433e+02 2.100699999999860097e+02 1.631296263422951043e+01 -3.136223796462595526e-01 6.267534921372053702e+00
1.625098846269076081e+00 1.593494353307200129e+00 2.901000970025407799e+00 8.162628986941008691e+00 1.793619875337259417e+00 9.964496257480282004e-01 5.248854034957741721e-01 2.912210403276157766e+00 6.000000000000000000e+00 6.000000000000000000e+00 2.000000000000000000e+00 -1.405275370184743053e+02 1.197600000000030178e+02 2.082377991581590981e-02 -9.524749499951266074e-01 1.885019562591805919e-01
1.294721949039883802e+00 2.164627630639316180e+00 3.474742656664726148e+00 6.573330411677560825e+00 1.891318365972828541e+00 6.992985804002599393e-01 5.241347977610226749e-01 3.546234593083070319e+00 4.000000000000000000e+00 7.000000000000000000e+00 2.000000000000000000e+00 -1.606016325425412106e+02 2.100699999999860097e+02 3.472914533909263746e+00 -4.247018997829399289e-02 3.729653175188474279e-05
1.353405698811072533e+00 2.214483979542840153e+00 2.999029314465972540e+00 7.669238941955797806e+00 2.535511439653967969e+00 7.790354384980586744e-01 3.400098401539418114e-01 3.748516254514023593e+00 4.000000000000000000e+00 5.000000000000000000e+00 2.000000000000000000e+00 -1.131874938498969243e+02 1.500499999999998693e+02 2.385155865618562299e+00 4.761784343815821108e-02 5.660866780373056614e-03
1.219642107503964512e+00 1.781536098859285211e+00 4.422990580728018983e+00 6.952653989282563174e+00 1.563663213157938436e+00 1.122498804870804889e+00 4.878026394847326253e-01 3.106518276025596936e+00 2.000000000000000000e+00 2.000000000000000000e+00 2.000000000000000000e+00 -2.133962705019625446e+03 1.797999999999970555e+01 7.810794063726605785e+00 -1.519806032759948522e+00 4.714681256341246574e-02
1.529133291744736667e+00 1.335108512300326122e+00 2.739560381536312761e+00 8.155825638365366004e+00 1.691219013523526993e+00 8.233696436409255748e-01 5.656513064811533598e-01 3.842308013167769154e+00 2.000000000000000000e+00 5.000000000000000000e+00 2.000000000000000000e+00 -1.132766898550792405e+02 1.500499999999998693e+02 2.390730615942456616e+00 -1.158212060028863261e-01 1.746585313748391932e-01
1.464243830262927260e+00 1.270692860899011345e+00 3.873677896011094468e+00 7.215986056711163776e+00 1.817993001469976555e+00 1.004062972717222335e+00 4.494832605722464680e-01 2.816102236054338626e+00 4.000000000000000000e+00 1.000000000000000000e+01 2.000000000000000000e+00 -4.253977270045301111e+02 3.000999999999997385e+02 1.720923293778313834e+01 -1.237721625765111910e-01 6.271165147915637839e+00
1.928179931180403983e+00 1.862083855996404136e+00 3.129642246684152251e+00 5.238187750397617748e+00 1.905178056476835691e+00 1.559893350813705393e+00 6.932769457080432129e-01 3.098916326381491615e+00 6.000000000000000000e+00 1.300000000000000000e+01 2.000000000000000000e+00 -2.396776769419368520e+02 3.901299999999891384e+02 2.788292308871392677e+00 -3.294680777558611079e-02 6.094413096705402211e+00
1.281446810927358904e+00 2.078441896430728963e+00 3.473721264922518426e+00 5.850664098960651316e+00 1.965308544046797223e+00 1.331330412112995853e+00 6.320369832899949136e-01 3.685326006701886481e+00 5.000000000000000000e+00 6.000000000000000000e+00 2.000000000000000000e+00 -1.428457408623776246e+02 1.800600000000052887e+02 3.300983803898435376e+00 2.755322756516795923e-01 6.282063965675789063e+00
1.749739876099801972e+00 2.250119948739424558e+00 3.463195303355616428e+00 5.943189386306883648e+00 1.984231528733481742e+00 9.498155675702435463e-01 3.554974556577558120e-01 3.205709281173256819e+00 5.000000000000000000e+00 7.000000000000000000e+00 2.000000000000000000e+00 -1.520884566759910399e+02 2.100699999999860097e+02 2.940841042249877191e+00 1.850484973694686494e-02 6.258887139981139214e+00
1.590534645179997320e+00 1.476111933294589340e+00 4.578516466143538466e+00 7.301433970550739616e+00 1.887141646003408724e+00 1.092406525363981196e+00 3.548138845930703389e-01 3.227362060922464249e+00 5.000000000000000000e+00 4.000000000000000000e+00 2.000000000000000000e+00 -3.846959194753053879e+01 7.628000000000072589e+01 2.059949672063591392e-02 -9.614751280480228202e-01 6.281533351630035789e+00
1.076502095829305228e+00 1.498114620600342839e+00 2.089566278979465785e+00 6.805754316837728801e+00 2.354510583932757584e+00 8.353760191454855377e-01 5.612205151499511935e-01 2.799123079125941604e+00 3.000000000000000000e+00 5.000000000000000000e+00 1.000000000000000000e+00 -3.389868494971244104e+02 1.500499999999998693e+02 1.649761559357028062e+01 -1.246840299729813362e-01 6.276402584035460919e+00
1.489590189196290160e+00 1.530854204929002593e+00 4.444122637377807550e+00 7.552444018287954641e+00 1.897075360568791780e+00 1.170698491487942361e+00 4.280658191222682651e-01 3.275073772686413864e+00 4.000000000000000000e+00 3.000000000000000000e+00 2.000000000000000000e+00 -2.432637418977043353e+01 4.797000000000105757e+01 2.133588686061914028e-02 -9.481933275833343000e-01 6.280452069468330123e+00
