1.671493814709813286e+00 1.768152939883142372e+00 4.196303008238332133e+00 7.069659613325060654e+00 2.453468464275765371e+00 1.219344392806563260e+00 4.680402865693882863e-01 3.298308637556632394e+00 5.000000000000000000e+00 5.000000000000000000e+00 2.000000000000000000e+00 -1.241879392545670839e+02 1.500499999999998693e+02 3.072683703410447276e+00 -3.607327932831102396e-02 6.251139512460664349e+00
1.407489738324558370e+00 1.845134473696825816e+00 3.000033215513893570e+00 6.147804542543457984e+00 2.239682649239717271e+00 4.400231676728096897e-01 4.691034533517622895e-01 3.215601086083551774e+00 4.000000000000000000e+00 6.000000000000000000e+00 1.000000000000000000e+00 -2.277530204667008604e+02 1.800600000000052887e+02 8.607688779168638504e+00 -2.708681138404603894e-01 3.901915037278005233e-02
1.710341958375241278e+00 2.469623407849337315e+00 2.828781060695980454e+00 7.585146368857725641e+00 1.800907852858762759e+00 8.165928106718489676e-01 5.890424892942239810e-01 2.746551836005044489e+00 5.000000000000000000e+00 6.000000000000000000e+00 2.000000000000000000e+00 -6.724352212238669324e+01 1.338600000000035379e+02 1.959513264905781912e-02 -9.508553828509866968e-01 6.279692739488539566e+00
1.593831257408612201e+00 1.799118186636733840e+00 5.236610910753971559e+00 6.411129201058906268e+00 2.031374368670130437e+00 8.175781326852152864e-01 5.839754209961861564e-01 3.860442240226321875e+00 6.000000000000000000e+00 7.000000000000000000e+00 2.000000000000000000e+00 -1.718317494477032028e+02 2.100699999999860097e+02 4.174796840481887372e+00 -3.187028660676025885e-04 6.283169808441209980e+00
1.583984571514765571e+00 2.485941593455173404e+00 3.405937432176837643e+00 6.557448497418510769e+00 1.995924124980773762e+00 1.006933894220469972e+00 4.233630124730020095e-01 3.207988081373193801e+00 5.000000000000000000e+00 8.000000000000000000e+00 2.000000000000000000e+00 -1.737704322838197584e+02 2.400800000000151329e+02 3.358152017738261552e+00 1.357331674081036464e-02 6.282916398315629536e+00
1.166613076880349542e+00 1.720453726353862178e+00 5.066058732537668696e+00 8.251631856466692838e+00 1.789826392386909992e+00 7.986904248562375352e-01 6.544251892653154545e-01 3.095431081807183293e+00 5.000000000000000000e+00 6.000000000000000000e+00 2.000000000000000000e+00 -1.339480068202217922e+02 1.800600000000052887e+02 2.744875426263695850e+00 -1.223778589341573651e-02 2.180879770093632243e-04
1.039967589111897572e+00 2.187276680445934929e+00 3.135640316272299444e+00 6.746613269750962871e+00 2.086173791905407082e+00 1.082688527062147577e+00 5.179359579699751581e-01 3.009431356868939922e+00 5.000000000000000000e+00 6.000000000000000000e+00 2.000000000000000000e+00 -3.061164860397144594e+02 1.800600000000052887e+02 1.350540537748198666e+01 1.175747324328571819e-01 6.210386277966248869e+00
1.250380651696159529e+00 1.683260202196302124e+00 3.260105676733799029e+00 6.782652549711983170e+00 1.943513003231136294e+00 1.218549781736710802e+00 7.979889031836611135e-01 3.596108398772385417e+00 3.000000000000000000e+00 7.000000000000000000e+00 2.000000000000000000e+00 -1.539041750130022592e+02 2.100699999999860097e+02 3.054323438313077954e+00 -1.667176217717032671e-02 6.227162632124089825e+00
1.378295831378465675e+00 1.350625366162734542e+00 4.194251758836558430e+00 6.512067405365480788e+00 2.137467973711990599e+00 1.264402933207555702e+00 6.477425454110057323e-01 3.593227285357299738e+00 7.000000000000000000e+00 6.000000000000000000e+00 2.000000000000000000e+00 -1.405486616062098051e+02 1.800600000000052887e+02 3.157416350387948434e+00 -4.508752613247097307e-01 6.273897791188467465e+00
1.506809697598332054e+00 2.138557006515811931e+00 2.966778084646287894e+00 6.943170730021678949e+00 2.203853286219291441e+00 1.420310751908650637e+00 4.852980194421865900e-01 2.927442564587429352e+00 6.000000000000000000e+00 8.000000000000000000e+00 1.000000000000000000e+00 -1.492271558395676720e+02 2.400800000000151329e+02 1.824197239972507267e+00 -2.146934808192086097e-01 8.116002085884095607e-02
1.103414229100860622e+00 1.658329822089477323e+00 3.706736955963571667e+00 7.453506142431757020e+00 1.973608599888470483e+00 2.998999570592368880e-01 4.986029091364700960e-01 2.743494277872019271e+00 4.000000000000000000e+00 6.000000000000000000e+00 2.000000000000000000e+00 -2.244223427097636261e+02 1.800600000000052887e+02 8.399521419360061358e+00 3.786951800634594012e-05 2.442686828546057576e-06
1.429879784793661512e+00 2.062798398977963910e+00 4.157271882906626637e+00 6.804591672912850164e+00 1.630449475106588331e+00 7.408546000292935974e-01 4.485181469552678712e-01 3.463966670828681593e+00 4.000000000000000000e+00 3.000000000000000000e+00 2.000000000000000000e+00 -2.133463736662580231e+03 2.376000000000014367e+01 7.598983541411244325e+00 -2.994662628045882791e+00 8.513181712607673091e-02
2.061220456683305891e+00 1.916083312757016488e+00 3.086148821807777054e+00 8.411601778620182657e+00 1.897956094319266374e+00 9.368132715256292098e-01 4.140742460896016386e-01 3.238187349775504931e+00 5.000000000000000000e+00 5.000000000000000000e+00 2.000000000000000000e+00 -4.515490440865448818e+01 8.959999999999705267e+01 2.218152554099747653e-02 -9.560561953862836138e-01 6.281607013471737666e+00
1.688196686208182529e+00 1.514227109856707276e+00 2.496992190926032862e+00 5.997344949742863918e+00 1.703677594966156450e+00 9.966783917001287296e-01 6.002660809068015579e-01 3.475118686570551674e+00 4.000000000000000000e+00 6.000000000000000000e+00 2.000000000000000000e+00 -1.175973377196363856e+02 1.800600000000052887e+02 1.722958607477109272e+00 6.475553287699886695e-03 6.265039304249827801e+00
1.329131530679525275e+00 1.892958909153200198e+00 3.391098303796922675e+00 7.339969462201115569e+00 1.911613670236278928e+00 1.061912249179453260e+00 5.424872834792279219e-01 2.923584131287531029e+00 5.000000000000000000e+00 3.000000000000000000e+00 2.000000000000000000e+00 -2.385117702516748523e+03 6.840000000000012292e+00 2.385610640729678167e+01 -2.824917770191238020e+00 2.163186741503340602e-02
1.083624484110070396e+00 1.575102198520711871e+00 5.422521888640497778e+00 6.759273027724541194e+00 2.200876566101923615e+00 9.751028992180612587e-01 5.960588549309019379e-01 3.221842591559096469e+00 5.000000000000000000e+00 7.000000000000000000e+00 2.000000000000000000e+00 -3.771318878545702091e+02 2.100699999999860097e+02 1.700605549091107704e+01 2.045090722681542905e-01 6.216386336973900306e+00
1.460794475337239051e+00 1.945854970351048818e+00 3.513102992327523655e+00 8.040002025602126068e+00 2.323247938270442514e+00 1.309990368763141122e+00 5.116967345606628914e-01 3.415471812367389504e+00 5.000000000000000000e+00 6.000000000000000000e+00 1.000000000000000000e+00 -1.275987349233132164e+02 1.800600000000052887e+02 2.348045932706910754e+00 -1.186236248659816722e-01 5.502983367552236049e-02
2.176538891569329337e+00 1.900775816751979042e+00 4.057429370638349297e+00 6.350736545856655368e+00 1.860009620177882406e+00 7.749900131268272485e-01 5.657839383259013477e-01 2.629375935969015199e+00 4.000000000000000000e+00 6.000000000000000000e+00 2.000000000000000000e+00 -8.537555791520321691e+01 1.699800000000049067e+02 2.409736970004749956e-02 -9.489399476783075826e-01 6.280427887037554058e+00
1.666750019623588708e+00 2.029020052490627002e+00 4.806787428977778553e+00 7.319104388005753137e+00 2.201187660884340591e+00 8.900016843182262383e-01 7.079621539842461120e-01 2.520400940935466405e+00 5.000000000000000000e+00 9.000000000000000000e+00 2.000000000000000000e+00 -4.111471395532258839e+02 2.700900000000045225e+02 1.725638372207647819e+01 -2.065332990103500577e-01 6.258228236353260421e+00
1.479402271666670377e+00 2.234294181896880893e+00 3.383395684092978417e+00 5.873484970376610548e+00 2.371493660816437199e+00 1.264216329194049582e+00 4.442224746008460734e-01 3.504564129191065192e+00 4.000000000000000000e+00 7.000000000000000000e+00 2.000000000000000000e+00 -1.543757941960346329e+02 2.100699999999860097e+02 3.083799637252602643e+00 -4.760398672780721818e-02 8.449184716483949809e-02
2.207613963008776992e+00 1.445805900303389846e+00 4.500467249687897464e+00 7.441441459233975486e+00 2.171324181281406140e+00 9.952132512116899088e-01 4.733373999404933419e-01 3.214405904755138099e+00 6.000000000000000000e+00 8.000000000000000000e+00 2.000000000000000000e+00 -1.694018601911795372e+02 2.400800000000151329e+02 3.085116261948248617e+00 -7.778878783739643851e-04 2.210544939674208829e-04
1.308363447303968918e+00 1.062361195588584106e+00 3.416833663060060644e+00 6.943080569715046835e+00 2.128185658269951652e+00 9.294831628721726968e-01 5.738307800464774733e-01 2.792057942426385164e+00 5.000000000000000000e+00 3.000000000000000000e+00 2.000000000000000000e+00 -2.385399002108320474e+03 7.110000000000014531e+00 2.386525013177001497e+01 -2.732174779845195189e+00 4.906928902393908193e-02
1.245009309009478260e+00 1.764394079847615426e+00 3.004905469955197361e+00 7.394594001599917199e+00 2.118190348804320777e+00 9.983366581489843128e-01 5.700990552331475225e-01 3.587319106146003023e+00 4.000000000000000000e+00 3.000000000000000000e+00 1.000000000000000000e+00 -2.259332815757599292e+03 1.484999999999987530e+01 1.574423848484994615e+01 -3.412756634084216367e-01 4.562385555958723415e-01
1.256974340728054695e+00 1.781036491154264212e+00 4.526660600437296011e+00 7.437113565598967746e+00 1.547052220926975696e+00 1.032855406998411496e+00 7.625320207717444232e-01 2.932855182250669657e+00 3.000000000000000000e+00 5.000000000000000000e+00 2.000000000000000000e+00 -1.250213093699514388e+02 1.500499999999998693e+02 3.124769335621968569e+00 -7.698252715044444361e-02 8.161355267871839639e-03
1.843527733013750280e+00 1.801027427008965676e+00 2.638767848042412822e+00 7.998067227167271476e+00 2.042916775779336280e+00 6.113535678970195564e-01 5.300246385611139255e-01 3.179307883012557401e+00 5.000000000000000000e+00 4.000000000000000000e+00 2.000000000000000000e+00 -2.384813438713384130e+03 1.307999999999989704e+01 2.364208991958649619e+01 -2.067612685200173051e+00 1.791643778199291104e-01
1.489205659005715443e+00 2.072146742189167501e+00 3.258672400175790518e+00 7.193833094633971470e+00 2.183480401172978702e+00 1.103490372238660200e+00 6.168846077761687141e-01 3.017303052938570040e+00 5.000000000000000000e+00 1.000000000000000000e+01 1.000000000000000000e+00 -4.228346746751852834e+02 3.000999999999997385e+02 1.704904216719908661e+01 4.341404614604905121e-01 5.702770430440528421e-02
1.265917259520664029e+00 1.636922804858743863e+00 4.494332840621788172e+00 5.772634656734518366e+00 1.751019290592755739e+00 1.289694922895865403e+00 6.102091486370218032e-01 3.403388451562384454e+00 5.000000000000000000e+00 8.000000000000000000e+00 2.000000000000000000e+00 -1.784557391413404446e+02 2.400800000000151329e+02 3.650983696333304884e+00 -5.923404570482045939e-01 4.026057653014712412e-01
1.440797286596616100e+00 1.731683035164875317e+00 3.345675498286786453e+00 7.667655306155415573e+00 2.151901315278005544e+00 1.153707919014927752e+00 4.818217971532958721e-01 3.036776260364016711e+00 5.000000000000000000e+00 6.000000000000000000e+00 2.000000000000000000e+00 -2.257261350489513632e+02 1.741800000000050659e+02 2.230578307854201234e-02 -9.781056544553846654e-01 6.278760819064609144e+00
1.828098548420086678e+00 1.634899228764584045e+00 4.207029645005053275e+00 6.849722361762538902e+00 2.108860827595286480e+00 1.309719454332949784e+00 7.104169841215178804e-01 3.182004238107596361e+00 6.000000000000000000e+00 9.000000000000000000e+00 2.000000000000000000e+00 -1.942338177916839754e+02 2.700900000000045225e+02 3.699301111980107137e+00 4.795137614878244164e-02 6.253546213684619381e+00
1.287680182924455297e+00 1.859266118633913223e+00 4.229341786290326866e+00 6.871438894491931570e+00 2.322838683212095745e+00 4.513665054859491432e-01 7.002292237627038007e-01 3.549972434462531634e+00 5.000000000000000000e+00 6.000000000000000000e+00 2.000000000000000000e+00 -3.190210900215701031e+02 1.800600000000052887e+02 1.431194312634796617e+01 -1.001298969293132595e-03 6.282830034329095703e+00
1.452998261392462354e+00 1.369883183800759241e+00 4.329898262671318498e+00 7.201214967865110950e+00 2.193561570631219038e+00 9.379417931264137920e-01 4.033776878822484813e-01 3.291296875093573604e+00 3.000000000000000000e+00 6.000000000000000000e+00 2.000000000000000000e+00 -1.543124605650338310e+02 1.800600000000052887e+02 4.017653785314449166e+00 -1.300902920868090076e-02 6.261645540960371292e+00
1.875201196758041533e+00 1.592368415980843999e+00 2.730509163910277426e+00 7.472071602656611411e+00 1.922967069023305609e+00 8.799324043324862066e-01 4.680448264091056076e-01 3.332525339395095099e+00 6.000000000000000000e+00 8.000000000000000000e+00 2.000000000000000000e+00 -1.478021698752383770e+02 2.400800000000151329e+02 1.735135617201925218e+00 -7.112117207247334316e-02 6.266523807200802487e+00
1.445577841383447470e+00 1.808164464625412471e+00 2.161012127153143503e+00 8.421337894161919024e+00 2.038484272984235179e+00 6.948959845987775497e-01 3.819744472907677380e-01 3.389406388698281258e+00 2.000000000000000000e+00 6.000000000000000000e+00 1.000000000000000000e+00 -1.222032992082406935e+02 1.800600000000052887e+02 2.010831200514878070e+00 3.620694183525305365e-01 5.908404240024677456e+00
1.461837910613744462e+00 1.580958799909323975e+00 4.144749210938138084e+00 6.974875907267714226e+00 2.356268331362674218e+00 9.425968535386703984e-01 3.891440446027487621e-01 3.284401334977142373e+00 3.000000000000000000e+00 6.000000000000000000e+00 2.000000000000000000e+00 -1.541532997837653056e+02 1.800600000000052887e+02 4.007706236485165441e+00 -8.217728871741268593e-02 5.503377877322598866e-02
1.558732772513045539e+00 2.062796792653468714e+00 2.439051452722979185e+00 6.978163002252578906e+00 1.959991608331599799e+00 1.156793386894213738e+00 6.064193364347288950e-01 2.530294544045376792e+00 4.000000000000000000e+00 7.000000000000000000e+00 2.000000000000000000e+00 -2.855761640079231256e+02 2.100699999999860097e+02 1.128382275049563255e+01 -1.288506543600211218e+00 2.287467621362020490e-02
1.582225891697282671e+00 2.201643739701849345e+00 4.632404872074902258e+00 5.997931685053243811e+00 1.725052985285753682e+00 1.167850333468841484e+00 5.220784387505718049e-01 2.978727231530355013e+00 6.000000000000000000e+00 8.000000000000000000e+00 3.000000000000000000e+00 -2.147692315068911739e+03 5.015999999999928605e+01 7.663269691807006012e+00 -1.439519785216699788e+01 2.790561750816728637e+00
1.193930883661585840e+00 1.821067544767863478e+00 2.620323019106013618e+00 5.051444698815719114e+00 1.939325512803818929e+00 1.226889331467238220e+00 4.930249990267219218e-01 3.048304082461403830e+00 6.000000000000000000e+00 5.000000000000000000e+00 2.000000000000000000e+00 -1.852687126905527464e+02 9.379999999999681393e+01 1.813802797376357079e-02 -9.521193874666576962e-01 1.463356766554546606e-02
1.864280666512080797e+00 2.097457612633209401e+00 4.211806765281360221e+00 8.258544480037798508e+00 1.710958651474118408e+00 1.370185008721418685e+00 4.470583414426833047e-01 2.895109767341408347e+00 5.000000000000000000e+00 9.000000000000000000e+00 1.000000000000000000e+00 -1.666631740623145390e+02 2.700900000000045225e+02 1.976135878894516695e+00 -1.045055856204536865e-01 6.197657449044951861e+00
2.002612145795682697e+00 1.969873496863401963e+00 4.636040163574334905e+00 8.321637867126725041e+00 2.294687251882759238e+00 7.566832636407064827e-01 6.807286910298944171e-01 3.224701586044374402e+00 6.000000000000000000e+00 6.000000000000000000e+00 1.000000000000000000e+00 -1.378677027533648527e+02 1.800600000000052887e+02 2.989856422085138465e+00 -1.204815492389664337e-02 7.142871957713525528e-04
2.238265427859046586e+00 1.789264938453267506e+00 4.435597291853732749e+00 6.288301580515328837e+00 2.474382000523526859e+00 6.680015751991381645e-01 5.280163564989784897e-01 3.235131900958751139e+00 5.000000000000000000e+00 5.000000000000000000e+00 2.000000000000000000e+00 -1.083473388529945112e+02 1.500499999999998693e+02 2.082646178312161478e+00 -8.039314466867504561e-02 6.282546891434025227e+00
1.362802357527687303e+00 1.588824476595679380e+00 4.401612468530546884e+00 5.854362138570071927e+00 1.136454055444419131e+00 6.227441532395696644e-01 4.772652886800067273e-01 3.891437871812588156e+00 5.000000000000000000e+00 6.000000000000000000e+00 2.000000000000000000e+00 -8.225772865177346205e+01 1.638600000000046748e+02 2.048304073569558181e-02 -9.433807305365846663e-01 4.678810858375384921e-03
1.330518459686852450e+00 2.395378768311342998e+00 3.382786138219036953e+00 7.219841253825833860e+00 2.213038976041139971e+00 9.588225496362193789e-01 7.778016341703221093e-01 3.226423635231054909e+00 3.000000000000000000e+00 4.000000000000000000e+00 2.000000000000000000e+00 -1.101710385852375822e+02 1.200400000000075664e+02 3.134439911577112436e+00 -1.723853679331902311e-01 3.027606161925462669e-02
1.844415361291659616e+00 1.890747263697257985e+00 3.282661746242307999e+00 7.231890384767130087e+00 2.048925885786264001e+00 1.207224900747282170e+00 6.226689965552459904e-01 2.811927440076417817e+00 3.000000000000000000e+00 1.000000000000000000e+01 2.000000000000000000e+00 -4.385441518255837536e+02 3.000999999999997385e+02 1.803088448909899100e+01 5.633070562476206328e-02 6.149382417780605792e+00
1.269303015036861604e+00 1.510777093440775154e+00 1.911360384245476274e+00 6.224471557772063512e+00 1.932939648111166697e+00 1.481746488936910300e+00 5.354157098463981912e-01 3.399989383531945020e+00 5.000000000000000000e+00 7.000000000000000000e+00 2.000000000000000000e+00 -1.366984575298339450e+02 1.332799999999934926e+02 2.360773036234065092e-02 -9.719614942252949863e-01 6.544138887042528774e-01
1.478399025992210403e+00 1.968321301352889741e+00 3.654103469320323594e+00 6.222154346121604007e+00 2.503265511945337085e+00 1.330335154807343434e+00 7.896740318447927898e-01 3.275085187078158988e+00 6.000000000000000000e+00 1.100000000000000000e+01 1.000000000000000000e+00 -4.467794649749848759e+02 3.301100000000244563e+02 1.760777906093579048e+01 -8.893216913149195602e-01 7.481293183744222586e-02
1.098283250288729640e+00 1.245611043429794007e+00 3.624868199879706765e+00 7.104317780126323534e+00 2.326650907255994216e+00 6.804285819982146544e-01 6.140046111924485350e-01 3.433552549065320036e+00 6.000000000000000000e+00 5.000000000000000000e+00 2.000000000000000000e+00 -2.320023302454928398e+03 1.895000000000013429e+01 1.940926890343302347e+01 -2.539795677974474142e+00 5.953972089457677086e+00
1.680919542422632196e+00 1.307103902026854003e+00 4.113455925444048589e+00 7.598602531680795025e+00 2.005218269596905412e+00 8.645058878260799551e-01 7.413850697877150120e-01 3.247129211415656247e+00 8.000000000000000000e+00 6.000000000000000000e+00 2.000000000000000000e+00 -2.328611940738126123e+03 2.621999999999982478e+01 1.971887129613288892e+01 -7.341415358889249454e-01 6.039521877392833638e+00
1.125168812664066653e+00 1.359365313261904795e+00 4.129214564775598895e+00 7.914991097107201945e+00 1.834649669006055639e+00 1.057968516722272323e+00 5.467449068197847151e-01 3.256611476897079527e+00 4.000000000000000000e+00 3.000000000000000000e+00 2.000000000000000000e+00 -2.598462813791508808e+01 5.145000000000118945e+01 1.622675861965593852e-02 -9.503583919395206525e-01 6.279742992968010640e+00
