1.842868877717528608e+00 2.100019594362187103e+00 5.578047358994248306e+00 7.673757143266771052e+00 2.000001810860202678e+00 1.404898288166560816e+00 6.699242484820193688e-01 3.454776452802462927e+00 5.000000000000000000e+00 9.000000000000000000e+00 2.000000000000000000e+00 -2.010649518851182052e+02 2.700900000000045225e+02 4.126246992819747383e+00 -2.078746753614410803e-01 6.264629684487665884e+00
1.683667001393568619e+00 1.788714143417258651e+00 4.707637768096627262e+00 8.069392362129164553e+00 1.959694170535715374e+00 1.294114450593203847e+00 4.859780695555583341e-01 2.919850416477526966e+00 6.000000000000000000e+00 8.000000000000000000e+00 2.000000000000000000e+00 -1.577243451893068027e+02 2.400800000000151329e+02 2.355271574331203155e+00 -9.028128324983568376e-02 6.793141429782202645e-02
1.447138731406587331e+00 1.705905308769938067e+00 2.479213959923777910e+00 6.637857325510283957e+00 1.313622482447322826e+00 1.215533319542735580e+00 5.421691000840015429e-01 3.352278093772621759e+00 5.000000000000000000e+00 7.000000000000000000e+00 1.000000000000000000e+00 -2.125078320042194093e+02 1.474199999999921147e+02 2.427294276312478433e-02 -6.922937201434001819e-01 6.240275635630359474e+00
1.564833545836406881e+00 1.957621357399372819e+00 4.548805215801763779e+00 6.492084581428803070e+00 1.843431067436042126e+00 5.710661341667666591e-01 6.101615142326518582e-01 3.464225443685045480e+00 6.000000000000000000e+00 9.000000000000000000e+00 2.000000000000000000e+00 -1.947360340626089226e+02 2.700900000000045225e+02 3.730689628912916778e+00 4.377037219022224691e-04 1.608413791667478180e-05
1.617447938361704640e+00 1.716123449871491236e+00 3.446208996144709324e+00 6.118944402229736568e+00 1.631135579378510059e+00 1.128925012167518505e+00 6.037381842004355681e-01 3.226016819358698218e+00 3.000000000000000000e+00 9.000000000000000000e+00 2.000000000000000000e+00 -1.941369314063595652e+02 2.700900000000045225e+02 3.693245712897331501e+00 -2.362646372444491938e+00 4.104685382540665395e-02
1.381995292139730269e+00 1.667206557824941759e+00 3.234654222799303369e+00 7.036243122010266582e+00 1.307769919783019930e+00 9.234629114153555252e-01 6.005938953765451727e-01 3.629906507480674449e+00 6.000000000000000000e+00 1.000000000000000000e+01 2.000000000000000000e+00 -1.930074412771909351e+02 3.000999999999997385e+02 2.684840079824442061e+00 7.282110985546477386e-03 6.238053757744598471e+00
1.544782332570942218e+00 1.735960130827331138e+00 4.423577982127865127e+00 7.042115944024408769e+00 1.589085511634583003e+00 8.751910208651131340e-01 4.834794568388785518e-01 3.186396052035821658e+00 6.000000000000000000e+00 9.000000000000000000e+00 2.000000000000000000e+00 -1.845052291096835120e+02 2.700900000000045225e+02 3.091264319355077728e+00 -6.480397264245002509e-02 2.042596201082127194e-01
1.989051537514490375e+00 2.045939857730999289e+00 4.796369639368167626e+00 8.538772018289780164e+00 1.770829801789753022e+00 8.050611722262039915e-01 6.469952298322677597e-01 2.818248619963835466e+00 6.000000000000000000e+00 1.000000000000000000e+01 2.000000000000000000e+00 -2.025835851632900813e+02 3.000999999999997385e+02 3.283349072705638694e+00 2.990120074337373687e-02 6.263910164770965849e+00
1.576698190973767622e+00 1.573072872147572854e+00 4.433744839660827886e+00 6.184545451526747506e+00 1.878005526048293294e+00 9.073878162227020372e-01 5.436866902848115357e-01 2.867424929370431919e+00 4.000000000000000000e+00 1.100000000000000000e+01 1.000000000000000000e+00 -4.446925470054513312e+02 3.301100000000244563e+02 1.747734668783994394e+01 -6.929353543284125228e-03 6.278711513135555755e+00
1.410190763108533307e+00 1.495234918429795279e+00 3.722571202777514188e+00 6.998085180000188643e+00 1.968413663309947603e+00 1.005458430136083825e+00 5.151914387472894541e-01 2.926056453041038008e+00 2.000000000000000000e+00 6.000000000000000000e+00 1.000000000000000000e+00 -1.397939496576343856e+02 1.800600000000052887e+02 3.110246853601983830e+00 3.383025029165147995e-02 6.157473132213885592e+00
1.899935598537607184e+00 1.926750730463560268e+00 5.506114337384452107e+00 9.027267139983838007e+00 2.001826892844307704e+00 9.532347494861538317e-01 4.734618756939180106e-01 3.372826357016404319e+00 4.000000000000000000e+00 9.000000000000000000e+00 2.000000000000000000e+00 -2.674570799819372269e+02 2.700900000000045225e+02 8.275754998870933576e+00 -1.216228386564183195e+00 7.560406283154777474e-02
1.729710808898967445e+00 1.853848437844856312e+00 6.587851912882214833e+00 5.848707654717006044e+00 2.016105386148443035e+00 9.662096503511793388e-01 6.371995348581583896e-01 3.325790866142658952e+00 5.000000000000000000e+00 1.100000000000000000e+01 1.000000000000000000e+00 -4.406235139089134805e+02 3.301100000000244563e+02 1.722303211930632827e+01 1.253381611783696836e-01 6.204188873477230359e+00
1.173921804137045832e+00 1.786540336968257314e+00 6.070584168177159512e+00 6.694024510557815333e+00 2.206171454163299739e+00 6.507506746675616460e-01 5.490469689027585032e-01 3.594268940985678729e+00 7.000000000000000000e+00 9.000000000000000000e+00 2.000000000000000000e+00 -4.002871662558306980e+02 2.700900000000045225e+02 1.657763539098927907e+01 -1.797028419419685174e-03 6.269685020979740564e+00
1.576630622769365164e+00 2.070073746681805549e+00 5.566232045021774155e+00 8.202670433598127531e+00 1.877975893929488604e+00 1.482540818766237667e+00 4.947430801900021269e-01 3.243327926322062460e+00 6.000000000000000000e+00 1.000000000000000000e+01 1.000000000000000000e+00 -2.153154032469686285e+02 3.000999999999997385e+02 4.079087702935546567e+00 -4.889915729949450424e-02 6.204862126435960690e+00
1.242198024093509101e+00 1.582663738171119938e+00 5.086428446276773485e+00 7.772874439648535194e+00 2.251642253439185559e+00 1.284954366385430813e+00 5.753656147544545796e-01 3.127560550558425412e+00 3.000000000000000000e+00 7.000000000000000000e+00 1.000000000000000000e+00 -3.855770317511472740e+02 2.100699999999860097e+02 1.753387698444714005e+01 1.335152955781107043e-01 2.428816625171845434e-01
2.164141119083761833e+00 1.079666283992938292e+00 4.136550854554211121e+00 6.306230082482401578e+00 2.172837331126435956e+00 1.708462606452315402e+00 3.430922982362487605e-01 3.259350030277811783e+00 4.000000000000000000e+00 8.000000000000000000e+00 2.000000000000000000e+00 -2.288490885455832085e+03 8.151999999999861757e+01 1.548318034098953966e+01 -3.330111817082759273e+00 9.475569999353685713e-01
1.155655749174623104e+00 2.140581829122638169e+00 4.312784393785462633e+00 5.894608390140727572e+00 2.234064452645141863e+00 1.049570222634280681e+00 6.230653610743013271e-01 3.134267341679752406e+00 6.000000000000000000e+00 9.000000000000000000e+00 2.000000000000000000e+00 -3.965877559851030583e+02 2.700900000000045225e+02 1.634642224906879804e+01 5.652709712236346495e-02 6.205464944290835838e+00
1.632250837769449792e+00 1.237952994261785955e+00 2.884995551246277046e+00 6.399145178724805483e+00 1.728318417624876258e+00 1.394377789345485175e+00 6.973815726723591180e-01 2.845040899740963525e+00 3.000000000000000000e+00 6.000000000000000000e+00 2.000000000000000000e+00 -1.485337459583832640e+02 1.715400000000049658e+02 2.391183009250470032e-02 -9.869908196822178015e-01 5.652251108621416442e+00
8.148051320363658423e-01 2.194396970399274061e+00 4.068481090774957565e+00 5.929320876149120068e+00 2.071859849684414723e+00 8.981765433105991514e-01 5.405181846236670751e-01 2.929157967936172557e+00 8.000000000000000000e+00 9.000000000000000000e+00 1.000000000000000000e+00 -2.698045181521698623e+02 2.700900000000045225e+02 8.422469884510475069e+00 3.898127006239280289e-03 4.111096894968604146e-05
1.804117908666413417e+00 2.046290212578703915e+00 5.209441138474561583e+00 6.629008115578526095e+00 2.457019420352565486e+00 1.161786090056553977e+00 5.577081650896149601e-01 3.421479449697276465e+00 6.000000000000000000e+00 8.000000000000000000e+00 1.000000000000000000e+00 -1.821458412021219146e+02 2.400800000000151329e+02 3.881615075132145876e+00 1.450353192022745073e-03 6.282365355667388407e+00
1.989318361043415528e+00 1.885958424318048499e+00 4.205775869021250557e+00 6.278124892493531561e+00 1.661065856286848552e+00 1.104104146714767865e+00 5.250080003671121487e-01 3.558589680774177921e+00 4.000000000000000000e+00 1.000000000000000000e+01 2.000000000000000000e+00 -2.142829725724004106e+02 3.000999999999997385e+02 4.014560785775034724e+00 -6.874568505247281858e-02 1.022683633102528244e-01
1.275846484200523490e+00 1.225159311051631228e+00 4.541557049659794565e+00 7.644696562168705967e+00 1.458071071016991738e+00 1.357530184154644104e+00 6.104418391862419524e-01 2.968133445659507430e+00 4.000000000000000000e+00 9.000000000000000000e+00 2.000000000000000000e+00 -1.848922448443216240e+02 2.700900000000045225e+02 3.115452802769960616e+00 -2.582217083177659571e-03 6.019891756330147281e+00
1.286258537023682091e+00 1.715496667641392747e+00 3.957154602396706800e+00 6.686111867923804297e+00 1.927395274735857811e+00 7.644728718510581666e-01 7.239988357714933764e-01 3.131311230140859436e+00 3.000000000000000000e+00 1.000000000000000000e+01 2.000000000000000000e+00 -4.402207455968605245e+02 3.000999999999997385e+02 1.813567159980378918e+01 1.343394297849392904e-01 6.795594235951066264e-02
1.810889802397118942e+00 2.203822093469288923e+00 5.345305767786653561e+00 8.247778669758503156e+00 1.746540135439406782e+00 1.218606515876779151e+00 4.922205964581886639e-01 3.452466319587935040e+00 7.000000000000000000e+00 1.000000000000000000e+01 2.000000000000000000e+00 -2.061961143810294459e+02 3.000999999999997385e+02 3.509132148814348540e+00 3.436276962231002430e-02 6.251844233420977837e+00
1.674346617912096047e+00 1.684113314562565078e+00 4.530586684662022634e+00 8.101586956199872347e+00 1.554298986396671411e+00 1.088207341372189996e+00 4.899488002105423234e-01 3.285058293729339329e+00 7.000000000000000000e+00 1.100000000000000000e+01 1.000000000000000000e+00 -2.182116202673270209e+02 3.301100000000244563e+02 3.322288766707174101e+00 1.790093268408277094e-01 6.225806332761573358e+00
2.089651941539829139e+00 1.805933524115069577e+00 4.835765669996416882e+00 8.684750772110817252e+00 2.269339472076825182e+00 1.146772743448607690e+00 4.557289611627780013e-01 3.445162403755465785e+00 5.000000000000000000e+00 9.000000000000000000e+00 2.000000000000000000e+00 -2.003983417313755808e+02 2.700900000000045225e+02 4.084583858210831586e+00 1.402704594633154001e-01 6.061588514028596109e+00
1.254742177556350757e+00 1.758615233311239034e+00 4.061338782255117685e+00 5.215387469037075618e+00 2.186081913245938591e+00 1.101118508064154344e+00 5.098275129239429049e-01 3.307540969920947482e+00 4.000000000000000000e+00 8.000000000000000000e+00 2.000000000000000000e+00 -3.425307766982385260e+02 2.400800000000151329e+02 1.390567354363943409e+01 -2.316548494758538246e-01 6.269733221619198105e+00
1.527909492664992097e+00 1.495491392768120820e+00 5.511788304850519182e+00 7.753760506197921565e+00 1.981754260062100759e+00 1.059996623325401455e+00 6.866231788740141395e-01 3.018829367478201409e+00 4.000000000000000000e+00 6.000000000000000000e+00 2.000000000000000000e+00 -1.503653096384760204e+02 1.800600000000052887e+02 3.770956852404586446e+00 -7.909360636457873212e-03 1.936629824967063887e-03
1.654965815778162819e+00 1.399171697863458297e+00 4.775882986917009632e+00 6.313094338805457895e+00 1.924271523207194745e+00 1.064103342238156280e+00 5.548076404767999792e-01 3.283451894566699281e+00 4.000000000000000000e+00 1.200000000000000000e+01 2.000000000000000000e+00 -4.639800794662710359e+02 3.601200000000105774e+02 1.774500496664160920e+01 4.887721769959692958e-02 4.818264578619053246e-02
1.085263777081470593e+00 2.109978958933819371e+00 4.353597760110557324e+00 5.649851114995782631e+00 1.564827700756898032e+00 7.935784511779848671e-01 5.887760722780996936e-01 3.198361920111806089e+00 6.000000000000000000e+00 1.000000000000000000e+01 2.000000000000000000e+00 -2.916662606565066653e+02 3.000999999999997385e+02 8.851016291031676531e+00 -1.500267468168648604e-03 1.363237388682625147e-05
1.426010004548893040e+00 1.452498348953968899e+00 4.970873765747563233e+00 6.787324299737198530e+00 1.914127626946054983e+00 5.383212532347467771e-01 7.360432466748511038e-01 3.366052012704989771e+00 4.000000000000000000e+00 8.000000000000000000e+00 1.000000000000000000e+00 -3.900808085460723191e+02 2.400800000000151329e+02 1.687755053412904616e+01 8.755428692161422444e-02 6.173819023797947558e+00
1.702019279587946965e+00 1.587034354546102755e+00 5.545216153477766419e+00 8.323901829057364310e+00 2.563015653192000087e+00 1.053519805098491746e+00 5.824079649546881621e-01 3.179131589112657696e+00 7.000000000000000000e+00 1.100000000000000000e+01 2.000000000000000000e+00 -4.452051425104269811e+02 3.301100000000244563e+02 1.750938390690092206e+01 -3.592428520635423603e-03 2.850909250208364006e-04
1.758912017833327956e+00 2.256124887080572350e+00 4.682033298389820075e+00 6.746048635039957553e+00 1.823752628858920977e+00 9.282626720710589474e-01 7.783189793021718650e-01 3.042874485381792393e+00 4.000000000000000000e+00 7.000000000000000000e+00 2.000000000000000000e+00 -1.657592291172726391e+02 2.100699999999860097e+02 3.795264319829978028e+00 8.854797955843242419e-02 7.839848389533386752e-02
1.670816186037870743e+00 2.047584871583422839e+00 4.814960365434399314e+00 6.446663018775907972e+00 1.866558927858798844e+00 7.727935389341887840e-01 4.996808535539096763e-01 3.084636226637367695e+00 4.000000000000000000e+00 8.000000000000000000e+00 1.000000000000000000e+00 -1.821863357177577996e+02 2.400800000000151329e+02 3.884145982359390459e+00 3.275518247812556766e-02 6.277408639606003149e+00
2.028700111484847302e+00 2.263223093109299366e+00 4.712828926114744910e+00 7.610974382873581412e+00 1.741964516186277567e+00 1.073975303121220470e+00 5.842089659778888500e-01 3.667569049101371270e+00 5.000000000000000000e+00 7.000000000000000000e+00 2.000000000000000000e+00 -1.523965520263903102e+02 2.100699999999860097e+02 2.960097001649831139e+00 -4.474426300439767606e-02 2.258665501963761930e-04
1.485348672969298844e+00 2.460792360451782734e+00 3.934059681144066012e+00 6.271374020791032677e+00 1.722585948318950066e+00 1.030011161088260074e+00 6.179243615577577620e-01 3.255809523011679918e+00 4.000000000000000000e+00 8.000000000000000000e+00 2.000000000000000000e+00 -3.038534603178320026e+02 2.400800000000151329e+02 1.148834126986402815e+01 -1.996371614229958680e-01 6.245828229171768164e+00
9.523146811991218819e-01 1.535260770715332734e+00 4.371497275501643465e+00 6.868048936723338826e+00 2.347238689003451118e+00 4.451848898805080834e-01 6.158066841804964442e-01 3.291981672785555979e+00 3.000000000000000000e+00 8.000000000000000000e+00 1.000000000000000000e+00 -4.094083804509008360e+02 2.400800000000151329e+02 1.808552377818082846e+01 3.516226317440859783e-02 1.648270644452538847e-02
1.763711515112727390e+00 2.071656406575031806e+00 4.726688446102786934e+00 6.700375727663227643e+00 1.817490562431520074e+00 9.423125719122922295e-01 6.415341880897514892e-01 3.465050429948163924e+00 4.000000000000000000e+00 7.000000000000000000e+00 2.000000000000000000e+00 -1.705521412844718441e+02 2.100699999999860097e+02 4.094821330279927452e+00 -3.373138690898061509e-02 6.246371058523354058e+00
2.019350054475109957e+00 1.863661615175126407e+00 4.932273424776043136e+00 5.344827084927656458e+00 1.571881668564035106e+00 1.479941864884062319e+00 7.264515603170259572e-01 2.880985735892443778e+00 4.000000000000000000e+00 1.000000000000000000e+01 2.000000000000000000e+00 -2.081888177031067073e+02 3.000999999999997385e+02 3.633676106444176934e+00 2.272848957550136894e-03 4.864257069237157977e-03
1.975765540218387128e+00 2.043409992863120195e+00 5.184976793713138576e+00 7.634206466839223104e+00 2.017053846905428660e+00 1.087293800521313081e+00 6.086528646043584123e-01 3.156903988853337228e+00 3.000000000000000000e+00 6.000000000000000000e+00 1.000000000000000000e+00 -1.547014450479001653e+02 1.800600000000052887e+02 4.041965315493594169e+00 7.595713597555337274e-03 6.278230014196871878e+00
1.413084330158731472e+00 1.701611194626531542e+00 5.346289733609096650e+00 7.377168189613630744e+00 1.595013879392956024e+00 8.104785620630010623e-01 5.771115800698596310e-01 3.685369033775281356e+00 6.000000000000000000e+00 1.100000000000000000e+01 1.000000000000000000e+00 -2.335629053663072341e+02 3.301100000000244563e+02 4.281744085393436983e+00 -2.136625017701353768e-01 1.143929218086276178e-01
1.391593106620957698e+00 1.776101600331005503e+00 3.198619521775997843e+00 5.177109806155766769e+00 2.400535351038014742e+00 1.096785241036791536e+00 5.356148868910871608e-01 3.093233768903248748e+00 3.000000000000000000e+00 1.000000000000000000e+01 1.000000000000000000e+00 -2.128320561872526014e+03 2.298999999999912234e+02 8.356601170331418027e-01 -1.993424884298515831e+00 6.157791936379275022e+00
1.951549949181575094e+00 1.276434112375294694e+00 3.115379240381796144e+00 9.194575575575759885e+00 1.339733395599665755e+00 1.485009801684210373e+00 3.426477747643899563e-01 2.469754763622441285e+00 5.000000000000000000e+00 9.000000000000000000e+00 2.000000000000000000e+00 -1.568596459458969150e+02 1.802700000000055525e+02 1.742374415585131592e-02 -9.411270417496573337e-01 6.033994962866328748e+00
1.187841292740665411e+00 1.705292889216517782e+00 5.126823304373044898e+00 5.544042894221285600e+00 1.657496081822996237e+00 9.080865748587980679e-01 4.456084511601570708e-01 3.441555654093060745e+00 4.000000000000000000e+00 8.000000000000000000e+00 2.000000000000000000e+00 -2.076808108921370604e+02 2.400800000000151329e+02 5.477550680758092483e+00 -3.411449266531046742e+00 8.156093189874549787e-02
1.743746166776602546e+00 1.864349809637403821e+00 4.582251557259905184e+00 7.838635514149620676e+00 2.451041092504779861e+00 1.468898138873310444e+00 4.188759007019534630e-01 3.035005357977650586e+00 5.000000000000000000e+00 8.000000000000000000e+00 1.000000000000000000e+00 -1.738372056509280696e+02 2.400800000000151329e+02 3.362325353182531451e+00 -7.139284887892405340e-02 6.265290418753522772e+00
2.201208143472979106e+00 2.296403688009571287e+00 5.913385610698822070e+00 6.306525855849467455e+00 2.253383771992612861e+00 8.748792221236142419e-01 2.836515212810669651e-01 2.782076352081012338e+00 7.000000000000000000e+00 6.000000000000000000e+00 3.000000000000000000e+00 -2.157386993179809906e+03 6.978000000000112379e+01 7.656062073738095108e+00 -2.529605493130211880e+00 4.604876183908468978e-01
2.307636471361060426e+00 1.920176085898082086e+00 5.115844054780485983e+00 7.415280066921564384e+00 2.410274369674103578e+00 1.613824163295652703e+00 5.506262798644285805e-01 3.504304265305332233e+00 5.000000000000000000e+00 8.000000000000000000e+00 2.000000000000000000e+00 -2.157355980989452746e+03 1.163999999999978741e+02 6.197248811840861293e+00 -3.504749134557400669e+00 5.725891596403919870e+00
2.589023200367646993e+00 1.275464394725053019e+00 2.440545202041419781e+00 7.589164069891827680e+00 2.451512411117404255e+00 1.607054449981135891e+00 4.694493549855185965e-01 2.525874871023798818e+00 4.000000000000000000e+00 5.000000000000000000e+00 2.000000000000000000e+00 -5.370197885941759353e+01 1.066999999999960806e+02 2.199867871372226946e-02 -9.488683404796834919e-01 6.264277305210490532e+00
