1.496396388041540515e+00 1.806022063952864132e+00 3.530348627947213824e+00 7.699176423720533791e+00 2.287202243576272664e+00 6.654552473408409385e-01 6.287255687542523397e-01 3.063380387856629028e+00 4.000000000000000000e+00 8.000000000000000000e+00 1.000000000000000000e+00 -3.908638456382685149e+02 2.400800000000151329e+02 1.692649035239130839e+01 -1.905396921102528174e-01 6.239866851321220764e+00
2.060262859647462363e+00 1.102348497337200195e+00 5.272067438303576381e+00 5.819556847412845180e+00 1.877951359158148925e+00 5.330951109123458487e-01 5.504981349875849306e-01 2.934409595912179203e+00 6.000000000000000000e+00 8.000000000000000000e+00 1.000000000000000000e+00 -1.500608429178362826e+02 2.400800000000151329e+02 1.876302682364294538e+00 -2.586852621353242787e-01 4.489432407654594254e-02
1.764141044958950522e+00 1.623679300756984301e+00 3.369636400971033119e+00 6.655972966928754175e+00 1.555907173902634000e+00 9.103264810514309913e-01 6.298692755781375441e-01 3.370369254827302541e+00 3.000000000000000000e+00 9.000000000000000000e+00 1.000000000000000000e+00 -2.613148460356088663e+02 2.125800000000067769e+02 2.480351616688806354e-02 -1.644061283353599023e+00 9.004231419332775488e-01
1.821653407010623393e+00 1.656584256423925927e+00 4.166953597376426011e+00 6.957940039371882435e+00 2.217087447064924000e+00 1.102635756217974494e+00 5.022911319331053726e-01 3.032049024464433806e+00 4.000000000000000000e+00 7.000000000000000000e+00 1.000000000000000000e+00 -1.628088477083255725e+02 2.100699999999860097e+02 3.610865481770785035e+00 -9.653972775593719358e-02 4.496947845146249956e-02
1.579642401213644742e+00 1.825491944788588672e+00 5.244597762305551747e+00 7.211656271380198824e+00 1.859953184928064163e+00 1.299610601601580706e+00 4.042647691115580089e-01 2.947738091249748837e+00 5.000000000000000000e+00 6.000000000000000000e+00 1.000000000000000000e+00 -2.149750238847082642e+02 1.518600000000042201e+02 1.832470802959034611e-02 -1.039648232642092829e+00 6.281160124118492227e+00
1.898659800467637826e+00 2.133239613296323167e+00 3.595073572311529020e+00 8.224041951739664569e+00 1.667980037311671992e+00 6.899946789890950560e-01 5.528294560615744091e-01 2.889059453049755088e+00 4.000000000000000000e+00 7.000000000000000000e+00 2.000000000000000000e+00 -1.256638637652207677e+02 2.100699999999860097e+02 1.289303985326735180e+00 -2.849457601008968388e-01 6.283157246648475081e+00
1.715341874042787262e+00 1.660431605902209506e+00 3.517284765433286609e+00 7.714239141041906223e+00 1.684777929112800443e+00 1.096086903174189775e+00 5.088392042232828816e-01 3.077382736966967958e+00 5.000000000000000000e+00 7.000000000000000000e+00 1.000000000000000000e+00 -2.209862442333814556e+02 1.630999999999905867e+02 1.905983675672665023e-02 -1.018179217965406336e+00 6.282705001959152824e+00
1.433699736313563733e+00 2.028874775302363265e+00 3.107091626505071869e+00 7.494316159399244448e+00 1.785044071780553576e+00 1.917840386763310256e+00 5.308948768908939853e-01 3.507710085281381396e+00 5.000000000000000000e+00 4.000000000000000000e+00 1.000000000000000000e+00 -2.142978433225027402e+03 3.507999999999942986e+01 7.839902076564243316e+00 -8.686628146071551093e-01 2.165707486198616416e-01
1.503090539372875289e+00 1.499332803262753311e+00 2.389687152457792507e+00 7.329025714260907876e+00 1.768357359304967735e+00 1.289099652924236228e+00 6.056983336380858951e-01 3.255207360547248907e+00 5.000000000000000000e+00 6.000000000000000000e+00 1.000000000000000000e+00 -2.027265103668422626e+02 1.265400000000032747e+02 2.415584657775101535e-02 -9.842880652795105156e-01 6.283134576475680078e+00
1.189026009244646964e+00 1.802974266491640165e+00 3.487958133622450330e+00 6.457005499480844790e+00 1.562078589622294178e+00 1.093730960638155336e+00 6.363334543121594855e-01 3.154282777942519989e+00 4.000000000000000000e+00 7.000000000000000000e+00 1.000000000000000000e+00 -1.499020754166508027e+02 2.100699999999860097e+02 2.804192213541111922e+00 1.413049279975951422e-01 6.058638026595772885e+00
2.145715209087736053e+00 8.454211818163124281e-01 3.055649597403006457e+00 5.447729621214858042e+00 2.163032094752453727e+00 1.186848238639141906e+00 4.511252789321603118e-01 2.863542788434868314e+00 4.000000000000000000e+00 6.000000000000000000e+00 1.000000000000000000e+00 -1.550525870229036229e+02 1.523400000000042382e+02 2.230945605467455142e-02 -1.443102565670924653e+00 6.671348789080676633e-01
1.540968272245445414e+00 2.018564017775698272e+00 3.437149174718721500e+00 6.857521658683708665e+00 1.764444934724644254e+00 1.486706051436367026e+00 5.628196865354965217e-01 3.288883952185933879e+00 5.000000000000000000e+00 8.000000000000000000e+00 1.000000000000000000e+00 -1.636674232980845147e+02 2.400800000000151329e+02 2.726713956129809713e+00 5.124641793813731194e-01 5.815005548535453705e+00
1.364852915817870160e+00 1.664073159412778224e+00 4.205937401765915240e+00 6.532156672654817697e+00 1.745522633398128853e+00 1.267867749107722819e+00 5.176187669756835419e-01 2.994728851692889826e+00 6.000000000000000000e+00 6.000000000000000000e+00 1.000000000000000000e+00 -1.807397237476018574e+02 1.357800000000036107e+02 1.626802832704456886e-02 -1.063290886352187048e+00 9.880072606401039959e-02
1.216737244919806615e+00 1.407028850930764685e+00 3.222803376010662024e+00 7.308095364883615552e+00 1.791578342790329348e+00 6.986005425747497943e-01 4.803000971905923566e-01 3.291129936405592371e+00 5.000000000000000000e+00 6.000000000000000000e+00 2.000000000000000000e+00 -1.127745079496574050e+02 1.800600000000052887e+02 1.421531746853422540e+00 -1.582721325124094858e-01 6.141239418339616840e-02
1.715234721901094828e+00 1.512074627160409079e+00 4.241097289754231170e+00 6.393298558742663396e+00 2.141244006673697076e+00 1.333126491755398879e+00 4.205403821088425920e-01 2.947460637673466888e+00 5.000000000000000000e+00 1.000000000000000000e+01 1.000000000000000000e+00 -4.265952794971746016e+02 3.000999999999997385e+02 1.728407996857342255e+01 3.323611755402177126e-01 6.165037885905714887e+00
1.271595221080520144e+00 1.716303019450786005e+00 4.037958010324423697e+00 8.274486500318742443e+00 1.692108145108135009e+00 1.250847955616677609e+00 5.450491506733387004e-01 3.013451922084152024e+00 3.000000000000000000e+00 8.000000000000000000e+00 1.000000000000000000e+00 -1.754159560035444088e+02 2.400800000000151329e+02 3.460997250221053090e+00 -6.444362988584122209e-02 6.208593479462115816e+00
1.340507922439146737e+00 1.607301792831611786e+00 3.675405348585399246e+00 6.793276814195327695e+00 2.035920299470193040e+00 1.216450639240798992e+00 5.572862421487331241e-01 3.232561317617643315e+00 5.000000000000000000e+00 8.000000000000000000e+00 1.000000000000000000e+00 -1.729684902306614163e+02 2.400800000000151329e+02 3.308030639415864727e+00 3.759841322105433314e-01 7.539347713087099501e-02
2.185443694875972565e+00 1.692981247575720216e+00 4.866668214393271796e+00 5.450183310088426936e+00 2.173621622817784260e+00 7.137570596866047445e-01 6.491727136138738530e-01 3.025904971652805031e+00 4.000000000000000000e+00 6.000000000000000000e+00 1.000000000000000000e+00 -1.447679357615883760e+02 1.800600000000052887e+02 3.421120985099107781e+00 1.328656591364780343e-02 6.281370055213180592e+00
1.542279577613169694e+00 1.476050700178408892e+00 3.228374785125648128e+00 6.800212780140766355e+00 1.509174177749178281e+00 1.067220716089287702e+00 5.667351958063939765e-01 3.130892234275062691e+00 5.000000000000000000e+00 7.000000000000000000e+00 1.000000000000000000e+00 -2.168586581082007001e+02 1.598799999999909005e+02 2.006630862955246022e-02 -8.086493230565701129e-01 6.261610510835326160e+00
1.438416147488490671e+00 1.526530350219254872e+00 4.313984483722298258e+00 7.621695902340815287e+00 1.772672722014407176e+00 1.026236108954378112e+00 6.074322668256675328e-01 2.976134076048032817e+00 5.000000000000000000e+00 9.000000000000000000e+00 1.000000000000000000e+00 -1.836800587181993762e+02 2.700900000000045225e+02 3.039691169887320132e+00 -5.635760574948299462e-02 6.276343993102938335e+00
1.672811984192613455e+00 1.951867349112546002e+00 3.200211585444944884e+00 7.220270652710973458e+00 1.599245241448387977e+00 5.756625956946881395e-01 5.358767998025789625e-01 3.593418451039197326e+00 5.000000000000000000e+00 4.000000000000000000e+00 1.000000000000000000e+00 -2.386383275525203771e+03 9.839999999999966107e+00 2.384145472032522406e+01 -1.886576328191778673e+00 1.258716504520543955e-01
1.761210104988262692e+00 2.137096648724455150e+00 3.829183544671995953e+00 7.047054495447363287e+00 1.672557067807537656e+00 1.452531617603770808e+00 5.181184311542784693e-01 3.181047114047339530e+00 5.000000000000000000e+00 8.000000000000000000e+00 1.000000000000000000e+00 -1.706149550252981726e+02 2.400800000000151329e+02 3.160934689080662441e+00 4.338221886930939131e-01 6.086861924751429065e+00
1.647040187441228598e+00 1.553339247242148113e+00 4.038314296233753709e+00 8.385512579016182855e+00 2.019740598710547896e+00 8.966664920961143759e-01 5.968979330515831183e-01 2.853132712438056107e+00 5.000000000000000000e+00 7.000000000000000000e+00 1.000000000000000000e+00 -1.297149295774358961e+02 2.100699999999860097e+02 1.542495598590179817e+00 -3.796242680755825272e-01 2.228318626084143106e-01
1.715577977362419571e+00 1.555746166360775007e+00 5.483510453602581158e+00 7.298990411386631294e+00 1.794066690920913532e+00 1.559511417923922894e+00 4.810573499518101537e-01 3.164325056057522456e+00 3.000000000000000000e+00 6.000000000000000000e+00 2.000000000000000000e+00 -1.518953081187146097e+02 1.800600000000052887e+02 3.866581757419498278e+00 -3.998606094351862816e-02 6.357076068454781126e-02
2.066432256569128878e+00 9.973177496120708696e-01 4.684739772355206000e+00 7.781115052300919821e+00 1.955035470838230705e+00 1.033056647022224217e+00 5.189204703009554498e-01 2.916312896980629787e+00 7.000000000000000000e+00 8.000000000000000000e+00 2.000000000000000000e+00 -1.054140508951575299e+02 2.101600000000104558e+02 2.087818094701846330e-02 -9.499715214952010323e-01 3.874574225179695190e-03
1.350202745284417860e+00 1.901289413951854801e+00 4.334072091003116078e+00 8.151374719832610083e+00 1.518474355099280526e+00 9.187337923019966990e-01 3.920547901078046404e-01 3.313075047867437117e+00 5.000000000000000000e+00 7.000000000000000000e+00 1.000000000000000000e+00 -2.336949987826113215e+02 1.933399999999876400e+02 2.164194510845641323e-02 -9.891824655669213540e-01 6.274329207851719659e+00
1.769198022650410929e+00 1.455400363193336322e+00 4.087107762192533578e+00 7.562942138862610797e+00 2.039101239506618146e+00 1.230603147133129571e+00 6.790313184151666182e-01 2.837553372299036258e+00 5.000000000000000000e+00 8.000000000000000000e+00 1.000000000000000000e+00 -1.645673640217082152e+02 2.400800000000151329e+02 2.782960251356290993e+00 -3.775512685016700620e-02 6.282315393537358794e+00
1.683174957296591501e+00 1.704649777420436996e+00 5.415142098540298932e+00 8.217993091430253472e+00 1.980222004954441672e+00 8.095708508724011043e-01 7.486577809228756042e-01 3.546600517231344174e+00 5.000000000000000000e+00 9.000000000000000000e+00 2.000000000000000000e+00 -4.078681157811256526e+02 2.700900000000045225e+02 1.705144473632021374e+01 1.333230273639911811e-01 1.121442930691289169e-01
1.254627517470687348e+00 2.126346146054672648e+00 5.001928024657902760e+00 7.908583399553891446e+00 2.147607999494363096e+00 1.123215226223808205e+00 6.123728984188611113e-01 3.352136333382169653e+00 6.000000000000000000e+00 8.000000000000000000e+00 2.000000000000000000e+00 -1.807997540759186847e+02 2.400800000000151329e+02 3.797484629744444895e+00 1.105766742890845200e-01 6.192450894951314844e+00
1.013215087166241091e+00 1.659638244254982631e+00 4.053563121107806921e+00 5.901220473191107985e+00 1.458764571107602936e+00 1.097764096691263402e+00 6.587764619774421071e-01 3.509575032301063491e+00 6.000000000000000000e+00 7.000000000000000000e+00 1.000000000000000000e+00 -1.429914761880386891e+02 2.100699999999860097e+02 2.372279761752856153e+00 -2.496923294786512759e-01 1.873918606968666689e-01
1.735004171636719494e+00 2.066923159221315309e+00 5.291948758881723336e+00 6.751327051048039429e+00 1.678925133198484243e+00 1.003727339243575267e+00 5.195418012436636701e-01 3.467005529505673422e+00 3.000000000000000000e+00 9.000000000000000000e+00 1.000000000000000000e+00 -2.199524580026596254e+02 2.700900000000045225e+02 5.306716125166084375e+00 -3.177153225904808309e+00 6.162145403569293300e+00
9.801136936935648247e-01 2.403497812192073813e+00 5.036440884565781317e+00 8.001731966741592927e+00 1.909154263543854757e+00 1.199334510805081466e+00 6.805883139845909646e-01 3.713726280253800915e+00 3.000000000000000000e+00 8.000000000000000000e+00 2.000000000000000000e+00 -4.040014425553766841e+02 2.400800000000151329e+02 1.774759015971056897e+01 -4.406921400366584640e-01 6.226146178509299745e+00
1.478803460789604562e+00 2.055377673451476372e+00 2.943745751182600401e+00 7.365564079640651407e+00 1.786914677155881481e+00 1.260448308761004110e+00 6.330157876617604762e-01 2.848204129496379355e+00 4.000000000000000000e+00 7.000000000000000000e+00 1.000000000000000000e+00 -1.323265360292935782e+02 2.100699999999860097e+02 1.705721001831286054e+00 -1.549390581880183415e-01 6.276198748099440117e+00
1.611952172043076503e+00 1.938487372382682761e+00 3.971379975007621965e+00 6.521050064856936501e+00 1.689352137450349289e+00 1.371806285520495328e+00 6.742925699072660484e-01 2.650668954999005678e+00 4.000000000000000000e+00 9.000000000000000000e+00 1.000000000000000000e+00 -2.608273810121798419e+02 2.700900000000045225e+02 7.861398813261099683e+00 -2.102140763171969517e+00 3.808853631390539396e-02
1.171653462799487677e+00 1.609529587803950612e+00 2.623845915575449439e+00 7.750279174356708545e+00 2.043705221670903072e+00 6.338206206190799552e-01 4.914855295968324489e-01 3.715507425365980332e+00 5.000000000000000000e+00 7.000000000000000000e+00 1.000000000000000000e+00 -1.413291703161893906e+02 2.100699999999860097e+02 2.268385644762274111e+00 -4.216624145569889542e-02 6.276033410614985542e+00
1.108626239307189731e+00 1.476673040414590909e+00 4.411724554393302355e+00 8.909408147527127397e+00 2.136406269752474163e+00 1.647596015452977625e+00 5.815966499579964255e-01 2.824214223701757120e+00 6.000000000000000000e+00 9.000000000000000000e+00 1.000000000000000000e+00 -4.094640639698856148e+02 2.700900000000045225e+02 1.715119149811770782e+01 -1.152174569528600195e-05 1.360622119477681029e-07
1.124482394186666179e+00 1.506956410189617346e+00 4.546477856075961554e+00 8.808462976408465650e+00 1.578431150023866358e+00 1.583824539375616514e+00 6.763239138686850671e-01 2.765208673029826425e+00 7.000000000000000000e+00 1.200000000000000000e+01 2.000000000000000000e+00 -4.517646907510652454e+02 3.601200000000105774e+02 1.698154317194124729e+01 8.054568555466987134e-02 6.237297833978692196e+00
1.899929551869382172e+00 2.119352797303294178e+00 3.287876094350853151e+00 6.336113220140322966e+00 2.028776049246376001e+00 1.375036502395551086e+00 5.741681756740164566e-01 3.086599986119606953e+00 3.000000000000000000e+00 5.000000000000000000e+00 1.000000000000000000e+00 -1.045006506650400979e+02 1.500499999999998693e+02 1.842228166565009762e+00 -1.403172420973664361e-02 6.169118810215459270e+00
1.725541611300454248e+00 1.836178421117646620e+00 3.348714985361407326e+00 8.534316729394225476e+00 1.966077687325257672e+00 3.243212836361662466e-01 4.394838185553416321e-01 3.236756741011083793e+00 5.000000000000000000e+00 7.000000000000000000e+00 2.000000000000000000e+00 -1.499558648968744592e+02 2.100699999999860097e+02 2.807554056055091340e+00 -9.719505231081868035e-02 4.265828670946378472e-03
1.611580969902531857e+00 1.534062190495702138e+00 2.807212590952661291e+00 8.228781388224673421e+00 1.663939524606437681e+00 9.303094731116670069e-01 2.127169928378918051e-01 3.621462333952508938e+00 7.000000000000000000e+00 7.000000000000000000e+00 2.000000000000000000e+00 -1.878687076630099284e+02 1.446899999999923807e+02 2.195348717061576527e-02 -9.422879124262403261e-01 6.205283427774435090e+00
1.958597292975745363e+00 1.744914042394082765e+00 2.000848651411352819e+00 5.209379057334690089e+00 2.338826190838639629e+00 1.193865660617733582e+00 5.449062922591945135e-01 3.078854736564969663e+00 4.000000000000000000e+00 4.000000000000000000e+00 1.000000000000000000e+00 -3.794892787381412091e+01 7.528000000000056957e+01 1.930799211336493501e-02 -9.970815479430173989e-01 6.280989936893575987e+00
2.252875368396384914e+00 2.396117442969321054e+00 4.502798726546981989e+00 6.156601198243664363e+00 1.928011216043877818e+00 9.059556277658574741e-01 7.092318869520884972e-01 3.553303479330364389e+00 5.000000000000000000e+00 8.000000000000000000e+00 1.000000000000000000e+00 -1.796991200927901104e+02 2.400800000000151329e+02 3.728695005798909001e+00 4.948198983395322298e-02 1.014956152192619809e-01
1.745209026316767442e+00 1.872651315891837864e+00 5.134567704303839797e+00 7.353259568358050835e+00 1.577374017153874597e+00 1.474239037127232699e+00 3.634449988160795009e-01 2.836047332048775349e+00 6.000000000000000000e+00 9.000000000000000000e+00 1.000000000000000000e+00 -1.870357090975042809e+02 2.338200000000075818e+02 1.557077567527261758e-02 -1.144873853842470757e+00 2.245198056765610184e-01
1.921001805913861160e+00 1.591160904401490939e+00 4.201127355954034748e+00 7.898625814876495177e+00 2.220321468072117277e+00 1.167122940624449878e+00 7.607752771181687246e-01 3.612335397240389323e+00 6.000000000000000000e+00 6.000000000000000000e+00 1.000000000000000000e+00 -1.363682912761459534e+02 1.800600000000052887e+02 2.896143204758956369e+00 5.936871412397082270e-01 5.976202399101836704e+00
9.787121340949812565e-01 1.469652173746822665e+00 4.636263892891374638e+00 8.140012386451061843e+00 1.872632101515832259e+00 1.286008109987336168e+00 6.658441297392492242e-01 3.070021867121750514e+00 6.000000000000000000e+00 6.000000000000000000e+00 1.000000000000000000e+00 -1.256303332708577898e+02 1.800600000000052887e+02 2.225020829428447033e+00 -2.954531548310803668e-01 2.589205883762328853e-01
1.160631724991127767e+00 1.935935750814311129e+00 2.967054653884815263e+00 4.635854827255020183e+00 1.650746634451973449e+00 8.261012479522062968e-01 5.977498290500153910e-01 3.750858176714897407e+00 4.000000000000000000e+00 6.000000000000000000e+00 1.000000000000000000e+00 -1.287235653977476204e+02 1.800600000000052887e+02 2.418347837359061003e+00 -6.593055565036448629e-02 3.153465955693160461e-02
1.611352749262224604e+00 1.666723240203052958e+00 2.674694333967648774e+00 6.011759359043364448e+00 2.433111223856253780e+00 1.012411050684228320e+00 6.022508062146041397e-01 3.491208341123102965e+00 6.000000000000000000e+00 6.000000000000000000e+00 2.000000000000000000e+00 -1.295942069985454452e+02 1.800600000000052887e+02 2.472762937408924611e+00 8.771247853444080408e-03 6.282008381602325109e+00
2.006046810024688654e+00 1.682046316741204306e+00 1.663562756326237180e+00 7.396286316531769600e+00 2.576821221228531744e+00 1.149820874932891313e+00 5.789174933877284657e-01 3.184223928549296811e+00 4.000000000000000000e+00 4.000000000000000000e+00 1.000000000000000000e+00 -3.214132878521456149e+01 6.371999999999881936e+01 1.758304907594684247e-02 -9.979637133146985750e-01 6.281707571536545132e+00
