1.524895493193511253e+00 1.920717086618310532e+00 4.022630746026532478e+00 5.952993732748616651e+00 1.358383625942777950e+00 1.578534925619182072e+00 6.613915776894015996e-01 3.213397750339502590e+00 5.000000000000000000e+00 8.000000000000000000e+00 1.000000000000000000e+00 -1.523544525820402100e+02 2.400800000000151329e+02 2.019653286377041113e+00 -2.695952689939636743e-02 6.193526810232306445e+00
1.354801418966982141e+00 1.388557826622645486e+00 3.177214562554430355e+00 6.618043197911181785e+00 1.916421748410731318e+00 6.366133855158762067e-01 4.788118362677967199e-01 3.112482534021585590e+00 5.000000000000000000e+00 7.000000000000000000e+00 2.000000000000000000e+00 -1.488270148221450881e+02 2.100699999999860097e+02 2.737000926384504762e+00 -1.071729290470428697e-01 6.270035457618376107e+00
1.422205835797675455e+00 1.439341662822203993e+00 3.308426181902945906e+00 7.959875294477228636e+00 1.962265363969909471e+00 9.596505194322890731e-01 6.566292993376202647e-01 3.122446243087647844e+00 4.000000000000000000e+00 5.000000000000000000e+00 1.000000000000000000e+00 -8.089356924188231801e+01 1.500499999999998693e+02 3.667855776176490168e-01 -7.510828420806006100e-01 6.281835947422502286e+00
2.233790062379616970e+00 1.689563472962356094e+00 4.874327519415827759e+00 7.469604952906214734e+00 2.247946617071167275e+00 9.554729029205570878e-01 5.175028383299611345e-01 3.264563824196341724e+00 7.000000000000000000e+00 9.000000000000000000e+00 1.000000000000000000e+00 -1.825123599782051258e+02 2.700900000000045225e+02 2.966709998637679480e+00 -1.223800302150073599e-02 6.283113852021974921e+00
1.563088744339397484e+00 1.233471714019763965e+00 2.891030063014692786e+00 8.095749083797333157e+00 1.834173303689391465e+00 1.084789030892914452e+00 3.842842854651423723e-01 3.040062634002026698e+00 6.000000000000000000e+00 7.000000000000000000e+00 3.000000000000000000e+00 -2.123788348347160081e+03 6.768999999999988404e+01 5.621459271697491822e+00 -3.012029643091532538e+00 1.275924941050220252e+00
1.249063561366692277e+00 1.609393753655659953e+00 3.177896573830565785e+00 7.713750225385923365e+00 1.732446446982043753e+00 5.655355830786429339e-01 5.934502211399402816e-01 3.085126594977748660e+00 4.000000000000000000e+00 5.000000000000000000e+00 2.000000000000000000e+00 -7.494812128290654130e+01 1.491999999999996760e+02 2.175758018166939339e-02 -9.468225866768763543e-01 6.280019078032053947e+00
1.323453036627964208e+00 1.631161930131564741e+00 3.996207639164854886e+00 5.941570306970493043e+00 2.081601450192834601e+00 1.405555528482007599e+00 5.108049712417694899e-01 2.962336305265068859e+00 5.000000000000000000e+00 8.000000000000000000e+00 1.000000000000000000e+00 -1.735282937360388757e+02 2.400800000000151329e+02 3.343018358501957277e+00 -1.043103211525612251e-01 1.468255030502822467e-01
1.441577208219293027e+00 1.735528089143599795e+00 4.327139540266551343e+00 8.020392994831425426e+00 1.631386208959690443e+00 1.412533202356146766e+00 5.842550516155249340e-01 3.021186049923779926e+00 4.000000000000000000e+00 8.000000000000000000e+00 1.000000000000000000e+00 -1.699081433023616228e+02 2.400800000000151329e+02 3.116758956397128522e+00 -1.019818116629441218e-01 1.515292729349463838e-02
1.257923221393902447e+00 1.926837152108672013e+00 5.127830497979571689e+00 9.729574654884521223e+00 1.934604546228055888e+00 1.345921741125140958e+00 5.561970973899020843e-01 3.079249929152743981e+00 5.000000000000000000e+00 6.000000000000000000e+00 1.000000000000000000e+00 -1.285962197836712164e+02 1.800600000000052887e+02 2.410388736479285310e+00 -4.666346406740905228e-02 6.268115692589268484e+00
1.251018825942132651e+00 2.100284855281225660e+00 4.095168245915472127e+00 7.975608295072582621e+00 2.097171596634259672e+00 1.239027870224672645e+00 6.952195948759450905e-01 3.765037738800133038e+00 6.000000000000000000e+00 7.000000000000000000e+00 1.000000000000000000e+00 -1.637746820572922104e+02 2.100699999999860097e+02 3.671230128581200791e+00 -8.891948219352067972e-03 3.114328315096696539e-03
1.594416439145853293e+00 2.034489773059602769e+00 2.406989517182061888e+00 6.635634769634136454e+00 2.236697851498968603e+00 1.188906871549830102e+00 6.852181791385032472e-01 3.077101606102596421e+00 5.000000000000000000e+00 4.000000000000000000e+00 2.000000000000000000e+00 -2.149021581403428627e+03 5.367999999999903338e+01 7.636348837714323601e+00 -1.435722116473884036e+00 6.034401414418088194e+00
9.282462464479324105e-01 1.864233002076137735e+00 4.896313950098250878e+00 7.371353846431589751e+00 2.208597944851368400e+00 1.433942829303965993e+00 5.946701318179986595e-01 2.933798350142560629e+00 6.000000000000000000e+00 7.000000000000000000e+00 2.000000000000000000e+00 -2.419206999252268133e+02 2.100699999999860097e+02 8.555356245327113029e+00 -2.877535509649626938e-04 6.283159619632407100e+00
1.776209946257721661e+00 1.456755834070556865e+00 2.078912710884911696e+00 7.143987858064492436e+00 2.263002708219359782e+00 9.590266201800288215e-01 5.417281707593212259e-01 3.393055016169868043e+00 5.000000000000000000e+00 5.000000000000000000e+00 1.000000000000000000e+00 -1.784935252059854633e+02 7.994999999999760121e+01 1.676845646172760163e-02 -9.889537966572535810e-01 6.280913144726046227e+00
1.318355205237517591e+00 1.284001828681390123e+00 4.878120581462954242e+00 6.345727062780827765e+00 1.829656822337335953e+00 1.272175418417348602e+00 7.719292077549504416e-01 3.110373827551989656e+00 6.000000000000000000e+00 4.000000000000000000e+00 1.000000000000000000e+00 -2.146262560045752252e+03 4.203999999999928150e+01 7.827660002859550659e+00 -2.002605419755369542e+00 5.003820146514222911e-01
1.261885012098108660e+00 1.613092029688865114e+00 4.019341746398660042e+00 8.033136646954501359e+00 1.713391204610377860e+00 7.083473481885632639e-01 6.006394951757723089e-01 3.134958525760667580e+00 4.000000000000000000e+00 5.000000000000000000e+00 1.000000000000000000e+00 -7.285337952235779824e+01 1.451999999999987665e+02 1.583622014740074940e-02 -9.983601381884061876e-01 6.280253166440452617e+00
1.050857577707762447e+00 1.568090273632107623e+00 2.106745538512681204e+00 6.783736886110852460e+00 1.542027693253662957e+00 1.088548140974695544e+00 3.726028951408383305e-01 3.684824794509290680e+00 6.000000000000000000e+00 7.000000000000000000e+00 1.000000000000000000e+00 -1.511908529707777120e+02 1.217999999999946112e+02 2.144358335509228414e-02 -5.595600861749205901e-01 6.128385710415338750e+00
2.197527474365645883e+00 1.780411404882346282e+00 4.317609768078237487e+00 6.891540867468804343e+00 1.816747846164462388e+00 6.879745442926645804e-01 6.237439327530031052e-01 3.139262543743915668e+00 6.000000000000000000e+00 8.000000000000000000e+00 2.000000000000000000e+00 -1.688210633741888955e+02 2.400800000000151329e+02 3.048816460886333957e+00 2.549433804450959920e-02 1.023237544558434778e-04
1.314141346474931860e+00 1.838451080396658943e+00 3.768524274292980980e+00 7.933190668594764183e+00 1.914885188679566808e+00 1.440456963221655506e+00 2.713591137394027464e-01 2.899195350480842315e+00 7.000000000000000000e+00 7.000000000000000000e+00 2.000000000000000000e+00 -8.098880362528140608e+01 1.612099999999907709e+02 2.398772658037628958e-02 -9.488801727418867404e-01 6.278930258088720961e+00
1.574241295960647768e+00 1.855733237843387728e+00 5.602512881153670854e+00 7.446201276538873870e+00 1.399021715994613668e+00 1.001862791098966809e+00 4.755865958273869931e-01 3.356176534089306163e+00 2.000000000000000000e+00 1.000000000000000000e+01 1.000000000000000000e+00 -2.119663672016953569e+03 2.279999999999913314e+02 3.539795010598806857e-01 -3.137220584117838551e-01 5.378726267178975284e+00
1.623794602365818518e+00 1.930545671263331542e+00 4.337349899325263713e+00 6.257630634703608585e+00 2.259508724802119062e+00 7.990555309538470707e-01 6.926367461132535430e-01 2.863570403542541332e+00 5.000000000000000000e+00 8.000000000000000000e+00 1.000000000000000000e+00 -2.520634405886574427e+02 2.400800000000151329e+02 8.251465036790616381e+00 -5.248151220342379686e-01 4.678473160851730206e-02
1.600958951320884616e+00 1.405719185654466186e+00 4.166903126547252256e+00 7.382455164977050011e+00 1.807158993781303069e+00 1.332403662503307107e+00 7.590258217146796937e-01 3.248633660237276732e+00 4.000000000000000000e+00 9.000000000000000000e+00 1.000000000000000000e+00 -2.094555774005636522e+03 1.782000000000054740e+02 3.409858753521059493e-01 -1.163197574827847358e+00 1.860283139976116190e-02
1.491691938108372639e+00 1.878001329556573618e+00 3.657994349977967463e+00 6.564847324216782631e+00 2.010672973921967088e+00 1.594475661236025577e+00 4.638002331617567808e-01 2.890266065838957399e+00 4.000000000000000000e+00 7.000000000000000000e+00 1.000000000000000000e+00 -1.477841636755285037e+02 2.100699999999860097e+02 2.671822729720968237e+00 -1.724049303270470124e-01 1.576665504538434515e-01
1.792199806578055332e+00 2.002479550263849273e+00 4.811161380493857109e+00 5.956059867327987867e+00 1.916805976608370710e+00 1.163364157166580037e+00 6.320130365323335386e-01 3.004509013298387821e+00 3.000000000000000000e+00 5.000000000000000000e+00 1.000000000000000000e+00 -1.265598085346838104e+02 1.500499999999998693e+02 3.220925533417742237e+00 -2.543205372935023346e-03 2.443000617643502283e-04
1.299565396984796228e+00 1.587102806455107595e+00 3.704699710513264854e+00 6.091929890030600703e+00 1.921224192140656095e+00 9.932744368052215389e-01 6.059614181392767307e-01 3.251440342604957845e+00 4.000000000000000000e+00 8.000000000000000000e+00 1.000000000000000000e+00 -1.779866844641377384e+02 2.400800000000151329e+02 3.621667779008136634e+00 1.089109759997146515e-01 6.266296654256234611e+00
1.827813710750147314e+00 1.501017775355780737e+00 2.671767059378421294e+00 6.196401213228216243e+00 2.289546374354545222e+00 1.226605412899788528e+00 5.568493800774522162e-01 3.084738537861186458e+00 3.000000000000000000e+00 6.000000000000000000e+00 1.000000000000000000e+00 -1.276925457612268531e+02 1.800600000000052887e+02 2.353909110076513045e+00 2.549315340040015365e-01 6.020285263960008848e+00
1.678677119289864850e+00 1.231204054960022498e+00 3.145832637577976598e+00 6.472079059951276747e+00 2.476873706525726249e+00 1.243835741777166604e+00 7.868049170601036924e-01 3.373134592550788735e+00 6.000000000000000000e+00 5.000000000000000000e+00 2.000000000000000000e+00 -2.324660613383425698e+03 2.055000000000015703e+01 1.964910083646409689e+01 -1.682855186310161733e+00 5.685759003132828227e+00
1.381656869824020584e+00 1.767534834382277431e+00 4.094780072252317993e+00 6.880661006683827630e+00 1.945864620838330783e+00 1.027549704636300687e+00 4.329158523272584325e-01 3.415452870638081340e+00 5.000000000000000000e+00 7.000000000000000000e+00 1.000000000000000000e+00 -1.557246542405557079e+02 2.100699999999860097e+02 3.168103390035168943e+00 -6.881273252356133463e-02 6.273140064957804185e+00
1.740191346703853448e+00 1.378120802645735665e+00 4.710530773883110811e+00 6.635986857795646898e+00 1.930988623121427050e+00 8.662762492626057131e-01 5.187575504752459654e-01 3.137313739342213026e+00 6.000000000000000000e+00 7.000000000000000000e+00 1.000000000000000000e+00 -1.412734307467001997e+02 2.100699999999860097e+02 2.264901921669199236e+00 -1.263316043290388380e-01 6.225146232652273071e+00
1.352816530520842608e+00 2.275773196563283474e+00 4.159806995006237074e+00 5.985663617582484441e+00 1.624824170436712345e+00 1.148335998585655604e+00 4.471925851942605279e-01 3.273749626540264135e+00 6.000000000000000000e+00 8.000000000000000000e+00 1.000000000000000000e+00 -1.623799865138345808e+02 2.400800000000151329e+02 2.646249157114188844e+00 -3.054841887709461856e-01 1.518927583051921104e-01
1.804326289310631548e+00 1.818537892809792167e+00 4.254979721259975811e+00 6.916867953017659332e+00 2.053148550065058586e+00 1.099092308962371867e+00 6.780534497253964954e-01 3.203812147335662885e+00 5.000000000000000000e+00 9.000000000000000000e+00 1.000000000000000000e+00 -1.937146043617197222e+02 2.700900000000045225e+02 3.666850272607340866e+00 4.281355234081868355e-01 4.235932003625158399e-02
1.896338980794725071e+00 1.192265887235626431e+00 3.031042143112463894e+00 6.848240148300600794e+00 1.926472689056788923e+00 6.586701674914305915e-01 3.870593525639949295e-01 3.364954666657345772e+00 4.000000000000000000e+00 8.000000000000000000e+00 1.000000000000000000e+00 -1.619918599134828412e+02 2.400800000000151329e+02 2.621991244592204673e+00 3.707587324913343418e-01 6.096185752096665134e+00
1.300858891859466127e+00 2.175955444665540028e+00 3.853484565301060982e+00 6.897970464753501396e+00 1.800168145289970933e+00 1.281125290199593980e+00 6.893301204929865866e-01 3.067259201180881245e+00 3.000000000000000000e+00 4.000000000000000000e+00 1.000000000000000000e+00 -5.741844955680495133e+01 1.141600000000066473e+02 2.115309730010155737e-02 -9.464843397806040892e-01 6.230118723226915733e+00
1.304938464063003956e+00 1.555741787840163370e+00 5.288857916142064575e+00 6.538994693635229893e+00 1.886713463485462983e+00 1.041720040138301773e+00 5.600402542100831882e-01 3.093838948616132178e+00 4.000000000000000000e+00 9.000000000000000000e+00 1.000000000000000000e+00 -4.187357409344642747e+02 2.700900000000045225e+02 1.773067130840387762e+01 7.294555512237510531e-04 6.679546512494949004e-03
1.371801780684172245e+00 2.271490520928628243e+00 4.880436510000829564e+00 8.097079243565582729e+00 1.607335853093607048e+00 8.416367292022508551e-01 6.002031763377343454e-01 3.136453949747521897e+00 4.000000000000000000e+00 6.000000000000000000e+00 2.000000000000000000e+00 -1.370573091732273099e+02 1.800600000000052887e+02 2.939206823326541596e+00 -1.341446708545931087e-02 6.282044965290042526e+00
1.850053525416899047e+00 2.172664100848510138e+00 3.636680502572521512e+00 5.795479749492589150e+00 2.279695672884874291e+00 1.484717795169373966e+00 6.619024633204425578e-01 3.722520744103392065e+00 5.000000000000000000e+00 8.000000000000000000e+00 1.000000000000000000e+00 -2.082937229186465174e+03 1.187999999999978229e+02 1.471076824154158968e+00 -4.920962577686806227e+00 4.099634891821753335e+00
1.343630663844051831e+00 2.027343863979549354e+00 3.581820052235633600e+00 7.295911162043897669e+00 2.204032019488177951e+00 1.002847990728938266e+00 5.154656906056666044e-01 3.177698752301122642e+00 4.000000000000000000e+00 4.000000000000000000e+00 1.000000000000000000e+00 -5.380989434453756814e+01 1.069200000000055155e+02 2.186839653342543405e-02 -9.946344909784555766e-01 6.280882335005285810e+00
1.505299861247235915e+00 1.796937672190740187e+00 3.342513276873622097e+00 6.944213773775145704e+00 1.169538640454787615e+00 7.394773671801770920e-01 5.618658055061425127e-01 3.068316910520144436e+00 5.000000000000000000e+00 8.000000000000000000e+00 1.000000000000000000e+00 -2.331835660667629782e+02 1.889600000000071418e+02 1.865359434602479466e-02 -1.024644105371954605e+00 6.280845489473340315e+00
1.682333615137194593e+00 1.062931149329413349e+00 5.681470507348701737e+00 7.345911811993965479e+00 1.663849448326772729e+00 1.721390505560319140e+00 5.273303245482836576e-01 2.952850419910244106e+00 2.000000000000000000e+00 5.000000000000000000e+00 2.000000000000000000e+00 -1.350690867079866848e+02 1.468499999999991417e+02 1.756663413999116907e-02 -9.561886638319775367e-01 6.006299188000827627e+00
2.062167237672790865e+00 1.639306298648531168e+00 4.621737215694571077e+00 7.070026702313318978e+00 2.339428915676357246e+00 1.134711054245695294e+00 4.144265407713950133e-01 3.306074792934780238e+00 4.000000000000000000e+00 8.000000000000000000e+00 1.000000000000000000e+00 -2.312364898068814455e+03 1.299999999999979252e+02 1.546030612930095316e+01 -3.760575419821174048e+00 1.033495017256134574e+00
1.208047191277466181e+00 1.837576620285856777e+00 3.504098378808476077e+00 6.579298595977437714e+00 1.269190057425536589e+00 1.404439838069543089e+00 6.280732287836433558e-01 2.937364268831371916e+00 6.000000000000000000e+00 6.000000000000000000e+00 1.000000000000000000e+00 -1.888008191278781567e+02 1.024800000000023630e+02 2.459439540313882594e-02 -9.761444356339346040e-01 6.276111174180040386e+00
1.273098576838855411e+00 1.461493029193968951e+00 2.983455375773092833e+00 4.075580355972374669e+00 1.463205107173282782e+00 6.264792873307957199e-01 7.280439349049387943e-01 3.568200207875925845e+00 6.000000000000000000e+00 6.000000000000000000e+00 1.000000000000000000e+00 -1.220227869475426274e+02 1.338000000000035357e+02 1.778576042402366109e-02 -1.178701734123720923e+00 2.705874723248716252e-01
1.342078590891173207e+00 1.691166260980247582e+00 5.169398346361494312e+00 6.960446216049405166e+00 1.662536249535611077e+00 1.196348152483173166e+00 6.571929550817171561e-01 3.098089308734423231e+00 5.000000000000000000e+00 9.000000000000000000e+00 1.000000000000000000e+00 -1.964950031698313637e+02 2.700900000000045225e+02 3.840625198114319350e+00 -1.058882001623971503e+00 4.344370106531314502e-01
1.448015098563901537e+00 1.620715035468553555e+00 3.081278773922407677e+00 7.841070187794114688e+00 1.892766011720860453e+00 5.765416713405260296e-01 3.366225236454284397e-01 3.485048176881358373e+00 7.000000000000000000e+00 7.000000000000000000e+00 2.000000000000000000e+00 -1.397574505508509333e+02 2.100699999999860097e+02 2.170153159428620970e+00 -2.757409465675372470e-02 6.282310599534688400e+00
1.539106041669406011e+00 1.574403278666969275e+00 4.594981341417143206e+00 9.598355144863795374e+00 1.941304697939059576e+00 8.993807375521511993e-01 5.382203627213640873e-01 3.096690971923993008e+00 4.000000000000000000e+00 7.000000000000000000e+00 1.000000000000000000e+00 -3.696442036204306305e+02 2.100699999999860097e+02 1.653807522627734983e+01 -1.278807038304023147e-01 6.161957674621346470e+00
2.008709525484174918e+00 1.781114456719996131e+00 3.938001533414306365e+00 5.993603459242336839e+00 1.798239577800565314e+00 1.956313928205199559e+00 5.151249849182979457e-01 3.219927329126836213e+00 6.000000000000000000e+00 9.000000000000000000e+00 1.000000000000000000e+00 -2.151515623121855754e+02 2.572200000000080991e+02 1.520364177860475743e-02 -1.461613328671314660e+00 6.795561736289701393e-01
2.018801009555007298e+00 1.844107125260459057e+00 1.465432902467450837e+00 5.691014421571261472e+00 2.678480141708562634e+00 1.411103296638841487e+00 5.739005454388965699e-01 3.243996519716388249e+00 3.000000000000000000e+00 5.000000000000000000e+00 1.000000000000000000e+00 -1.597906080043160557e+02 1.009999999999964047e+02 2.218109375431314562e-02 -1.089759037120338725e+00 1.445237755491827758e-01
1.437766359933270177e+00 1.734161652645751950e+00 3.023730705058918833e+00 6.319624454394447532e+00 1.536994882608848645e+00 6.689550259203436156e-01 6.849141899318937909e-01 3.211072466366078348e+00 5.000000000000000000e+00 6.000000000000000000e+00 1.000000000000000000e+00 -7.173397047083074085e+01 1.428000000000038767e+02 2.087315442680014177e-02 -9.942397863709253603e-01 6.280934963085280209e+00
2.006046810024688654e+00 1.682046316741204306e+00 1.663562756326237180e+00 7.396286316531769600e+00 2.576821221228531744e+00 1.149820874932891313e+00 5.789174933877284657e-01 3.184223928549296811e+00 4.000000000000000000e+00 4.000000000000000000e+00 1.000000000000000000e+00 -3.214132878521456149e+01 6.371999999999881936e+01 1.758304907594684247e-02 -9.979637133146985750e-01 6.281707571536545132e+00
