1.643654000662375214e+00 1.645429358918568452e+00 3.389822435332085604e+00 8.147087721950523331e+00 1.658772330199293599e+00 6.497294775577212578e-01 5.744266100546373544e-01 2.896061569356543242e+00 4.000000000000000000e+00 7.000000000000000000e+00 2.000000000000000000e+00 -1.316439261158258489e+02 2.100699999999860097e+02 1.663057882239552532e+00 -1.502352923449783439e-01 1.375748543062818661e-04
1.096335904397153893e+00 2.210498401708775429e+00 3.112758788344027749e+00 7.041888585662102074e+00 2.097580003001956683e+00 8.579348584447188397e-01 4.486177395468580187e-01 3.367218012315594144e+00 4.000000000000000000e+00 6.000000000000000000e+00 2.000000000000000000e+00 -1.456892452081205818e+02 1.800600000000052887e+02 3.478702825507370644e+00 -2.156539954336744169e-01 2.585392626840258569e-04
1.656415807379039595e+00 1.546918329427087846e+00 4.847049422615223868e+00 9.220444364591401154e+00 2.278670322126418846e+00 7.652387996463146935e-01 6.695268420287275868e-01 3.399140664136682588e+00 5.000000000000000000e+00 3.000000000000000000e+00 2.000000000000000000e+00 -2.385202104096041694e+03 6.660000000000010800e+00 2.386700650600258555e+01 -3.340040592819222276e+00 2.792616604639978906e-02
1.345256140065664408e+00 1.492965919325803581e+00 3.923725678571307274e+00 8.142271195251232996e+00 1.462648005119132399e+00 6.883273714739674976e-01 5.573277650874191025e-01 3.586117504234421105e+00 2.000000000000000000e+00 4.000000000000000000e+00 2.000000000000000000e+00 -1.041723861205027220e+02 1.200400000000075664e+02 2.759524132531184115e+00 -1.304738388160270601e-01 6.278571533905929591e+00
1.271067227857386683e+00 1.296613085682364552e+00 4.666728350525686686e+00 7.616278743735263035e+00 2.538621525519350275e+00 8.041937243832666393e-01 5.115557982940689419e-01 3.325073450818692322e+00 5.000000000000000000e+00 7.000000000000000000e+00 2.000000000000000000e+00 -3.646611212816691250e+02 2.100699999999860097e+02 1.622663258010475928e+01 1.152132282537835783e-01 6.281806026625523565e+00
1.482654558788633503e+00 1.669961519059387278e+00 2.696673732789450106e+00 7.046219155134910039e+00 1.709478117461465496e+00 6.733132361774432084e-01 6.307898065822767908e-01 3.084233251488381455e+00 4.000000000000000000e+00 7.000000000000000000e+00 1.000000000000000000e+00 -1.374015913067696602e+02 2.100699999999860097e+02 2.022911956673541845e+00 -7.582112182913527954e-02 6.197550321091096492e+00
1.556307099578042585e+00 2.007064187783889508e+00 3.645314978918396953e+00 7.306981419258258725e+00 2.528730970052822435e+00 9.005755000522125409e-01 6.220280928318611124e-01 3.515971118572135623e+00 4.000000000000000000e+00 6.000000000000000000e+00 2.000000000000000000e+00 -1.432775911617122517e+02 1.800600000000052887e+02 3.327974447606850905e+00 -1.268719218828716355e-02 2.296085799932857810e-04
1.578554190640881316e+00 2.184671831755533145e+00 3.043168714700615674e+00 9.003336010430519565e+00 2.023505995933976731e+00 1.030350586923892475e+00 6.765204982504247067e-01 3.007801832271677966e+00 5.000000000000000000e+00 6.000000000000000000e+00 2.000000000000000000e+00 -7.870205843910547117e+01 1.568400000000044088e+02 1.762865244395428813e-02 -9.494625219960133311e-01 6.280664506094358224e+00
1.716783911344043290e+00 1.886532965221212610e+00 2.923848272031836171e+00 6.735561181946157383e+00 1.918991828402381472e+00 1.278310997186736353e+00 4.760183451919272613e-01 3.475812992485292519e+00 5.000000000000000000e+00 7.000000000000000000e+00 2.000000000000000000e+00 -1.542835764864168482e+02 2.100699999999860097e+02 3.078036030401490208e+00 -2.658835510737853625e-01 4.627180712845226085e-02
1.229603687387964106e+00 2.197514842161263360e+00 3.546882996037616032e+00 7.609410104298614641e+00 2.447413799548112667e+00 7.680025587719621072e-01 3.651845225217147939e-01 3.686956080993618823e+00 3.000000000000000000e+00 6.000000000000000000e+00 2.000000000000000000e+00 -3.547830138715719954e+02 1.800600000000052887e+02 1.654706336697308444e+01 6.451991081044340659e-02 5.052529884269364030e-02
1.095645568595034591e+00 1.944638965284264387e+00 3.871550176820570677e+00 7.620574783636211436e+00 1.951125331565582988e+00 5.962555896577924619e-01 5.254966332381471039e-01 3.385420870131079951e+00 6.000000000000000000e+00 8.000000000000000000e+00 2.000000000000000000e+00 -1.778456012386757266e+02 2.400800000000151329e+02 3.612850077416759120e+00 -2.861767987363171236e-04 1.809483289983420122e-06
1.313871159699636637e+00 1.613253931532353969e+00 3.762356498328671695e+00 7.339485613579498136e+00 1.610781649605248722e+00 1.032144207992833129e+00 4.946217947164479600e-01 3.135370853042273698e+00 3.000000000000000000e+00 3.000000000000000000e+00 2.000000000000000000e+00 -2.791518427506660416e+01 5.520000000000133156e+01 1.969901719162108281e-02 -9.490483226718244847e-01 6.278281717074795765e+00
1.374392578275787979e+00 2.087082162726706880e+00 3.581415740488716803e+00 6.180865841028465368e+00 2.380903495271455839e+00 7.949653647832712888e-01 6.907033653459659917e-01 2.944582628363642929e+00 4.000000000000000000e+00 8.000000000000000000e+00 2.000000000000000000e+00 -4.010495463096455637e+02 2.400800000000151329e+02 1.756309664435237394e+01 -3.240312879474618324e-01 1.291094332308710853e-02
1.709222474683746107e+00 2.092142625966029179e+00 3.473211419648346343e+00 6.862495739621990332e+00 2.139259728599969268e+00 1.077637828923108332e+00 6.922857866019381801e-01 2.829765685186691027e+00 6.000000000000000000e+00 5.000000000000000000e+00 2.000000000000000000e+00 -1.797401195469011839e+02 1.099499999999958959e+02 1.966826588511654331e-02 -9.496779468808576041e-01 4.770719390757451744e-02
1.351479832037866258e+00 1.759784253821707445e+00 4.969016577461569995e+00 5.897845841535838574e+00 2.021181881234652700e+00 8.295509366556281794e-01 4.852987977852259438e-01 3.427299405343993577e+00 3.000000000000000000e+00 7.000000000000000000e+00 1.000000000000000000e+00 -1.778243450090886313e+02 2.100699999999860097e+02 4.549334063068475764e+00 6.973163286271366959e-03 6.281702186939432941e+00
1.230078964830001897e+00 2.027810723477897703e+00 3.677973902216044699e+00 5.790034490027359482e+00 2.216427144747817657e+00 1.294294149166403729e+00 6.909664357578201299e-01 3.248802511709520946e+00 7.000000000000000000e+00 7.000000000000000000e+00 2.000000000000000000e+00 -1.500075874339414099e+02 2.100699999999860097e+02 2.810786714621774873e+00 1.082079349283325415e-01 6.281786784197449514e+00
1.199966858070155240e+00 1.755403489782399351e+00 3.630666335795314392e+00 6.438100409371696031e+00 2.317532428429726732e+00 6.868995624257085986e-01 6.239984751116580686e-01 3.128366390900229277e+00 3.000000000000000000e+00 9.000000000000000000e+00 2.000000000000000000e+00 -4.213946617921056941e+02 2.700900000000045225e+02 1.789685386200646278e+01 -9.555768010602734563e-02 6.281540026397930632e+00
1.476109663171834896e+00 2.081099695558031648e+00 4.052390267384053502e+00 7.502777005756295026e+00 1.655700905886437146e+00 9.623337446322683952e-01 5.956027595015163101e-01 2.666453814899169661e+00 3.000000000000000000e+00 6.000000000000000000e+00 2.000000000000000000e+00 -1.338104057719134232e+02 1.800600000000052887e+02 2.736275360744424123e+00 -1.854795238721949346e-01 6.232141575775313136e+00
1.223392036488503365e+00 1.588856679781787351e+00 4.140215407639613154e+00 7.241290318618379906e+00 1.717501881440594680e+00 6.066027908270764657e-01 5.537009328411340858e-01 2.637848117649784552e+00 5.000000000000000000e+00 4.000000000000000000e+00 2.000000000000000000e+00 -2.152600146416521056e+03 6.063999999999888502e+01 7.642509151032597536e+00 -8.085397127878860557e-01 6.133775033942933774e+00
9.738051027427141459e-01 1.631360477451453406e+00 1.985796305402266038e+00 6.632912994947600005e+00 2.089208732806856261e+00 6.292542759985998435e-01 4.912006091981591105e-01 2.899635773284020335e+00 3.000000000000000000e+00 6.000000000000000000e+00 1.000000000000000000e+00 -3.537902826731416326e+02 1.800600000000052887e+02 1.648501766707118676e+01 -8.949391931521250010e-03 3.988677038475472308e-03
1.323978034988787522e+00 2.052433689118625892e+00 2.928028677724017648e+00 6.811707632631053499e+00 1.921155756542610948e+00 5.955268280525504165e-01 5.311967939829386198e-01 3.457572838365712276e+00 3.000000000000000000e+00 6.000000000000000000e+00 2.000000000000000000e+00 -2.438096350874629934e+02 1.800600000000052887e+02 9.611227192966271815e+00 -1.944905360543706774e+00 6.235628116797872877e+00
9.413869079024850262e-01 2.156317077251770797e+00 4.986464175216447359e+00 7.850554304587893384e+00 1.955718457976098223e+00 1.015045622207996878e+00 5.166964807424445638e-01 2.886816585885066733e+00 3.000000000000000000e+00 6.000000000000000000e+00 1.000000000000000000e+00 -3.571084663116255342e+02 1.800600000000052887e+02 1.669240414447643062e+01 -2.018504912729904843e-01 2.438642673461976357e-02
1.441348065919655141e+00 1.939595643104793155e+00 3.129258702925825641e+00 7.061003942577328552e+00 1.614046344695546642e+00 9.725643802775698621e-01 5.368897293833634343e-01 3.234973216951565700e+00 4.000000000000000000e+00 4.000000000000000000e+00 2.000000000000000000e+00 -4.058535943258248579e+01 8.052000000000138868e+01 2.033496453636184781e-02 -9.474939715948459407e-01 6.279213184842888928e+00
1.399481071133803489e+00 2.487157526795264140e+00 2.695164755734390738e+00 6.995282083073437462e+00 2.471422926072630588e+00 7.831020220591485836e-01 5.705493603576133888e-01 3.210770974700583036e+00 7.000000000000000000e+00 6.000000000000000000e+00 2.000000000000000000e+00 -1.119547091776591969e+02 1.800600000000052887e+02 1.370294323603534981e+00 -3.110660047317927446e-01 2.126756691649112074e-02
1.448823078231196160e+00 1.847496292115023309e+00 4.578579801914485436e+00 7.458911738651365475e+00 1.823534429486189934e+00 9.076593801291148456e-01 4.354193787078881051e-01 3.540102339514052066e+00 4.000000000000000000e+00 5.000000000000000000e+00 2.000000000000000000e+00 -1.213854664880098255e+02 1.500499999999998693e+02 2.897529155500618181e+00 -5.468147864412769253e-03 6.231015489910825877e+00
1.218202489586639237e+00 2.073424601491596242e+00 2.688297288937534280e+00 5.772814383471777333e+00 1.922579072428875824e+00 8.966246757385967214e-01 6.453852442516075927e-01 3.073540266943438404e+00 6.000000000000000000e+00 5.000000000000000000e+00 2.000000000000000000e+00 -1.859399634883580461e+02 1.127499999999957367e+02 1.549191093933970954e-02 -9.510604063740717429e-01 3.166650133208705892e-02
1.693872745859181350e+00 2.309098547880195973e+00 3.707177278406041943e+00 6.123294602980065449e+00 1.738164672429967084e+00 9.566909086790391648e-01 6.286294724610940188e-01 3.196291411267336180e+00 5.000000000000000000e+00 5.000000000000000000e+00 2.000000000000000000e+00 -5.509485662287688967e+01 1.095499999999959186e+02 1.999103892993332743e-02 -9.408807857094231286e-01 6.279013544390133816e+00
1.293613585728558446e+00 1.924095373621614424e+00 5.110323094016923307e+00 6.147568574127076246e+00 2.275879149516010003e+00 1.184630989085445174e+00 5.414463613581520507e-01 3.515815746316549362e+00 4.000000000000000000e+00 3.000000000000000000e+00 2.000000000000000000e+00 -2.132009855713566139e+03 2.172000000000006636e+01 7.571865982097875758e+00 -7.028882745564303258e-01 1.020242455414977212e-01
1.620668770312432949e+00 1.910762576517229583e+00 3.443484278468020854e+00 6.465625723573248607e+00 2.203002930608894072e+00 1.296099072022222742e+00 5.700589794319724790e-01 3.592293480438721875e+00 4.000000000000000000e+00 5.000000000000000000e+00 2.000000000000000000e+00 -1.187110720786301528e+02 1.500499999999998693e+02 2.730379504914388633e+00 -3.979285620513700605e-02 3.403162142626319549e-03
1.306868326571626771e+00 1.935683788719540610e+00 4.668673899327409949e+00 8.250744884922459832e+00 1.880851969040044036e+00 7.421462005111270077e-01 4.391027553162302755e-01 3.090227707573931504e+00 4.000000000000000000e+00 7.000000000000000000e+00 2.000000000000000000e+00 -1.592437890029046912e+02 2.100699999999860097e+02 3.388049312681980840e+00 -2.316240867597029462e-01 2.742948528988834594e-02
1.520295426520446691e+00 1.800675163975998139e+00 3.283265725221700571e+00 7.517620410658198082e+00 1.745023754016053141e+00 5.028786528559689994e-01 4.430266395685685810e-01 2.534892337709209631e+00 4.000000000000000000e+00 1.000000000000000000e+01 1.000000000000000000e+00 -4.152143941995660725e+02 3.000999999999997385e+02 1.657277463747288948e+01 2.252551910239959376e-01 1.835444653252547159e-02
1.686343743327541667e+00 1.877301855062678992e+00 2.098780836077473566e+00 7.819193969638240205e+00 1.974051256359500295e+00 7.518494326480626988e-01 4.169110360495665857e-01 3.142786750823825859e+00 3.000000000000000000e+00 1.000000000000000000e+01 1.000000000000000000e+00 -4.264246060266569884e+02 3.000999999999997385e+02 1.727341287666607172e+01 1.482836900023165039e-01 6.166995919220656042e+00
1.484804122280064087e+00 2.023153353406605959e+00 4.542261836484517978e+00 7.564760786682825255e+00 1.730642871156196083e+00 6.418547128649366718e-01 4.689590282331918547e-01 3.135336372150819173e+00 3.000000000000000000e+00 5.000000000000000000e+00 2.000000000000000000e+00 -1.210676326856925868e+02 1.500499999999998693e+02 2.877664542855790764e+00 -2.073845319169672907e-01 2.718576533240451426e-02
1.545911353809970246e+00 1.936396023327779270e+00 3.902011635663390265e+00 6.241098820785444090e+00 2.028644925633311225e+00 1.319295597686700683e+00 5.118043471709297076e-01 3.104119632766511927e+00 6.000000000000000000e+00 7.000000000000000000e+00 2.000000000000000000e+00 -1.288539852176031104e+02 2.100699999999860097e+02 1.488686576100631820e+00 -1.947167673322966475e-01 8.690795432302426406e-05
1.408484879115367461e+00 1.608487685798998701e+00 3.470038170233690877e+00 7.140165563113046510e+00 2.349254247772845083e+00 5.623814175227512813e-01 4.826365217798717633e-01 3.010776843497616095e+00 5.000000000000000000e+00 5.000000000000000000e+00 1.000000000000000000e+00 -6.537539943160425082e+01 1.301999999999953559e+02 1.721246447541090879e-02 -9.981844333770275579e-01 6.279439266576592793e+00
9.733373845515884693e-01 1.720035627227915587e+00 3.533860587262561470e+00 7.265651153799066009e+00 2.369585873532940923e+00 2.092957291422418153e-01 5.391822278575097993e-01 3.539004345608550928e+00 5.000000000000000000e+00 5.000000000000000000e+00 3.000000000000000000e+00 -3.424823994437442707e+02 1.500499999999998693e+02 1.671608746523402189e+01 -2.821478286849852125e-03 2.202097280434855975e-05
1.477084039622949652e+00 1.718443707456183578e+00 3.660872176304481140e+00 6.947347108239251057e+00 1.771943065401651030e+00 4.226839803058803913e-01 4.859110900067754035e-01 3.417477543290104336e+00 5.000000000000000000e+00 5.000000000000000000e+00 2.000000000000000000e+00 -2.320953042446280051e+03 1.895000000000013429e+01 1.946737765289249467e+01 -2.586381318547271047e+00 6.085078446571830391e+00
1.513932598858989564e+00 2.476741720411316017e+00 2.803198007832691019e+00 8.552219668752350401e+00 1.367790249023230764e+00 1.118143358451878289e+00 5.948654122901868568e-01 2.433667768130009179e+00 3.000000000000000000e+00 2.000000000000000000e+00 2.000000000000000000e+00 -2.385432864703239375e+03 5.479999999999971116e+00 2.391830404395244969e+01 -1.563705051963689918e+00 9.269072120354379662e-02
2.161467335110886179e+00 1.741025061500578230e+00 2.672586575674035458e+00 8.099233303986569155e+00 1.996290785145696578e+00 7.705221204894977527e-01 5.625420431058248960e-01 2.811435010224495379e+00 6.000000000000000000e+00 5.000000000000000000e+00 2.000000000000000000e+00 -4.734238009885869047e+01 9.414999999999679403e+01 1.671125617876854583e-02 -9.531575569856109986e-01 6.280341668128806454e+00
6.826929758902482437e-01 1.215204635663127419e+00 4.294809736605897932e+00 6.366330311713718437e+00 2.247062749038663654e+00 8.319156241662797324e-01 4.960178506549027810e-01 3.281011160713570796e+00 1.000000000000000000e+00 7.000000000000000000e+00 2.000000000000000000e+00 -3.987474599465574556e+02 2.100699999999860097e+02 1.835702874666027995e+01 2.098600837181163747e-02 6.259067249260928278e+00
1.510227025978759796e+00 2.237096017035285822e+00 3.426790783476000524e+00 5.996937973317219672e+00 1.936857687297326436e+00 1.418327290415051900e+00 6.394141088510246762e-01 3.377604085783714627e+00 6.000000000000000000e+00 1.000000000000000000e+01 2.000000000000000000e+00 -2.020084567942170111e+02 3.000999999999997385e+02 3.247403549638570919e+00 1.306562399613646619e-01 5.897217576441796005e+00
1.372204081433574752e+00 1.602686348736283906e+00 1.936432783547598735e+00 6.610435238016636461e+00 2.192810120091311710e+00 6.072306342087783193e-01 6.113560689165918882e-01 3.166827703685835438e+00 3.000000000000000000e+00 6.000000000000000000e+00 2.000000000000000000e+00 -1.180019164402665410e+02 1.800600000000052887e+02 1.748244777516493098e+00 -1.239311589314791850e-01 2.807436576560533303e-02
1.856176218875751349e+00 1.729581934695494816e+00 2.876896308400074709e+00 8.210383966492827312e+00 2.140645999067428473e+00 9.927098051464364747e-01 5.092361487386634078e-01 2.694180212771457139e+00 5.000000000000000000e+00 6.000000000000000000e+00 2.000000000000000000e+00 -7.421816671086573081e+01 1.477200000000040632e+02 2.238541942898085446e-02 -9.632649150423326923e-01 6.281173513585072143e+00
1.557393686233142560e+00 1.763720856433337092e+00 4.359973133020021763e+00 6.338928384085036782e+00 1.657860433580754078e+00 1.045078494437827299e+00 4.356802404982274557e-01 2.806155101107136396e+00 4.000000000000000000e+00 7.000000000000000000e+00 2.000000000000000000e+00 -1.248648847441102419e+02 2.100699999999860097e+02 1.239367796507327535e+00 -3.412042182399112611e-01 1.205665939572473158e-02
1.970924630957589407e+00 2.136475780243626499e+00 3.166544273677114330e+00 7.928177234258809492e+00 1.869467779034354127e+00 7.376867797448443120e-01 6.281114067432418402e-01 3.656134073900238590e+00 6.000000000000000000e+00 8.000000000000000000e+00 2.000000000000000000e+00 -1.689776653752864490e+02 2.400800000000151329e+02 3.058604085954930607e+00 9.431209099576601251e-02 5.677357252750168948e-03
1.467482633623594435e+00 1.691686781018501229e+00 3.684312902614649055e+00 6.355261418946080099e+00 2.191932877247716238e+00 6.948411651806608580e-01 5.140448433533200134e-01 3.501994099917548731e+00 3.000000000000000000e+00 6.000000000000000000e+00 2.000000000000000000e+00 -1.471117645555666229e+02 1.800600000000052887e+02 3.567610284722748215e+00 -1.499497923890731332e-01 7.249497496866226520e-02
1.602108534833155851e+00 1.386245039002804269e+00 2.682642459883257224e+00 7.351220967798164807e+00 1.754866111701215203e+00 1.169970651957499941e+00 4.483387606225829325e-01 2.865934034315307688e+00 5.000000000000000000e+00 1.000000000000000000e+01 2.000000000000000000e+00 -2.208289807391181796e+02 2.576999999999900979e+02 2.002882201911973525e-02 -9.566727491697157859e-01 6.105810402768621969e+00
1.489590189196290160e+00 1.530854204929002593e+00 4.444122637377807550e+00 7.552444018287954641e+00 1.897075360568791780e+00 1.170698491487942361e+00 4.280658191222682651e-01 3.275073772686413864e+00 4.000000000000000000e+00 3.000000000000000000e+00 2.000000000000000000e+00 -2.432637418977043353e+01 4.797000000000105757e+01 2.133588686061914028e-02 -9.481933275833343000e-01 6.280452069468330123e+00
