9.607242903820779611e-01 1.547047689469762233e+00 5.307337448194155982e+00 7.841546363752908810e+00 1.511869026430099350e+00 9.116352142234808165e-01 4.538356704154239418e-01 2.977064363815877357e+00 6.000000000000000000e+00 6.000000000000000000e+00 1.000000000000000000e+00 -1.433670411217513845e+02 1.519800000000042246e+02 2.072166202814250402e-02 -1.140704634993994881e+00 2.323559897401279717e-01
1.069766625435489837e+00 1.286886741920111987e+00 5.291896735549077135e+00 8.408447127312273395e+00 1.670540301474733536e+00 1.103611280143418805e+00 4.867195675472826277e-01 3.064320422003621314e+00 5.000000000000000000e+00 5.000000000000000000e+00 1.000000000000000000e+00 -1.962549760844281082e+02 1.166499999999955151e+02 2.211784782689196760e-02 -9.832531457578163048e-01 6.278371944805407168e+00
8.628577953681879631e-01 1.477876659179030883e+00 5.358804147839093091e+00 8.222583734895428265e+00 1.754798622880352932e+00 1.314104518635093033e+00 4.348194940817001197e-01 3.157010212469229860e+00 5.000000000000000000e+00 2.000000000000000000e+00 1.000000000000000000e+00 -2.384294791211683787e+03 4.199999999999998401e+00 2.388717445073023526e+01 -3.148606226839417044e+00 5.803394782076266856e-02
1.153075176935775881e+00 1.712415768992401111e+00 5.287542711812844409e+00 8.077693754239490431e+00 1.788094336748260016e+00 9.855877121084803960e-01 4.844712648997271942e-01 3.036670474269694164e+00 5.000000000000000000e+00 6.000000000000000000e+00 1.000000000000000000e+00 -1.184024035017777123e+02 1.800600000000052887e+02 1.773275218860941971e+00 -1.773828400580774456e-01 6.283053189594197896e+00
9.016122326608793092e-01 1.315709603255925897e+00 5.414559271886664860e+00 8.836496496117856481e+00 1.597923845055347458e+00 1.092813770553839214e+00 5.152400370754406378e-01 2.942958384925400406e+00 4.000000000000000000e+00 5.000000000000000000e+00 1.000000000000000000e+00 -7.223418672424054421e+01 1.438499999999984595e+02 1.932417026508226332e-02 -9.889376068572598433e-01 6.269419747657033248e+00
8.731462579517793587e-01 1.315005118475985002e+00 4.438122844515646648e+00 7.995290031527615859e+00 1.696006299190841782e+00 8.563987532352177467e-01 5.311063581521635601e-01 3.069064405652546235e+00 6.000000000000000000e+00 5.000000000000000000e+00 1.000000000000000000e+00 -1.194974831670197517e+02 1.500499999999998693e+02 2.779530197938738567e+00 -1.671784959850167824e-03 4.215708190773284747e-06
1.214425414046482743e+00 1.621661187576002527e+00 5.243261780404055550e+00 8.085019159687620416e+00 1.535791142799961984e+00 1.263539144343473586e+00 4.185258597957350890e-01 3.016438285103460348e+00 5.000000000000000000e+00 5.000000000000000000e+00 1.000000000000000000e+00 -1.876518486574292410e+02 1.003499999999964416e+02 2.386418404001659777e-02 -1.026822481879613669e+00 7.411755226603311542e-03
1.095606774883467915e+00 1.409494345830838657e+00 5.143080657265560518e+00 8.350923843601867347e+00 1.708380745271696810e+00 1.061090050562093046e+00 4.765419941268979054e-01 2.728623693527735039e+00 6.000000000000000000e+00 8.000000000000000000e+00 1.000000000000000000e+00 -1.447965169255527087e+02 2.400800000000151329e+02 1.547282307846571170e+00 -2.242996653912289751e-01 6.251901998433806007e+00
6.786498796345823425e-01 1.217147963882975636e+00 4.652686565400039775e+00 8.239274743276656210e+00 1.735914717203557833e+00 1.239192582780376251e+00 4.259761738656774321e-01 3.120328078643838321e+00 4.000000000000000000e+00 6.000000000000000000e+00 1.000000000000000000e+00 -1.372784758607504330e+02 1.800600000000052887e+02 2.953029741296736788e+00 -3.470405499351172582e-04 6.221629467009165637e+00
1.338320451105513120e+00 1.451979746918490299e+00 4.833851232713818113e+00 8.076601460579684755e+00 1.709846549129431459e+00 1.210717792671047732e+00 4.075148174591029515e-01 2.933439711905167613e+00 5.000000000000000000e+00 6.000000000000000000e+00 1.000000000000000000e+00 -2.131125133118614485e+02 1.501800000000041564e+02 2.231013314136883613e-02 -1.009070603775769515e+00 4.342014785545135827e-03
9.194602292292956003e-01 1.454021013872639934e+00 5.608209953779756063e+00 7.800858151995517353e+00 1.611301749223270185e+00 1.222761570045434176e+00 4.973708346018619331e-01 2.851560013211648315e+00 5.000000000000000000e+00 4.000000000000000000e+00 1.000000000000000000e+00 -1.814849096078692980e+02 8.440000000000199520e+01 1.890027081396328940e-02 -1.049659845011799764e+00 6.281873416888778650e+00
7.988107978650001995e-01 1.551633421706574145e+00 5.454776434231285442e+00 8.289665076070845018e+00 1.778116414907653375e+00 1.063199949359827645e+00 4.854701809952881031e-01 2.960046844531036836e+00 6.000000000000000000e+00 8.000000000000000000e+00 1.000000000000000000e+00 -1.758565185978192176e+02 2.400800000000151329e+02 3.488532412363229085e+00 -2.675085962347091839e-01 1.009907514020100955e-01
1.022162650487470348e+00 1.554720790105630801e+00 5.590802320285315652e+00 7.904810644230255257e+00 1.821186604186571412e+00 1.200538819697226867e+00 4.569864623866577436e-01 2.917545757006676954e+00 6.000000000000000000e+00 5.000000000000000000e+00 1.000000000000000000e+00 -1.338161990029111905e+02 1.146499999999956287e+02 2.241371230146010918e-02 -1.123485152859716063e+00 2.079489148912750385e-01
1.076468903583015058e+00 1.604491929578951259e+00 5.275945793098317793e+00 8.741755941837871191e+00 1.594290740392086292e+00 1.149673524393149737e+00 4.627364085531431304e-01 3.256454737251343268e+00 5.000000000000000000e+00 4.000000000000000000e+00 1.000000000000000000e+00 -1.758475637340070250e+02 7.504000000000053205e+01 1.638662716673393305e-02 -1.040404172853145459e+00 3.866486336532304335e-03
1.329603891623045930e+00 1.540343896379481547e+00 5.736169970872754043e+00 8.321374816928519991e+00 1.736709923713314785e+00 9.980443043927412772e-01 5.069082607839620058e-01 3.268863078131680755e+00 5.000000000000000000e+00 5.000000000000000000e+00 1.000000000000000000e+00 -2.034866500124212507e+02 1.294999999999951967e+02 1.521809337671551146e-02 -9.966669287584797310e-01 6.281398408230925767e+00
1.292740545840238786e+00 1.400550297715617010e+00 4.468597694064731840e+00 8.459400525601253662e+00 2.036777929755100303e+00 1.143511695556024499e+00 4.885102859097911199e-01 3.006836223923716744e+00 4.000000000000000000e+00 6.000000000000000000e+00 1.000000000000000000e+00 -1.348500492901136170e+02 1.800600000000052887e+02 2.801253080631935788e+00 -2.495205078846325364e-01 1.860228687586591989e-01
1.329094004322298295e+00 1.210643552854958394e+00 5.521007617768886711e+00 8.154622106344699972e+00 1.821083087272910905e+00 9.125740410601029806e-01 4.659574781593101567e-01 2.731228135547469904e+00 5.000000000000000000e+00 6.000000000000000000e+00 1.000000000000000000e+00 -2.183040364875186583e+02 1.608000000000045588e+02 2.100072387065482493e-02 -9.904279253278692741e-01 6.278769535681743008e+00
9.429047117723332594e-01 1.421433435546064494e+00 5.432599939394850530e+00 8.316148356417443210e+00 1.873163485976492515e+00 1.087998056072007280e+00 4.891105736012752447e-01 2.869830451282614714e+00 3.000000000000000000e+00 4.000000000000000000e+00 1.000000000000000000e+00 -5.949018161453523135e+01 1.182000000000072788e+02 2.438635090822467016e-02 -9.773490843742107526e-01 6.257929242261121239e+00
1.084375321543449733e+00 1.317041459442566786e+00 4.994589319976657116e+00 8.381099242533078808e+00 2.018256923534950786e+00 1.006462359274308493e+00 4.014370760337460653e-01 3.053205265768587751e+00 5.000000000000000000e+00 4.000000000000000000e+00 1.000000000000000000e+00 -1.782690535869077735e+02 8.016000000000133241e+01 1.462117834494212378e-02 -1.040709880197179249e+00 4.221066272092066640e-03
1.018599612221319228e+00 1.414909524973189781e+00 5.795889899867855632e+00 8.687243052297887402e+00 1.654791021280115793e+00 1.070091460757516710e+00 5.547600078255506828e-01 3.020837807628599769e+00 6.000000000000000000e+00 6.000000000000000000e+00 1.000000000000000000e+00 -2.158896692526521690e+02 1.722600000000049931e+02 1.837116361796438391e-02 -1.026555306171296422e+00 4.319189548559750069e-02
1.179574460847421458e+00 1.685123326692167689e+00 5.746742370488838070e+00 7.935663136452777877e+00 1.791586406952448529e+00 9.688277224079846484e-01 4.864905841993224511e-01 3.180464548288739479e+00 4.000000000000000000e+00 6.000000000000000000e+00 1.000000000000000000e+00 -1.400411420919132865e+02 1.800600000000052887e+02 3.125696380744415581e+00 -4.579615781455204093e-02 6.232228638702650869e+00
1.079229807483383707e+00 1.288533455647405068e+00 5.514036483917308828e+00 8.896736193181730812e+00 1.382445509429258923e+00 9.841129578866363303e-01 4.475784421218920173e-01 3.036369199147410658e+00 5.000000000000000000e+00 5.000000000000000000e+00 1.000000000000000000e+00 -4.929085076987010439e+01 9.799999999999657518e+01 1.817817311698840393e-02 -9.399145989540218515e-01 6.280973325110312366e+00
1.020614089330917018e+00 1.482122858822873201e+00 6.064007256816528191e+00 8.505504669764031078e+00 1.447561649093175751e+00 1.203639600668194642e+00 4.261790407260118707e-01 2.982455343061417352e+00 4.000000000000000000e+00 4.000000000000000000e+00 1.000000000000000000e+00 -4.323226784333129302e+01 8.580000000000221405e+01 2.076674020813666990e-02 -9.958848210953326063e-01 6.279043410460117158e+00
1.300301313693045691e+00 1.304791895577436245e+00 5.774752301365547069e+00 8.584419226412448367e+00 1.869082816349503462e+00 9.953504889614152029e-01 5.107331221125431808e-01 3.136061821191178378e+00 5.000000000000000000e+00 5.000000000000000000e+00 1.000000000000000000e+00 -1.988500346941535213e+02 1.223499999999951910e+02 2.313526507232059257e-02 -1.041509181815050367e+00 6.276531021380248987e+00
8.103932991957412124e-01 1.414518299258382461e+00 5.337652772854293737e+00 8.559106128685099790e+00 1.458025654563073648e+00 1.061783068133174357e+00 4.531061539391556536e-01 3.056918389768419342e+00 4.000000000000000000e+00 5.000000000000000000e+00 1.000000000000000000e+00 -6.310234012080299237e+01 1.255999999999950063e+02 1.889625755034311100e-02 -9.907468198252235014e-01 6.271445637782983695e+00
1.317511008712319409e+00 1.258364481963149650e+00 5.243925226880110202e+00 7.857009611844790520e+00 1.796538752844835329e+00 9.707060768563431363e-01 4.257317777570480688e-01 3.046020142207469750e+00 5.000000000000000000e+00 5.000000000000000000e+00 1.000000000000000000e+00 -1.956593762632573146e+02 1.138999999999956714e+02 2.447221853154201918e-02 -1.041343437425932716e+00 6.279626554702240071e+00
1.106861376461442559e+00 1.557754126802350703e+00 5.785144778871710969e+00 7.907530418117906024e+00 1.694459927740678440e+00 1.168739208702927579e+00 4.564577087584380521e-01 3.373996379562506753e+00 6.000000000000000000e+00 6.000000000000000000e+00 1.000000000000000000e+00 -1.029697286556555866e+02 1.800600000000052887e+02 8.087330409783088925e-01 -2.460649449719130855e-01 6.233566945742659016e+00
1.182879591074902370e+00 1.324855334009907404e+00 4.787646822039495653e+00 8.567837548243149470e+00 1.582651817886530532e+00 1.005751636622411072e+00 4.604985376137117337e-01 2.983301315481464933e+00 4.000000000000000000e+00 5.000000000000000000e+00 1.000000000000000000e+00 -6.119293478863373537e+01 1.216999999999952280e+02 2.143342428975776245e-02 -9.916696770978398190e-01 6.274374110372503033e+00
1.313212028327884306e+00 1.417744293402086742e+00 5.459617487210899789e+00 8.297717409059284677e+00 1.723903237568454649e+00 8.451658905211466566e-01 4.498015839400410498e-01 2.860603817358922996e+00 6.000000000000000000e+00 5.000000000000000000e+00 1.000000000000000000e+00 -1.852771281372289138e+02 9.414999999999679403e+01 1.553741685560855630e-02 -1.000824201035804606e+00 6.280213794986529763e+00
8.406028494118116257e-01 1.341295434030895795e+00 4.122700262542785765e+00 8.590600778815444372e+00 1.672209088332615057e+00 9.140734925282318901e-01 4.837804200824556422e-01 3.087599313869223483e+00 5.000000000000000000e+00 4.000000000000000000e+00 1.000000000000000000e+00 -4.473800324144328329e+02 1.200400000000075664e+02 2.421000202590181516e+01 2.436984144844585385e-04 5.010393091995262605e-07
1.195835395144717372e+00 1.389588247372286700e+00 5.277907193525583907e+00 8.238966875905013865e+00 1.934950224855168432e+00 9.934063018347228935e-01 4.302486972172412383e-01 2.774531654230129707e+00 5.000000000000000000e+00 7.000000000000000000e+00 1.000000000000000000e+00 -1.362175050726033021e+02 2.100699999999860097e+02 1.948906567038144244e+00 -2.043289412010706185e-01 9.538199561138464497e-03
1.106337070896310060e+00 1.391746848283474725e+00 5.963915499650121355e+00 7.940306625653042794e+00 1.612697135696770312e+00 9.017232804449427652e-01 4.392810705513097713e-01 3.369488274804536054e+00 5.000000000000000000e+00 4.000000000000000000e+00 1.000000000000000000e+00 -2.141501697529351077e+03 4.007999999999932328e+01 7.591356095584455232e+00 -1.741718610979137383e+00 2.378960231138068093e-01
8.321398250710037026e-01 1.572771245156066255e+00 5.805261475799142090e+00 8.108237103547503821e+00 1.518098105194790159e+00 9.620443745658799894e-01 4.779579323540708025e-01 3.087542189613762922e+00 3.000000000000000000e+00 6.000000000000000000e+00 1.000000000000000000e+00 -1.441973354648899033e+02 1.800600000000052887e+02 3.385458466555454127e+00 -4.511432184556909974e-02 6.393295444690422734e-03
1.197612638999839163e+00 1.413939764188619996e+00 5.318207299514269515e+00 8.584199882156708483e+00 2.040009940414227341e+00 1.097582573055096322e+00 4.361829109587124775e-01 3.062221783926541985e+00 6.000000000000000000e+00 6.000000000000000000e+00 1.000000000000000000e+00 -1.072440054536348129e+02 1.800600000000052887e+02 1.075875340852010531e+00 -4.119703534461012229e-01 6.280527927255576515e+00
1.034694267646985244e+00 1.398294086862108099e+00 5.518737124295936880e+00 8.578352154363251714e+00 1.844166912912432510e+00 1.053262828018977082e+00 4.590940000495077333e-01 3.149795417491033422e+00 7.000000000000000000e+00 5.000000000000000000e+00 1.000000000000000000e+00 -2.322379979023318811e+03 2.035000000000015419e+01 1.951281118895742139e+01 -2.006803050000994570e+00 5.676822812050541067e+00
1.278763617393360308e+00 1.364065327631798663e+00 5.477668932376921873e+00 7.799472218112116551e+00 1.727595732432498643e+00 9.391386318446082182e-01 4.435155128744869835e-01 2.936201024634913725e+00 4.000000000000000000e+00 6.000000000000000000e+00 1.000000000000000000e+00 -1.177069481316861754e+02 1.800600000000052887e+02 1.729809258230220248e+00 -2.188532602795225379e-01 6.282989479988246195e+00
1.185764763187337367e+00 1.485596613756567042e+00 5.451027786149680310e+00 8.030873879339120336e+00 1.739864702463945090e+00 9.166564212307737325e-01 5.314719499279270121e-01 3.240334260617592221e+00 6.000000000000000000e+00 5.000000000000000000e+00 1.000000000000000000e+00 -9.204987531620557206e+01 1.500499999999998693e+02 1.064054707262852340e+00 -4.372782850966550616e-01 6.274809206000631967e+00
1.541795852463163197e+00 1.650053477747074782e+00 5.811228388785610655e+00 8.487722163763949723e+00 1.802636126584974852e+00 1.035601228936097185e+00 4.535414555872244180e-01 3.136281739770869770e+00 4.000000000000000000e+00 5.000000000000000000e+00 1.000000000000000000e+00 -6.727475676219272316e+01 1.340499999999962313e+02 1.560979763716281200e-02 -9.959620695820644576e-01 6.275591233044105266e+00
1.371482920445943554e+00 1.404547090809108667e+00 5.391498413590953831e+00 9.402043820153311415e+00 1.787452813095651738e+00 1.097320095153208497e+00 5.765261647664631228e-01 3.123367215555616916e+00 6.000000000000000000e+00 6.000000000000000000e+00 1.000000000000000000e+00 -9.557020953855638368e+01 1.786800000000052364e+02 2.342423260065356477e-02 -1.257597053284898347e+00 4.298974075736099465e-01
7.082635645366284205e-01 1.645031057932204943e+00 5.775693481196505275e+00 7.589400925672920906e+00 1.543949097164361905e+00 1.101215441295286146e+00 3.831967629415861665e-01 2.902596320437114130e+00 4.000000000000000000e+00 3.000000000000000000e+00 1.000000000000000000e+00 -2.135446432047806866e+03 2.895000000000034035e+01 7.560714502987911700e+00 -2.393333457835042921e+00 1.486767676145033523e-01
1.221408283368505154e+00 1.671490878063103036e+00 5.585325927433783200e+00 8.609286046634805345e+00 1.829250390432989093e+00 9.163508112779422676e-01 5.042531886602831248e-01 3.290887483506087285e+00 6.000000000000000000e+00 6.000000000000000000e+00 1.000000000000000000e+00 -1.289148649425411008e+02 1.800600000000052887e+02 2.430304058908653086e+00 -3.725996978131891346e-01 1.724314004917213428e-01
1.070523987418026568e+00 1.444878910397318084e+00 5.214412862946080196e+00 7.963307259793242388e+00 1.353075574511900747e+00 1.109204564668400783e+00 3.648370534631191764e-01 2.925876042525116461e+00 3.000000000000000000e+00 6.000000000000000000e+00 1.000000000000000000e+00 -1.170588603390222175e+02 1.800600000000052887e+02 1.689303771188723324e+00 -4.555998063852921276e-01 3.044721301343158992e-01
1.188718192680697339e+00 1.639824701785064898e+00 4.773780006012722232e+00 8.548272822271224314e+00 1.934672486165292193e+00 1.094890830024925377e+00 5.452924325444402642e-01 3.469006661660117175e+00 5.000000000000000000e+00 8.000000000000000000e+00 1.000000000000000000e+00 -1.863441058161837702e+02 2.400800000000151329e+02 4.144006613511012738e+00 -4.060471966224731694e-02 6.236611649439623761e+00
1.093466741675555243e+00 1.708663970628997664e+00 6.537972875990599064e+00 8.185408647315451702e+00 1.476294587999798180e+00 1.226664995262560121e+00 3.626525280782934013e-01 2.900609519749720366e+00 4.000000000000000000e+00 7.000000000000000000e+00 1.000000000000000000e+00 -1.435701557391724634e+02 2.100699999999860097e+02 2.408447233698716161e+00 -1.573666626181873529e-01 6.263897040573024988e+00
1.151227928374326526e+00 1.286374111010901711e+00 5.131372434588404197e+00 7.913217167941190233e+00 1.851882832160453463e+00 1.055143097631029647e+00 5.935601798269897200e-01 3.170871715328257956e+00 6.000000000000000000e+00 7.000000000000000000e+00 1.000000000000000000e+00 -1.640196146434630009e+02 2.100699999999860097e+02 3.686538415216874309e+00 1.099388662753669407e-02 6.225813775173187459e+00
1.027157838794275246e+00 1.723461195027870430e+00 5.383136378976169034e+00 8.736464451576367196e+00 2.008777433009549362e+00 8.604560093092430417e-01 3.780787799428178553e-01 2.941757707716833536e+00 5.000000000000000000e+00 5.000000000000000000e+00 1.000000000000000000e+00 -2.026748608822788640e+02 1.264999999999949551e+02 1.905958254800691268e-02 -1.027336303652951921e+00 6.283051516229043898e+00
8.639434318874674723e-01 1.373905438586903616e+00 4.993740439729110747e+00 8.589228940595072359e+00 2.227705304415843468e+00 9.533157949200070647e-01 3.952917339146480025e-01 3.104002746982228444e+00 6.000000000000000000e+00 5.000000000000000000e+00 1.000000000000000000e+00 -9.908943476437772802e+01 1.500499999999998693e+02 1.504027172773612309e+00 -2.388968166410205540e-01 6.230770083263876380e+00
1.147203870263145298e+00 1.216948798586576341e+00 5.509493084514060612e+00 8.390024084875154387e+00 1.726332801091223335e+00 9.017226476657851375e-01 4.446287820307202598e-01 2.983760079642060692e+00 6.000000000000000000e+00 4.000000000000000000e+00 1.000000000000000000e+00 -3.649257757152357584e+01 7.240000000000011937e+01 1.828609822021980483e-02 -9.985700975344523611e-01 6.280194524358857500e+00
