9.040830114754300206e-01 1.589895553129589745e+00 5.214475594274925463e+00 8.007595051762667282e+00 1.670472904706880257e+00 1.055005677498332295e+00 5.194805069313848112e-01 3.207072101839555156e+00 4.000000000000000000e+00 4.000000000000000000e+00 1.000000000000000000e+00 -5.303064284518530513e+01 1.053200000000052654e+02 2.316517782391702696e-02 -9.926815252509137988e-01 6.279765757390658010e+00
1.201067527974136295e+00 1.626486512935096718e+00 4.882401207927540732e+00 8.163798413179071289e+00 1.564217732416365747e+00 9.597574835735994681e-01 5.032486737482904093e-01 3.070563026354825364e+00 3.000000000000000000e+00 3.000000000000000000e+00 1.000000000000000000e+00 -1.658941092577204586e+02 5.511000000000132815e+01 1.553397568410453712e-02 -9.999149373075498781e-01 6.280673429482884096e+00
9.938483678995018167e-01 1.536416082600442490e+00 4.707684888459635175e+00 8.363883339758375612e+00 1.643589587031625943e+00 1.135841624961249963e+00 4.764062588750442861e-01 3.014086605730348367e+00 5.000000000000000000e+00 7.000000000000000000e+00 1.000000000000000000e+00 -1.370031751608879631e+02 2.100699999999860097e+02 1.998010947555935113e+00 -1.493328774057635089e-01 8.091212766915424626e-02
1.039509695611188000e+00 1.524018000545146245e+00 5.903679302219869029e+00 8.383848647807404575e+00 1.989973692617855061e+00 5.229018497413214783e-01 5.701297840913246429e-01 2.961331838801391392e+00 4.000000000000000000e+00 5.000000000000000000e+00 1.000000000000000000e+00 -3.520955012385927034e+02 1.500499999999998693e+02 1.731690632741204894e+01 2.965503780051635457e-04 1.460122950119782395e-05
7.051728123334120024e-01 1.557596026014106183e+00 5.127593182592745435e+00 7.960906190369263946e+00 1.672109627246030072e+00 9.706900882185778290e-01 4.737970406847298865e-01 2.926384885040662187e+00 5.000000000000000000e+00 5.000000000000000000e+00 1.000000000000000000e+00 -2.019349843644931468e+02 1.264499999999949580e+02 2.401532345356988812e-02 -1.031611358694301872e+00 2.772204035705883030e-03
9.900840968353199489e-01 1.531631155945984091e+00 5.302316723369724372e+00 7.812664257248538746e+00 1.769012028008367210e+00 1.194348441652661297e+00 4.536232183775776305e-01 3.113396758318213386e+00 7.000000000000000000e+00 6.000000000000000000e+00 1.000000000000000000e+00 -7.614326544408163500e+01 1.515600000000042087e+02 2.270409025497036742e-02 -5.731471824245987223e-01 6.154299053168113431e+00
1.075275886869962783e+00 1.721738911157125074e+00 5.596685550843496948e+00 8.603212244348673821e+00 1.669323846267925626e+00 9.097260209802352504e-01 4.589524460655272087e-01 2.830298207223131080e+00 4.000000000000000000e+00 4.000000000000000000e+00 1.000000000000000000e+00 -1.845616797750799094e+02 9.204000000000318948e+01 1.712061750279365857e-02 -1.000453390854076696e+00 6.281214686348569387e+00
1.018188512985667815e+00 1.674047583620903445e+00 4.983724443578533503e+00 7.870829814864752194e+00 1.631013642083311455e+00 1.024549145338943479e+00 4.205274404720679149e-01 3.080199686472946397e+00 3.000000000000000000e+00 5.000000000000000000e+00 1.000000000000000000e+00 -1.106600221189129343e+02 1.500499999999998693e+02 2.227188882432062478e+00 -8.196061045801894540e-02 3.316966575341289553e-04
8.505351092253528034e-01 1.576956449769205459e+00 5.386403127874937802e+00 8.393830353583460635e+00 1.593509516709869844e+00 9.114455920655650800e-01 4.968385442984679101e-01 3.054630495170785220e+00 4.000000000000000000e+00 5.000000000000000000e+00 1.000000000000000000e+00 -7.266659467604311828e+01 1.445499999999986187e+02 2.447466725273839475e-02 -9.921032513187180157e-01 6.278606496016275962e+00
9.480895506859087218e-01 1.612547708815416536e+00 5.175367793663419036e+00 7.297055653323596403e+00 1.729453846348489865e+00 7.004357730506146629e-01 5.382697897541893761e-01 3.084570270287129823e+00 4.000000000000000000e+00 5.000000000000000000e+00 1.000000000000000000e+00 -1.295792662594452906e+02 1.500499999999998693e+02 3.409641641215334307e+00 -6.361123546893754019e-03 6.283093684582090610e+00
1.036954186929156307e+00 1.793051921004126470e+00 4.676785295609414916e+00 8.172166210291464949e+00 1.382254238461497753e+00 1.056375289260361061e+00 5.497359719310170867e-01 2.854341603627138735e+00 4.000000000000000000e+00 6.000000000000000000e+00 1.000000000000000000e+00 -8.344826977397279677e+01 1.662000000000047635e+02 2.176686087315062718e-02 -9.902823275896448507e-01 6.272219354849669415e+00
1.105438494354389345e+00 1.497100610006942389e+00 5.540793015254073417e+00 7.778643646856604477e+00 1.495384617913565251e+00 1.031614617865359129e+00 5.098010593265501766e-01 3.062575195241411308e+00 3.000000000000000000e+00 4.000000000000000000e+00 1.000000000000000000e+00 -5.888738303071825442e+01 1.172000000000071225e+02 1.796143941966816399e-02 -9.211398647947512952e-01 6.224961697233831082e+00
1.041514578406347535e+00 1.663004665020945572e+00 5.195154842677903062e+00 8.293288242463782822e+00 1.566049512245740516e+00 8.691716535119500264e-01 5.249281243450403256e-01 2.870209067539649883e+00 5.000000000000000000e+00 5.000000000000000000e+00 1.000000000000000000e+00 -1.922295716934697509e+02 1.061999999999961091e+02 1.668479350140075410e-02 -1.004848681432312762e+00 2.470263333753076277e-04
8.304492621880879000e-01 1.505746200411119728e+00 5.514922070114383956e+00 8.030909123379279535e+00 1.580889307172341107e+00 1.190295270325177901e+00 5.855192642006760151e-01 2.679020015341295302e+00 4.000000000000000000e+00 4.000000000000000000e+00 1.000000000000000000e+00 -1.871211032472859586e+02 9.804000000000412740e+01 1.585575709917414616e-02 -1.000452373782950932e+00 6.279893477094981691e+00
1.001344286959440444e+00 1.518010513558056607e+00 5.538377610738224988e+00 8.353307528768018742e+00 1.693880045116512134e+00 9.305721515056409876e-01 4.503289349318823631e-01 2.934343962755824098e+00 3.000000000000000000e+00 4.000000000000000000e+00 1.000000000000000000e+00 -5.526634668721364108e+01 1.098400000000059720e+02 2.164666795066579746e-02 -9.933224696916734819e-01 6.275816500244548735e+00
1.030156326948906687e+00 1.703017452166060375e+00 4.645479326730492353e+00 8.170980769184183146e+00 1.501910933879525345e+00 9.495243828794149854e-01 4.553349243266027746e-01 2.922674934486969356e+00 4.000000000000000000e+00 5.000000000000000000e+00 1.000000000000000000e+00 -5.792344056215368653e+01 1.150999999999956032e+02 2.334003513474303126e-02 -9.948693410313359520e-01 6.279811010489004808e+00
1.175992076743372472e+00 1.893178489119390795e+00 4.892874027154631378e+00 8.180208392630257563e+00 1.479684157296391911e+00 1.089121535324653722e+00 5.292832211010396470e-01 3.144465430947488649e+00 6.000000000000000000e+00 7.000000000000000000e+00 1.000000000000000000e+00 -1.088453357265087078e+02 2.100699999999860097e+02 2.381459829072311574e-01 -9.539557658021451392e-01 1.836625229992594477e-01
1.084497500332420872e+00 1.572069381501877583e+00 5.295567957864823150e+00 8.201115485465507504e+00 1.824898465792179625e+00 9.512200954683988074e-01 4.901079295031854355e-01 3.041277930207580305e+00 3.000000000000000000e+00 5.000000000000000000e+00 1.000000000000000000e+00 -1.202347531433010488e+02 1.500499999999998693e+02 2.825609571456320079e+00 -1.485091216391754843e-01 6.266895951335421877e+00
1.332264015547657054e+00 1.749055007684302554e+00 4.385972003319408508e+00 7.522647901944585769e+00 1.549391310541674338e+00 9.371006592399970803e-01 5.019036494152970818e-01 3.403069208221361830e+00 6.000000000000000000e+00 6.000000000000000000e+00 1.000000000000000000e+00 -1.135504979254440059e+02 1.423200000000038585e+02 2.200693420934064087e-02 -1.177165778354007264e+00 3.110543333304563451e-01
9.459611526729099218e-01 1.452883436918723126e+00 5.182653352055134555e+00 8.620409240655684258e+00 1.531928564465905751e+00 1.032036323993607008e+00 4.833622790757918231e-01 3.338890117647114408e+00 4.000000000000000000e+00 4.000000000000000000e+00 1.000000000000000000e+00 -4.241487303964218825e+01 8.432000000000198270e+01 1.592956497757475054e-02 -9.967685835231228086e-01 6.278740422235992824e+00
1.330328522924334678e+00 1.711037485023223059e+00 5.823014470086658179e+00 8.781234223430569585e+00 2.096134313511162084e+00 1.141063281441577093e+00 5.721122126365730809e-01 2.942744576834193992e+00 4.000000000000000000e+00 2.000000000000000000e+00 1.000000000000000000e+00 -2.384947259375309386e+03 4.539999999999991154e+00 2.391732871095683066e+01 -3.085427536174765173e+00 1.907327882678572506e-01
1.279226254053455358e+00 1.614352650440724402e+00 3.993198919993133700e+00 8.306673702087463695e+00 2.035579588608005253e+00 7.751362746523176028e-01 5.353065101111498247e-01 3.176553106416723171e+00 6.000000000000000000e+00 5.000000000000000000e+00 1.000000000000000000e+00 -1.252544806536838706e+02 1.215499999999952365e+02 1.702215408920899897e-02 -1.150198867371149403e+00 2.396989324407592659e-01
7.188605959907820031e-01 1.461729162045946495e+00 5.357065916524494931e+00 8.467981397442796876e+00 1.762547196533539529e+00 1.012443963170402750e+00 5.539196872380633963e-01 3.001695177769774237e+00 5.000000000000000000e+00 5.000000000000000000e+00 1.000000000000000000e+00 -2.050168131247136500e+02 1.365999999999968111e+02 2.336517868361235456e-02 -1.007220627654793255e+00 8.512733420069831108e-03
1.070350757645803119e+00 1.759686544157747834e+00 4.872863307249460263e+00 7.985914780652129785e+00 1.453011971646606115e+00 7.765119301793845796e-01 5.028493322604605797e-01 3.192076494642324125e+00 6.000000000000000000e+00 5.000000000000000000e+00 1.000000000000000000e+00 -1.693398245719943702e+02 9.909999999999651266e+01 1.857354191962394541e-02 -1.041433564344091511e+00 6.446230531595457947e-02
1.079626331578788845e+00 1.586713752826488744e+00 4.858975304699808540e+00 7.824013122561203737e+00 1.686687862201481147e+00 1.123241207386422635e+00 5.198988157301748236e-01 3.092144150269056535e+00 5.000000000000000000e+00 4.000000000000000000e+00 1.000000000000000000e+00 -2.146118191746904813e+03 4.595999999999919794e+01 7.696136984181572771e+00 -1.686720260249819914e+00 2.235185094321766597e-01
8.728542543845438928e-01 1.379143512187908316e+00 5.161355439914554033e+00 8.198126276127897682e+00 1.700138743993086177e+00 1.117171782504179367e+00 4.361639050962326514e-01 3.121114693558640685e+00 4.000000000000000000e+00 5.000000000000000000e+00 1.000000000000000000e+00 -7.727424795459803875e+01 1.500499999999998693e+02 1.405779971623813407e-01 -9.121097834082673161e-01 6.278370235990617942e+00
1.018875244003690783e+00 1.495044834017429602e+00 4.663128835861717114e+00 7.875713147234697509e+00 1.476422367561086579e+00 1.141515972304234072e+00 4.489326002318618225e-01 3.073540161049896469e+00 4.000000000000000000e+00 4.000000000000000000e+00 1.000000000000000000e+00 -3.920284160466210466e+01 7.792000000000098225e+01 1.517760029135065657e-02 -9.987625365335971450e-01 6.278621955056986614e+00
8.132681783983083390e-01 1.426643820853700673e+00 4.821509668857807185e+00 7.150497427942976714e+00 1.559282932579602710e+00 1.072978244608320031e+00 4.091449141366946263e-01 3.062621433851555164e+00 5.000000000000000000e+00 5.000000000000000000e+00 1.000000000000000000e+00 -1.923728089785561508e+02 1.062999999999961034e+02 2.420145427412730144e-02 -1.024037985331314848e+00 6.282237907924695719e+00
1.095755759570778309e+00 1.419494311682118592e+00 5.759930605556162320e+00 8.488653543201811758e+00 1.698246843341101542e+00 1.030037643037871042e+00 5.532757608611200695e-01 2.934826745636597511e+00 4.000000000000000000e+00 5.000000000000000000e+00 1.000000000000000000e+00 -6.985948888908970389e+01 1.390999999999973795e+02 1.934305556818803618e-02 -9.934232789311059353e-01 6.275076385650597111e+00
1.197297739403623718e+00 1.570306726075404224e+00 5.383348271084758885e+00 7.906098294802242243e+00 1.747942271559205896e+00 1.108660914053650748e+00 4.966543822132591379e-01 3.069985682719186038e+00 6.000000000000000000e+00 5.000000000000000000e+00 1.000000000000000000e+00 -1.485870815772347271e+02 1.290999999999951058e+02 2.310968600152876751e-02 -1.107503666217917404e+00 1.837229397950745635e-01
1.149332007965091274e+00 1.719202544254706533e+00 4.654193869968882069e+00 8.807767114655934648e+00 1.657518977569890195e+00 9.869694465002907258e-01 4.778821514574817519e-01 3.027224172894823262e+00 5.000000000000000000e+00 7.000000000000000000e+00 1.000000000000000000e+00 -1.272745949018899125e+02 2.100699999999860097e+02 1.389974681368556286e+00 -3.011562611436425230e-01 5.532977238257880126e-02
1.099668163238138874e+00 1.384508496532055766e+00 5.056797158098646605e+00 7.442464496621709280e+00 1.774168151118119097e+00 1.166484275962234696e+00 4.472011894480935612e-01 3.164480974543265379e+00 5.000000000000000000e+00 5.000000000000000000e+00 1.000000000000000000e+00 -2.034745388025139619e+02 1.287499999999950262e+02 1.565214091069343921e-02 -1.047236260431598343e+00 2.345975540118949709e-03
9.854704920629916431e-01 1.423156582251025482e+00 4.498820169161965588e+00 8.408573663441885060e+00 2.024395414988695574e+00 1.125938283037744680e+00 4.989994576293064199e-01 3.308517884929335295e+00 7.000000000000000000e+00 4.000000000000000000e+00 1.000000000000000000e+00 -2.144095739567834698e+03 4.003999999999932413e+01 7.754733722989678668e+00 -3.000390935077936749e+00 3.999193873360782914e-01
1.086130857979953124e+00 1.520710888142005501e+00 4.672682837402423850e+00 8.483430822209712119e+00 1.621602463382603165e+00 1.032034614891170987e+00 4.745927068443981933e-01 3.055960302763987446e+00 5.000000000000000000e+00 4.000000000000000000e+00 1.000000000000000000e+00 -1.618937889164849366e+02 1.200400000000075664e+02 6.367111807280071645e+00 -7.976062432404198510e-04 6.283150249110286190e+00
9.021164256626336142e-01 1.628632694459100749e+00 5.445292348797696746e+00 7.968341346194052655e+00 1.580399763768647770e+00 9.444578709917990089e-01 5.013427082569603677e-01 3.231119157813382881e+00 3.000000000000000000e+00 5.000000000000000000e+00 1.000000000000000000e+00 -1.274758627977169567e+02 1.500499999999998693e+02 3.278178924857313881e+00 -4.168656345092030396e-02 6.267305119361444632e+00
1.076282820741177648e+00 1.581587076444403550e+00 6.039322331934680044e+00 7.782822258746591615e+00 1.737168330709370601e+00 1.018148828654389160e+00 4.086918903633690592e-01 2.875980706938435993e+00 4.000000000000000000e+00 4.000000000000000000e+00 1.000000000000000000e+00 -1.806913527603820455e+02 8.464000000000203272e+01 1.709232603623535990e-02 -1.000125351248199124e+00 6.280690908980778531e+00
1.064988227341598925e+00 1.558314711650981010e+00 4.832473127302004734e+00 7.975230990335671954e+00 1.704437688233378045e+00 1.107563817716440857e+00 5.313319250453710785e-01 2.881542964241025739e+00 3.000000000000000000e+00 3.000000000000000000e+00 1.000000000000000000e+00 -1.697405421665361871e+02 6.312000000000163169e+01 1.584991300583643570e-02 -1.000011966329565238e+00 6.280156340422293759e+00
1.040626188556960763e+00 2.005170433954036824e+00 6.370917530794591777e+00 8.123629635594564746e+00 1.798043317794860929e+00 1.117945819526665829e+00 4.678422854567979572e-01 3.059349593157108860e+00 4.000000000000000000e+00 5.000000000000000000e+00 1.000000000000000000e+00 -9.595599624119653015e+01 1.500499999999998693e+02 1.308187265074786998e+00 -3.016404439490434353e-01 6.283002151684280001e+00
1.230304002343928449e+00 1.650284163931752923e+00 5.694191340925367051e+00 7.950708560129666758e+00 1.665852209841431897e+00 1.036912363403133641e+00 4.399219058935686655e-01 3.001399379987700566e+00 4.000000000000000000e+00 5.000000000000000000e+00 1.000000000000000000e+00 -6.427994387652705655e+01 1.279499999999948727e+02 1.905899228310161536e-02 -9.958171819931080915e-01 6.277632456255060056e+00
9.695063868731458312e-01 1.643209181704706312e+00 5.109881992523350291e+00 8.614252543003992457e+00 1.539238944490954886e+00 6.221840080958648267e-01 4.823989463672636036e-01 2.864880921868918406e+00 4.000000000000000000e+00 8.000000000000000000e+00 1.000000000000000000e+00 -3.965458134221087221e+02 2.400800000000151329e+02 1.728161333888132134e+01 1.463883158238047932e-01 1.499632402969541508e-03
1.180113509518649240e+00 1.424576007003959699e+00 5.595947080180962097e+00 7.513520719728889574e+00 1.729896791667447919e+00 7.953733961223093951e-01 5.175215141466213975e-01 2.911129222436633412e+00 4.000000000000000000e+00 6.000000000000000000e+00 1.000000000000000000e+00 -1.329505422584836936e+02 1.800600000000052887e+02 2.682533891155066019e+00 -9.646726564079528832e-02 2.435396155801374234e-03
8.021021484407446778e-01 1.363669174024946917e+00 5.509226563344239658e+00 8.684112531331908968e+00 1.672712537647264242e+00 9.614450271527675840e-01 5.491497300363549217e-01 3.295973205949875418e+00 4.000000000000000000e+00 4.000000000000000000e+00 1.000000000000000000e+00 -6.930165607464252275e+01 1.200400000000075664e+02 5.801035046649213323e-01 -6.106411226554822047e-01 6.282553317500043200e+00
1.060862415758548227e+00 1.591221194388946270e+00 5.367449862398234295e+00 9.152894262501154898e+00 1.969465776209136765e+00 5.318298582659493068e-01 5.070430740491634891e-01 2.976209907251471165e+00 4.000000000000000000e+00 5.000000000000000000e+00 1.000000000000000000e+00 -1.089839976432862443e+02 1.500499999999998693e+02 2.122437352705394797e+00 -1.449707582481777890e-01 5.356262394879862838e-04
1.125186062445594715e+00 1.377077825261294963e+00 5.363610031465606554e+00 9.272688302265171600e+00 2.201332252108768817e+00 8.190096785603317997e-01 5.361449831353488626e-01 2.966353550798259686e+00 5.000000000000000000e+00 6.000000000000000000e+00 1.000000000000000000e+00 -3.618494368105351668e+02 1.800600000000052887e+02 1.698871480065828266e+01 -2.602656318423490333e-03 2.571756738324779441e-05
1.134397632623103336e+00 1.815706967039141917e+00 5.046255031734610874e+00 8.641831571538249435e+00 1.729756579304468245e+00 9.567462751276147870e-01 4.814866362872822769e-01 3.398409837251895826e+00 4.000000000000000000e+00 3.000000000000000000e+00 1.000000000000000000e+00 -2.129750074386724464e+03 2.205000000000007887e+01 7.420317149170278626e+00 -3.207893619786648998e+00 2.078221785363351948e-01
9.282853661223140485e-01 1.549743017519611188e+00 5.310052104005255735e+00 8.069984071846119988e+00 1.867760969579915109e+00 9.403239104505137780e-01 5.583388159622698632e-01 3.292592037963185891e+00 5.000000000000000000e+00 6.000000000000000000e+00 1.000000000000000000e+00 -1.398808813368263486e+02 1.800600000000052887e+02 3.115680083551482404e+00 7.697309690988226975e-03 6.091670828350745782e-05
1.136516419312748161e+00 1.353662203078886961e+00 4.973364244849983073e+00 7.711295922264536529e+00 1.610833146363320978e+00 9.865790239504844683e-01 4.468902489549541612e-01 3.120499374352422084e+00 3.000000000000000000e+00 6.000000000000000000e+00 1.000000000000000000e+00 -1.439712759327351534e+02 1.800600000000052887e+02 3.371329745795782262e+00 4.076115990592962257e-01 6.032991017910623199e+00
1.148228124299799369e+00 1.354769462887170928e+00 5.178061223974872007e+00 8.264581631172823961e+00 1.495162222135137498e+00 1.002245553116761334e+00 4.784777745168035112e-01 3.048190513716918737e+00 4.000000000000000000e+00 3.000000000000000000e+00 1.000000000000000000e+00 -2.523274211069601236e+01 4.971000000000112351e+01 2.360888191846566980e-02 -9.956438248975152394e-01 6.281106238039520839e+00
