4.787374951419047786e-01 1.414177566366789929e+00 8.197496466332157894e+00 6.099786102744163330e+00 2.226999166393107465e+00 9.937772763201822013e-01 5.675208517463155022e-01 3.888198728728679665e+00 3.000000000000000000e+00 1.800000000000000000e+01 2.000000000000000000e+00 -7.325080513347220403e+02 5.401800000000090449e+02 2.890112820841984842e+01 1.729513909314196463e-01 2.206490362426817217e-02
2.248216407611069556e+00 1.910046989472026668e+00 4.313665806443872874e+00 7.764443610524430994e+00 2.673087225109223475e+00 1.863006943843108054e+00 5.118264263767177136e-01 2.668326373084331848e+00 6.000000000000000000e+00 9.000000000000000000e+00 2.000000000000000000e+00 -1.767898635320453309e+02 2.700900000000045225e+02 2.609053970752691853e+00 -9.523238929362880245e-02 6.093210326469831628e+00
7.749870220806046595e-01 1.505425051262560432e+00 3.435169972027239282e+00 4.064412169467172653e+00 1.750778796441032847e+00 2.008651774683642421e-01 4.276093111026609828e-01 4.078898258370907470e+00 7.000000000000000000e+00 1.200000000000000000e+01 2.000000000000000000e+00 -4.529462722253306879e+02 3.601200000000105774e+02 1.705539201408283745e+01 2.479463991936168288e-01 1.120895583504339689e-02
5.935446901388575780e-01 1.332411778835342897e+00 4.498200699552707071e+00 5.839847134531074957e+00 1.758149511403614085e+00 1.898581039012383065e-01 4.809905638104344794e-01 3.749787827670830964e+00 7.000000000000000000e+00 1.300000000000000000e+01 2.000000000000000000e+00 -4.689276666496084545e+02 3.901299999999891384e+02 1.711641666560086605e+01 -2.610273800182503767e-01 2.099753758370150047e-02
1.360352759620539809e+00 1.961138927725301739e+00 6.979660682258227666e+00 5.107474009540517557e+00 1.988397298313786310e+00 7.697113348471581462e-01 4.289988727541428348e-01 3.816868295550387646e+00 1.000000000000000000e+00 1.900000000000000000e+01 2.000000000000000000e+00 -6.764356236547649814e+02 5.701900000000110822e+02 2.445878897842246502e+01 -5.209893519252288552e-02 6.259608558458447547e+00
1.367493498857771383e+00 1.138157750393498313e+00 6.822377496565168009e+00 9.473081259184995773e+00 2.387952529241138322e+00 9.477957333302233778e-01 3.447514136724616485e-01 3.243142917311574447e+00 6.000000000000000000e+00 1.000000000000000000e+01 2.000000000000000000e+00 -4.223047011645247721e+02 3.000999999999997385e+02 1.701591882278280465e+01 -3.842716027671665840e-02 9.258192536827299784e-03
1.135067183472124874e+00 6.961376649954527096e-01 4.718490378047492051e+00 8.307217141512341030e+00 1.848741061426003141e+00 1.021505836952500967e+00 4.367607659157021760e-01 2.963226780362861579e+00 3.000000000000000000e+00 9.000000000000000000e+00 2.000000000000000000e+00 -4.146935961283855931e+02 2.700900000000045225e+02 1.747803725802396002e+01 -7.260072476761317284e-02 2.961694263808069549e-01
2.122233158436158007e+00 1.547587813083850961e+00 6.255124213382503129e+00 8.221845145653286835e+00 2.534858184451283414e+00 6.607350072495060678e-01 3.569619579204287851e-01 3.543677381748176369e+00 3.000000000000000000e+00 1.400000000000000000e+01 2.000000000000000000e+00 -5.227632381257758425e+02 4.201399999999720194e+02 1.954332738286186100e+01 -2.201040199446468171e-01 4.267415830022702750e-02
7.284708157102023351e-01 5.445207496397233005e-01 8.587468163491212891e+00 9.318590169432862780e+00 2.303105226173174369e+00 5.355410330224025239e-01 2.755173072690762504e-01 3.431136367204515203e+00 7.000000000000000000e+00 1.400000000000000000e+01 2.000000000000000000e+00 -6.282151184813033069e+02 4.201399999999720194e+02 2.613406990508233108e+01 -2.694651622226895281e-04 2.910845345422706178e-07
9.922987429387335467e-01 2.216492682245892798e+00 6.990037938607565948e+00 6.475688115295863412e+00 1.498564771767798787e+00 9.177652723140320434e-01 4.781862376945661408e-01 3.242783488250748469e+00 4.000000000000000000e+00 1.300000000000000000e+01 1.000000000000000000e+00 -4.824768753445478069e+02 3.901299999999891384e+02 1.796324220903457558e+01 5.772415467054248933e-02 6.185396647261401704e+00
1.529142343440673901e+00 1.678674475103763664e+00 3.344083475443034636e+00 5.365402755232851817e+00 1.984153879939388521e+00 1.088282433939629312e+00 4.375088397373776972e-01 3.357094638001643538e+00 8.000000000000000000e+00 9.000000000000000000e+00 2.000000000000000000e+00 -1.750770091714392152e+02 2.700900000000045225e+02 2.502000573214810508e+00 -7.341045583566590052e-03 2.219435206522900794e-04
6.118615336604189547e-01 1.000352289085602697e+00 7.240353650591564438e+00 8.764427763503832125e+00 1.932496497698342086e+00 7.215764391880483686e-01 4.722668208232697618e-01 2.848815243436506162e+00 6.000000000000000000e+00 9.000000000000000000e+00 2.000000000000000000e+00 -5.447810187137412186e+02 2.700900000000045225e+02 2.560850116960868661e+01 -9.556008401731723792e-03 1.310047900922291057e-02
2.427449117972205972e+00 1.631980885292573680e+00 4.764596575639557408e+00 7.372648741620387192e+00 2.823491594867498566e+00 1.711707937167975535e+00 5.108390807270560829e-01 2.928599250610491644e+00 5.000000000000000000e+00 9.000000000000000000e+00 2.000000000000000000e+00 -4.049933405854620787e+02 2.700900000000045225e+02 1.687177128659123682e+01 3.619071498761775585e-01 1.170998754183531498e-01
9.539982631427582627e-01 2.025322849935225822e+00 4.478132463265144914e+00 4.663963204385416894e+00 2.076221822128971439e+00 3.874928926347098734e-01 5.275522409826249870e-01 3.464850768894838229e+00 6.000000000000000000e+00 1.200000000000000000e+01 2.000000000000000000e+00 -4.567935823435103657e+02 3.601200000000105774e+02 1.729584889646906731e+01 -2.221091278023312743e-01 6.273219250859743745e+00
6.308860956776229933e-01 1.612544356144659741e+00 5.429256733476510277e+00 7.361314186758697531e+00 1.482781530420205218e+00 4.227021753258061176e-01 5.387260752226872285e-01 2.980825875900118938e+00 5.000000000000000000e+00 6.000000000000000000e+00 1.000000000000000000e+00 -1.347735488685727034e+02 1.800600000000052887e+02 2.796471804285629137e+00 -1.117592294498534616e-01 2.491803355026028441e-03
4.380645115609208551e-01 1.465493891067425558e+00 6.499504673966150392e+00 8.387038502838860765e+00 9.789854869758108924e-01 1.104037008860097036e+00 5.558098755092616416e-01 2.432278082132007579e+00 4.000000000000000000e+00 5.000000000000000000e+00 1.000000000000000000e+00 -5.727635788765267932e+01 1.140499999999956628e+02 1.570986797842802152e-02 -9.975997196035402137e-01 6.273660781434957201e+00
1.375769947671424021e+00 2.005324634278483398e+00 4.050122878902856272e+00 3.959263019361301872e+00 1.930400706798810928e+00 3.349434180719144671e-01 6.073590880276523718e-01 3.308860792854902755e+00 5.000000000000000000e+00 1.100000000000000000e+01 2.000000000000000000e+00 -4.451278998117792867e+02 3.301100000000244563e+02 1.750455623823544116e+01 1.075081083432526396e-01 6.281187513804071365e+00
1.633241488811399300e+00 2.006599701388915413e+00 1.886565958413036759e+00 5.901462779619206067e+00 2.124342145628159706e+00 1.175290577566597161e+00 5.086498542990663951e-01 3.496392847799165704e+00 5.000000000000000000e+00 6.000000000000000000e+00 2.000000000000000000e+00 -2.265139830452278602e+03 3.341999999999975302e+01 1.552686440326742634e+01 -3.518835332117457693e+00 5.622019239878540020e+00
2.018202161418196194e+00 1.909344117454963463e+00 2.859012897239756157e+00 6.421063189377513858e+00 2.407197082668605770e+00 1.245057214096639164e+00 5.503398781291282127e-01 2.910276393166513209e+00 5.000000000000000000e+00 9.000000000000000000e+00 2.000000000000000000e+00 -1.743568302136925467e+02 2.700900000000045225e+02 2.456989388355643733e+00 -1.633268550575970451e-02 1.765138472452014873e-03
6.327302193414285902e-01 1.517701441172974341e+00 3.779231319743417306e+00 5.887728211011577173e+00 1.897924828793697394e+00 9.160314954646731067e-02 4.743163183640378699e-01 3.789213611012826721e+00 6.000000000000000000e+00 1.200000000000000000e+01 2.000000000000000000e+00 -4.726999276254163647e+02 3.601200000000105774e+02 1.828999547658819225e+01 -1.440004802904937486e+00 2.092551848029361797e-02
1.219137473156919116e+00 1.528191671670624086e+00 4.120397509395260727e+00 6.262807470009954969e+00 1.967429817005867498e+00 8.174438680186923989e-01 5.519887083605845568e-01 3.567732185183408511e+00 5.000000000000000000e+00 9.000000000000000000e+00 2.000000000000000000e+00 -1.988111153519863024e+02 2.700900000000045225e+02 3.985382209499001682e+00 -4.436571324256532306e-02 6.239567771789203299e+00
8.740125498393819248e-01 1.456271897604650700e+00 4.714805915107264767e+00 5.635828690157570264e+00 1.519413292951700134e+00 3.407260909284297590e-01 4.767532112748743001e-01 3.733105335117864243e+00 5.000000000000000000e+00 1.100000000000000000e+01 2.000000000000000000e+00 -4.308085437636810866e+02 3.301100000000244563e+02 1.660959648522930365e+01 -8.006625537388288583e-02 4.686993530427230326e-04
2.143532060188217958e+00 1.961626211876746684e+00 4.272485434739145660e+00 7.039554779849620303e+00 2.568393265404751880e+00 1.649238772272728415e+00 5.353890845031835655e-01 2.753635724248920891e+00 7.000000000000000000e+00 1.000000000000000000e+01 2.000000000000000000e+00 -1.964977919807905096e+02 3.000999999999997385e+02 2.902986998799415019e+00 -2.426802849588952440e-02 6.264036497887279786e+00
2.752329573212723979e+00 1.952064320398021469e+00 3.884725199204078105e+00 8.733305027534143505e+00 2.071586660347544573e+00 1.314957707709695001e+00 3.027756897683196446e-01 2.891215969160750632e+00 4.000000000000000000e+00 1.000000000000000000e+01 2.000000000000000000e+00 -1.895785369565332132e+02 3.000999999999997385e+02 2.470533559783334443e+00 -6.707808158174864699e-02 6.278036182403255339e+00
6.147561816500972665e-01 2.071225755399550561e+00 2.775773440718124707e+00 4.115478076304809107e+00 1.416199157682947796e+00 2.903363587617156516e-01 5.461424172348301465e-01 3.463535929465856977e+00 4.000000000000000000e+00 9.000000000000000000e+00 2.000000000000000000e+00 -4.016027987997002811e+02 2.700900000000045225e+02 1.665986242498112802e+01 3.129867165242481430e-01 4.424878758877877349e-03
1.975013411414963338e+00 1.607441781359531197e+00 6.253405831582445451e+00 7.634786151771212559e+00 2.847304981023231374e+00 9.477505704916900919e-01 4.624517560408028527e-01 3.310230485871517470e+00 6.000000000000000000e+00 1.300000000000000000e+01 2.000000000000000000e+00 -4.835200926427554577e+02 3.901299999999891384e+02 1.802844329017255731e+01 -3.091428084574205370e-01 6.243189080104334820e+00
8.722861587122822113e-01 2.026463385813224605e+00 2.258963189647012371e+00 2.720055828383136642e+00 1.211887681904947334e+00 1.556069834486539516e-01 5.496150203300120829e-01 4.106533584040038320e+00 5.000000000000000000e+00 8.000000000000000000e+00 2.000000000000000000e+00 -1.483642844214770946e+02 2.400800000000151329e+02 1.770267776341844845e+00 8.180386484425496152e-02 3.387410237994118323e-03
1.473625130345193046e+00 1.793527635831930533e+00 4.209375761127589044e+00 4.457717631321468588e+00 1.841992299726287197e+00 5.911949915673513356e-01 5.647272803502207950e-01 3.503446998941582180e+00 6.000000000000000000e+00 1.400000000000000000e+01 2.000000000000000000e+00 -4.841046648730792867e+02 4.201399999999720194e+02 1.712716655456832981e+01 -9.035891676477181278e-02 4.993146279330470255e-02
3.798093632680731302e-01 2.073012721156315408e+00 4.774131043327999535e+00 6.575153904207262201e+00 1.267173190979178798e+00 7.705027923172363957e-01 5.728024231892698825e-01 3.110885356781698974e+00 4.000000000000000000e+00 8.000000000000000000e+00 1.000000000000000000e+00 -3.870359222224613518e+02 2.400800000000151329e+02 1.668724513890336070e+01 3.114946662648250889e-02 7.243493290982032373e-02
6.184134795360636261e-01 1.336578453781568587e+00 6.060340927942885259e+00 6.550721396424682652e+00 2.092374744544860832e+00 4.657091244395494822e-01 4.528434731229805110e-01 4.290265536277450664e+00 5.000000000000000000e+00 1.400000000000000000e+01 2.000000000000000000e+00 -5.135901962898981310e+02 4.201399999999720194e+02 1.897001226811950758e+01 1.487492197519208748e-01 6.270945162151198460e+00
1.057538657253659364e+00 1.728479986145005975e+00 3.902366167394913266e+00 5.461365078271861684e+00 1.706630724293640489e+00 4.567367996173399280e-01 5.093591959098233701e-01 3.597900262795780790e+00 4.000000000000000000e+00 1.000000000000000000e+01 2.000000000000000000e+00 -4.357383000992447251e+02 3.000999999999997385e+02 1.785551875620280526e+01 1.183077325784918504e-01 6.282313858310139665e+00
1.843237581983457440e+00 1.901454330399219073e+00 1.423126829630893431e+00 5.931870070502871073e+00 1.955585665331923240e+00 1.071986850383257028e+00 4.977318202690366178e-01 3.241174647733694236e+00 5.000000000000000000e+00 7.000000000000000000e+00 2.000000000000000000e+00 -1.903147954495762804e+02 1.055599999999961938e+02 2.070318942585481700e-02 -9.489209695737531591e-01 6.277730260349223101e+00
7.731787710628503785e-01 2.059265363937793136e+00 5.135616979617118716e+00 6.035966931169019389e+00 1.903548139446211263e+00 1.062297588453084085e+00 5.403429156862811222e-01 2.888236221710657414e+00 5.000000000000000000e+00 1.300000000000000000e+01 2.000000000000000000e+00 -4.879442654084940614e+02 3.901299999999891384e+02 1.830495408803121649e+01 -3.096313895051872600e-01 6.194536681186606941e+00
1.682857530726775463e+00 1.335787163352810669e+00 3.179523510829540545e+00 6.910130032252427945e+00 2.099388629070492840e+00 1.591324488961183947e+00 5.531611560463848276e-01 3.348598742022405261e+00 4.000000000000000000e+00 8.000000000000000000e+00 2.000000000000000000e+00 -1.666751264384408557e+02 2.400800000000151329e+02 2.914695402402080582e+00 1.095436874000784017e-01 1.529137654736174579e-01
1.762973599617691400e+00 1.433889040858404851e+00 3.859027307278817709e+00 7.605370088604478163e+00 2.068143592699265287e+00 1.648842109810846335e+00 5.120850938701051458e-01 3.340769866185466785e+00 4.000000000000000000e+00 8.000000000000000000e+00 2.000000000000000000e+00 -8.376808507825531933e+02 1.082399999999980480e+02 -3.012679893834449563e-02 -8.930193701722474842e+00 3.667086087597895450e+00
1.906050479811604470e+00 1.077790854453607672e+00 3.439634031283876237e+00 9.223401277620405736e+00 2.599627412643007229e+00 1.170902129037825201e+00 4.332545063985551725e-01 3.266395486172569473e+00 4.000000000000000000e+00 8.000000000000000000e+00 2.000000000000000000e+00 -2.688716244782556828e+02 2.400800000000151329e+02 9.301976529890506384e+00 -9.141514266575971881e-01 6.237435643928401774e+00
6.758359223828942497e-01 1.426640918722677842e+00 4.119651884374821549e+00 5.269509351176656864e+00 2.247143759400636043e+00 1.870127290995206026e-01 4.802907938798177678e-01 4.007474228423611784e+00 6.000000000000000000e+00 1.300000000000000000e+01 2.000000000000000000e+00 -4.742807910950324413e+02 3.901299999999891384e+02 1.745098694343986523e+01 -8.319253913782727050e-01 3.418963026508734654e-02
8.530276039348763106e-01 2.207661957483830761e+00 1.175537351629005745e+00 3.234357146428321172e+00 1.115701751554424748e+00 6.962279980683419578e-02 6.945107276697376486e-01 3.711566507818972127e+00 4.000000000000000000e+00 8.000000000000000000e+00 2.000000000000000000e+00 -2.224951101012488266e+02 2.400800000000151329e+02 6.403444381327579649e+00 5.067601795917535575e-03 1.501629731253583278e-03
9.584677690179803644e-01 1.469281388163420132e+00 2.952006651062651255e+00 2.948356848240806460e+00 1.106957876804094631e+00 2.289359543368822691e-02 4.641068589025918456e-01 4.234046059062142930e+00 7.000000000000000000e+00 1.200000000000000000e+01 2.000000000000000000e+00 -2.786929773691904302e+02 3.601200000000105774e+02 6.164561085574072230e+00 -3.391504472071573545e-02 7.267340659062633415e-04
2.974435541606284872e+00 1.848336000594601014e+00 2.351006320382570181e+00 8.321641341712304296e+00 2.918758920309302507e+00 1.928618234730691050e+00 4.208663788064768707e-01 3.332609867265256653e+00 5.000000000000000000e+00 5.000000000000000000e+00 2.000000000000000000e+00 -1.764510350846688880e+02 7.729999999999775184e+01 2.292692852084073779e-02 -9.625668832205952485e-01 4.949131879338689380e-03
7.628665843979605121e-01 2.446295084236389084e+00 4.266729614948855165e+00 2.849093310742117247e+00 1.518956624904098884e+00 6.771035480444781429e-01 6.463215318393910058e-01 4.097701243131330884e+00 3.000000000000000000e+00 1.200000000000000000e+01 2.000000000000000000e+00 -4.688787316204508784e+02 3.601200000000105774e+02 1.805117072627784935e+01 -1.330179933451398899e-01 7.075681101188720928e-03
8.555150453161186608e-01 3.684553480894738886e-01 8.255397785002051236e+00 8.551161305963621118e+00 2.691458140000818400e+00 4.588758717948526744e-01 3.299983587727063905e-01 3.810472351087191178e+00 7.000000000000000000e+00 1.600000000000000000e+01 3.000000000000000000e+00 -2.312015557358435672e+03 3.748800000000138084e+02 7.785972334901800629e+00 -1.556321498610903475e+01 5.234892476732166955e+00
1.507177521815447896e-01 1.680674016006654448e+00 5.779506465776323765e+00 9.859235075711984209e+00 1.025815062043030634e+00 8.403666669513670806e-01 6.492059080536578541e-01 2.470581853982229958e+00 4.000000000000000000e+00 4.000000000000000000e+00 1.000000000000000000e+00 -1.917973769739915042e+02 1.062000000000054030e+02 1.736428826514439111e-02 -1.001467318264155359e+00 6.281660146504455255e+00
6.643743489114243284e-01 2.467328237043684425e+00 1.187901192737649270e+00 3.219746489757928209e+00 1.297561680236313020e+00 3.296917715294875317e-03 5.851890059860391791e-01 3.782562672805587223e+00 4.000000000000000000e+00 8.000000000000000000e+00 2.000000000000000000e+00 -4.509007115924937352e+02 2.400800000000151329e+02 2.067879447453038466e+01 -1.836401262176988181e-01 6.276092979052609877e+00
8.300885288314279187e-01 1.602234048285154255e+00 2.691872526573837021e+00 3.077060661087950955e+00 1.428751444701568563e+00 1.933808016944889019e-01 4.048404182194651479e-01 4.212373018730986018e+00 7.000000000000000000e+00 1.200000000000000000e+01 2.000000000000000000e+00 -2.227013332320926509e+02 3.601200000000105774e+02 2.665083327005459690e+00 -1.697180958518781146e+00 6.275843689640186795e+00
3.127353670706557454e-01 1.311662214672157045e+00 4.125253728454883806e+00 6.467816166300774938e+00 1.169330783410607033e+00 6.725077251874687079e-01 6.208561655798542356e-01 3.727060979696187992e+00 2.000000000000000000e+00 1.100000000000000000e+01 2.000000000000000000e+00 -4.039421214004942158e+02 3.301100000000244563e+02 1.493044508753012245e+01 -7.282485721999526485e-02 5.672259214135655196e-03
2.909815476131974332e+00 1.605061098760838023e+00 2.547150412643762074e+00 9.087892868126957069e+00 2.979033816084267094e+00 2.098107934773023153e+00 5.359137095257587857e-01 3.029488782553956483e+00 5.000000000000000000e+00 5.000000000000000000e+00 2.000000000000000000e+00 -1.841990775448263946e+02 9.179999999999692761e+01 1.904523628873175042e-02 -9.551909787063814772e-01 6.279624668168149348e+00
2.825779785250546183e+00 1.542821634000315356e+00 2.657852047155362385e+00 8.747029969458301579e+00 2.852576887285038332e+00 2.107128165078845150e+00 4.861021729770510502e-01 3.044054198036147518e+00 5.000000000000000000e+00 5.000000000000000000e+00 2.000000000000000000e+00 -6.268733487830633777e+01 9.004999999999702709e+01 1.841577028830228974e-02 -9.568035831883260345e-01 4.786652073348792724e-01
