1.023872383400185493e+00 1.477350971618184960e+00 5.138827924330231056e+00 8.749537767488412499e+00 1.348530708122546162e+00 1.261065884003016002e+00 5.142519071527784646e-01 3.096664737709423854e+00 4.000000000000000000e+00 8.000000000000000000e+00 2.000000000000000000e+00 -1.685809416391563502e+02 2.400800000000151329e+02 3.033808852446798543e+00 -1.214240581172932459e-02 6.310974413184325393e-02
1.093883064114725912e+00 1.213472248872143000e+00 5.108426036999452968e+00 8.197342604154382428e+00 1.748516473973082297e+00 8.377982456228537655e-01 5.222909678400748934e-01 3.159014968088331266e+00 7.000000000000000000e+00 7.000000000000000000e+00 1.000000000000000000e+00 -1.549584169671537666e+02 2.100699999999860097e+02 3.120213560447547607e+00 2.697370836949474979e-02 6.278085519920622914e+00
1.147143489639234515e+00 1.386267882157190989e+00 5.269590149263379431e+00 9.459850856768314387e+00 2.085887352148854568e+00 9.592672445923440261e-01 4.280752913580584407e-01 3.097168156085869040e+00 6.000000000000000000e+00 7.000000000000000000e+00 1.000000000000000000e+00 -1.531240586414197082e+02 2.100699999999860097e+02 3.005566165089169850e+00 -5.889373292195809739e-02 2.461584551594986695e-02
1.077098556037402455e+00 1.308392362217503768e+00 5.351609047881193959e+00 8.599930807470421712e+00 2.144812438192966297e+00 9.462206142494652417e-01 5.360108985494618228e-01 2.914917705724693775e+00 6.000000000000000000e+00 6.000000000000000000e+00 1.000000000000000000e+00 -2.137856471222034429e+02 1.800600000000052887e+02 7.734727945137550797e+00 -2.180482967034834463e+00 7.024116127839048762e-02
1.021807782867487857e+00 1.125626525331664629e+00 5.202689433100323946e+00 9.147639334946497058e+00 1.900098432944909987e+00 1.205370095562545485e+00 4.425892311905935683e-01 3.015514206932441876e+00 5.000000000000000000e+00 8.000000000000000000e+00 1.000000000000000000e+00 -3.830060121439129830e+02 2.400800000000151329e+02 1.643537575899408765e+01 -4.195695983120728001e-01 6.419849390789001894e-03
1.072380645453361758e+00 1.481908052469447457e+00 4.990677768256017721e+00 8.501819811318135578e+00 1.743826220198977150e+00 8.799424586392589065e-01 5.907574915212819855e-01 3.181224505644722367e+00 5.000000000000000000e+00 6.000000000000000000e+00 1.000000000000000000e+00 -1.298545579848887712e+02 1.800600000000052887e+02 2.489034874055382929e+00 -2.280987573438225668e-03 6.255603655330276069e+00
1.200155608411513253e+00 1.627635977379150445e+00 4.659672383786443106e+00 8.212567315609161867e+00 2.012111761623127659e+00 1.011233296334636655e+00 4.581453223417715215e-01 2.720441393380819584e+00 5.000000000000000000e+00 5.000000000000000000e+00 1.000000000000000000e+00 -1.973308289025165152e+02 1.170499999999954923e+02 2.426766814539755429e-02 -9.988823520311278514e-01 1.567330749590155163e-03
1.238422778693375692e+00 1.597831845729419609e+00 5.564840706596557496e+00 7.997518405209326886e+00 1.898912317530869753e+00 1.079692541096773706e+00 4.613034676450608051e-01 3.086054001713663730e+00 5.000000000000000000e+00 7.000000000000000000e+00 1.000000000000000000e+00 -1.486575379684200300e+02 2.100699999999860097e+02 2.726408623026688627e+00 -8.273181727082967729e-03 6.283078942737314598e+00
1.030625767949261196e+00 1.357157098841765830e+00 5.624011158665934929e+00 8.937100176568323562e+00 2.059104991056436962e+00 1.137535459426927797e+00 4.921069578154989577e-01 2.884806247113453903e+00 5.000000000000000000e+00 7.000000000000000000e+00 1.000000000000000000e+00 -1.654805788173329688e+02 2.100699999999860097e+02 3.777848676083747304e+00 -4.159785290043879757e-01 9.113061705861014161e-04
1.156618782487642383e+00 1.464700810467925551e+00 5.005710248403931750e+00 8.218178755244592182e+00 1.843579258355983130e+00 1.269259935297334607e+00 5.344534338278391639e-01 2.935916063343642968e+00 6.000000000000000000e+00 7.000000000000000000e+00 1.000000000000000000e+00 -1.525771372131871146e+02 2.100699999999860097e+02 2.971383575824631418e+00 8.020289442860073503e-02 6.255863617525281306e+00
1.196344946652992736e+00 1.090205136784694995e+00 5.424969000812353670e+00 8.766989183332974278e+00 1.883213369818655725e+00 9.374310887081371835e-01 4.679037447411513173e-01 3.135200178748689392e+00 5.000000000000000000e+00 7.000000000000000000e+00 1.000000000000000000e+00 -1.483247852226256214e+02 2.100699999999860097e+02 2.705611576414538977e+00 3.508855739376919025e-03 6.282369801398695053e+00
1.112885781402936702e+00 1.419558417628430602e+00 5.667796460884311216e+00 8.007702990725482195e+00 1.414869551707938156e+00 1.253039374286767593e+00 4.426293103480152258e-01 3.008638060732937269e+00 6.000000000000000000e+00 6.000000000000000000e+00 1.000000000000000000e+00 -1.655206137307442305e+02 1.344000000000035584e+02 2.360578541351342902e-02 -1.089425037995651380e+00 1.460973780415735779e-01
1.153530337113612525e+00 1.429261533922304039e+00 5.380595394273196774e+00 9.013683726530167917e+00 1.698248707373895217e+00 1.176977959322023315e+00 4.171795873626494844e-01 3.014571911027465134e+00 5.000000000000000000e+00 5.000000000000000000e+00 1.000000000000000000e+00 -1.950213296521109214e+02 1.133999999999956998e+02 1.564999933372162449e-02 -9.896852614836524342e-01 6.278233654665806185e+00
1.066688990409013549e+00 1.557701998945056232e+00 4.577651475442506168e+00 8.400877661592256018e+00 1.972694497060871521e+00 7.705965477954589415e-01 5.427937014481269973e-01 3.116000714969529461e+00 6.000000000000000000e+00 5.000000000000000000e+00 1.000000000000000000e+00 -1.210430560725814928e+02 1.500499999999998693e+02 2.876128504536346941e+00 2.253702590172113984e-04 5.832610168965778307e-05
1.281551631465534413e+00 1.280886002092860743e+00 5.827728452860615249e+00 8.472582778406067661e+00 1.906760835692107303e+00 1.252829336688178863e+00 5.371875673796902007e-01 2.835596251895099673e+00 5.000000000000000000e+00 6.000000000000000000e+00 1.000000000000000000e+00 -1.282207204245691798e+02 1.800600000000052887e+02 2.386920026535408024e+00 -1.722700463886302491e-01 6.282440632496764543e+00
1.172214137988744520e+00 1.307298580787405351e+00 5.470859130126482839e+00 8.325039532779847207e+00 1.644201755580606994e+00 1.035992286728067535e+00 5.171063451708440839e-01 3.008195060288265665e+00 5.000000000000000000e+00 6.000000000000000000e+00 1.000000000000000000e+00 -8.986341547375245398e+01 1.789800000000052478e+02 2.333846710936447744e-02 -9.791984004301057531e-01 6.264925417930402141e+00
1.122026749335713669e+00 1.509663862252665689e+00 5.031952914370705798e+00 8.360668872093370396e+00 1.672876298761307723e+00 1.317720995077513946e+00 5.155360040032290758e-01 3.115227671376230134e+00 6.000000000000000000e+00 8.000000000000000000e+00 1.000000000000000000e+00 -1.713470815852321039e+02 2.400800000000151329e+02 3.206692599076533590e+00 -2.813702112942906841e-01 1.551138002771293434e-01
1.012534171282272188e+00 1.420124509747285879e+00 5.241980368387282319e+00 8.273539876287742345e+00 1.827032430046314326e+00 1.077214288931240604e+00 4.823126426130786015e-01 2.875528951494301655e+00 5.000000000000000000e+00 6.000000000000000000e+00 1.000000000000000000e+00 -2.275944101258139369e+02 1.790400000000052501e+02 2.327341296891977801e-02 -1.002047626261562963e+00 6.279344578915484476e+00
1.326264300664074858e+00 1.424575815135073587e+00 4.802991698433407564e+00 7.928588028346809757e+00 1.859912131458519191e+00 1.146998525738289310e+00 4.649583392341752330e-01 3.174801712011768640e+00 5.000000000000000000e+00 7.000000000000000000e+00 1.000000000000000000e+00 -1.435788785555793936e+02 2.100699999999860097e+02 2.408992409724148853e+00 -5.727590259874044271e-02 6.264157893042185954e+00
1.242635519101340735e+00 1.461580024060082694e+00 5.197791898126465249e+00 7.982307794050348626e+00 1.519807745893317463e+00 8.633812024213354253e-01 4.005366175844687349e-01 3.018017835446778374e+00 5.000000000000000000e+00 6.000000000000000000e+00 1.000000000000000000e+00 -2.114787496953879895e+02 1.458000000000039904e+02 1.533332342188924169e-02 -9.983918410167397228e-01 6.281104007948394852e+00
7.495743471999183338e-01 1.582236695533157267e+00 6.048756627217350967e+00 8.390093384508993779e+00 1.637751678988447201e+00 1.048322430429128538e+00 5.291300232464279940e-01 2.880711951033648077e+00 5.000000000000000000e+00 6.000000000000000000e+00 1.000000000000000000e+00 -1.265623383281252643e+02 1.800600000000052887e+02 2.283271145507664190e+00 -1.612712642330569879e-01 6.283080670384031841e+00
1.225355640630533260e+00 1.585462951554172939e+00 5.011347621329249158e+00 7.774933278140676585e+00 1.690678038917763581e+00 1.160818871912237649e+00 4.771132695428481063e-01 2.889740723222807617e+00 6.000000000000000000e+00 7.000000000000000000e+00 2.000000000000000000e+00 -1.228068240798151010e+02 2.100699999999860097e+02 1.110739004988880785e+00 -3.767871842980751174e-01 6.529198607194221064e-03
1.086939022338853311e+00 1.455832254974070095e+00 5.187577782631146661e+00 9.024582227406899193e+00 1.594986049735771960e+00 1.204930566611533083e+00 4.395602078021839665e-01 2.891106294233753982e+00 5.000000000000000000e+00 7.000000000000000000e+00 1.000000000000000000e+00 -1.281410342164305121e+02 2.100699999999860097e+02 1.444127138527343313e+00 -2.286330146356376769e-01 6.172501690113315398e+00
1.220313858531130613e+00 1.568001573086143630e+00 5.174352531175276049e+00 7.414947576674875585e+00 1.735927599201897875e+00 8.897550119427757309e-01 4.430965654505751306e-01 2.981077311845299338e+00 5.000000000000000000e+00 6.000000000000000000e+00 1.000000000000000000e+00 -2.255422159266447579e+02 1.747800000000050886e+02 2.130613670273177190e-02 -9.933385011819073629e-01 6.279477141680321672e+00
1.190320512921185125e+00 1.297401337533462096e+00 5.813126795084477827e+00 8.476341944059708311e+00 1.565498834665804750e+00 8.838149633596745769e-01 4.338430239074203554e-01 2.909180109452760732e+00 4.000000000000000000e+00 5.000000000000000000e+00 1.000000000000000000e+00 -5.950715834490707579e+01 1.182999999999954213e+02 2.232239655683538465e-02 -9.943510308860405988e-01 6.277851737793906040e+00
1.349670965992806337e+00 1.515604710052027126e+00 5.755411029865008743e+00 8.086873812874463496e+00 1.761614996876204930e+00 8.522835081574804406e-01 4.847971134136754845e-01 2.848302532593161907e+00 5.000000000000000000e+00 8.000000000000000000e+00 1.000000000000000000e+00 -1.603877513232821741e+02 2.400800000000151329e+02 2.521734457704662979e+00 -1.422019259961338489e-01 6.283080441710293229e+00
1.041129946342172152e+00 1.130060456310916672e+00 5.205348057070838586e+00 8.227666720766062980e+00 1.896172353955148049e+00 1.003623518259532332e+00 5.475253944955481566e-01 2.917377479236351601e+00 6.000000000000000000e+00 6.000000000000000000e+00 1.000000000000000000e+00 -1.000132958125047224e+02 1.800600000000052887e+02 6.239559882813796587e-01 -4.756277165389687922e-01 6.157590627176730003e+00
1.114174225622150072e+00 1.508578889976854409e+00 5.797786167409595848e+00 8.280277822334873861e+00 1.600707953006154316e+00 9.091369229187272749e-01 4.731472053041688719e-01 3.046009335960590203e+00 6.000000000000000000e+00 7.000000000000000000e+00 1.000000000000000000e+00 -1.273419998293849602e+02 2.100699999999860097e+02 1.394187489336997432e+00 -2.913447938179344332e-01 6.270818168746385979e+00
1.358281053221677137e+00 1.400222164753782028e+00 5.605719088037481868e+00 8.128665801620400089e+00 1.749071113584603987e+00 1.192800762039294638e+00 5.343929039070898224e-01 3.012768555708217555e+00 4.000000000000000000e+00 8.000000000000000000e+00 1.000000000000000000e+00 -2.820367773712838471e+02 2.400800000000151329e+02 1.012479858570476665e+01 -1.313177181513642378e+00 1.236611959638680008e-01
1.118685821936717506e+00 1.216286459977277579e+00 5.368109419593582565e+00 7.969830569441658241e+00 1.615673738821881811e+00 1.105354658144032109e+00 4.719947057821457514e-01 2.901821775279616045e+00 4.000000000000000000e+00 7.000000000000000000e+00 1.000000000000000000e+00 -1.516891730383868264e+02 2.100699999999860097e+02 2.915885814899613848e+00 9.328529180819683519e-02 6.215124161104290224e+00
1.241855442739935311e+00 1.563990383173623044e+00 4.903316594765564140e+00 8.488045560603612927e+00 1.583361588466178915e+00 1.097195299475052899e+00 5.264289448588942433e-01 2.968452162662631899e+00 5.000000000000000000e+00 7.000000000000000000e+00 1.000000000000000000e+00 -2.363277093565552320e+02 1.958599999999873944e+02 2.491736418270344353e-02 -1.003485256762508548e+00 3.858102581062689690e-03
9.454935451837199745e-01 1.224030156153502968e+00 4.844003574665871170e+00 7.973259480791879739e+00 1.917307153687427990e+00 1.077768147386991782e+00 5.084502491505985544e-01 2.917946469882472638e+00 5.000000000000000000e+00 6.000000000000000000e+00 1.000000000000000000e+00 -1.291353529201730055e+02 1.800600000000052887e+02 2.444084557510648015e+00 -1.079403783242088438e-01 7.658915702661391500e-05
8.898236606494526191e-01 1.249466430464734934e+00 5.190538015746065881e+00 8.023619218333104541e+00 1.867379817252661223e+00 1.284186227670929714e+00 4.851366434024854124e-01 2.987263368638119143e+00 7.000000000000000000e+00 7.000000000000000000e+00 1.000000000000000000e+00 -1.303986267898081053e+02 2.100699999999860097e+02 1.585226674363443333e+00 1.784153971738985933e-01 6.133647089437263666e+00
1.115888426680630818e+00 1.404571634557054693e+00 5.705613571454930089e+00 8.664552045410353287e+00 1.562750524646620676e+00 1.037337005272530588e+00 5.259588725184063396e-01 3.061749270239241483e+00 5.000000000000000000e+00 5.000000000000000000e+00 1.000000000000000000e+00 -1.933930724487831867e+02 1.084999999999959783e+02 2.480999126456242404e-02 -1.029687463783139023e+00 1.401332863006032881e-03
9.784773454421545891e-01 1.111812433310773729e+00 5.936327299814251113e+00 8.377215397529829133e+00 1.741617842472094058e+00 1.131240780014193703e+00 3.815375465927190457e-01 3.025312239848366946e+00 5.000000000000000000e+00 5.000000000000000000e+00 1.000000000000000000e+00 -1.967684513425230648e+02 1.178499999999954468e+02 2.068695330507696467e-02 -1.000284376597219360e+00 6.278802148635489466e+00
1.083449960803534395e+00 1.196435816404423313e+00 5.848362706898732277e+00 8.796581655476980899e+00 1.963697837001819213e+00 8.773121069626572677e-01 4.101912740604903851e-01 3.012611130883129373e+00 5.000000000000000000e+00 7.000000000000000000e+00 1.000000000000000000e+00 -1.498279882314070051e+02 2.100699999999860097e+02 2.799561764463375013e+00 -4.096683475063520041e-02 6.282858293220126455e+00
1.049581815965599629e+00 1.262602868465338313e+00 6.131024976966020112e+00 8.267197486760375469e+00 1.608120872534041457e+00 1.194443604873540066e+00 4.730660867010505477e-01 3.203661805943121443e+00 5.000000000000000000e+00 6.000000000000000000e+00 1.000000000000000000e+00 -1.199285803497337639e+02 1.800600000000052887e+02 1.868661271858194972e+00 -2.743113026037153346e-01 1.825788143738596714e-01
1.130476731038800420e+00 1.398943434440254485e+00 5.325624827562106312e+00 8.119669383595432777e+00 1.588812665221804421e+00 9.882960320147171629e-01 5.235160209280560473e-01 2.753373541736520380e+00 5.000000000000000000e+00 8.000000000000000000e+00 1.000000000000000000e+00 -1.580660861887676845e+02 2.400800000000151329e+02 2.376630386797507377e+00 -1.853888585020764812e-01 6.283002861901052505e+00
1.319074748779807793e+00 1.309734222290128702e+00 4.499562967249761236e+00 7.349845506682614271e+00 1.901187710083077409e+00 1.269932280598998986e+00 4.594937947526632205e-01 3.234021152500549778e+00 6.000000000000000000e+00 7.000000000000000000e+00 1.000000000000000000e+00 -1.447472012791931206e+02 2.100699999999860097e+02 2.482012579950007680e+00 -1.642342264335382163e-01 1.166214878278470507e-01
1.272547084278541130e+00 1.421721495763849985e+00 4.735545417179863215e+00 7.466726436819732804e+00 1.703253885895565922e+00 1.181979384798005128e+00 4.439635695014252370e-01 2.819130604874910073e+00 6.000000000000000000e+00 7.000000000000000000e+00 1.000000000000000000e+00 -1.317473172077170886e+02 1.962099999999873603e+02 1.906593209223669816e-02 -1.174095699387805780e+00 3.390506031605951542e-01
1.274463680286094025e+00 1.373175266833571273e+00 5.989602403869783487e+00 7.850814803186014323e+00 1.797064750917048759e+00 9.857797792847357021e-01 4.233848071370041044e-01 3.389866605935118571e+00 5.000000000000000000e+00 6.000000000000000000e+00 1.000000000000000000e+00 -1.316588954547426056e+02 1.800600000000052887e+02 2.601805965921248021e+00 -2.923473986444738090e-02 6.283107173031182491e+00
1.076841343671436135e+00 1.693036257909128706e+00 4.935831036064478816e+00 8.501989117546102648e+00 1.965991855839091196e+00 1.095366610709967325e+00 5.251820795397829089e-01 2.998251398347192787e+00 3.000000000000000000e+00 7.000000000000000000e+00 1.000000000000000000e+00 -3.786246131245395645e+02 2.100699999999860097e+02 1.709935082028415820e+01 2.092511477364457362e-02 2.048559775720683873e-01
1.140562475470713100e+00 1.549923199960650866e+00 5.408839288796209566e+00 8.091085679948468723e+00 1.893346885059005613e+00 1.038330483250708092e+00 4.070666290653984776e-01 3.020928446727329852e+00 7.000000000000000000e+00 8.000000000000000000e+00 1.000000000000000000e+00 -1.452540229158337013e+02 2.400800000000151329e+02 1.575876432239133651e+00 -4.352549665340474383e-01 2.679274455184518233e-01
7.632495014767837205e-01 1.182734978353170874e+00 4.864786508945698529e+00 7.798272210555644790e+00 1.823393704933145898e+00 1.202576070664612251e+00 5.282307579716870594e-01 2.975654538012264982e+00 6.000000000000000000e+00 6.000000000000000000e+00 1.000000000000000000e+00 -9.249910562564006966e+01 1.800600000000052887e+02 1.543191016023390261e-01 -1.102059650303927940e+00 3.522220384688553030e-01
1.149887882229853497e+00 1.094796765607452649e+00 5.321903581507168468e+00 8.142427220628539075e+00 1.905579206515350954e+00 1.114322431496356458e+00 5.349174536000460556e-01 2.817635678858354531e+00 6.000000000000000000e+00 5.000000000000000000e+00 1.000000000000000000e+00 -7.082001481756056194e+01 1.183499999999954184e+02 2.124872496994777149e-02 -1.250377082384776406e+00 4.105203383069258027e-01
9.420278988512338358e-01 1.541226275256371681e+00 5.772426111437913399e+00 9.636410895611318139e+00 1.889968867802665153e+00 1.110062802862455511e+00 4.431162670169110362e-01 2.824833950044693953e+00 4.000000000000000000e+00 5.000000000000000000e+00 1.000000000000000000e+00 -1.239990247932794318e+02 1.500499999999998693e+02 3.060876549579968131e+00 -3.590087662536279867e-01 6.663112684689507896e-04
1.330636373450840848e+00 1.469270565252408067e+00 5.266429807878414415e+00 9.799840729273391560e+00 2.268798667899440513e+00 1.137447508007052965e+00 3.884319226042344253e-01 3.441113446044008928e+00 5.000000000000000000e+00 6.000000000000000000e+00 1.000000000000000000e+00 -1.394422324392506312e+02 1.800600000000052887e+02 3.088264527452998731e+00 2.541907431922274530e-02 6.278693164176961439e+00
1.018477455119694008e+00 1.464301200963207039e+00 5.892514159167167698e+00 8.205082771308322975e+00 1.546229897385740015e+00 1.020633642073295100e+00 4.283553632382672283e-01 2.971623515188322795e+00 4.000000000000000000e+00 4.000000000000000000e+00 1.000000000000000000e+00 -4.392610288371613336e+01 8.708000000000241414e+01 2.413143023218278574e-02 -9.944501408731324377e-01 6.280131193764949771e+00
