1.032812144667212939e+00 1.240023640532790239e+00 4.894035023034254195e+00 8.602772775862845833e+00 1.771458901267055408e+00 1.044289213790217774e+00 3.099130918978681426e-01 2.933655187201221537e+00 4.000000000000000000e+00 4.000000000000000000e+00 1.000000000000000000e+00 -1.807178369944809901e+02 8.560000000000218279e+01 1.562586197963963114e-02 -1.000268763417661466e+00 6.279334796642570105e+00
1.161314562741905254e+00 1.417336954583495512e+00 4.617147247275399380e+00 8.348247129229774188e+00 1.812077244421868683e+00 9.629422745567058906e-01 4.689307768381395514e-01 2.969242184109976979e+00 6.000000000000000000e+00 7.000000000000000000e+00 1.000000000000000000e+00 -1.322630993530638932e+02 2.100699999999860097e+02 1.701756209566930966e+00 -6.617253255159158409e-02 6.241925310194302412e+00
9.815218913137422341e-01 1.343510217179391564e+00 5.634780149747085076e+00 7.830399236746521829e+00 1.439704841859987594e+00 9.134772310550268726e-01 4.839942764771488215e-01 2.909852139144921690e+00 5.000000000000000000e+00 6.000000000000000000e+00 1.000000000000000000e+00 -2.181958327408943035e+02 1.576800000000044406e+02 1.871052539560722969e-02 -1.024710229306032394e+00 6.282911500778115332e+00
1.086849694482952655e+00 1.545545748232064920e+00 4.866584159530906284e+00 7.686078421845873976e+00 1.807092098227834898e+00 1.081731056977441430e+00 5.059961759478748267e-01 3.092583475789978387e+00 6.000000000000000000e+00 6.000000000000000000e+00 1.000000000000000000e+00 -1.079562924237298489e+02 1.800600000000052887e+02 1.120393276482950284e+00 -3.702593294012696545e-01 6.282976569324071114e+00
1.070225658042599504e+00 1.333941092362752823e+00 5.809152332884734093e+00 7.625144471927770340e+00 1.860534570179477765e+00 9.010627864300665424e-01 4.783623712115706028e-01 3.066423811751404660e+00 5.000000000000000000e+00 6.000000000000000000e+00 1.000000000000000000e+00 -1.290598259621352781e+02 1.800600000000052887e+02 2.439364122633289611e+00 -5.239165500390247088e-02 6.238928340515678350e+00
1.206722524419342468e+00 1.349797369598264352e+00 5.251266337700509546e+00 8.515128277892960895e+00 1.763036947554698308e+00 9.063222599571845173e-01 4.582726820602570639e-01 3.158983518605360974e+00 7.000000000000000000e+00 5.000000000000000000e+00 1.000000000000000000e+00 -5.682446582327844453e+01 1.129499999999957254e+02 2.184161395503628894e-02 -9.943555099826466570e-01 6.279482184850432525e+00
9.205853499660175965e-01 1.370032506635741498e+00 5.073558493822278415e+00 8.600054515106656083e+00 1.994782802261024335e+00 9.473455939402516401e-01 4.870754013956075101e-01 3.178446108917105661e+00 5.000000000000000000e+00 6.000000000000000000e+00 1.000000000000000000e+00 -1.372933772149739013e+02 1.800600000000052887e+02 2.953961075935703562e+00 -7.196296389302123120e-03 5.689899562957450620e-04
1.070378738077438108e+00 1.090417916463696457e+00 5.357111613663814609e+00 8.672270612989507299e+00 1.909330717091848983e+00 9.492426710198389461e-01 4.502646330120585461e-01 2.938260139545395777e+00 6.000000000000000000e+00 6.000000000000000000e+00 1.000000000000000000e+00 -9.412897895746924348e+01 1.800600000000052887e+02 2.561861848416624454e-01 -7.912260086165220363e-01 6.200035403232149633e+00
8.232811285211730778e-01 1.382945759496487570e+00 4.337712542028027585e+00 7.966868246124342967e+00 1.617497792345318652e+00 1.017038615265478674e+00 5.430921521275900998e-01 2.909688381686514447e+00 6.000000000000000000e+00 5.000000000000000000e+00 1.000000000000000000e+00 -1.181620910751978215e+02 1.285999999999949921e+02 1.588549888493517859e-02 -1.169959015713124106e+00 2.750966379368586789e-01
9.634664461130534319e-01 1.529436335709410733e+00 5.167917709046741415e+00 8.385965675255079077e+00 1.965512685349227517e+00 9.361780120284513007e-01 4.083723835062621488e-01 3.009355944527606130e+00 5.000000000000000000e+00 5.000000000000000000e+00 1.000000000000000000e+00 -2.016444503980692957e+02 1.244499999999950717e+02 2.080166751852028512e-02 -1.039906813539917652e+00 8.833534444567803234e-04
1.143346343489120898e+00 1.350383857650975683e+00 5.451492067388334917e+00 7.667748250554319966e+00 1.713031361212648651e+00 8.419983332396877573e-01 5.249765993288458832e-01 3.014683662863816060e+00 6.000000000000000000e+00 6.000000000000000000e+00 1.000000000000000000e+00 -1.417084734525732017e+02 1.623600000000046180e+02 2.367984496529445398e-02 -1.151017759324609591e+00 2.541281377865748370e-01
9.811491153409732657e-01 1.414182911196762094e+00 4.454024830076605213e+00 8.124635847737984307e+00 1.826107952047577143e+00 9.332807481326150789e-01 4.958580930546360177e-01 3.103956002150926707e+00 6.000000000000000000e+00 6.000000000000000000e+00 1.000000000000000000e+00 -1.201817988335397303e+02 1.800600000000052887e+02 1.884487427096067647e+00 -1.401966579317645845e-01 6.246519795842214506e+00
1.260454849590495030e+00 1.604776115694268146e+00 5.403832462494971622e+00 8.297911647719107719e+00 1.434097855000633359e+00 1.130111144505711929e+00 4.183267463249465967e-01 2.960720959216565973e+00 4.000000000000000000e+00 5.000000000000000000e+00 1.000000000000000000e+00 -5.349740665214797986e+01 1.063499999999961005e+02 2.015041575937046026e-02 -9.946512227047098476e-01 6.276568885662101138e+00
1.144886265100426126e+00 1.525845970644104987e+00 5.681136997617299400e+00 8.456964708808010656e+00 1.764951729672529446e+00 9.525801065239918319e-01 4.233800852571463214e-01 3.014629257660796036e+00 5.000000000000000000e+00 5.000000000000000000e+00 1.000000000000000000e+00 -1.958093078390220967e+02 1.139499999999956685e+02 2.241337781138047491e-02 -1.034695206031827297e+00 2.398924387108536393e-03
9.191870802694844800e-01 1.400085311765540741e+00 5.251910848777953333e+00 8.120383608279439613e+00 1.751224441057850134e+00 8.891987898275433011e-01 5.151994358198883628e-01 3.150272689745584387e+00 5.000000000000000000e+00 7.000000000000000000e+00 1.000000000000000000e+00 -1.476252043189884375e+02 2.100699999999860097e+02 2.661887769937215431e+00 -7.279237102529904913e-02 6.280996532535779053e+00
9.468132355909617548e-01 1.472321735682633026e+00 5.075266345574689808e+00 8.136525826824986041e+00 1.501400946279432436e+00 1.054676772984084465e+00 5.203007080389475680e-01 2.869147473497348777e+00 5.000000000000000000e+00 6.000000000000000000e+00 1.000000000000000000e+00 -2.135084752504111236e+02 1.555800000000043610e+02 2.481331591163451339e-02 -1.012623650929281194e+00 6.271506537488352961e+00
9.813946198226120021e-01 1.398147945713982265e+00 5.181832539965967932e+00 8.763270136218988426e+00 1.662474771904141058e+00 8.636548082836721374e-01 4.339041236849677241e-01 3.214941823767964113e+00 4.000000000000000000e+00 5.000000000000000000e+00 1.000000000000000000e+00 -7.393799524611999630e+01 1.471999999999992212e+02 2.112470288252432313e-02 -9.925583316456448868e-01 6.276849614334061300e+00
1.178750049401070310e+00 1.408090027019785584e+00 5.085721881170547576e+00 8.717421793295974553e+00 1.664946553291382747e+00 7.285432806918936688e-01 4.778419051368603676e-01 3.074895603175272107e+00 5.000000000000000000e+00 6.000000000000000000e+00 1.000000000000000000e+00 -2.248589463036070413e+02 1.763400000000051477e+02 1.576096041368348771e-02 -9.968745695513389071e-01 7.939495468379523940e-03
1.108703463364940633e+00 1.356030162161217634e+00 5.214721295019357328e+00 8.821097963171974143e+00 2.161497136610596836e+00 9.836266522144816449e-01 4.270300305111674466e-01 3.083884781730183988e+00 6.000000000000000000e+00 5.000000000000000000e+00 1.000000000000000000e+00 -1.087513025692425117e+02 1.500499999999998693e+02 2.107893910577661067e+00 -2.588410499290922928e-01 7.891241684733489581e-02
1.147203870263145298e+00 1.216948798586576341e+00 5.509493084514060612e+00 8.390024084875154387e+00 1.726332801091223335e+00 9.017226476657851375e-01 4.446287820307202598e-01 2.983760079642060692e+00 6.000000000000000000e+00 4.000000000000000000e+00 1.000000000000000000e+00 -3.649257757152357584e+01 7.240000000000011937e+01 1.828609822021980483e-02 -9.985700975344523611e-01 6.280194524358857500e+00
8.418620876039337730e-01 1.475773726956967069e+00 6.447200927624574973e+00 7.376989190376160188e+00 1.586742177569567369e+00 1.307115455280706273e+00 4.233260188606371432e-01 2.900023195324366032e+00 4.000000000000000000e+00 4.000000000000000000e+00 1.000000000000000000e+00 -4.767680629491302824e+01 9.472000000000360842e+01 1.980039343195144977e-02 -9.964036787314323185e-01 6.278271579256069046e+00
1.057308314673839122e+00 1.460440031190161081e+00 5.687251602395139827e+00 8.066020221616669872e+00 1.800892672743853451e+00 9.916472487924691270e-01 4.387282686918004826e-01 2.776424371886784925e+00 5.000000000000000000e+00 7.000000000000000000e+00 1.000000000000000000e+00 -1.423971837468656361e+02 2.100699999999860097e+02 2.335136484179539007e+00 -1.651885375209973528e-01 6.283106204894175484e+00
9.726145221726337775e-01 1.720896504168414332e+00 6.091850554109024429e+00 8.250336901562992153e+00 1.566208380207927853e+00 1.189245182229088371e+00 4.325891554204775447e-01 2.938776006244026018e+00 4.000000000000000000e+00 6.000000000000000000e+00 1.000000000000000000e+00 -1.141312638649756508e+02 1.800600000000052887e+02 1.506328991560812902e+00 -2.649787891357848757e-01 6.283158467481712250e+00
1.496175764921503060e+00 1.761552566341203718e+00 5.785441993691431861e+00 8.230463355900843325e+00 1.793081658325168304e+00 1.083914341414027094e+00 4.647134744637327342e-01 3.113294017770320554e+00 4.000000000000000000e+00 5.000000000000000000e+00 1.000000000000000000e+00 -6.792336636424015239e+01 1.353499999999965269e+02 1.552289776511774598e-02 -9.961928200558288760e-01 6.275705173439867224e+00
1.147960528523314094e+00 1.431350651567586452e+00 5.343129527095849873e+00 8.222832754016756951e+00 1.673374985642894330e+00 8.596179227606726148e-01 4.867126493152778566e-01 3.127756943570706216e+00 6.000000000000000000e+00 6.000000000000000000e+00 1.000000000000000000e+00 -1.640799638492288750e+02 1.642200000000046884e+02 2.219880620470809224e-02 -1.111111465377129237e+00 1.881209372937191759e-01
1.101638691199980258e+00 1.486239388223963065e+00 5.658432509772956642e+00 8.069254178023049562e+00 1.909089142812666617e+00 1.038941119597477369e+00 4.679608936790727314e-01 3.042912799714923455e+00 4.000000000000000000e+00 5.000000000000000000e+00 1.000000000000000000e+00 -1.000332064533992309e+02 1.500499999999998693e+02 1.563012903337456461e+00 -2.366147400271488288e-01 6.283031438808950320e+00
1.180274290065305820e+00 1.404425634752317631e+00 4.796342038113995621e+00 7.915049997153491113e+00 1.682840180816899567e+00 1.069302045756345798e+00 4.423364069928538700e-01 2.792705432022217771e+00 5.000000000000000000e+00 6.000000000000000000e+00 1.000000000000000000e+00 -2.200430685876719679e+02 1.617600000000045952e+02 1.621798646758712548e-02 -1.004371192880074037e+00 6.283094120175972463e+00
9.694341843568901051e-01 1.484306514314755354e+00 5.020624769166994739e+00 8.698072724929874155e+00 2.078274313405050311e+00 1.168850234223389739e+00 4.327978052797284980e-01 3.291843844592030166e+00 6.000000000000000000e+00 6.000000000000000000e+00 1.000000000000000000e+00 -1.291712738952777215e+02 1.800600000000052887e+02 2.446329618454692767e+00 -4.161829153443632467e-01 3.590711629600744081e-01
1.156470905473381494e+00 1.340061528587074724e+00 5.597000451404570143e+00 8.445340590755952448e+00 1.937879610210121450e+00 8.957664939900590317e-01 4.824813152758968826e-01 3.160647246719704651e+00 6.000000000000000000e+00 4.000000000000000000e+00 1.000000000000000000e+00 -1.237760376093953170e+02 7.928000000000119485e+01 2.189983640878908483e-02 -1.113581767323459815e+00 1.810689920975328271e-01
1.295559340673073878e+00 1.405127684582083702e+00 5.350642523046197141e+00 9.313399753485757770e+00 1.891219911390720432e+00 1.054843339012758952e+00 5.430106423466072307e-01 3.196189826152581404e+00 6.000000000000000000e+00 6.000000000000000000e+00 1.000000000000000000e+00 -1.108009292305150950e+02 1.800600000000052887e+02 1.298183076907028610e+00 -3.048358265632560293e-01 6.279720609495629269e+00
1.261610902080666285e+00 1.303591692884617181e+00 4.703797171201649974e+00 7.994083878349954375e+00 1.825194739757018070e+00 9.891281291476196058e-01 4.812102169692242803e-01 3.105868477574977415e+00 5.000000000000000000e+00 4.000000000000000000e+00 1.000000000000000000e+00 -1.778399019469528923e+02 7.896000000000114483e+01 1.603796393069226861e-02 -1.040003511080507037e+00 3.733888769944293529e-03
1.039722984603288936e+00 1.268277176152018848e+00 5.092782965619388591e+00 8.466373793472715903e+00 1.829955520545980541e+00 1.058328562908796622e+00 4.660177460874410649e-01 3.069126231846472042e+00 4.000000000000000000e+00 4.000000000000000000e+00 1.000000000000000000e+00 -4.902026433039666387e+01 9.740000000000402736e+01 2.001652064966543201e-02 -9.955991308080488489e-01 6.279119752891179296e+00
1.198048952130097655e+00 1.204492229510759183e+00 5.014576929793225446e+00 8.685219162128690940e+00 1.547045752227169002e+00 9.597359259016294830e-01 4.098500956889161717e-01 3.042622705380128689e+00 4.000000000000000000e+00 6.000000000000000000e+00 1.000000000000000000e+00 -8.706215768965759594e+01 1.733400000000050341e+02 2.450985560344200870e-02 -8.483368307630987371e-01 6.233909326547127705e+00
1.368068527506786536e+00 1.390091322082274372e+00 5.145003447982199773e+00 8.234728829883069423e+00 1.914466353327443748e+00 9.326350950050433797e-01 4.523386732666217491e-01 2.768115226898172132e+00 5.000000000000000000e+00 7.000000000000000000e+00 1.000000000000000000e+00 -1.226825626458726219e+02 2.100699999999860097e+02 1.102972665367476068e+00 -4.068918969672254971e-01 6.237302466778396060e+00
8.055379695017623742e-01 1.546313801212854999e+00 5.254155231106188317e+00 8.820950856103724647e+00 1.678945283782015796e+00 9.597624313367583149e-01 4.941675789361458793e-01 2.957868537006622223e+00 5.000000000000000000e+00 6.000000000000000000e+00 1.000000000000000000e+00 -1.203401447813299967e+02 1.800600000000052887e+02 1.894384048832959744e+00 -1.671014150959495848e-01 6.283061842445581746e+00
1.221534081425554419e+00 1.392567135557069902e+00 4.966461614228892429e+00 8.650719167573717172e+00 1.699581507509933198e+00 1.167951070560385940e+00 4.409840611166288560e-01 2.841366093179972907e+00 7.000000000000000000e+00 7.000000000000000000e+00 1.000000000000000000e+00 -2.235272972309266777e+02 1.750699999999894203e+02 2.376618965888319807e-02 -1.009605850752211875e+00 1.810313933759572641e-02
9.287378666215316825e-01 1.437544643672377997e+00 5.608178838263110144e+00 8.676328821504521116e+00 1.653558309935394766e+00 1.138976815450849500e+00 3.999535582453783711e-01 3.171914149120450777e+00 3.000000000000000000e+00 3.000000000000000000e+00 1.000000000000000000e+00 -2.315812478952406764e+03 1.223999999999993094e+01 1.935577993452541889e+01 -2.488636766536568956e+00 5.673452915171915301e+00
1.220091099204905438e+00 1.258539222670937097e+00 4.196702610543055378e+00 9.033777479602331795e+00 1.674017456554357075e+00 8.443031421986614271e-01 4.959672010751360882e-01 2.956562196470749360e+00 4.000000000000000000e+00 5.000000000000000000e+00 1.000000000000000000e+00 -5.986661764072056968e+01 1.190999999999953758e+02 1.978860254518015338e-02 -9.954820699531143902e-01 6.278028827501731968e+00
8.469933415680952482e-01 1.756170055562169097e+00 5.634022148002720165e+00 8.516736306679904445e+00 1.846903523620055498e+00 1.439756039452873893e+00 4.818745808051418944e-01 2.892763188302518884e+00 5.000000000000000000e+00 6.000000000000000000e+00 1.000000000000000000e+00 -3.133931300471954273e+02 1.800600000000052887e+02 1.396019562794955071e+01 -6.096278810097409406e-02 3.600058274415158382e-02
1.006346309006947770e+00 1.182622701949777699e+00 5.335255912742955964e+00 8.194816346692299192e+00 1.910526135936119418e+00 9.906900777680026637e-01 5.653900444673143344e-01 3.218508037327163951e+00 6.000000000000000000e+00 6.000000000000000000e+00 1.000000000000000000e+00 -1.285242390475904131e+02 1.800600000000052887e+02 2.405889940474235988e+00 -1.019859360739127224e-01 1.700712794875312295e-01
1.143074691620102223e+00 1.764203527341365207e+00 4.600666033641523711e+00 8.444113417109802455e+00 2.057937966701422372e+00 1.135115674955577969e+00 5.729568185232173372e-01 2.792025773524071219e+00 6.000000000000000000e+00 8.000000000000000000e+00 1.000000000000000000e+00 -2.535575099456178236e+02 2.400800000000151329e+02 8.344844371600641963e+00 2.370572081999178238e-02 6.280478687406938043e+00
8.831058329219577674e-01 1.557955367075182673e+00 4.923419977826060112e+00 8.368444257079310944e+00 1.514966682948716947e+00 1.182015002598929110e+00 3.572173738267604426e-01 2.971398260968976412e+00 3.000000000000000000e+00 5.000000000000000000e+00 1.000000000000000000e+00 -1.105471808662001649e+02 1.385999999999972658e+02 1.494715204439119038e-02 -1.176024345234406132e+00 3.354006377581852383e-01
1.158265088071156912e+00 1.631869779176525093e+00 5.033961926066476522e+00 8.547114522395718339e+00 1.910508377784062795e+00 9.869003705220499301e-01 5.531609401227282063e-01 3.325539766087138638e+00 5.000000000000000000e+00 6.000000000000000000e+00 1.000000000000000000e+00 -1.371678636112485208e+02 1.800600000000052887e+02 2.946116475702867721e+00 2.829858943549005967e-02 1.706077436622045664e-03
1.245966937672827957e+00 1.177142753422989241e+00 5.000456190502530873e+00 8.176088064555678159e+00 1.921489387367280921e+00 9.505496959923657174e-01 4.295195596038042796e-01 3.113578097283391966e+00 4.000000000000000000e+00 5.000000000000000000e+00 1.000000000000000000e+00 -7.479702065683139267e+01 1.488499999999995964e+02 2.325129105197441121e-02 -9.869188212024958551e-01 6.270945410328363501e+00
9.992646229204927844e-01 1.313930270255074362e+00 5.835926809146124050e+00 8.631547585144925705e+00 1.537185355919516772e+00 1.092731825843140658e+00 3.912197050581707747e-01 3.013283389347519492e+00 4.000000000000000000e+00 4.000000000000000000e+00 1.000000000000000000e+00 -4.439862900601194440e+01 8.800000000000255795e+01 2.491431287566660963e-02 -9.933227935342391346e-01 6.279368087738522952e+00
8.428825017169837563e-01 1.562312670333418474e+00 5.568047613908698068e+00 8.484252070397747758e+00 1.429577841069132216e+00 9.769165283002179123e-01 3.978093567562315247e-01 2.882122390596540296e+00 6.000000000000000000e+00 7.000000000000000000e+00 1.000000000000000000e+00 -1.396809760402762493e+02 1.813699999999888064e+02 1.932452518771318739e-02 -1.185550854312789282e+00 2.909529834936807058e-01
1.132316107939849603e+00 1.493606799564336507e+00 5.413593301921070911e+00 8.676820091862001760e+00 1.824133490591901108e+00 1.132204545626156467e+00 5.047248808712284651e-01 3.256343468914303152e+00 6.000000000000000000e+00 6.000000000000000000e+00 1.000000000000000000e+00 -1.142772116797652302e+02 1.800600000000052887e+02 1.515450729985161171e+00 -2.304565034974186966e-01 6.262110316055695236e+00
1.264280871398032913e+00 1.492488646239813477e+00 5.443938364185196832e+00 8.042868275206599193e+00 1.440296983979401091e+00 9.694342216546567581e-01 4.376287666959142730e-01 3.058441047142501201e+00 4.000000000000000000e+00 4.000000000000000000e+00 1.000000000000000000e+00 -3.951221074645508224e+01 7.840000000000105729e+01 1.951317165340942655e-02 -9.972782464026852534e-01 6.280291758427914317e+00
