8.064189768713916351e-01 1.697725241636692362e+00 5.205529361717418091e+00 8.768045939473555705e+00 1.643717777075660802e+00 1.065085345459797272e+00 5.232201279484907097e-01 2.916302586490065352e+00 4.000000000000000000e+00 6.000000000000000000e+00 1.000000000000000000e+00 -1.313756532574389269e+02 1.800600000000052887e+02 2.584103328589768100e+00 -1.017298469769851582e-01 1.660862957390050372e-05
9.849535925188641627e-01 1.284458863585801636e+00 5.300727378597951400e+00 8.323454143757047063e+00 1.617171276951368641e+00 1.086472121261539581e+00 5.014321544887635484e-01 3.067123909000869730e+00 5.000000000000000000e+00 6.000000000000000000e+00 1.000000000000000000e+00 -1.112508509370879182e+02 1.800600000000052887e+02 1.326303183567829835e+00 1.856804639658398426e-01 6.030194022672009879e+00
1.076181439709354093e+00 1.642773608906705096e+00 4.578401876634487166e+00 7.051453216558665638e+00 1.623630174515786173e+00 1.297227947780107415e+00 5.376593852653320793e-01 3.147893782622605663e+00 4.000000000000000000e+00 5.000000000000000000e+00 1.000000000000000000e+00 -1.242542378306668525e+02 1.500499999999998693e+02 3.076827364416682808e+00 -2.125164991735134512e-01 8.065976691337316262e-02
1.124006655136240651e+00 1.442792832513796419e+00 5.389349628911301870e+00 7.609906471154028296e+00 1.752510596785537889e+00 1.065400011399716407e+00 5.385287073836086957e-01 3.091810678161901027e+00 4.000000000000000000e+00 3.000000000000000000e+00 1.000000000000000000e+00 -2.135460569543011388e+03 2.883000000000033580e+01 7.565348096438205161e+00 -2.723305856457092666e+00 1.561461095332948024e-01
1.293644941454862751e+00 1.698257881063126362e+00 5.585383391141184539e+00 7.596940706711901470e+00 1.753080693179095872e+00 1.082081860352171354e+00 4.532975399140556916e-01 3.031748632450161907e+00 5.000000000000000000e+00 5.000000000000000000e+00 1.000000000000000000e+00 -1.980395523079153861e+02 1.165999999999955179e+02 1.448583654312248642e-02 -1.057092935351998442e+00 6.282897229317697452e+00
1.145351751539426699e+00 1.397919418223390720e+00 5.471021952311674319e+00 8.705407262216937170e+00 1.800078673385273609e+00 5.861541797983866875e-01 4.829295899830259309e-01 2.985909421176028644e+00 5.000000000000000000e+00 6.000000000000000000e+00 1.000000000000000000e+00 -2.284512381786819333e+02 1.791000000000052523e+02 1.494261342537122825e-02 -1.013407675682057363e+00 1.135239159482992477e-03
8.860505302199550570e-01 1.584669919074520372e+00 5.330861304326793615e+00 8.310424805769827117e+00 1.827320584916869439e+00 1.222668611246479520e+00 5.262629767303158568e-01 3.132827896617662145e+00 6.000000000000000000e+00 5.000000000000000000e+00 1.000000000000000000e+00 -6.424148022215412368e+01 1.209499999999952706e+02 1.395932056916322078e-02 -1.276289499798872296e+00 4.339248141351997878e-01
1.043037854717545843e+00 1.507184829287958161e+00 5.728290978810507639e+00 8.964319303697649843e+00 1.988718061752354993e+00 9.314256428973244351e-01 3.888694828692931815e-01 2.887641460410271144e+00 6.000000000000000000e+00 5.000000000000000000e+00 1.000000000000000000e+00 -1.052509038912286030e+02 1.500499999999998693e+02 1.889118993201791552e+00 -2.423576380969423572e-01 6.195453495997362836e+00
1.311585502677482973e+00 1.498949668433360527e+00 5.464050286612279095e+00 7.784441162460161934e+00 1.393856027190860436e+00 1.029386851546337356e+00 4.394145715713512201e-01 3.171562820215728440e+00 6.000000000000000000e+00 4.000000000000000000e+00 1.000000000000000000e+00 -2.142186229329585331e+03 3.475999999999943668e+01 7.800389333099105649e+00 -1.203568201092545920e+00 6.260965198000737253e+00
1.080067666795045511e+00 1.570264802403301241e+00 5.647270386924940766e+00 8.284083933185494075e+00 1.732039590239429216e+00 9.981556650192895397e-01 4.741939056652543782e-01 2.988560818111233086e+00 5.000000000000000000e+00 4.000000000000000000e+00 1.000000000000000000e+00 -1.817540956220071848e+02 9.120000000000305818e+01 2.475083093516745533e-02 -1.020814024843639700e+00 6.272531235191181054e+00
1.126170543240609945e+00 1.705890386388640545e+00 4.594038888082523364e+00 8.259835676352087930e+00 1.600019636096900344e+00 1.031413741903198567e+00 5.252453844613654832e-01 2.825272801012304935e+00 4.000000000000000000e+00 3.000000000000000000e+00 1.000000000000000000e+00 -2.135916032598248876e+03 2.919000000000034944e+01 7.582564537390535264e+00 -2.613371182410992422e+00 1.351325308985061868e-01
1.096609921372023733e+00 1.446450608599208154e+00 5.385140430809438605e+00 8.098013448849394891e+00 1.578958663436046406e+00 9.464214161966977290e-01 4.950208535406099286e-01 3.041153203677581018e+00 4.000000000000000000e+00 5.000000000000000000e+00 1.000000000000000000e+00 -6.508588911149065837e+01 1.294499999999951854e+02 2.255556946831704240e-02 -9.920592106210984751e-01 6.276555934286764504e+00
8.616454882244040103e-01 1.538492060701783348e+00 5.351383285501580822e+00 8.748768954929703412e+00 1.692756942956185062e+00 1.056401642622688097e+00 4.507986716735512545e-01 3.077376836143272509e+00 5.000000000000000000e+00 7.000000000000000000e+00 1.000000000000000000e+00 -1.457402354216170011e+02 2.100699999999860097e+02 2.544077213851499764e+00 -2.601191284879710366e-02 8.099711450412102240e-06
9.918689628034242922e-01 1.317912572022111206e+00 4.943360355225836500e+00 8.215029977167180419e+00 1.527294983973070064e+00 1.174338370847727742e+00 4.817368183609972432e-01 3.071089381656297412e+00 4.000000000000000000e+00 4.000000000000000000e+00 1.000000000000000000e+00 -4.231578630143781794e+01 8.400000000000193268e+01 1.973664383980341247e-02 -9.949661072921127669e-01 6.278094648897988961e+00
8.815365323827704103e-01 1.436798282148787909e+00 5.473638818741220824e+00 7.508073762155418329e+00 1.673707136216326719e+00 1.277837894447271250e+00 4.674263038576517704e-01 3.260880572413882295e+00 5.000000000000000000e+00 6.000000000000000000e+00 1.000000000000000000e+00 -1.298358347594655129e+02 1.800600000000052887e+02 2.487864672466429283e+00 2.577169693759707170e-01 6.278031354488774696e+00
1.045288231338842522e+00 1.574487514010272315e+00 5.426361581366549558e+00 7.826579724378342817e+00 1.593855904840613347e+00 7.026223482425839606e-01 4.953749679834897890e-01 2.885285222157471630e+00 5.000000000000000000e+00 7.000000000000000000e+00 1.000000000000000000e+00 -1.299693502269486203e+02 2.100699999999860097e+02 1.558396889184726630e+00 -2.492750091466505169e-01 4.178045850936586625e-04
1.177586716455968130e+00 1.558918125930218057e+00 4.890854237263637216e+00 8.270198286240811214e+00 1.712910766489514236e+00 1.084608957960296882e+00 5.445011175634049128e-01 3.120107745193604565e+00 7.000000000000000000e+00 7.000000000000000000e+00 1.000000000000000000e+00 -1.530431991868898649e+02 2.100699999999860097e+02 3.000512449181053309e+00 1.462496736838426181e-01 2.557764306601752191e-02
1.218525473031356166e+00 1.577491614033175615e+00 5.563567683822060239e+00 8.624828418557083154e+00 1.682843335390501016e+00 6.817898121840487713e-01 4.968150188841049530e-01 2.945899934060990155e+00 6.000000000000000000e+00 8.000000000000000000e+00 1.000000000000000000e+00 -1.646753922333213040e+02 2.400800000000151329e+02 2.789712014582109045e+00 -1.010818121208598291e-01 8.906955402254340334e-03
1.188089291802363112e+00 1.371755973367540404e+00 5.601774242117742553e+00 8.535862175037905786e+00 1.533776756523693940e+00 8.807064469678242968e-01 4.326848389653792371e-01 2.961428940191514592e+00 4.000000000000000000e+00 4.000000000000000000e+00 1.000000000000000000e+00 -4.287750016910478479e+01 8.520000000000212026e+01 1.734376056898283974e-02 -9.993541053011463227e-01 6.280544018530088479e+00
9.955062554226196125e-01 1.519213166370182222e+00 5.481819157263611686e+00 8.089294456513830056e+00 1.746329599233472418e+00 1.075519360914199973e+00 4.917149550270645264e-01 3.082985269739139333e+00 5.000000000000000000e+00 7.000000000000000000e+00 1.000000000000000000e+00 -1.479513959530309535e+02 2.100699999999860097e+02 2.682274747064871789e+00 -7.970407335002299004e-03 9.437776973665178582e-05
8.786610989070710032e-01 1.597814015984620362e+00 5.871051787028966906e+00 8.503482878969744974e+00 1.919925683596834354e+00 1.151978834558716525e+00 4.450654373716619316e-01 3.044879772645189053e+00 4.000000000000000000e+00 5.000000000000000000e+00 1.000000000000000000e+00 -1.192060301682785877e+02 1.500499999999998693e+02 2.761314385517415815e+00 -1.607951577994476411e-01 6.283058367212566608e+00
1.408716577085825206e+00 1.666741474019325819e+00 5.096048129741238775e+00 7.839141355740053108e+00 1.512470489928006590e+00 1.082978694700002187e+00 4.945124349232702388e-01 3.298844253028905715e+00 6.000000000000000000e+00 6.000000000000000000e+00 1.000000000000000000e+00 -7.409117427284147084e+01 1.390800000000037357e+02 2.049763089626342738e-02 -1.276365306862910387e+00 4.407105850694348348e-01
9.159717241256077891e-01 1.617273802935669913e+00 4.987681474542040583e+00 8.351989638776275982e+00 1.659160277140056428e+00 1.147158763839839057e+00 5.613260870462333241e-01 2.737191266128474965e+00 4.000000000000000000e+00 6.000000000000000000e+00 1.000000000000000000e+00 -1.545141128018432823e+02 1.800600000000052887e+02 4.030257050115039874e+00 -1.146293269702480577e+00 6.245682951561412288e+00
9.583035841760270124e-01 1.512380572264626410e+00 4.955343551882634756e+00 7.933727946053714675e+00 1.830045295501059766e+00 1.097678157213174632e+00 4.852922562291790420e-01 3.111037291000442018e+00 5.000000000000000000e+00 5.000000000000000000e+00 1.000000000000000000e+00 -2.060802428382060327e+02 1.340499999999962313e+02 1.830358089786853631e-02 -1.027149963791711640e+00 1.271686459010545889e-03
9.796622294446165613e-01 1.665886414025709250e+00 5.520959693445583127e+00 8.411537102852831183e+00 1.590454669200982218e+00 1.050808898101281974e+00 5.311200516000880167e-01 3.052136825459322633e+00 5.000000000000000000e+00 5.000000000000000000e+00 1.000000000000000000e+00 -1.930995136680062387e+02 1.169999999999954952e+02 1.584035858687955420e-02 -1.014720227726999990e+00 6.268114904487720906e+00
1.085735318533766813e+00 1.351118154976898911e+00 4.906721100548033121e+00 8.350918886786429240e+00 1.834767883760277440e+00 1.000991857497573800e+00 5.585766278721203681e-01 3.056713350617163982e+00 5.000000000000000000e+00 6.000000000000000000e+00 1.000000000000000000e+00 -1.243946940638623460e+02 1.800600000000052887e+02 2.147793378991231350e+00 -7.166542284910519534e-02 6.274957190389473638e+00
9.210911268054916556e-01 1.523352040721107636e+00 5.084675978701237220e+00 8.315748700423252870e+00 1.545928332561352425e+00 9.249175639132811710e-01 4.954207916528279854e-01 3.033354198428368953e+00 4.000000000000000000e+00 5.000000000000000000e+00 1.000000000000000000e+00 -6.533053749458207449e+01 1.298999999999952877e+02 2.378359341152732828e-02 -9.923095541423526678e-01 6.278007794642533668e+00
1.216209317741933305e+00 1.507295641518150875e+00 5.398274608606786096e+00 7.893047214621996766e+00 1.789136418981253751e+00 9.676108466101731587e-01 4.778687458318865433e-01 2.828812466371458445e+00 5.000000000000000000e+00 3.000000000000000000e+00 1.000000000000000000e+00 -2.386869512863359432e+03 9.509999999999989129e+00 2.388215705395996835e+01 -2.113889351454216303e+00 3.828229483687611845e-02
1.086898799748232447e+00 1.730660156357061163e+00 4.893756519645123149e+00 7.619450350290530416e+00 1.757582349862832682e+00 1.011499769394954118e+00 5.932628010633669291e-01 3.077418771770799921e+00 4.000000000000000000e+00 5.000000000000000000e+00 1.000000000000000000e+00 -1.041129075956738177e+02 1.500499999999998693e+02 1.817994224729617914e+00 -1.601296411146380383e-01 5.859607967137827906e-05
8.620526614135635146e-01 1.409999768248149987e+00 5.067010476232446159e+00 7.724872613218972006e+00 1.660740000711610875e+00 1.063676918005130201e+00 5.272812872416258179e-01 3.077887315217181285e+00 4.000000000000000000e+00 4.000000000000000000e+00 1.000000000000000000e+00 -4.858422720762998637e+01 9.656000000000389605e+01 1.901420047675230623e-02 -9.961673326062914224e-01 6.279461804928595292e+00
1.008511751351371499e+00 1.452986182828781114e+00 4.744523277404582018e+00 8.205365668613861629e+00 1.787357565673724169e+00 1.041017560216388249e+00 5.362462491057936598e-01 2.841825839908549867e+00 4.000000000000000000e+00 4.000000000000000000e+00 1.000000000000000000e+00 -1.832867403056542912e+02 9.016000000000289560e+01 1.500806381776194874e-02 -1.000695673187899315e+00 6.280260282771637392e+00
9.475867801300800197e-01 1.381675286075206399e+00 5.295584985905227526e+00 7.084402398298875525e+00 1.896014231031982078e+00 1.185909844123214762e+00 4.958347919588075858e-01 3.179091032335512601e+00 4.000000000000000000e+00 5.000000000000000000e+00 1.000000000000000000e+00 -1.350580593492452692e+02 1.500499999999998693e+02 3.752066209327833413e+00 1.018326632752332601e-02 6.268645601966744252e+00
1.027276462663052170e+00 1.364586509016879168e+00 5.346625702662683999e+00 8.713581401033470897e+00 1.902562942272812974e+00 6.707753391442849988e-01 4.486717727775316744e-01 3.016802073299567510e+00 5.000000000000000000e+00 6.000000000000000000e+00 1.000000000000000000e+00 -1.217256167364948567e+02 1.800600000000052887e+02 1.980976046030763493e+00 -1.324414770740799108e-01 6.282300546931794294e+00
9.500836898056770341e-01 1.549446582337876466e+00 5.200123012333644823e+00 8.307210805875755000e+00 1.688047746121119186e+00 8.015701682759500679e-01 5.665726434980604687e-01 2.897195883666980443e+00 4.000000000000000000e+00 5.000000000000000000e+00 1.000000000000000000e+00 -2.102727631981935019e+02 1.442999999999985619e+02 1.542158139346028883e-02 -9.998305058953230740e-01 6.280001960595665622e+00
1.019853873840637526e+00 1.477538295596577234e+00 5.626251828988670489e+00 8.824382629645480591e+00 1.878740540944897397e+00 1.010763258171116119e+00 4.130907502904028750e-01 3.022709801834652321e+00 5.000000000000000000e+00 4.000000000000000000e+00 1.000000000000000000e+00 -1.853270037645468733e+02 9.236000000000323951e+01 1.522683844176066052e-02 -1.002274493209572181e+00 3.366262430133307301e-05
1.198369112251935986e+00 1.357378512505473145e+00 5.082284082564801686e+00 8.398446792270609862e+00 1.679574947244582228e+00 1.104034898135287657e+00 4.732561706151627301e-01 3.081272719620234746e+00 4.000000000000000000e+00 6.000000000000000000e+00 1.000000000000000000e+00 -1.255589899333890855e+02 1.800600000000052887e+02 2.220561870836652574e+00 -9.080677561452853153e-02 6.282468663062489078e+00
9.881749815980391816e-01 1.662779127138175994e+00 5.267193110895430408e+00 8.359039661414533029e+00 1.742234156595016792e+00 1.039020791978909397e+00 4.712333778789663530e-01 2.893898676601443398e+00 6.000000000000000000e+00 7.000000000000000000e+00 1.000000000000000000e+00 -1.340558561980384411e+02 2.100699999999860097e+02 1.813803512377839544e+00 -2.174232130866925183e-01 6.271030429124828665e+00
1.226276881155680565e+00 1.424360482112259740e+00 5.577204572314454545e+00 9.035958109866379928e+00 1.761636623749124553e+00 1.051316159515350623e+00 3.878984858910780598e-01 3.033912492618624057e+00 6.000000000000000000e+00 4.000000000000000000e+00 1.000000000000000000e+00 -2.143068302191679322e+03 4.303999999999926018e+01 7.596768886979980984e+00 -2.657734413239726479e+00 3.009669839662034163e-01
8.537770943732572171e-01 1.024158062162999538e+00 4.254442726529799046e+00 8.207838239449888107e+00 1.554720923967344071e+00 1.028660675692077087e+00 5.490240582917940149e-01 3.041610970913537049e+00 4.000000000000000000e+00 4.000000000000000000e+00 1.000000000000000000e+00 -4.533801928720365026e+01 9.016000000000289560e+01 1.612620545013765394e-02 -9.970398032828351464e-01 6.277969479165308009e+00
1.180077251525109228e+00 1.646789616182854576e+00 5.091440972286125799e+00 8.699566839120985051e+00 1.673811715972276959e+00 8.552029411259538527e-01 5.332158743117585420e-01 3.045930337311401725e+00 6.000000000000000000e+00 5.000000000000000000e+00 1.000000000000000000e+00 -1.420232430561399894e+02 1.113499999999958163e+02 2.268165246318952152e-02 -1.107134526272958830e+00 1.726004030708168102e-01
1.150203454720880147e+00 1.757229677555673497e+00 4.555508100244550107e+00 8.468602867992897743e+00 1.801791659290165715e+00 7.323316159251652691e-01 5.790039818609648004e-01 2.827357302995463506e+00 5.000000000000000000e+00 5.000000000000000000e+00 1.000000000000000000e+00 -1.958010601030455575e+02 1.137499999999956799e+02 1.969946360489473192e-02 -1.006759213809897746e+00 1.086482640292985025e-03
1.069061922712448265e+00 1.532229773644544490e+00 5.433774471951941187e+00 7.694413263009744597e+00 1.832709207383634853e+00 9.185256829796154543e-01 3.842390902718993972e-01 3.025666006025846233e+00 6.000000000000000000e+00 4.000000000000000000e+00 1.000000000000000000e+00 -3.962149816264946622e+01 7.848000000000106979e+01 2.384363516555829468e-02 -7.851981921915173190e-01 6.204771229259505638e+00
1.055536184759226837e+00 1.355098804398387591e+00 5.961303199743648307e+00 7.969933023540169081e+00 1.627783335488016014e+00 6.539835814027896710e-01 4.911818829610138937e-01 2.873363253887795121e+00 3.000000000000000000e+00 3.000000000000000000e+00 1.000000000000000000e+00 -3.319773847657599930e+01 6.570000000000172236e+01 2.173365478594614653e-02 -9.971733510009095358e-01 6.281335743939020944e+00
9.346945910628721155e-01 1.545403501551748437e+00 5.316898441767274441e+00 8.513621449528526952e+00 1.649661524773696764e+00 1.068117970927298099e+00 4.718898639402955286e-01 3.054175996845050367e+00 4.000000000000000000e+00 5.000000000000000000e+00 1.000000000000000000e+00 -7.016719746460718454e+01 1.395499999999974818e+02 2.451234153802755306e-02 -9.894534277983230153e-01 6.274777960453099546e+00
9.571494314249376911e-01 1.315177393282381146e+00 4.971387975081838384e+00 9.720451391156858634e+00 1.860970107967706788e+00 8.683349839456726560e-01 4.548882927250558761e-01 2.854910996504579135e+00 8.000000000000000000e+00 6.000000000000000000e+00 1.000000000000000000e+00 -2.031511506371912787e+02 1.477800000000040654e+02 2.423772728009488536e-02 -1.017792030305853190e+00 3.233876413726940319e-02
9.782962376423091078e-01 1.695694264750526425e+00 4.627593692795936242e+00 8.038761333867682879e+00 1.533883148741425284e+00 1.004745505826459828e+00 4.680262310155985372e-01 3.025708191758579080e+00 5.000000000000000000e+00 6.000000000000000000e+00 1.000000000000000000e+00 -2.147628911382922468e+02 1.518600000000042201e+02 1.603587831261182872e-02 -1.036913190165574816e+00 2.158606221643211143e-03
6.359386164979214939e-01 1.493194375790524164e+00 5.421859115933538753e+00 9.177633325029781020e+00 1.664437618784350148e+00 9.725463641483232946e-01 4.228203300521995445e-01 3.042640819516476025e+00 6.000000000000000000e+00 7.000000000000000000e+00 1.000000000000000000e+00 -1.443794971934678415e+02 2.100699999999860097e+02 2.459031074592178179e+00 -2.254626108480323188e-02 6.167344479435326043e+00
9.852320960373026626e-01 1.357563222437491390e+00 4.958650708212345215e+00 7.524115875867276593e+00 1.584662573403111452e+00 1.219373684243727274e+00 5.369261804836250596e-01 3.176861201532294565e+00 4.000000000000000000e+00 3.000000000000000000e+00 1.000000000000000000e+00 -2.525366700880746507e+01 4.986000000000112919e+01 2.022918805043125851e-02 -9.958289751691479230e-01 6.280535234010228507e+00
