1.084346621091166307e+00 1.545569419694172941e+00 5.271834698683752762e+00 7.397335501558733206e+00 1.588004731260884039e+00 1.128820799105893169e+00 4.966577735152473139e-01 2.911880039895721861e+00 3.000000000000000000e+00 4.000000000000000000e+00 1.000000000000000000e+00 -5.070090043717453199e+01 1.008800000000045713e+02 1.630627732326539112e-02 -9.652478344342174665e-01 6.246415745078691018e+00
1.248669403729615768e+00 1.769906125438441169e+00 5.019229211130133095e+00 7.998653830705624301e+00 1.527109367613082025e+00 1.260502349785139309e+00 4.686292758778840550e-01 3.127739377239499685e+00 6.000000000000000000e+00 6.000000000000000000e+00 1.000000000000000000e+00 -1.720810101037912432e+02 1.392600000000037426e+02 1.638113337928784330e-02 -1.082384421261988194e+00 1.316055950238078365e-01
1.205346403994842053e+00 1.368918740377992993e+00 5.303727746584585567e+00 8.857597476190296248e+00 1.833790204639494492e+00 9.656021915294678015e-01 4.466073411279788408e-01 2.856742021110860286e+00 6.000000000000000000e+00 5.000000000000000000e+00 1.000000000000000000e+00 -1.910896764217181953e+02 1.046499999999961972e+02 1.812487481614673268e-02 -1.000184145092674504e+00 6.281877862410641278e+00
9.541884357555566742e-01 1.673809646869677481e+00 5.472082143861449310e+00 8.078359142607853371e+00 1.789406973638030918e+00 9.412746190381824363e-01 5.059373826399606866e-01 2.893838780770084274e+00 4.000000000000000000e+00 5.000000000000000000e+00 1.000000000000000000e+00 -1.088930058759319195e+02 1.500499999999998693e+02 2.116750367245749054e+00 -2.043759104236935187e-01 6.283064660245925026e+00
9.784447829719209455e-01 1.544840119377855814e+00 5.219902872727030463e+00 8.115424346255808885e+00 1.623984338879759903e+00 9.968247892165738033e-01 5.475713984354548813e-01 2.926476143572393163e+00 4.000000000000000000e+00 6.000000000000000000e+00 1.000000000000000000e+00 -1.255571283622068677e+02 1.800600000000052887e+02 2.220445522637764402e+00 -1.124174358835040299e-01 6.283065026354099913e+00
1.209692438321591679e+00 1.613901645635978710e+00 4.002473735542091404e+00 8.397100630235037499e+00 1.810287575383442205e+00 7.057006559772793786e-01 5.172707733125789797e-01 3.040160920093275543e+00 4.000000000000000000e+00 4.000000000000000000e+00 1.000000000000000000e+00 -1.839374055314779639e+02 9.076000000000298940e+01 1.589875313052377045e-02 -9.999756266411894412e-01 6.281340441281662912e+00
7.087854594673732578e-01 1.557513150943008240e+00 5.553734037762005471e+00 8.715431440389318496e+00 1.464586182773758960e+00 9.983892283447096672e-01 4.289014526995609811e-01 3.063147143547408913e+00 6.000000000000000000e+00 5.000000000000000000e+00 1.000000000000000000e+00 -1.209000046858116661e+02 1.500499999999998693e+02 2.867187792863233664e+00 -2.474204669504765676e-03 4.286007707218755986e-05
9.451761356425600891e-01 1.510553410958631604e+00 4.782801925466208637e+00 7.918906573256113468e+00 1.722281811349258174e+00 1.198764996586720644e+00 4.994680458780478838e-01 3.149449133680868318e+00 5.000000000000000000e+00 5.000000000000000000e+00 1.000000000000000000e+00 -2.033179393793039083e+02 1.277999999999948813e+02 1.844988024961717252e-02 -1.013603781386725577e+00 6.283096487939287655e+00
1.320167633238071403e+00 1.594653043143155369e+00 5.056420813669847192e+00 8.622981829835421053e+00 1.690581891784691537e+00 7.752457099648449868e-01 4.909479812023539447e-01 3.144445880698808704e+00 5.000000000000000000e+00 6.000000000000000000e+00 1.000000000000000000e+00 -9.581173152615799893e+01 1.800600000000052887e+02 3.613582203847093277e-01 -7.067079859509015627e-01 6.196626824921302124e+00
1.048258260178900336e+00 1.320086698623110788e+00 5.887813356991776992e+00 8.363158573396670903e+00 1.653323668055733275e+00 7.428007810582509807e-01 4.190217305334841269e-01 2.941891363773403434e+00 4.000000000000000000e+00 3.000000000000000000e+00 1.000000000000000000e+00 -2.135191335961792902e+03 2.787000000000029942e+01 7.578520997612043786e+00 -2.678076467441292685e+00 1.312655540764236517e-01
1.134337800124197493e+00 1.423246545327019996e+00 5.565275665339845190e+00 8.005897726025482442e+00 1.701864342367359173e+00 9.795691956123714350e-01 4.875476173878204311e-01 3.185344997621519347e+00 4.000000000000000000e+00 5.000000000000000000e+00 1.000000000000000000e+00 -8.166445782288380428e+01 1.500499999999998693e+02 4.149661139302416313e-01 -7.280320443071882641e-01 6.282030801813083265e+00
1.140027055193338246e+00 1.415277246667129951e+00 4.729711188307618386e+00 8.482182227788822360e+00 1.863381548883461969e+00 9.639074877761657500e-01 4.951670894896906816e-01 3.147949340721922340e+00 5.000000000000000000e+00 4.000000000000000000e+00 1.000000000000000000e+00 -1.787330825146700874e+02 8.004000000000131365e+01 1.531218245703669378e-02 -1.035916644151956056e+00 2.470105406755962463e-03
8.829997863351083387e-01 1.539230540081325316e+00 5.251971837772138052e+00 7.834776393133271455e+00 1.584646314003319789e+00 1.166258715824296521e+00 4.622765890179318382e-01 3.282460039261503759e+00 4.000000000000000000e+00 6.000000000000000000e+00 1.000000000000000000e+00 -1.369678854238718486e+02 1.800600000000052887e+02 2.933617838991825710e+00 4.148461905432182517e-01 6.248643939353693888e+00
8.735370636912442865e-01 1.371435133333475331e+00 5.358849423173391635e+00 8.399876498040836026e+00 1.858854757264877477e+00 1.237332106214957594e+00 5.314860725981028766e-01 2.983797692801324786e+00 6.000000000000000000e+00 5.000000000000000000e+00 1.000000000000000000e+00 -1.949987156053599335e+02 1.170999999999954895e+02 1.692696200393185857e-02 -9.951327279239660095e-01 6.274520466674646357e+00
1.181239538454086579e+00 1.717155855293905020e+00 4.842053692600974735e+00 8.264666036132945592e+00 1.548832970338113180e+00 1.035147287770693092e+00 5.070906516549924525e-01 3.169605988723779522e+00 6.000000000000000000e+00 6.000000000000000000e+00 1.000000000000000000e+00 -1.153476452412370463e+02 1.530000000000042633e+02 1.480690406494384291e-02 -1.200254105907327062e+00 3.213570629184751559e-01
1.163523087788547850e+00 1.876241129763676074e+00 5.021444826102251291e+00 8.304141450100999577e+00 1.566520228372675128e+00 8.826633873780354023e-01 5.469623968413255266e-01 3.203212363316648936e+00 5.000000000000000000e+00 6.000000000000000000e+00 1.000000000000000000e+00 -1.108336824739686506e+02 1.800600000000052887e+02 1.300230154622875167e+00 -3.336081837097217839e-01 8.732720090411626168e-02
9.835147354058497715e-01 1.630999624592763597e+00 5.226968491830008112e+00 8.439835044427940858e+00 1.535848229177646740e+00 1.244178161645282943e+00 4.812723099084229572e-01 3.101579684012305993e+00 6.000000000000000000e+00 6.000000000000000000e+00 1.000000000000000000e+00 -1.124997838246795965e+02 1.582200000000044611e+02 1.383422499650072829e-02 -1.221064313437413951e+00 3.422347008082798347e-01
1.158271647539224070e+00 1.499526758716998476e+00 5.620579125452279889e+00 7.894824245548219821e+00 1.638231579616576949e+00 9.941322839882624773e-01 4.470536954886374925e-01 2.960550833117395086e+00 4.000000000000000000e+00 5.000000000000000000e+00 1.000000000000000000e+00 -6.287670342595436779e+01 1.250499999999950376e+02 2.198146412230308350e-02 -9.943450378290578096e-01 6.278097584553242960e+00
9.647769307236158109e-01 1.280861296565582785e+00 5.087584454645746490e+00 8.013759009132581212e+00 1.602249807857833108e+00 1.298283811072065363e+00 4.998523507316222636e-01 3.144027517680572537e+00 4.000000000000000000e+00 2.000000000000000000e+00 1.000000000000000000e+00 -2.384667288777184240e+03 4.259999999999997122e+00 2.390858054857402948e+01 -3.253822976680135870e+00 2.281076474269163323e-01
1.148228124299799369e+00 1.354769462887170928e+00 5.178061223974872007e+00 8.264581631172823961e+00 1.495162222135137498e+00 1.002245553116761334e+00 4.784777745168035112e-01 3.048190513716918737e+00 4.000000000000000000e+00 3.000000000000000000e+00 1.000000000000000000e+00 -2.523274211069601236e+01 4.971000000000112351e+01 2.360888191846566980e-02 -9.956438248975152394e-01 6.281106238039520839e+00
8.725361267957678635e-01 1.524615395794134853e+00 5.033956176881106082e+00 7.093433636684399524e+00 1.628488328727854428e+00 1.210275418132283676e+00 5.260025440160279731e-01 3.179503980388324713e+00 4.000000000000000000e+00 5.000000000000000000e+00 1.000000000000000000e+00 -1.311315081453086862e+02 1.500499999999998693e+02 3.506656759081796526e+00 -1.779886525790030580e-02 2.388813160180295117e-02
8.338869356760965079e-01 1.565031624485609951e+00 5.179250394142744796e+00 8.409177191297485976e+00 1.627616483573113726e+00 9.323071372176907623e-01 5.293386817338210371e-01 2.998878496984887843e+00 5.000000000000000000e+00 6.000000000000000000e+00 1.000000000000000000e+00 -1.223739675439871206e+02 1.800600000000052887e+02 2.021497971499029767e+00 -1.389278238327532333e-01 6.283075068075411274e+00
1.159834690390343148e+00 1.438424525903426066e+00 5.394292001577010609e+00 9.301239770636556159e+00 1.659346633859300590e+00 8.859230589485226348e-01 5.069356832269035218e-01 2.944934492904618839e+00 5.000000000000000000e+00 7.000000000000000000e+00 1.000000000000000000e+00 -1.355676202431884860e+02 2.100699999999860097e+02 1.908288765199717352e+00 -1.419787329700521183e-01 6.273792235106359527e+00
1.010439167386656845e+00 1.561048273467682268e+00 4.525023684929099232e+00 7.560252801417952639e+00 1.715935087785758428e+00 1.176221759606662642e+00 5.148082628572555608e-01 3.019390778225926386e+00 5.000000000000000000e+00 6.000000000000000000e+00 1.000000000000000000e+00 -1.181281164080706532e+02 1.800600000000052887e+02 1.756132275504250551e+00 -1.757920051228125946e-01 2.866211582915523704e-04
1.045761750440070026e+00 1.587951914890537219e+00 5.121836916000493289e+00 8.581210941295090322e+00 1.845586685065622623e+00 1.079749731167323201e+00 5.380119060333469205e-01 3.158821969399600693e+00 6.000000000000000000e+00 5.000000000000000000e+00 1.000000000000000000e+00 -9.399212794109443792e+01 1.500499999999998693e+02 1.185445496318406677e+00 -3.893008046858402182e-01 6.276604064183175069e+00
9.408554728017249902e-01 1.413014371654810919e+00 5.677384619885993189e+00 8.507581522929257289e+00 1.690926459028484929e+00 1.226096775217685231e+00 5.008794556028722811e-01 3.200863883084861694e+00 6.000000000000000000e+00 6.000000000000000000e+00 1.000000000000000000e+00 -1.016407509922185568e+02 1.800600000000052887e+02 7.256719370134948610e-01 -6.578469352472494924e-02 6.054394174166280784e+00
9.916684841713672149e-01 1.487166790080805212e+00 4.985871306896774158e+00 8.379636264643934851e+00 1.717214491876238869e+00 1.367060324450842801e+00 5.144476062656488935e-01 3.153128005611376850e+00 6.000000000000000000e+00 6.000000000000000000e+00 1.000000000000000000e+00 -1.643401927150780182e+02 1.413000000000038199e+02 2.095185006879783651e-02 -1.087575442867845243e+00 1.458870036916753710e-01
1.117805149386089436e+00 1.407568452781030377e+00 4.984641908212641859e+00 9.010214306533301354e+00 1.573973280627710247e+00 1.228238715120930191e+00 4.768067157220161056e-01 3.081817893699246635e+00 4.000000000000000000e+00 4.000000000000000000e+00 1.000000000000000000e+00 -4.094752867915630645e+01 8.128000000000150749e+01 1.922054244722203736e-02 -9.952222956550912381e-01 6.277926951071316708e+00
1.130502302940981085e+00 1.604639899335174924e+00 5.187416657257133856e+00 8.644830260022207113e+00 1.461043000884140852e+00 8.465556663324561582e-01 4.532038910341509852e-01 2.963237843678196981e+00 5.000000000000000000e+00 8.000000000000000000e+00 1.000000000000000000e+00 -1.449068496676007385e+02 2.400800000000151329e+02 1.554178104224573698e+00 1.682858219110281439e-01 6.142481724308085589e+00
9.408549131342545113e-01 1.589657206828780645e+00 5.114315718069219585e+00 8.415238892486312849e+00 1.547395767854926829e+00 1.100684561406666706e+00 5.173691990594885270e-01 2.709487169164266795e+00 4.000000000000000000e+00 4.000000000000000000e+00 1.000000000000000000e+00 -1.823503540286953353e+02 8.800000000000255795e+01 1.607635049614199521e-02 -1.001043750439431168e+00 6.280647205470847538e+00
1.023985565328239478e+00 1.780415438831500552e+00 5.354864937780386747e+00 7.939793565120105256e+00 1.647872667365919197e+00 9.602066437486732609e-01 4.405698698135290248e-01 3.176032511043180406e+00 4.000000000000000000e+00 4.000000000000000000e+00 1.000000000000000000e+00 -4.627919320273756654e+01 9.192000000000317073e+01 1.994957517099900726e-02 -9.962936110130122813e-01 6.280608136923764739e+00
1.153717060896891411e+00 1.460181190488841763e+00 4.657455246011419803e+00 8.402979693771001735e+00 1.686734536314227650e+00 9.119517113531030450e-01 4.684802176491766890e-01 3.151321042543696826e+00 6.000000000000000000e+00 7.000000000000000000e+00 1.000000000000000000e+00 -1.399621915717345075e+02 2.100699999999860097e+02 2.182949473233843918e+00 -1.263924318013083525e-01 6.218846651324388297e+00
1.224758304874808301e+00 1.491396031593074545e+00 5.517761294270905559e+00 8.420745902571395547e+00 1.634974017981422056e+00 7.145485729705741695e-01 5.072955658130380296e-01 2.977972283373202078e+00 4.000000000000000000e+00 5.000000000000000000e+00 1.000000000000000000e+00 -1.976317731031639369e+02 1.188499999999953900e+02 1.519989619146757710e-02 -1.000068728078133518e+00 6.280269836389761551e+00
1.147498237029122015e+00 1.621956343269828515e+00 5.590787138348720653e+00 8.325839760832494107e+00 1.532472953213736888e+00 1.216484662034595488e+00 4.853754786403004506e-01 3.058149966720522528e+00 5.000000000000000000e+00 5.000000000000000000e+00 1.000000000000000000e+00 -1.904412031139446810e+02 1.042499999999962199e+02 2.380335031691756947e-02 -1.002899053940807361e+00 6.280071396644623327e+00
9.846063116477155042e-01 1.464751815177899763e+00 5.553214068402041903e+00 8.673880227425270206e+00 1.874144866081248750e+00 6.631433839595076707e-01 4.576342566275256041e-01 2.924760924393345007e+00 4.000000000000000000e+00 5.000000000000000000e+00 1.000000000000000000e+00 -1.102192925593421649e+02 1.500499999999998693e+02 2.199643284958889389e+00 -1.928874812679868267e-01 6.283092857003102161e+00
1.266424717840342273e+00 1.626828185534215931e+00 4.971760245144937862e+00 8.301556732342868727e+00 1.504368991837700120e+00 1.185170104499568833e+00 5.214428060018106992e-01 3.044401455103522114e+00 4.000000000000000000e+00 4.000000000000000000e+00 1.000000000000000000e+00 -3.962041760714929950e+01 7.852000000000107605e+01 2.252610044679739104e-02 -9.938323384141475314e-01 6.278956137395699244e+00
1.177155730806089151e+00 1.438011057181964869e+00 5.302679126443142543e+00 9.161472616172474659e+00 2.020781635440176416e+00 6.758095054669196466e-01 4.873180692107322298e-01 3.004263880525902763e+00 5.000000000000000000e+00 6.000000000000000000e+00 1.000000000000000000e+00 -1.483536746126287085e+02 1.800600000000052887e+02 3.645229663289128563e+00 -7.102569990368456931e-01 1.752635914300281102e-03
1.053563314195723688e+00 1.696718528772253043e+00 5.668648910616099990e+00 8.389459730369987156e+00 1.637792944424446118e+00 1.046942968986411593e+00 5.704147412331296296e-01 2.685151564277069358e+00 3.000000000000000000e+00 6.000000000000000000e+00 1.000000000000000000e+00 -1.462001657103458001e+02 1.800600000000052887e+02 3.510635356896447234e+00 -3.620842781584335812e-01 1.623633180560308436e-03
1.041753246220055162e+00 1.381237922870932833e+00 5.273607353994516522e+00 7.857165237486010589e+00 1.485812305626903473e+00 1.017632121759981523e+00 4.744780121716947185e-01 3.242615630492457157e+00 5.000000000000000000e+00 6.000000000000000000e+00 1.000000000000000000e+00 -2.204999728060277562e+02 1.668600000000047885e+02 1.663919464696172676e-02 -1.002475639030713905e+00 6.276424392591870571e+00
7.540198237519204483e-01 7.872166763164213377e-01 4.219388433323523202e+00 8.391877273343268939e+00 1.482198428001338941e+00 1.066179087026242644e+00 5.579745340466951697e-01 3.103745298176006973e+00 4.000000000000000000e+00 4.000000000000000000e+00 1.000000000000000000e+00 -4.346471060948525178e+01 8.640000000000230784e+01 1.654441309275632432e-02 -9.923681200150759052e-01 6.273742914267722348e+00
8.078221699715587567e-01 1.611423249911242639e+00 5.726723537166842348e+00 8.797516372272406571e+00 1.672805529646666622e+00 1.031536700721880306e+00 3.959698645471633749e-01 3.052293906613567920e+00 4.000000000000000000e+00 5.000000000000000000e+00 1.000000000000000000e+00 -7.884460913526397974e+01 1.500499999999998693e+02 2.387255709540025972e-01 -8.541271370605182378e-01 6.281493465537581145e+00
9.039780391059659692e-01 1.448239837374603045e+00 5.272911142280913843e+00 7.748637715808111892e+00 1.657639671522585623e+00 1.002739017131784705e+00 5.222459839600902543e-01 3.036678776158413751e+00 4.000000000000000000e+00 3.000000000000000000e+00 1.000000000000000000e+00 -2.135458443776862623e+03 2.880000000000033467e+01 7.566152736053906480e+00 -2.418122429155013631e+00 1.419121668706859740e-01
9.300473478175533826e-01 1.480080603037777776e+00 5.711547717376540767e+00 8.642541183520318526e+00 1.708615612814619711e+00 9.940261509971547449e-01 4.929705994990172258e-01 2.908917659654418841e+00 5.000000000000000000e+00 4.000000000000000000e+00 1.000000000000000000e+00 -1.851134641392668811e+02 9.184000000000315822e+01 2.422438833186008750e-02 -1.032027916368617015e+00 1.344025450564778623e-03
1.408999097848290250e+00 1.751498981162310287e+00 5.839548513972818711e+00 7.647938417989558424e+00 1.769030921897412956e+00 1.064085934019564084e+00 4.020934145388976866e-01 3.057766138755215302e+00 5.000000000000000000e+00 5.000000000000000000e+00 1.000000000000000000e+00 -1.959455779201112477e+02 1.135499999999956913e+02 2.194818261186514893e-02 -1.036261773702753741e+00 6.281588786344837416e+00
1.018963801301923100e+00 1.802065555309056988e+00 5.174271567862796850e+00 8.139849778079346621e+00 1.602439410478240456e+00 1.101574125252878789e+00 4.613230733781001902e-01 3.000086781029282612e+00 6.000000000000000000e+00 8.000000000000000000e+00 1.000000000000000000e+00 -1.580178839969773890e+02 2.400800000000151329e+02 2.373617749810614352e+00 -1.818336791368278804e-01 7.841953863643198741e-02
1.173239574324839607e+00 1.823174731762464251e+00 4.954435834524582916e+00 8.340581242260645567e+00 1.823018839245126310e+00 7.033428960381661321e-01 5.087639344280302511e-01 2.808631069617241405e+00 5.000000000000000000e+00 5.000000000000000000e+00 1.000000000000000000e+00 -1.966434991267508678e+02 1.159999999999955520e+02 1.617048573838376219e-02 -1.001155001755767771e+00 6.281559518370507078e+00
8.278586060554939952e-01 1.619765649651699890e+00 5.376119314931314008e+00 8.163747273234235990e+00 1.626890863187609115e+00 7.637732817911065952e-01 5.043035419278162346e-01 2.874716198293338909e+00 4.000000000000000000e+00 5.000000000000000000e+00 1.000000000000000000e+00 -2.114323102482230752e+02 1.461999999999989939e+02 1.655234278032009787e-02 -9.999109564183128462e-01 6.280601449494388255e+00
9.852320960373026626e-01 1.357563222437491390e+00 4.958650708212345215e+00 7.524115875867276593e+00 1.584662573403111452e+00 1.219373684243727274e+00 5.369261804836250596e-01 3.176861201532294565e+00 4.000000000000000000e+00 3.000000000000000000e+00 1.000000000000000000e+00 -2.525366700880746507e+01 4.986000000000112919e+01 2.022918805043125851e-02 -9.958289751691479230e-01 6.280535234010228507e+00
