1.265804532880326683e+00 2.935140624474299909e+00 4.273336404364584951e+00 5.170235889463009826e+00 5.071296901351073361e-01 3.201939321774596725e-01 6.492821362692335896e-01 2.866932123172356128e+00 9.000000000000000000e+00 1.100000000000000000e+01 5.000000000000000000e+00 -2.268056258512329805e+03
1.583681266262809695e+00 1.877430612769284135e+00 5.127044329747252327e+00 8.169224793806954210e+00 1.579603835144231860e+00 1.258177720829034563e-02 8.309211564655212268e-01 2.759372160467919777e+00 7.000000000000000000e+00 5.000000000000000000e+00 4.000000000000000000e+00 -2.259608588747576050e+03
1.975364386194459643e+00 1.137397951122007811e+00 4.335381862063762526e+00 5.843828371106443598e+00 1.068522251119705224e+00 3.076417426312818559e-01 8.085428814988604440e-01 2.541879112605629043e+00 1.000000000000000000e+01 1.600000000000000000e+01 5.000000000000000000e+00 -2.273739382716361888e+03
1.343253922886823881e+00 2.048426247284022228e+00 2.384527513909705299e+00 4.663369492866312527e+00 1.464822827860025267e+00 1.822557383148211141e-01 6.981731436535569824e-01 2.882120372821516785e+00 7.000000000000000000e+00 1.100000000000000000e+01 5.000000000000000000e+00 -4.018285508424170871e+02
8.269285771192709245e-01 2.358141410074045208e+00 7.853316071182915969e+00 8.604805903575199366e+00 1.044758521517139105e+00 1.802207755932348776e-01 8.627849799452886881e-01 3.077771288965263530e+00 8.000000000000000000e+00 1.400000000000000000e+01 3.000000000000000000e+00 -2.335607633019247714e+03
2.149405979847962112e+00 1.670689980837764876e+00 7.098885630926558221e+00 6.726378837164370239e+00 1.064907313449708903e+00 5.878585542883401072e-01 7.446406839810408851e-01 2.665304624183418181e+00 6.000000000000000000e+00 1.200000000000000000e+01 4.000000000000000000e+00 -2.300946317504359286e+03
2.466069410917201665e+00 1.908013117181954765e+00 3.704680594053348486e+00 4.666013929925800774e+00 2.211162351431729345e+00 9.192400471824790920e-01 7.972677650618756884e-01 2.469896290928596638e+00 9.000000000000000000e+00 6.000000000000000000e+00 5.000000000000000000e+00 -2.087395070979543561e+03
1.467493822585103969e+00 1.622625529296132241e+00 5.046954577307888101e+00 1.988602837749021468e+00 1.892656008136046619e+00 5.227805447417792628e-01 6.383161931521865728e-01 2.492460120871799578e+00 9.000000000000000000e+00 1.100000000000000000e+01 3.000000000000000000e+00 -2.145043860673513336e+03
1.612771175110986999e+00 2.584225480637001748e+00 5.287344294584475080e+00 6.825271934944598939e+00 1.907638515586734140e+00 1.475738220322775351e-01 7.677885815794645019e-01 2.528526376787905594e+00 5.000000000000000000e+00 7.000000000000000000e+00 4.000000000000000000e+00 -2.175510102578406531e+03
1.677024513324356203e+00 2.545479930614895636e+00 3.155936819391133241e+00 4.862208506992106827e+00 1.084701652056942134e+00 1.266594888072326563e-01 7.190760510451382759e-01 3.305108850639153495e+00 1.000000000000000000e+01 1.200000000000000000e+01 5.000000000000000000e+00 -2.140597253158136937e+03
1.467628757968443720e+00 8.334776240365120437e-01 4.328580719878683425e+00 4.142761616322672147e+00 1.472093170755841340e+00 1.846921771957960312e-01 7.246904664941867802e-01 2.211696042361144254e+00 8.000000000000000000e+00 1.100000000000000000e+01 4.000000000000000000e+00 -2.544416578259448727e+02
2.078033767425877087e+00 2.656944387452724765e+00 2.477929051288409568e+00 3.422688426908514270e+00 2.634872954973773052e+00 3.201871820277870651e-01 8.708151411763990213e-01 2.064246071103194247e+00 6.000000000000000000e+00 1.200000000000000000e+01 5.000000000000000000e+00 -2.278646899418053636e+03
1.417844606346134295e+00 2.140722012531770080e+00 7.533172741078875134e+00 6.477313045654576662e+00 1.484990089420882953e+00 2.964389021951459036e-01 7.148193366763734291e-01 2.882837383992294722e+00 5.000000000000000000e+00 1.000000000000000000e+01 4.000000000000000000e+00 -8.512715740466942407e+02
1.701167327981330191e+00 2.401051073478779330e+00 3.087713863173156437e+00 5.658391454955553179e+00 1.247986458102625207e+00 1.588176822435543867e-01 6.469561957936875718e-01 3.300182067122874319e+00 6.000000000000000000e+00 8.000000000000000000e+00 5.000000000000000000e+00 -2.188311396737585255e+03
1.533361675710874117e+00 2.520921071056453577e+00 4.380083936753733198e+00 3.678333926790223973e+00 1.602494763596526095e+00 3.517630246176438602e-01 5.863744599111858635e-01 2.490611736969879697e+00 5.000000000000000000e+00 1.400000000000000000e+01 4.000000000000000000e+00 -4.922087770472066381e+02
1.495897067766084998e+00 1.907931027556227566e+00 2.941306149955424498e+00 4.045403990240672876e+00 1.327857455096993711e+00 5.713603624538654557e-01 6.232545144817740468e-01 3.344904881362814386e+00 7.000000000000000000e+00 1.200000000000000000e+01 5.000000000000000000e+00 -2.146439525884517025e+03
2.064406138865990226e+00 1.255211397129487816e+00 3.922529426153681165e+00 5.985901488989098240e+00 2.283130184488101566e+00 3.217494283567285396e-01 6.868897891051738425e-01 2.566163817847254336e+00 6.000000000000000000e+00 1.100000000000000000e+01 4.000000000000000000e+00 -2.956569866984355031e+02
1.476470008133790257e+00 2.139560456066372129e+00 5.398019356809113489e+00 4.820293879222690592e+00 1.094104670488073916e+00 2.500108139625604187e-01 7.833770418970997795e-01 3.313128960440778314e+00 6.000000000000000000e+00 1.500000000000000000e+01 4.000000000000000000e+00 -4.177112596153902473e+02
1.622668458574238137e+00 1.207010274756223245e+00 4.936360372481717995e+00 3.405006163931169283e+00 1.801424306059150382e+00 5.852199745081545501e-01 6.171200985425081553e-01 2.131109313387279602e+00 5.000000000000000000e+00 1.100000000000000000e+01 4.000000000000000000e+00 -4.400539331553874263e+02
9.780444537773678171e-01 1.002976609251707396e+00 1.530869780181602025e+00 5.439335824242239603e+00 2.205709005010209278e+00 5.256051147403439927e-01 8.546793293850477591e-01 3.160603870442623808e+00 9.000000000000000000e+00 1.300000000000000000e+01 4.000000000000000000e+00 -2.224001156374411948e+03
1.530219870131146465e+00 1.954907857765258328e+00 6.348297070342874271e+00 7.915801954602055268e+00 7.091452168652179200e-01 5.053696305153656532e-01 7.252400268231528058e-01 2.382964271183341864e+00 9.000000000000000000e+00 1.000000000000000000e+01 3.000000000000000000e+00 -2.155742723989461865e+03
1.462313123593560027e+00 3.723862226957641575e-01 3.254693775135247158e+00 4.739377217563261802e+00 2.070536038726543904e+00 2.293967188011833414e-01 9.119561497442221221e-01 2.972095347127362785e+00 6.000000000000000000e+00 1.200000000000000000e+01 5.000000000000000000e+00 -2.375290893872025208e+03
1.456547223695369375e+00 1.249275612698499405e+00 4.213356344978597789e+00 4.488516372895963613e+00 1.530874201402777413e+00 4.800173509416539308e-01 6.249049393124601615e-01 3.053646844478325573e+00 5.000000000000000000e+00 1.000000000000000000e+01 4.000000000000000000e+00 -2.234513553691795551e+03
1.327379478133960955e+00 1.427194198887973720e+00 1.548415836179381833e+00 6.329214004684882156e+00 2.061487464567550276e+00 2.169561488502085855e-01 5.830998690279555197e-01 2.811671269186078348e+00 8.000000000000000000e+00 1.000000000000000000e+01 4.000000000000000000e+00 -2.260730243750346744e+03
7.059877761630439785e-01 2.280582708534875103e+00 6.100361650587099227e+00 5.318093235284069742e+00 9.875547280685348372e-01 3.448809013976246729e-01 7.046529226773451393e-01 2.848875102366988266e+00 8.000000000000000000e+00 1.100000000000000000e+01 4.000000000000000000e+00 -2.737110012053996684e+02
1.772785230607022422e+00 2.660419398404464619e+00 3.088994126671820606e+00 4.542803787821741324e+00 8.052505408629645478e-01 6.470496749478984455e-01 8.398461688011306103e-01 3.273041973730121068e+00 6.000000000000000000e+00 9.000000000000000000e+00 4.000000000000000000e+00 -2.289130805320205297e+02
1.935877258371214493e+00 1.818035797848471358e+00 3.341122650939670535e+00 7.427675948887766388e+00 1.803103029021669412e+00 4.687138551067416281e-01 7.770896584614663816e-01 3.292916218529859052e+00 7.000000000000000000e+00 7.000000000000000000e+00 5.000000000000000000e+00 -2.275875645908957722e+03
1.355872257587971141e+00 1.072092273638764581e+00 3.201810545333958480e+00 4.637720326084597389e+00 1.421816867763959547e+00 2.699001569722339067e-01 8.224651185160998246e-01 2.804535499443296054e+00 8.000000000000000000e+00 1.100000000000000000e+01 5.000000000000000000e+00 -2.134109896889325228e+03
2.272844193534019563e+00 2.663368863165291422e+00 6.906494767719969730e+00 4.127589409298366263e+00 1.569690874672051928e+00 6.436056309726962965e-01 9.043178369757088886e-01 3.001521456897393136e+00 6.000000000000000000e+00 9.000000000000000000e+00 3.000000000000000000e+00 -2.289161007753650210e+03
2.121555216683934653e+00 9.809049974002767014e-01 1.008183002119787286e+00 4.431607493336941594e+00 1.874788773194204783e+00 6.033990968517535247e-01 7.430557786402117726e-01 3.310883588756717621e+00 7.000000000000000000e+00 1.000000000000000000e+01 4.000000000000000000e+00 -2.265212072954215728e+03
1.776292053922864378e+00 2.586175315850637979e+00 5.040913074876593569e+00 7.662701319117728005e+00 1.175312217812017002e+00 1.395478654431924204e+00 8.538288553069348641e-01 2.473334038465591078e+00 7.000000000000000000e+00 8.000000000000000000e+00 4.000000000000000000e+00 -2.131305938755886473e+03
1.483956634293430499e+00 1.599369279824273349e+00 1.535772927356165107e+00 4.979093419341431570e+00 9.455566231949621425e-01 6.648583208669178735e-01 4.997914877991028737e-01 2.973514735013451649e+00 1.100000000000000000e+01 1.200000000000000000e+01 4.000000000000000000e+00 -2.269970060544536864e+03
1.845225288911755523e+00 2.261401555127440677e+00 7.318035030910372996e+00 2.360436469451848041e+00 2.439991459011507491e+00 5.092794832863387633e-01 8.039310745672268999e-01 2.759905775790313598e+00 7.000000000000000000e+00 6.000000000000000000e+00 4.000000000000000000e+00 -2.180577533688753647e+03
2.079404973282102720e+00 2.281016020233144648e+00 4.663107706773939931e+00 3.309869284528847988e+00 1.990354125631884408e+00 3.898665241941148274e-01 4.095629417592361321e-01 2.534585266501849787e+00 6.000000000000000000e+00 1.100000000000000000e+01 5.000000000000000000e+00 -4.391745153945250877e+02
2.009513205554098736e-01 2.396867087700733645e+00 4.676569180992633079e+00 6.889695853468188247e+00 6.173462793097754808e-01 4.302253695388360555e-01 9.513600071103082145e-01 2.286291164952316102e+00 7.000000000000000000e+00 1.700000000000000000e+01 3.000000000000000000e+00 -2.255034266833584297e+03
1.262621702099522736e+00 2.212265395551308078e+00 6.066302710942158782e+00 7.856252097319175398e+00 1.523746830202478586e+00 5.210131474433694621e-01 9.801147479606995283e-01 2.327197813062253040e+00 9.000000000000000000e+00 1.100000000000000000e+01 3.000000000000000000e+00 -2.299879777514250691e+03
1.670680641729208160e+00 1.362915641584927506e+00 3.356140515099993671e+00 5.917241971738608441e+00 1.490369830192266098e+00 2.398731246236272541e-01 5.758678333104706448e-01 2.687030353261613325e+00 1.100000000000000000e+01 1.200000000000000000e+01 4.000000000000000000e+00 -2.328854217603894085e+03
1.714452327682109090e+00 1.897248895849035666e+00 4.752828126364561534e+00 3.451999352861131243e+00 2.671451254203778714e+00 7.229707090823961346e-01 6.537565322698402071e-01 2.448804867519527306e+00 2.000000000000000000e+00 6.000000000000000000e+00 5.000000000000000000e+00 -2.263229552258653257e+03
2.566646159728207088e+00 2.904213915932494228e+00 5.782319435986917000e+00 3.540839368871974369e+00 1.645344219154869281e+00 6.785343017907592422e-01 8.924075079503215324e-01 2.024801453150061548e+00 9.000000000000000000e+00 1.000000000000000000e+01 5.000000000000000000e+00 -2.645636395694680232e+02
1.631851848159769025e+00 9.898810587092056190e-01 3.209199892812382160e+00 5.259880532209445292e+00 1.091101470218119651e+00 4.928104060951611909e-01 6.593229641898508131e-01 2.441254108890004382e+00 8.000000000000000000e+00 8.000000000000000000e+00 3.000000000000000000e+00 -2.214263868380458575e+02
1.216675659691940581e+00 9.832668119091987347e-01 1.761130229622774213e+00 6.210151606290080117e+00 1.697779936751780738e+00 8.657148801495631041e-01 7.986293336936023390e-01 3.716097010865959671e+00 8.000000000000000000e+00 8.000000000000000000e+00 3.000000000000000000e+00 -2.114235613843079591e+03
1.832493000845985431e+00 2.376519023128914831e+00 5.827106012953644942e+00 5.869658253781695478e+00 1.191483290308657628e+00 5.548805765898829900e-01 7.837729142621713274e-01 2.250192426398408330e+00 9.000000000000000000e+00 8.000000000000000000e+00 5.000000000000000000e+00 -2.274308564003135871e+03
7.647984682373257792e-01 2.645636618703329113e+00 9.294811916876572155e+00 8.888513493932155285e+00 1.500811965677346649e-01 2.418418303108082201e-01 8.136258039139536713e-01 2.224311547453171833e+00 7.000000000000000000e+00 1.200000000000000000e+01 2.000000000000000000e+00 -2.282970008393010630e+03
2.446548747682298242e+00 2.505686150014505120e+00 4.188868467682316243e+00 3.399304819309241665e+00 1.747751904801263523e+00 6.901176183864791980e-02 7.112455575125429252e-01 2.753265966521850405e+00 6.000000000000000000e+00 1.100000000000000000e+01 5.000000000000000000e+00 -2.692071247600346737e+02
2.350432352037618244e+00 1.670856818865324778e+00 2.757266649163503835e+00 3.266302595768370232e+00 2.616236552918728364e+00 1.760801737336000483e-01 6.375600260529461494e-01 2.210113637662992847e+00 7.000000000000000000e+00 8.000000000000000000e+00 5.000000000000000000e+00 -2.992973961503935243e+02
2.294802977742451233e+00 2.368458851547776689e+00 5.420798015427923389e+00 2.155421105928323922e+00 1.408923859665410783e+00 1.397155305316063689e+00 8.616143827891382667e-01 2.851929611116679641e+00 6.000000000000000000e+00 3.000000000000000000e+00 4.000000000000000000e+00 -2.253849198834222534e+03
2.637137312463009753e+00 6.625006043936048084e-01 6.397467044630394284e+00 5.268357098177341769e+00 1.960871646130728951e+00 3.011421851517646076e-01 6.344836483020058759e-01 2.205033302211497848e+00 7.000000000000000000e+00 1.700000000000000000e+01 4.000000000000000000e+00 -2.322373444633430609e+03
2.223880930602719630e+00 7.210964672912826279e-01 1.302753610993269806e+00 4.932946191933092805e+00 1.635293895212488469e+00 3.252934441505818119e-01 7.861535468370125512e-01 3.188424207384473963e+00 7.000000000000000000e+00 1.100000000000000000e+01 4.000000000000000000e+00 -1.244999750102793286e+02
