2.122241967608493596e+00 1.939432483170911103e+00 2.000015880957683567e+00 3.776273504453936170e+00 1.100337046721019840e+00 1.810062503505439069e-01 7.938875118147142862e-01 2.204729624637951080e+00 1.000000000000000000e+01 1.700000000000000000e+01 3.000000000000000000e+00 -2.205149098826286263e+03
2.149028532520408596e+00 2.855210112843729942e+00 3.297533490549586332e+00 5.595107325502998386e+00 1.809036692679994784e+00 5.343809942158121995e-01 9.951526734018238951e-01 2.002795923157811409e+00 6.000000000000000000e+00 8.000000000000000000e+00 4.000000000000000000e+00 -2.431757572987827984e+02
2.820260389633161058e+00 2.561247630655570262e+00 5.284479604389499485e+00 4.304910512187529292e+00 2.135579951136611143e+00 6.332169939530598590e-01 7.128539120728725198e-01 2.699114659689234141e+00 8.000000000000000000e+00 1.900000000000000000e+01 4.000000000000000000e+00 -2.437150851546670310e+03
2.373581423444483640e+00 1.368062293033448951e+00 4.310068317369063706e+00 4.711791753481647582e+00 1.797684019097184560e+00 7.427089233204256513e-02 6.675958760679649995e-01 2.336754868030648691e+00 9.000000000000000000e+00 1.400000000000000000e+01 4.000000000000000000e+00 -3.397365127407825867e+02
2.413082972803151538e+00 2.160460842240290447e+00 4.308949799423690941e+00 4.080978177288221431e+00 1.962529846402770506e+00 8.932948545347463298e-01 8.283281303745404500e-01 2.387064712925631049e+00 1.000000000000000000e+01 1.000000000000000000e+01 5.000000000000000000e+00 -2.186105808323533438e+03
1.273300653287865458e+00 1.436317165282826602e+00 3.831328927102839899e+00 4.105777528574021673e+00 1.887291284453325169e+00 5.482563061270974147e-01 4.334104248822112648e-01 2.319493592721883157e+00 8.000000000000000000e+00 7.000000000000000000e+00 4.000000000000000000e+00 -2.042076052996401359e+02
2.051962952762981907e+00 2.312866195391836133e+00 7.483802206725793660e+00 3.369694874887703584e+00 1.959889401801952591e+00 8.924827271022968134e-01 4.770158471369849162e-01 2.369662595977152009e+00 1.000000000000000000e+01 1.500000000000000000e+01 5.000000000000000000e+00 -4.975539693498716360e+02
1.954341050056178197e+00 1.200259439254581562e+00 5.325227231495206937e+00 5.011691404603300093e+00 2.557764520892506610e+00 1.093058804562155428e+00 6.056550094908139670e-01 2.889664022328835458e+00 1.100000000000000000e+01 9.000000000000000000e+00 4.000000000000000000e+00 -2.206781356876012978e+03
2.567710893749638679e+00 1.534093551967776525e+00 4.606049507150114408e+00 4.986063851423018001e+00 2.049211828118346457e+00 5.624997828389997068e-01 7.351470218162472481e-01 2.544223219545939330e+00 8.000000000000000000e+00 9.000000000000000000e+00 4.000000000000000000e+00 -2.143225115855363129e+03
2.053634542028651921e+00 2.229714287237193115e+00 1.029504934802194738e+00 2.309266528804585050e+00 1.109998334890331062e+00 1.093862681705195961e+00 5.907573239944594601e-01 3.444905110587904051e+00 7.000000000000000000e+00 1.700000000000000000e+01 4.000000000000000000e+00 -2.273361548251003114e+03
2.974150381385930686e+00 1.187884613420937985e+00 3.797185718644298102e+00 5.523219538329160905e+00 1.948126869469027023e+00 9.696089226245144799e-01 6.372983449465525752e-01 2.244393074937849786e+00 8.000000000000000000e+00 1.100000000000000000e+01 3.000000000000000000e+00 -2.138132500361910388e+03
2.152135936264155447e+00 1.754601371923138364e+00 3.722823721646120188e+00 3.826992591355702356e+00 1.775951754990632514e+00 4.461761326573407405e-02 6.273250250511228643e-01 2.041197872903908639e+00 8.000000000000000000e+00 1.000000000000000000e+01 3.000000000000000000e+00 -2.641951047682492231e+02
2.075990405261330274e+00 2.582626710277307946e+00 4.879492001240087973e+00 4.708044158289355963e+00 1.439101079115983062e+00 5.918470851830781587e-01 7.186133346367078456e-01 3.215916202743147601e+00 1.000000000000000000e+01 1.000000000000000000e+01 5.000000000000000000e+00 -1.568902671110558060e+02
2.837519109507350201e+00 2.351477981311139498e+00 2.308001745048338105e+00 1.787819516736529390e+00 1.095516712894172295e+00 7.979737559846250550e-01 7.926514533771444881e-01 2.682222820367886840e+00 9.000000000000000000e+00 1.600000000000000000e+01 5.000000000000000000e+00 -2.280486750937817305e+03
2.626163536091601802e+00 8.468308890438038805e-01 6.407093087273523224e+00 4.175545963742164801e+00 1.341914526773178018e+00 4.620419512604964085e-01 4.078862883434828390e-01 2.551415139040268176e+00 8.000000000000000000e+00 1.200000000000000000e+01 3.000000000000000000e+00 -2.153257103854796242e+03
2.597812109335171815e+00 2.521336658108429329e+00 5.019609170644768525e+00 5.403228551523016066e+00 1.973045952288262184e+00 1.659512585939814544e+00 6.954474817974315437e-01 2.196716973854942800e+00 9.000000000000000000e+00 1.500000000000000000e+01 5.000000000000000000e+00 -2.386797040636519796e+03
2.151349479059323944e+00 2.157376201973011387e+00 3.268124122739356707e+00 3.680585290475642424e+00 1.377790482605356415e+00 5.439165549030317015e-01 6.015916703512267372e-01 2.268739759797785194e+00 1.000000000000000000e+01 1.700000000000000000e+01 5.000000000000000000e+00 -3.744322704823784989e+02
1.658565602791484128e+00 2.088221389412891149e+00 2.957891623743403642e+00 5.314958194494844967e+00 1.400419407572069286e+00 6.012720027910091192e-01 8.418631302060028965e-01 2.965047776093029608e+00 7.000000000000000000e+00 1.200000000000000000e+01 4.000000000000000000e+00 -2.142183067442213087e+03
2.719952395860226080e+00 7.622559779325832618e-01 3.560374652794593420e+00 4.769848608317792227e+00 1.944320404824183779e+00 2.073025379233172094e-01 5.280972247131777708e-01 2.056608832724007296e+00 9.000000000000000000e+00 1.400000000000000000e+01 3.000000000000000000e+00 -2.356548967183035074e+03
2.256426234482514559e+00 2.424721277307321454e+00 5.658818695622916728e+00 2.050117621725663142e+00 1.977981354935313796e+00 1.256946865347241982e+00 6.244443823809833205e-01 3.265208214204907478e+00 8.000000000000000000e+00 9.000000000000000000e+00 5.000000000000000000e+00 -2.265738083741427545e+03
2.979107462178173016e+00 1.932941246350740494e+00 5.135225392287065205e+00 3.417493719501480953e+00 1.279562272092560571e+00 2.521637152147248040e-01 2.118416763208256781e-01 2.691942570294983739e+00 8.000000000000000000e+00 1.400000000000000000e+01 3.000000000000000000e+00 -3.090627586856933817e+02
1.556944267780676849e+00 1.826598906638155162e+00 4.338331035654312551e+00 2.661134102655914990e+00 1.755661022334121135e+00 6.167964504427627670e-01 8.189073252660642455e-01 2.286092659980723418e+00 9.000000000000000000e+00 1.100000000000000000e+01 3.000000000000000000e+00 -2.276357591453817804e+03
2.682496389735554043e+00 2.019468730109294619e+00 7.301290937834078676e+00 3.872199005259806981e+00 1.552841660812382729e+00 1.219408647289957071e-01 5.152069724843296727e-01 2.620513464548750449e+00 6.000000000000000000e+00 9.000000000000000000e+00 4.000000000000000000e+00 -3.116945451472163313e+02
1.830541748606147046e+00 2.034128932958810587e+00 4.827954965120856201e+00 5.287464674106475471e+00 2.360068892866842738e+00 8.037993376211685082e-01 5.090702260459096795e-01 2.404427573103501192e+00 1.000000000000000000e+01 1.200000000000000000e+01 4.000000000000000000e+00 -2.961649856766090920e+02
2.285306645735733166e+00 1.784594757620580063e+00 5.622048595342296728e+00 4.941299870444118447e+00 2.185263305063695149e+00 9.086096529039482395e-01 6.926075158122106945e-01 2.475320078832494275e+00 1.000000000000000000e+01 6.000000000000000000e+00 4.000000000000000000e+00 -2.194068555437941541e+03
2.616573889791476759e+00 2.225135898097629017e+00 1.791103908267689171e+00 4.520976417263837810e+00 2.101863892818026436e+00 3.764553757698118619e-01 6.596058252228571561e-01 2.441039787576970266e+00 7.000000000000000000e+00 1.200000000000000000e+01 5.000000000000000000e+00 -2.235164532132574095e+03
1.858081880458089197e+00 2.271018426205523077e+00 4.862187977715124454e+00 3.593571140997172453e+00 1.472168440321127481e+00 9.154638020398512266e-01 5.626212816283409079e-01 2.330803312958666051e+00 8.000000000000000000e+00 7.000000000000000000e+00 4.000000000000000000e+00 -2.024124506775596046e+02
2.093526582883497689e+00 2.127193166471114116e-01 4.784381481786851076e+00 4.973959557159279399e+00 2.356269450017443923e+00 2.450647844445570933e-01 6.207308800322681730e-01 2.564599081931348223e+00 9.000000000000000000e+00 1.200000000000000000e+01 4.000000000000000000e+00 -2.295224253657067493e+03
2.067580763689478740e+00 1.846131213214391220e+00 5.882642582135731324e+00 3.362983209001159324e+00 1.230758065919104860e+00 7.884802050877022239e-01 7.095894044701558379e-01 3.236819168168003635e+00 9.000000000000000000e+00 8.000000000000000000e+00 4.000000000000000000e+00 -2.117011238925403632e+03
1.789675096028366497e+00 2.394260161532528297e+00 4.179927430704068136e+00 2.934696736426225527e+00 1.290069414741626064e+00 6.003235037626846182e-01 8.573167172531998004e-01 2.933909589704822629e+00 8.000000000000000000e+00 1.700000000000000000e+01 4.000000000000000000e+00 -8.589244895972625500e+02
2.930666440323342670e+00 1.294967306925382200e+00 4.842871258441361348e+00 3.378636025911159635e+00 8.759874315316327209e-01 5.235056073613140182e-01 4.335979834158560919e-01 2.267607102068403879e+00 7.000000000000000000e+00 1.200000000000000000e+01 4.000000000000000000e+00 -2.190995738344618530e+03
2.596981472219286324e+00 1.757597807795814759e+00 3.326168503496472972e+00 4.676710039792667750e+00 2.044294944334633879e+00 3.428559847664963134e-01 8.028099947142159909e-01 3.083771357418782610e+00 8.000000000000000000e+00 1.400000000000000000e+01 4.000000000000000000e+00 -4.719941599325077277e+02
1.710514022533287992e+00 2.540548226066409399e+00 4.794423105933008245e+00 5.429313115488603181e+00 1.031361771177765174e+00 1.301817421109488504e-01 6.971735543670085633e-01 2.549930348380536671e+00 1.000000000000000000e+01 1.500000000000000000e+01 4.000000000000000000e+00 -3.271804460984101297e+02
2.559422805931871991e+00 1.267891987832653111e+00 3.924774778353905536e+00 4.162301255128480371e+00 7.426340672810314292e-01 1.126075242056410852e+00 6.609594136803684794e-01 2.601641941061807461e+00 8.000000000000000000e+00 1.300000000000000000e+01 5.000000000000000000e+00 -2.265286734276506650e+03
2.035782895776823587e+00 2.128041429567253395e+00 2.051604214843647966e+00 4.700344912532250063e+00 1.041343258985157449e+00 5.143419622880767150e-01 7.314953068723716312e-01 2.616144732517514448e+00 9.000000000000000000e+00 1.500000000000000000e+01 4.000000000000000000e+00 -2.445886863792417216e+02
2.776638917819899799e+00 1.301365401924584608e+00 4.371822136289186034e+00 7.071650801390158669e+00 1.976739936408382192e+00 2.164375286911632279e-01 3.354499921842162835e-01 3.617115214298094017e+00 1.000000000000000000e+01 1.200000000000000000e+01 4.000000000000000000e+00 -2.133896634549697410e+03
7.970395664734194474e-01 1.549461345339672391e+00 4.585304391581145111e+00 5.692740449149747306e+00 1.549949702732342782e+00 1.284843415771516284e+00 8.256840250432907480e-01 3.106488242553009815e+00 6.000000000000000000e+00 1.200000000000000000e+01 4.000000000000000000e+00 -2.307917534605197034e+03
2.245338507582616216e+00 6.132559176070747631e-01 5.269004785178204031e+00 6.428046677684349675e+00 1.863788085349946000e+00 4.813902592888500975e-01 4.897747207116834312e-01 2.335527240739359023e+00 8.000000000000000000e+00 8.000000000000000000e+00 3.000000000000000000e+00 -2.188173760624819806e+03
1.920305067536408394e+00 1.914003250450315941e+00 5.525559668955779991e+00 2.739259582990833053e+00 1.863206575201141302e+00 1.187394887005597699e+00 5.977539060293115547e-01 2.171594194019004664e+00 1.000000000000000000e+01 6.000000000000000000e+00 4.000000000000000000e+00 -2.196820113048134772e+03
1.133837737286809144e+00 2.378635796828437510e+00 4.793039434805592691e+00 4.371332894214869924e+00 1.342774705339771613e+00 3.694937550272581750e-01 7.545990458130585887e-01 2.342208230524457147e+00 9.000000000000000000e+00 1.100000000000000000e+01 4.000000000000000000e+00 -2.122610021867728847e+03
2.360228632603641241e+00 2.586488670384521349e+00 3.749027599603554251e+00 2.901504516040388282e+00 1.112212154914767659e+00 9.580863491245957819e-01 8.561987623414277770e-01 2.132028601180463667e+00 9.000000000000000000e+00 1.500000000000000000e+01 4.000000000000000000e+00 -3.361828939960180946e+02
2.689567622648772360e+00 2.592170036011554490e+00 3.898588913723657789e+00 5.460205331735671130e+00 1.528640250547267376e+00 1.908940295521700747e+00 9.240433814464836804e-01 2.081383550086441048e+00 1.100000000000000000e+01 1.900000000000000000e+01 5.000000000000000000e+00 -2.293048610949958402e+03
2.081498464788350766e+00 2.364620758466393191e+00 2.079446304131939094e+00 5.913615132248786210e+00 2.999083817481045244e+00 6.635737356699431544e-01 8.262171472872779088e-01 3.600401802419115338e+00 9.000000000000000000e+00 1.100000000000000000e+01 4.000000000000000000e+00 -2.169223089758037077e+03
1.922562912111378530e+00 2.815368228398761108e+00 3.866506971016811178e+00 4.277460063376258503e+00 2.123907178977499921e+00 7.349768316885710862e-01 9.429472475757358918e-01 2.402811991097224986e+00 1.000000000000000000e+01 1.800000000000000000e+01 5.000000000000000000e+00 -2.276612269493567055e+03
2.224028282257704436e+00 1.537911017859644680e+00 5.962882612585655551e+00 4.760335141675859916e+00 1.224830679189855998e+00 6.728940950383854869e-01 5.402470820045773836e-01 2.593615070126074951e+00 8.000000000000000000e+00 1.700000000000000000e+01 4.000000000000000000e+00 -2.285999641061190687e+03
2.051325306189792474e+00 1.627509620681588443e+00 4.099207852734091162e+00 3.806403491146172158e+00 1.677978035224203079e+00 1.255700948164358621e+00 7.454260969745964971e-01 3.436621515105493962e+00 8.000000000000000000e+00 1.800000000000000000e+01 5.000000000000000000e+00 -2.189975164280396712e+03
1.150265552273026293e+00 1.846855583168678594e+00 2.400315112766458370e+00 3.174532383870047436e+00 1.433641403709361883e+00 1.081285859654125714e+00 5.858490427945844958e-01 2.099576569132166171e+00 8.000000000000000000e+00 1.100000000000000000e+01 4.000000000000000000e+00 -2.792556395054538143e+02
2.658091341936082763e+00 9.598668540102551772e-01 4.909886996454471131e+00 6.161839495989147153e+00 1.893851136526000012e+00 3.446057845678305309e-01 6.764836433069897348e-01 2.105384556881312541e+00 1.000000000000000000e+01 9.000000000000000000e+00 3.000000000000000000e+00 -1.705603014439132892e+02
