1.563204796899495097e+00 1.884366700536998396e+00 6.842472357912410708e+00 3.209363719848107976e+00 2.154044884376006053e+00 1.213827414974541163e+00 6.133203128165493068e-01 2.367531535100192652e+00 4.000000000000000000e+00 8.000000000000000000e+00 5.000000000000000000e+00 -2.318051094439941153e+03
1.867680313837422501e+00 1.496620749477886925e+00 7.411563009182890127e+00 3.395368235421634573e+00 2.228235688981563545e+00 5.162581263233285700e-01 6.709797537430068903e-01 2.460058078275419557e+00 1.000000000000000000e+01 1.500000000000000000e+01 4.000000000000000000e+00 -3.251852258317179576e+02
2.286375096527530904e+00 9.573299769389034264e-01 5.614923552385108430e+00 5.376127464757699315e+00 2.402286532224406912e+00 3.718558081692070472e-01 5.787215623693003907e-01 2.113138662974260562e+00 8.000000000000000000e+00 8.000000000000000000e+00 4.000000000000000000e+00 -2.467493166411297807e+02
1.433850598468328297e+00 1.948339874233736335e+00 4.238512467681189833e+00 5.539136079433410131e+00 1.781116195224115906e+00 3.612509436682360131e-01 3.338642225959902454e-01 2.454836662851870077e+00 8.000000000000000000e+00 9.000000000000000000e+00 4.000000000000000000e+00 -2.302399640076641845e+03
2.434910445647718191e+00 1.852171840843907180e+00 4.460300967265515837e+00 5.032604799372103699e+00 2.061369726565306593e+00 8.693014571182993144e-01 4.397140609901327712e-01 2.209933313638407171e+00 8.000000000000000000e+00 1.000000000000000000e+01 5.000000000000000000e+00 -2.192491742546839305e+03
1.800483098217341205e+00 2.002542528838969549e+00 4.467112119427937067e+00 5.012497107025982501e+00 1.384229027737501561e+00 2.891459391605811224e-01 4.073979292301386779e-01 2.866256542174276944e+00 5.000000000000000000e+00 1.000000000000000000e+01 5.000000000000000000e+00 -1.028958040608865758e+03
1.885677962201768754e+00 1.042584058229534261e+00 4.146849074451039563e+00 7.038196360829682696e+00 2.558545435330788376e+00 2.487459246429022663e-01 6.970847702270890345e-01 2.708456215964802904e+00 6.000000000000000000e+00 1.500000000000000000e+01 4.000000000000000000e+00 -2.238931800607055266e+03
1.555360615740821073e+00 2.639755746580744411e+00 5.133706862009144167e+00 4.259579277754561133e+00 1.431814649367128878e+00 3.700601252738247027e-01 6.204916345187140303e-01 2.982963095794757269e+00 9.000000000000000000e+00 1.800000000000000000e+01 5.000000000000000000e+00 -2.281982766446581991e+03
1.461846119771836428e+00 2.544937142981686939e+00 3.908400579239971862e+00 5.291426715214698540e+00 1.425024006522542352e+00 5.424420511712714221e-01 7.560857605594610842e-01 3.633264351917750545e+00 6.000000000000000000e+00 1.200000000000000000e+01 4.000000000000000000e+00 -3.002764560467143156e+02
1.543314160400131696e+00 1.691752921493688389e+00 7.553372325168569823e+00 3.589685384648872546e+00 1.481085629304808471e+00 4.033295816728801886e-01 5.076461588875613717e-01 2.754845494716835486e+00 6.000000000000000000e+00 1.600000000000000000e+01 5.000000000000000000e+00 -2.126168972759408462e+03
2.016300391001633496e+00 2.414399094335512252e+00 4.727238346885355824e+00 5.578382170855721078e+00 2.174601828229275391e+00 9.593201610338417673e-01 6.317667949315640685e-01 2.460818437175074536e+00 7.000000000000000000e+00 1.500000000000000000e+01 5.000000000000000000e+00 -2.213117661990738270e+03
1.544365199275071099e+00 1.741002525382729704e+00 5.244067492899679550e+00 2.917015203557426162e+00 2.215246864393739745e+00 5.619964284078668992e-01 7.383205890480485367e-01 2.819581446612178244e+00 7.000000000000000000e+00 9.000000000000000000e+00 4.000000000000000000e+00 -2.636333929522068047e+02
2.055574846652628906e+00 1.712525594701834297e+00 7.883124773651041473e+00 2.737387792051957369e+00 2.032029976451512621e+00 5.531706104812849079e-01 8.536211470505644661e-01 2.230660948361920859e+00 5.000000000000000000e+00 4.000000000000000000e+00 4.000000000000000000e+00 -2.265132897690854861e+03
1.866893425309753773e+00 1.594903901827860793e+00 2.693937247620838971e+00 6.617972055027625089e+00 1.980378707738006394e+00 1.783782618100387296e+00 4.936071045684369829e-01 2.057420095624397760e+00 7.000000000000000000e+00 6.000000000000000000e+00 4.000000000000000000e+00 -2.119889296174004812e+03
1.805200921970621319e+00 1.104934655226987861e+00 4.203888078556397900e+00 2.887423534872370467e+00 1.872944743416319779e+00 8.220745378250362556e-01 6.327620731761047779e-01 2.804135729924048359e+00 7.000000000000000000e+00 1.000000000000000000e+01 3.000000000000000000e+00 -6.200119607881094907e+02
1.786588594714158429e+00 2.450962009495651461e+00 7.093580352705853187e+00 2.221141234238162454e+00 1.882595884656827590e+00 8.653221286564019010e-01 5.548240083783352317e-01 2.226014427725496070e+00 8.000000000000000000e+00 7.000000000000000000e+00 4.000000000000000000e+00 -2.151001735387796430e+02
1.759149642964271010e+00 2.273731323876327259e+00 6.607428152238026264e+00 2.461295248610186004e+00 1.304403406418522371e+00 1.170296112363934604e+00 6.190292151798688636e-01 2.243341770424377213e+00 6.000000000000000000e+00 6.000000000000000000e+00 4.000000000000000000e+00 -1.913256936222901743e+02
1.698863046982802993e+00 1.730911784546726562e+00 4.663555670372147688e+00 3.688246740583104977e+00 1.206459208387702597e+00 4.309944223382023432e-01 6.370261109446420100e-01 2.104463977433997268e+00 9.000000000000000000e+00 1.400000000000000000e+01 4.000000000000000000e+00 -3.310875670652431495e+02
1.562034772207761657e+00 1.439705414140437290e+00 7.647121326979391398e+00 5.436986283800541386e+00 1.253280564968534572e+00 4.522528559117535152e-01 4.301726404128481951e-01 2.927906638520181293e+00 9.000000000000000000e+00 1.500000000000000000e+01 4.000000000000000000e+00 -2.256278724172055263e+03
1.625539940427805696e+00 1.455423743523224900e+00 4.494311844152376167e+00 5.239882888339235656e+00 2.904136803935235100e+00 6.459082861917084806e-01 6.915224198377719622e-01 3.123195191384693370e+00 4.000000000000000000e+00 2.000000000000000000e+01 4.000000000000000000e+00 -2.251050572742090480e+03
1.795512526084310334e+00 2.567024175788009455e+00 5.572019523173328714e+00 3.896213302782888910e+00 1.661894475222683409e+00 8.432035095836896144e-01 6.538637448580607581e-01 2.403191000213706019e+00 8.000000000000000000e+00 1.600000000000000000e+01 4.000000000000000000e+00 -5.145585908970018636e+02
1.443075441135200254e+00 2.362684607817089333e+00 2.454535906030622883e+00 5.734607617958698000e+00 1.776310523632095517e+00 6.012241711335598593e-01 8.807140980408727504e-01 3.142618618072975156e+00 9.000000000000000000e+00 5.000000000000000000e+00 5.000000000000000000e+00 -2.259657224226930794e+03
1.542697360808954032e+00 1.494569827066266399e+00 7.233783337848395334e+00 1.122392740664799327e+00 1.738391131093673936e+00 1.263662900364379560e+00 7.502327121849164948e-01 2.231284487624032753e+00 6.000000000000000000e+00 5.000000000000000000e+00 4.000000000000000000e+00 -1.771291053333996501e+02
1.897574702510764100e+00 9.157698135143290674e-01 3.979733104398166077e+00 4.601869669255959749e+00 2.534964587610919473e+00 9.934202744421170017e-01 4.594597344422628460e-01 2.411755114431890501e+00 8.000000000000000000e+00 1.000000000000000000e+01 4.000000000000000000e+00 -2.221485758042898851e+03
1.776516465722959071e+00 2.271853350557969886e+00 7.297972862821726636e+00 2.530588021306510615e+00 1.811399268410754715e+00 1.966551351406622850e+00 8.040327230094936883e-01 3.041210680125947086e+00 7.000000000000000000e+00 1.400000000000000000e+01 4.000000000000000000e+00 -2.141943376618256480e+03
1.908627051845384726e+00 2.543764053256271307e+00 4.339244702804228027e+00 5.971310475234849591e+00 1.491581096606601653e+00 6.069742835995112218e-02 8.101983349869158468e-01 2.391809224358974362e+00 5.000000000000000000e+00 1.100000000000000000e+01 5.000000000000000000e+00 -4.459333652105988222e+02
1.594234528331941902e+00 1.871582869119160719e+00 4.286726539040171424e+00 5.795544369334097112e+00 2.026490814940250740e+00 1.399578839243265094e-02 3.266479686920273351e-01 2.219421435241805796e+00 9.000000000000000000e+00 1.300000000000000000e+01 4.000000000000000000e+00 -3.132494129883546066e+02
1.623988829003049750e+00 2.051415904012415137e+00 6.616257417730893486e+00 5.757190431624955806e+00 1.520893181576862929e+00 3.259741485691596274e-01 6.956389671932230456e-01 2.102582510699346763e+00 7.000000000000000000e+00 9.000000000000000000e+00 4.000000000000000000e+00 -3.217401827926773876e+02
9.330438753764684900e-01 1.401633005986408165e+00 7.630209437934474259e+00 2.498269667773711511e+00 1.873580610173226191e+00 7.874730357398213032e-01 3.969702743024917657e-01 2.678263946900869552e+00 8.000000000000000000e+00 9.000000000000000000e+00 4.000000000000000000e+00 -2.220197476979483326e+03
1.276908344557168729e+00 2.008502567657553417e+00 8.365522301163474950e+00 2.264363490315038696e+00 2.564988184177024344e+00 9.080197548456336865e-01 7.103920744590445091e-01 2.437354383615139231e+00 4.000000000000000000e+00 1.100000000000000000e+01 4.000000000000000000e+00 -5.061527596092586236e+02
1.046552437428429627e+00 2.533782386092665817e+00 2.687116334297058096e+00 5.991844991258080455e+00 1.495373716945078035e+00 4.444755627409013865e-02 6.582206732231580260e-01 3.557187106832193191e+00 7.000000000000000000e+00 5.000000000000000000e+00 5.000000000000000000e+00 -2.106606440741541064e+03
2.014161105173331912e+00 1.349102732954764017e+00 4.431775847102264798e+00 3.340416729755853797e+00 2.453282742768446933e+00 5.279977458392961509e-01 8.678281132832993405e-01 2.607320734316754596e+00 3.000000000000000000e+00 7.000000000000000000e+00 4.000000000000000000e+00 -2.139502267372822644e+03
1.219293971429368018e+00 1.471386925303653115e+00 5.023919973234158398e+00 5.297660420716623797e+00 2.297457948599499034e+00 6.689665259294388377e-01 5.504881916064072733e-01 2.638041267765127706e+00 5.000000000000000000e+00 1.700000000000000000e+01 4.000000000000000000e+00 -9.541337793823751099e+02
2.108152936137214439e+00 1.629078372386725704e+00 2.466804122115451303e+00 4.670602873911038344e+00 1.924192183256933752e+00 1.186767608845657795e+00 4.668318534608005277e-01 2.786393547285587857e+00 1.000000000000000000e+01 6.000000000000000000e+00 4.000000000000000000e+00 -2.123947073890255979e+03
1.972704225449959159e+00 1.606159347733623344e+00 6.685933596457728001e+00 3.115710560521132155e+00 1.811317689157548427e+00 7.368694143126958140e-01 7.154043278921804472e-01 2.309948171549780049e+00 4.000000000000000000e+00 9.000000000000000000e+00 5.000000000000000000e+00 -2.131738272687370682e+03
1.256744639529066010e+00 2.859161319808753099e+00 5.889422025924948123e+00 2.083856564456303850e+00 2.185040556280960278e+00 8.739614257317490642e-01 8.934163869622091525e-01 2.253158637906109707e+00 8.000000000000000000e+00 1.200000000000000000e+01 4.000000000000000000e+00 -4.684824327225648517e+02
2.341617268159351450e+00 2.729125219017547899e+00 5.788182266496423978e+00 2.996466834168826310e+00 1.155998195677470308e+00 7.828810866446429539e-01 9.297073288351822562e-01 2.110007755105218319e+00 8.000000000000000000e+00 1.300000000000000000e+01 4.000000000000000000e+00 -3.177839751387267597e+02
2.974421336409295957e+00 1.734056882072558814e+00 5.966662714334908912e+00 5.615529679995253431e+00 1.979001357759539115e+00 1.012320710417147218e-01 6.129176872910707674e-01 3.161235519275292560e+00 9.000000000000000000e+00 1.600000000000000000e+01 4.000000000000000000e+00 -3.616329084225251336e+02
1.556076637902153337e+00 2.571855969363688210e+00 7.498112805857068963e+00 3.313036809121705950e+00 1.913430323982407533e+00 4.113566005808321213e-01 4.847132962369840037e-01 2.301684099678097173e+00 5.000000000000000000e+00 9.000000000000000000e+00 4.000000000000000000e+00 -4.105280051022012913e+02
1.445291879711307015e+00 2.619219261521985587e+00 1.771346047543187918e+00 5.015639451541697547e+00 6.199558825815443264e-01 8.090434075265701130e-02 9.801654670209334341e-01 4.230652373036948077e+00 5.000000000000000000e+00 6.000000000000000000e+00 3.000000000000000000e+00 -2.258195711285659399e+03
2.983665062466722695e+00 2.815117610945471416e+00 4.674163917694308168e+00 7.741159995399633509e+00 2.153057122967471315e+00 5.135442741751621298e-01 9.939310797380080942e-01 3.245012615807796763e+00 4.000000000000000000e+00 9.000000000000000000e+00 5.000000000000000000e+00 -2.254718348293684357e+03
1.177003510756853277e+00 2.259906000802394122e+00 2.469127495042140907e+00 4.920796817831567083e+00 1.651765962329490023e+00 5.444341905424157080e-01 5.954662828628058957e-01 2.145630101435815895e+00 9.000000000000000000e+00 1.300000000000000000e+01 4.000000000000000000e+00 -2.253934953552574370e+03
1.790213069036855398e+00 2.067765401835333972e+00 6.978124553711237965e+00 3.498949689812670627e+00 1.355525277369917347e+00 5.674599616810815927e-01 5.728583947088434769e-01 3.069649413723424480e+00 6.000000000000000000e+00 1.600000000000000000e+01 4.000000000000000000e+00 -2.200502565219745065e+03
1.460171473810539355e+00 1.861970103070074600e+00 4.055145071999512574e+00 7.552915207335494152e+00 2.667619921205739875e+00 4.125035645690370845e-01 5.998730210119550543e-01 2.758073389466895620e+00 5.000000000000000000e+00 1.500000000000000000e+01 4.000000000000000000e+00 -2.228110444471489700e+03
2.642149178086444117e+00 1.283952229946881296e+00 5.659115625544567152e+00 6.005604282303064423e+00 9.980855060117083122e-01 3.921210130579055875e-01 8.307046635881816243e-01 3.216575994373648495e+00 6.000000000000000000e+00 1.200000000000000000e+01 4.000000000000000000e+00 -2.155493329539093338e+03
2.426554977520288148e+00 9.362037878927023105e-01 4.640767055416626263e+00 6.133956450531464100e+00 1.926269463442484620e+00 1.081781987745346285e+00 4.653536377234465116e-01 2.285973774394698843e+00 1.100000000000000000e+01 8.000000000000000000e+00 4.000000000000000000e+00 -2.126452740416608322e+03
1.803885751565280193e+00 2.344331539500096984e+00 7.544648848811901232e+00 1.583925254919645642e+00 2.613869117539393994e+00 1.251070135847819564e+00 9.363064438092240094e-01 2.540928305262004638e+00 3.000000000000000000e+00 1.200000000000000000e+01 4.000000000000000000e+00 -5.657737486800510851e+02
1.802267193479946128e+00 1.267356124469812162e+00 2.115575207273754810e+00 5.928339195700075059e+00 1.887023192728468635e+00 1.223591673154852399e+00 4.400272465619135542e-01 2.345276123477329389e+00 1.000000000000000000e+01 7.000000000000000000e+00 4.000000000000000000e+00 -1.112677172378571271e+02
