8.713407679761082658e-01 2.173864813690382647e+00 7.304980040179268386e+00 5.487943928525342407e+00 8.548848320586558414e-01 2.525448244919428209e-01 7.837054037837366538e-01 2.875574727135610242e+00 9.000000000000000000e+00 8.000000000000000000e+00 5.000000000000000000e+00 -2.204490261248986656e+02
8.221904346176558409e-01 2.509918889384186169e+00 2.438518660810291117e+00 3.808717281505947128e+00 6.807197284020873873e-01 7.487257588144267118e-01 7.348705555061019190e-01 2.833052918615078575e+00 8.000000000000000000e+00 1.100000000000000000e+01 5.000000000000000000e+00 -1.610057753695939766e+02
1.710031957262177604e+00 1.959808889888378092e+00 5.718647440524697423e+00 4.270825940118162301e+00 2.976939338322134532e+00 8.384647791496119273e-01 8.232268093123595865e-01 2.561903303866071013e+00 7.000000000000000000e+00 1.000000000000000000e+01 5.000000000000000000e+00 -2.337544050017264908e+03
1.753918376485411823e+00 2.097545316476829402e+00 6.130215580688406440e+00 2.558680642941275618e+00 1.100546496048061984e+00 6.597873786276307051e-01 9.398876974371865867e-01 3.448463448738461334e+00 7.000000000000000000e+00 1.000000000000000000e+01 4.000000000000000000e+00 -2.221107233546255884e+03
1.464430586518438604e+00 2.048140546119338712e+00 3.833251467027613657e+00 4.106188129198093506e+00 9.876872324444705420e-01 8.412352244666420065e-01 7.417520482538625393e-01 2.492973231130083622e+00 1.100000000000000000e+01 1.600000000000000000e+01 4.000000000000000000e+00 -2.164750262722874140e+03
2.527815497154830116e+00 2.758270462031199521e+00 3.917537077291317615e+00 8.128647972989758941e+00 1.357011266091797452e+00 6.234259340238892388e-01 7.941006069590959005e-01 3.555542801204222503e+00 9.000000000000000000e+00 1.200000000000000000e+01 5.000000000000000000e+00 -2.280152210838707560e+03
2.093345001897183089e+00 1.426793687158502522e+00 6.279406923272848218e+00 4.865795724569398573e+00 2.450149672302527115e+00 8.928321757042471107e-01 6.897852771703175678e-01 2.228516509811202972e+00 1.000000000000000000e+01 1.700000000000000000e+01 3.000000000000000000e+00 -2.230637299268857078e+03
2.887323407665686847e+00 1.992888939531620274e+00 4.127318027511003073e+00 4.465819187384804323e+00 1.309768728959443962e+00 5.049888621289605473e-02 6.456168576069779563e-01 2.851402437658983491e+00 8.000000000000000000e+00 1.700000000000000000e+01 4.000000000000000000e+00 -2.300391790969705653e+03
2.071344553887476625e+00 2.283767679699030495e+00 4.129147036707978558e+00 3.893589953504110301e+00 1.913673103407540266e+00 5.732799259753480481e-01 7.092825474871503610e-01 2.398189797083426722e+00 1.000000000000000000e+01 9.000000000000000000e+00 4.000000000000000000e+00 -2.160708426735545800e+03
2.293970118906371702e+00 1.883687204092037382e+00 2.635879846015381389e+00 5.916318625061594005e+00 1.710331895794489743e+00 7.708307217762502273e-01 6.142814692332365656e-01 2.677722445277821439e+00 9.000000000000000000e+00 5.000000000000000000e+00 5.000000000000000000e+00 -2.256935066626406297e+03
2.282986381050847946e+00 1.464334020062599162e+00 4.917310234020063398e+00 7.431325932797330225e+00 1.763676523077198910e+00 5.172202655576936259e-01 8.021151032938179659e-01 2.184804405137869221e+00 1.100000000000000000e+01 1.900000000000000000e+01 3.000000000000000000e+00 -2.310624749260744920e+03
2.896646907089192702e+00 2.347052465375832675e+00 7.204941021849384342e+00 4.578755489722183825e+00 1.406012601228859848e+00 3.395654973432085666e-01 7.866466072432060086e-01 2.717743874098411894e+00 1.000000000000000000e+01 7.000000000000000000e+00 4.000000000000000000e+00 -2.264803878892054854e+03
2.249594578987820004e+00 1.727964092530226203e+00 6.931576199437158969e+00 3.987575806490869734e+00 1.287006745625877802e+00 6.623449282816012973e-01 7.128923374970237425e-01 3.294163490053946486e+00 1.000000000000000000e+01 1.400000000000000000e+01 4.000000000000000000e+00 -2.496524347255246425e+02
1.928229377375170861e+00 1.706252037566102331e+00 5.226499444440931619e+00 3.325390401050159372e+00 1.227423297281941661e+00 5.212414790346761029e-01 6.720505285553508568e-01 2.437944619908379629e+00 6.000000000000000000e+00 6.000000000000000000e+00 4.000000000000000000e+00 -2.110275047066251091e+02
1.536825248006852718e+00 1.049398783853676020e+00 2.312086498783446853e+00 5.622846759288587570e+00 1.603405114123984898e+00 1.568849435268698245e-01 7.315615715121325247e-01 3.099705345306611015e+00 9.000000000000000000e+00 1.000000000000000000e+01 5.000000000000000000e+00 -6.872316136265314981e+02
2.016757674413145018e+00 2.297289566469232547e+00 6.146524011253463371e+00 7.844919691139307538e+00 1.632358169446800567e+00 3.822205332306018999e-01 9.096433932468909189e-01 3.131512801169935578e+00 6.000000000000000000e+00 5.000000000000000000e+00 5.000000000000000000e+00 -6.383815906221353771e+02
1.669049123780465438e+00 2.447582525911263129e+00 7.058169606633769355e+00 6.526000866754792185e+00 7.339747737814189543e-01 8.494264978158994062e-01 6.380630928270730751e-01 2.076794681509928076e+00 4.000000000000000000e+00 1.600000000000000000e+01 4.000000000000000000e+00 -2.274549054184694342e+03
1.575773429217893984e+00 1.768005205246260703e+00 5.652295195858386023e+00 2.880783947962056502e+00 2.702346558728478509e+00 7.181684465916735594e-01 6.347542703473989523e-01 2.822460570024896143e+00 1.000000000000000000e+01 1.200000000000000000e+01 5.000000000000000000e+00 -2.314003780406815622e+03
2.807789942217753687e+00 2.421199418081448673e+00 5.726925448917339345e+00 3.848802795849604941e+00 1.320253309548764964e+00 7.899258468208738559e-01 4.099903171802762314e-01 2.781887530184862900e+00 7.000000000000000000e+00 1.500000000000000000e+01 4.000000000000000000e+00 -2.772708255232730608e+02
2.123850438962747056e+00 2.237964783462770058e+00 7.393217586795808316e+00 3.317542129496862557e+00 1.693150274399757294e+00 5.594869443072715276e-01 6.412430760414217223e-01 2.693821724817080376e+00 1.000000000000000000e+01 1.200000000000000000e+01 4.000000000000000000e+00 -2.240341317987122693e+03
2.539600213702444265e-01 2.430239295378361142e+00 4.318310204069451430e+00 4.501331232954226991e+00 2.011143812113521889e+00 2.601140083213154819e-01 6.778441944928248475e-01 2.522099027195115806e+00 5.000000000000000000e+00 1.300000000000000000e+01 5.000000000000000000e+00 -2.217323361467157156e+03
2.309425593847683533e+00 1.868779131026652829e+00 5.503689150336251501e+00 5.998035023350192674e+00 9.855565002414290454e-01 3.293058909859723493e-01 9.420565697193132859e-01 2.226654206511400336e+00 8.000000000000000000e+00 1.300000000000000000e+01 4.000000000000000000e+00 -3.031767732490968115e+02
1.141924912590324137e+00 2.540273235334936874e+00 4.818227956306354365e+00 3.818246098894789498e+00 1.144330543099573827e+00 5.483055346999634594e-01 9.257367599771282318e-01 2.702954021409493368e+00 8.000000000000000000e+00 1.000000000000000000e+01 5.000000000000000000e+00 -1.904431373659603821e+02
2.536495794815454730e+00 2.982128799215007398e+00 5.960013969827100411e+00 4.021823335846258729e+00 8.400694805427458833e-01 1.928696868979457024e-02 8.223730827381329211e-01 2.403327784666588141e+00 8.000000000000000000e+00 1.900000000000000000e+01 4.000000000000000000e+00 -2.324352669212362343e+03
2.429369888410463307e+00 2.664014712922143424e+00 6.907540869828907582e+00 2.414321892079488663e+00 1.444765275445631270e+00 1.050752314778712782e+00 8.251412260998823855e-01 2.551955991204859941e+00 6.000000000000000000e+00 1.600000000000000000e+01 4.000000000000000000e+00 -2.226188266043279327e+03
1.048212095139994471e+00 2.942540020981925242e+00 6.092921207920678484e+00 3.835125544467961500e+00 1.219800096962457836e+00 1.473642394620194196e+00 4.542908798516618885e-01 2.960962243193330679e+00 8.000000000000000000e+00 7.000000000000000000e+00 4.000000000000000000e+00 -2.108558422226605671e+03
2.398227727392479025e+00 2.151163814639999394e+00 4.632610218328721885e+00 6.027777495342535374e+00 1.095533043454405053e+00 7.246259523215803355e-01 6.456647830376766040e-01 2.219519554257012306e+00 9.000000000000000000e+00 9.000000000000000000e+00 5.000000000000000000e+00 -2.135287990202793935e+03
1.582551946839066748e+00 1.874937665980623391e+00 1.997276337977891503e+00 5.492530904422213034e+00 1.663909097094329548e+00 1.926845598175967178e-01 6.774503158209419507e-01 2.794864025083307002e+00 8.000000000000000000e+00 8.000000000000000000e+00 4.000000000000000000e+00 -1.996116124760376636e+02
2.393359205970918779e+00 1.913453604757581639e+00 3.732151219520607022e+00 5.351718512213897050e+00 1.428644919034004035e+00 9.417034092877241136e-01 3.762105560541850746e-01 2.784969967301623495e+00 7.000000000000000000e+00 1.600000000000000000e+01 4.000000000000000000e+00 -2.108761611025605362e+03
2.195713433549927984e+00 1.980842957394495896e+00 3.165971422871416863e+00 6.273268310895698363e+00 2.244830184000139006e+00 1.588042631640266045e+00 3.955935607880792793e-01 2.190575176763506882e+00 8.000000000000000000e+00 7.000000000000000000e+00 2.000000000000000000e+00 -2.268092107463849516e+03
1.746582714880105414e+00 2.456981824342619358e+00 6.555070766290846507e+00 4.576869448802655782e+00 8.888180355926378340e-01 1.263514791066016607e-01 6.554827435458997487e-01 3.229075538295986370e+00 7.000000000000000000e+00 1.600000000000000000e+01 4.000000000000000000e+00 -5.031432548273231760e+02
2.451297878104852224e+00 2.875000893541594937e+00 7.162398712619468810e+00 3.706971378543103324e+00 1.658996762930920132e+00 1.466913208927727696e+00 7.042465558003133674e-01 2.581681121712855465e+00 7.000000000000000000e+00 1.500000000000000000e+01 3.000000000000000000e+00 -2.129320462407633840e+03
1.134995700742377434e+00 1.914056997844604924e+00 5.517354248543579587e+00 5.682787202366595736e+00 1.269303171471320546e+00 3.593525698450145689e-01 6.527616009654111373e-01 2.011500400132366639e+00 8.000000000000000000e+00 1.000000000000000000e+01 4.000000000000000000e+00 -2.627047481684543300e+02
2.507363222149399551e+00 1.825032694240356079e+00 4.275411868688150818e+00 5.900693875983574088e+00 1.985894823637398776e+00 6.567909880182165594e-01 4.166100376720761611e-01 2.862728025811775989e+00 7.000000000000000000e+00 1.100000000000000000e+01 4.000000000000000000e+00 -8.486934984813054825e+02
2.368740485613993751e+00 2.895262845102320792e+00 6.681059454867375180e+00 6.066543770778737965e+00 1.083987706244443183e+00 8.130531252263226705e-01 3.667251256352911382e-01 3.137049645588965152e+00 1.100000000000000000e+01 1.600000000000000000e+01 5.000000000000000000e+00 -2.278873722675420140e+03
1.582624646553509429e+00 2.075667886060857281e+00 6.353082378815743780e+00 5.440594228075608108e+00 7.996862311598856854e-01 6.643955212036950497e-02 9.161601674661091765e-01 2.465923192135003550e+00 9.000000000000000000e+00 1.300000000000000000e+01 5.000000000000000000e+00 -2.189938175198757563e+03
1.374323343047784807e+00 2.321368037403371165e+00 1.663718968533251630e+00 2.740150160323470807e+00 1.188879642510756840e+00 1.650632046610101433e+00 6.967228121847145461e-01 2.362004876146961418e+00 7.000000000000000000e+00 1.900000000000000000e+01 4.000000000000000000e+00 -2.206878095208536706e+03
9.452514841110893906e-01 1.875012363406491911e+00 3.381424829016362210e+00 2.424635403077203932e+00 1.619830736869467769e+00 5.312539148933604904e-01 4.842041237018657185e-01 2.191389656621880011e+00 7.000000000000000000e+00 1.100000000000000000e+01 5.000000000000000000e+00 -2.151296838966773976e+03
2.698922976699066556e+00 1.888039004824307421e+00 6.144996757465658099e+00 3.017182506807377873e+00 1.711560753124355738e+00 3.191349076833464582e-01 8.970086076000296504e-01 2.308159254639762459e+00 6.000000000000000000e+00 4.000000000000000000e+00 5.000000000000000000e+00 -2.261545539368476966e+03
2.160420142742339955e+00 1.744128949718303900e+00 6.717735276240204279e+00 3.562194918842094715e+00 1.497173859707677801e+00 1.396491633527900955e-01 4.213191488983458188e-01 3.620337425446484403e+00 8.000000000000000000e+00 8.000000000000000000e+00 4.000000000000000000e+00 -2.262151705950016549e+03
2.067408593656167248e+00 1.649896158155167214e+00 4.482879938989029256e+00 4.833899741018255369e+00 3.801639942800656424e-01 1.806480799559719852e+00 9.236583732328010887e-01 2.258556023322780604e+00 4.000000000000000000e+00 1.300000000000000000e+01 5.000000000000000000e+00 -2.207999928110342807e+03
1.311448127346405812e+00 1.274630060674126542e+00 5.787639525281758957e+00 6.196686272658677552e+00 5.341962551653607338e-01 1.327040241215082239e-01 6.028337924379210122e-01 3.290612509414290621e+00 9.000000000000000000e+00 9.000000000000000000e+00 5.000000000000000000e+00 -2.265235630858167497e+03
2.023193155654478215e+00 1.491231160335397155e+00 6.232589000673860014e+00 3.470728977780843660e+00 2.456726126999566162e+00 1.114886464675613809e+00 6.959785326486171986e-01 2.053521364470954680e+00 1.100000000000000000e+01 1.000000000000000000e+01 5.000000000000000000e+00 -2.226765848268532864e+03
2.490439581457234208e+00 2.470468535832325507e+00 5.820536366542977902e+00 2.750960666472187732e+00 1.475919718021185600e+00 1.030979982291984065e-01 8.292290626214336990e-01 2.583772106137821378e+00 8.000000000000000000e+00 1.200000000000000000e+01 4.000000000000000000e+00 -2.318285332481403202e+03
2.223880930602719630e+00 7.210964672912826279e-01 1.302753610993269806e+00 4.932946191933092805e+00 1.635293895212488469e+00 3.252934441505818119e-01 7.861535468370125512e-01 3.188424207384473963e+00 7.000000000000000000e+00 1.100000000000000000e+01 4.000000000000000000e+00 -1.244999750102793286e+02
1.911518705309115163e+00 1.775488868401680964e+00 2.929785953365558360e+00 5.454984714029520454e+00 1.089551604949704267e+00 5.008024451033226132e-01 5.735997331044102587e-01 2.169085572911935600e+00 9.000000000000000000e+00 9.000000000000000000e+00 3.000000000000000000e+00 -2.303027320708353614e+02
2.993088591073642224e+00 1.119090941663454242e+00 1.319311998035177069e+00 4.129119310156950995e+00 1.214524364278710911e+00 3.383204853025079117e-02 5.458871063178649674e-01 3.179076068472747707e+00 8.000000000000000000e+00 1.100000000000000000e+01 4.000000000000000000e+00 -2.284826477940112454e+03
2.075990405261330274e+00 2.582626710277307946e+00 4.879492001240087973e+00 4.708044158289355963e+00 1.439101079115983062e+00 5.918470851830781587e-01 7.186133346367078456e-01 3.215916202743147601e+00 1.000000000000000000e+01 1.000000000000000000e+01 5.000000000000000000e+00 -1.568902671110558060e+02
