1.821360935630430777e+00 1.509037236360000644e+00 4.856146299397766875e+00 3.127091485122932113e+00 1.682164296045754570e+00 8.446997515612882923e-01 6.068449514250099375e-01 2.096035992318054930e+00 8.000000000000000000e+00 1.200000000000000000e+01 4.000000000000000000e+00 -3.107853003012202180e+02
2.528209674579919408e+00 1.821381486343157885e+00 3.843580964645726183e+00 4.715163592463340159e+00 2.221000356706666512e+00 2.267864758360455257e-01 9.345416066443752445e-01 2.819817055122921357e+00 6.000000000000000000e+00 1.200000000000000000e+01 4.000000000000000000e+00 -2.180024433389756723e+03
1.806264561607862085e+00 2.007046590388351426e+00 3.602016867219309582e+00 3.754885055395105642e+00 2.357677923275477205e+00 5.574914658533167700e-01 8.272101588243767623e-01 2.893825311215109330e+00 9.000000000000000000e+00 1.700000000000000000e+01 3.000000000000000000e+00 -2.222305537632343203e+03
2.340193308890612833e+00 1.827723233010110748e+00 4.613708805247201283e+00 8.108118255343116587e+00 1.808280069118496147e+00 7.144505015190333319e-01 8.124549546939401345e-01 2.837970398656926019e+00 1.100000000000000000e+01 1.400000000000000000e+01 4.000000000000000000e+00 -2.158886608839053679e+03
1.950216984467505021e+00 2.303352894051481581e+00 5.634850459240938747e+00 4.471616408086451777e+00 1.762510679585070461e+00 8.442491317526018557e-02 5.553506609435303609e-01 2.178825770221635594e+00 9.000000000000000000e+00 1.300000000000000000e+01 4.000000000000000000e+00 -3.758920671635462440e+02
2.232369389251422032e+00 1.936171523679370843e+00 3.754983863532107335e+00 1.167996830017323795e+00 2.518186801702564370e+00 1.105001020802997891e+00 6.429579726470475709e-01 2.137759766825694463e+00 8.000000000000000000e+00 1.000000000000000000e+01 4.000000000000000000e+00 -2.167098860805089771e+03
2.470756074863756258e+00 2.002096681689337299e+00 1.799660592909981149e+00 3.010170878745163314e+00 1.273152598739424324e+00 1.018685226463767357e+00 8.157886462569017283e-01 2.745605035916995007e+00 9.000000000000000000e+00 1.600000000000000000e+01 4.000000000000000000e+00 -2.423986362925828359e+02
2.850628940530886446e+00 1.402786365861312889e+00 4.729535699925063952e+00 4.910151823283564809e+00 2.088776632735950489e+00 1.120608797404329948e-01 7.979754721113039295e-01 2.215998377266568120e+00 1.000000000000000000e+01 1.400000000000000000e+01 3.000000000000000000e+00 -2.286615744558690039e+03
2.437662784224730039e+00 2.486022123788304228e+00 3.146994493805497228e+00 5.594951358310782830e+00 2.578891732206355147e+00 8.168256737902697129e-01 4.648067786032109572e-01 2.907506608255953306e+00 9.000000000000000000e+00 1.100000000000000000e+01 4.000000000000000000e+00 -2.262120653343737104e+03
2.777852120332267472e+00 2.579145370465478315e+00 3.192480045939976030e+00 5.497007874264131289e+00 1.528286353482129600e+00 9.433677483434771416e-01 7.900090879290325718e-01 2.307171090941044334e+00 1.000000000000000000e+01 1.700000000000000000e+01 4.000000000000000000e+00 -1.143393314691286378e+03
2.504010237304363340e+00 2.016075932583763830e+00 4.219842572296931493e+00 6.006237675838177026e+00 1.842676632068127152e+00 1.097471590731370572e+00 6.058794409422842975e-01 2.404857475538813461e+00 1.000000000000000000e+01 1.000000000000000000e+01 3.000000000000000000e+00 -2.204911929183183020e+03
1.754413884860950512e+00 1.869326420197896743e+00 3.445547859816774583e+00 7.264651298850523631e+00 1.582779139239522515e+00 1.047467121028004655e+00 6.187722224193983322e-01 2.555308218602131198e+00 8.000000000000000000e+00 1.300000000000000000e+01 4.000000000000000000e+00 -2.286495703371697800e+03
1.603726530706834019e+00 2.458728646358566028e+00 4.130192983443420118e+00 5.609076571121079269e+00 1.643364092801803844e+00 2.517025543259204801e-02 8.914194366147628612e-01 2.335055030094336015e+00 8.000000000000000000e+00 1.000000000000000000e+01 4.000000000000000000e+00 -2.754066410719789246e+02
2.868416422887825945e+00 6.063357005847525016e-01 5.104889256679202347e+00 4.771824310619584786e+00 1.786921616222015619e+00 8.328780462354088421e-01 3.746953397050416523e-01 2.101547123847801846e+00 9.000000000000000000e+00 9.000000000000000000e+00 3.000000000000000000e+00 -2.194935506898848416e+03
2.364267040144916621e+00 2.275889192564167551e+00 3.891424132590707519e+00 5.058462054802612684e+00 1.777093273441228138e+00 2.126207060397944382e-01 6.391821698172208688e-01 2.475630365787645282e+00 1.000000000000000000e+01 8.000000000000000000e+00 3.000000000000000000e+00 -2.199451537994833870e+03
2.323268584962521199e+00 1.319104210104818486e+00 3.890062204261720780e+00 4.308540501883681983e+00 1.327264012822038985e+00 2.932468467514570687e-01 6.982792621131985733e-01 2.319951205174318964e+00 1.100000000000000000e+01 1.500000000000000000e+01 4.000000000000000000e+00 -3.358480619327947920e+02
2.045746279200441720e+00 1.548639433301043589e+00 2.670638334200428066e+00 3.410855845869712244e+00 2.646165348852484112e+00 6.267337051579728868e-01 7.388754157196317784e-01 2.442946635211214357e+00 1.000000000000000000e+01 2.000000000000000000e+01 5.000000000000000000e+00 -2.337494899690330385e+03
2.480059216667626298e+00 2.024528502012089337e+00 3.823877080578792054e+00 6.192325172289737445e+00 1.582676314251459937e+00 8.148672043882300153e-01 5.425223866976119913e-01 2.297019135600339546e+00 7.000000000000000000e+00 1.000000000000000000e+01 3.000000000000000000e+00 -2.149986923201267018e+03
1.690534377705196212e+00 1.895413941888713039e+00 4.363959813788207853e+00 4.178554437514862663e+00 1.610998261668553422e+00 8.276198155326583983e-01 7.272627141030902909e-01 2.711769467812358059e+00 9.000000000000000000e+00 1.800000000000000000e+01 5.000000000000000000e+00 -2.173570225246324298e+03
1.543359148341564069e+00 2.168054710685270781e+00 4.516886018046053053e+00 3.955235510522830733e+00 2.048309622651948825e+00 3.314043214946145732e-01 9.232443017665482587e-01 3.080075363929148047e+00 1.000000000000000000e+01 1.900000000000000000e+01 5.000000000000000000e+00 -2.386350059771800261e+03
2.820433173379854441e+00 1.448722433326025794e+00 5.765240179360164419e+00 3.725381330536848612e+00 1.288925563338540137e+00 4.221061055568335885e-01 4.010933583142470837e-01 2.049278521379263029e+00 8.000000000000000000e+00 1.100000000000000000e+01 4.000000000000000000e+00 -2.564864497467466435e+02
8.849798340704571054e-01 2.284543303109653589e+00 4.410002650394893031e+00 5.577664863393848371e+00 1.125982209808079171e+00 7.025293848158421506e-01 8.197832834112919187e-01 3.076472596770377876e+00 7.000000000000000000e+00 1.300000000000000000e+01 4.000000000000000000e+00 -7.544897663837117534e+02
2.365839117529134672e+00 2.457989039947878762e+00 1.224146103997241219e+00 4.776294729953654894e+00 1.650022902502701339e+00 2.260251050573907905e-01 7.606592493254643594e-01 2.556550890569718515e+00 8.000000000000000000e+00 1.600000000000000000e+01 4.000000000000000000e+00 -2.327222312539312952e+03
8.892696897780201226e-01 1.545338966868678776e+00 4.485036755329426583e+00 4.176046730063301737e+00 1.333307019556549733e+00 5.239594112790082470e-01 4.630045787240124611e-01 2.336150725660978811e+00 8.000000000000000000e+00 8.000000000000000000e+00 4.000000000000000000e+00 -2.218910044749908366e+02
1.757906043587286415e+00 2.864674997405829870e+00 3.530258741166600434e+00 5.677926880802571574e+00 1.229862122494361554e+00 7.019459393926779089e-01 6.079736532685620087e-01 2.942511756701162717e+00 1.000000000000000000e+01 1.200000000000000000e+01 3.000000000000000000e+00 -2.264890564426854780e+03
1.959461655512528822e+00 2.109590600022489326e+00 3.173277015440469917e+00 5.290973056360388505e+00 1.894850232066271456e+00 1.115881804987590487e+00 9.174013531009356237e-01 2.444390016489925266e+00 5.000000000000000000e+00 1.700000000000000000e+01 4.000000000000000000e+00 -2.300933368018021611e+03
1.418267502513606448e+00 2.011785037465966486e+00 3.376548412606472205e+00 5.661958730761650571e+00 1.787395104437747628e+00 8.863163715037196688e-01 3.508782593818275952e-01 2.820920719739445914e+00 9.000000000000000000e+00 1.100000000000000000e+01 4.000000000000000000e+00 -2.144280372534615708e+03
2.548611428296537973e+00 1.201845344308703600e+00 3.788819487943246855e+00 5.115681524112033252e+00 1.747663803213737932e+00 2.060372700335193485e-01 6.262272865490421392e-01 2.394807782814520891e+00 9.000000000000000000e+00 1.200000000000000000e+01 3.000000000000000000e+00 -2.914398815830584795e+02
2.416380761583065695e+00 4.857479909685358255e-01 4.481145439191600133e+00 3.410165818173052532e+00 2.328460515033348166e+00 4.439939850497016671e-01 4.926984488248492000e-01 2.996645846498448673e+00 1.000000000000000000e+01 1.300000000000000000e+01 4.000000000000000000e+00 -5.106236760155668435e+02
2.238771536294156039e+00 1.845466792514796062e+00 4.409997814736192012e+00 4.408205947066694996e+00 6.986183012877000831e-01 1.074898193704086680e+00 6.087059526021059153e-01 2.491441426398415260e+00 7.000000000000000000e+00 1.800000000000000000e+01 5.000000000000000000e+00 -2.274297943976177066e+03
2.083428606564502239e+00 1.921032022010046747e+00 3.176807859785491406e+00 4.864331997616448966e+00 1.612438769497944291e+00 3.785709688261646999e-01 7.184582476349273827e-01 2.618296612748214347e+00 8.000000000000000000e+00 1.500000000000000000e+01 5.000000000000000000e+00 -2.162476480460019502e+03
1.934825121038194151e+00 1.482331204393788848e+00 5.113510316513670162e+00 4.131398951484179349e+00 2.157907310681361324e+00 3.232725287028443417e-01 8.662854879920804940e-01 2.703720400454648676e+00 6.000000000000000000e+00 1.400000000000000000e+01 4.000000000000000000e+00 -2.299197119998493235e+03
2.833746869015267400e+00 1.648753674997601504e+00 5.385800666241814305e+00 3.644395281807139675e+00 2.468412355691685711e+00 3.691925440473420861e-01 6.187227736395760624e-01 2.582986256995511098e+00 1.100000000000000000e+01 1.400000000000000000e+01 5.000000000000000000e+00 -2.296311368617361040e+03
2.028129592103196543e+00 1.647683608169734804e+00 4.838402185314531145e+00 1.629615825346503843e+00 1.040172999104907126e+00 3.056796139222073272e-02 7.725328231308092874e-01 3.103707884331819322e+00 1.000000000000000000e+01 1.100000000000000000e+01 4.000000000000000000e+00 -2.201403534570111333e+03
1.908850001367524252e+00 1.458215451151153808e+00 2.886971511759494735e+00 1.955031633693441684e+00 2.299782757783816578e+00 1.328388047449904352e+00 6.311379154973381089e-01 2.933829852748598199e+00 7.000000000000000000e+00 1.100000000000000000e+01 4.000000000000000000e+00 -2.303656475047352615e+03
1.964227425320328679e+00 2.182321470776769079e+00 2.454355261898412799e+00 5.491090775725670170e+00 1.476836895638368619e+00 4.976543500318725277e-01 8.854902306624421460e-01 2.347407818251599387e+00 7.000000000000000000e+00 1.600000000000000000e+01 3.000000000000000000e+00 -2.378702596883412298e+03
2.391937581651591316e+00 1.918163316176008992e+00 3.270432995575289326e+00 6.626408172991493650e+00 2.656434192817140438e+00 2.671793472091550936e-01 6.581464153278674400e-01 2.843151002213751610e+00 8.000000000000000000e+00 1.100000000000000000e+01 4.000000000000000000e+00 -2.320949486949033144e+03
2.032622162185906411e+00 2.385776191584440653e+00 2.132824923281365859e+00 7.434539458744180429e+00 1.021011623952917002e+00 3.315159342624638961e-01 9.537827846852718894e-01 2.413284448609961608e+00 7.000000000000000000e+00 1.700000000000000000e+01 4.000000000000000000e+00 -2.160453890132708239e+03
2.479751382976521867e+00 8.783930497933902792e-01 2.839980147052028947e+00 5.479062212273854371e+00 2.288994242415346214e+00 9.555465245724610313e-01 8.320215580515015752e-01 2.297808399514456923e+00 6.000000000000000000e+00 1.200000000000000000e+01 4.000000000000000000e+00 -2.167785074062538115e+03
2.338237927955263640e+00 1.620986242713433167e+00 3.002372611641589639e+00 5.102597427227308025e+00 2.038281635374970424e+00 8.830452621486112319e-01 6.910388563804135131e-01 2.502495523612097372e+00 4.000000000000000000e+00 8.000000000000000000e+00 4.000000000000000000e+00 -2.127572671416710364e+03
2.846453635158427087e+00 1.127873560277112608e+00 3.775676649235206739e+00 4.924504449408176221e+00 2.100966490185458113e+00 6.510399600236799200e-02 9.228910842241966339e-01 2.845560701402355175e+00 6.000000000000000000e+00 1.600000000000000000e+01 3.000000000000000000e+00 -2.254428649701050290e+03
2.025464652231968365e+00 1.915900397639216379e+00 5.356050248717501461e+00 4.308726684696943643e+00 2.284431337642581994e+00 1.342863374876527738e+00 5.351440543167356179e-01 2.043143437314681510e+00 1.000000000000000000e+01 8.000000000000000000e+00 4.000000000000000000e+00 -2.034060772569080200e+02
1.927400243816076220e+00 2.298139821369455049e+00 5.198764550061842016e+00 6.708096731855388128e+00 2.467796018580531658e+00 7.418544401401832022e-01 3.466613456860501152e-01 2.343886017928888954e+00 6.000000000000000000e+00 1.000000000000000000e+01 5.000000000000000000e+00 -2.273656901372812172e+03
2.660450785747719316e+00 1.139346065646936745e+00 3.493509896143709881e+00 5.663394676770961311e+00 1.382541151726475848e+00 1.004152879498001250e+00 4.825726530554717009e-01 2.997975262127474672e+00 1.100000000000000000e+01 7.000000000000000000e+00 3.000000000000000000e+00 -2.114077747387384534e+03
1.334085498836063977e+00 2.352963506375023606e+00 3.701388292300916927e+00 3.281152134189328606e+00 1.198048341593671795e+00 1.216476347400749614e+00 4.264410379291487807e-01 3.068703762526156176e+00 8.000000000000000000e+00 9.000000000000000000e+00 5.000000000000000000e+00 -2.120361993315930704e+03
2.060714955122547209e+00 2.644302028812848704e+00 4.503914413692510443e+00 2.492782105683401639e+00 2.050071136873844235e+00 7.538656707257931355e-01 6.621548223128603805e-01 2.154275339136206391e+00 1.000000000000000000e+01 1.800000000000000000e+01 5.000000000000000000e+00 -4.197126555081133006e+02
2.473025346727204976e+00 2.185196529665514475e+00 3.099438892712557347e+00 2.797727594078312841e+00 6.565554938267351703e-01 1.281461081822465653e+00 6.746931974115002451e-01 2.413020783148232429e+00 7.000000000000000000e+00 1.900000000000000000e+01 4.000000000000000000e+00 -2.223880816563197186e+03
2.658091341936082763e+00 9.598668540102551772e-01 4.909886996454471131e+00 6.161839495989147153e+00 1.893851136526000012e+00 3.446057845678305309e-01 6.764836433069897348e-01 2.105384556881312541e+00 1.000000000000000000e+01 9.000000000000000000e+00 3.000000000000000000e+00 -1.705603014439132892e+02
