2.064380614664238056e+00 2.230055629341999079e+00 3.263424375618376061e+00 4.975222623655043641e+00 2.110369983568503027e+00 2.725897501205253870e-01 6.687352344129934290e-01 2.491267022623334881e+00 8.000000000000000000e+00 1.500000000000000000e+01 4.000000000000000000e+00 -5.035738534446470567e+02
2.265796346349482793e+00 2.298922279930836865e+00 2.990471635449571508e+00 2.147586095359407032e+00 1.399168867870441257e+00 4.780245408062440138e-01 6.620371885198177431e-01 2.302407519421174609e+00 1.000000000000000000e+01 9.000000000000000000e+00 4.000000000000000000e+00 -2.296664373492999857e+03
1.866594077116088934e+00 1.911539474868150013e+00 4.705695725105472071e+00 2.359915275962034542e+00 1.263161792976276399e+00 8.376372082052864210e-01 7.938676260965197296e-01 2.158211655823926378e+00 9.000000000000000000e+00 1.400000000000000000e+01 4.000000000000000000e+00 -3.425283643451151647e+02
1.718337464060787356e+00 9.029910762346065045e-01 5.997814005611145305e+00 3.415296619952068014e+00 2.145947437864173857e+00 2.718232258278396318e-01 7.186008081079016119e-01 2.164547186250114663e+00 9.000000000000000000e+00 1.400000000000000000e+01 5.000000000000000000e+00 -2.281901348214197697e+03
1.124710567198358602e+00 2.164986740458399339e+00 4.485478163995294310e+00 4.571920391536882455e+00 1.701548823761724227e+00 6.032830554433512571e-01 6.501626011363144109e-01 2.448866851587690352e+00 8.000000000000000000e+00 1.300000000000000000e+01 4.000000000000000000e+00 -2.131799467635759811e+03
2.002005345618599552e+00 2.162605805525724456e+00 4.695838043409292339e+00 3.095511964290377005e+00 2.018237019322370429e+00 4.714516832903685728e-01 7.128430587872424118e-01 2.508435944026386366e+00 9.000000000000000000e+00 1.500000000000000000e+01 5.000000000000000000e+00 -5.080477166080331699e+02
2.182093137580703779e+00 2.171275277017021832e+00 5.208167291204308214e+00 4.302339454545935027e+00 1.814420747182696303e+00 2.723857554717096230e-01 7.053743510390093618e-01 2.358400916526425029e+00 7.000000000000000000e+00 1.100000000000000000e+01 2.000000000000000000e+00 -2.274782615238006201e+03
2.249842945422459106e+00 1.997919016685010263e+00 4.228494714046569847e+00 5.634796881568835403e+00 1.385523196094766707e+00 7.544108618269896871e-01 7.587315259641403964e-01 2.293279049881582488e+00 9.000000000000000000e+00 1.400000000000000000e+01 3.000000000000000000e+00 -2.174710624124645165e+03
2.276047030658013171e+00 2.148800165113976757e+00 3.688395335239848194e+00 3.820002426651678551e+00 2.183370909713064911e+00 9.873775025893897217e-01 6.842923938474684276e-01 2.226360743937993103e+00 9.000000000000000000e+00 1.000000000000000000e+01 4.000000000000000000e+00 -2.152265082696711033e+03
2.906396027953274341e+00 1.646504429542244186e+00 3.525085659077415556e+00 7.918124045245725107e+00 1.575998737174445496e+00 8.466292658877950794e-01 6.440354562722970799e-01 2.286090559710077130e+00 8.000000000000000000e+00 1.000000000000000000e+01 3.000000000000000000e+00 -2.135596874656277464e+02
1.122952429850063716e+00 1.593196086704270709e+00 1.825474780688118859e+00 5.714818248349496699e+00 2.488475540704686573e+00 7.174440194406668247e-01 7.136963609072916048e-01 2.377927747882778498e+00 9.000000000000000000e+00 1.000000000000000000e+01 4.000000000000000000e+00 -2.307226885718738686e+03
1.403165525915762490e+00 2.584740068230479526e+00 3.942884665568275437e+00 6.051755995916741959e+00 1.124913678531369365e+00 1.030575666976109916e+00 6.663006332428851319e-01 2.414870152405487413e+00 8.000000000000000000e+00 1.000000000000000000e+01 4.000000000000000000e+00 -2.502569554651649071e+02
2.073149807247300469e+00 2.091693529073730407e+00 4.253646699328947456e+00 5.973821512916375198e+00 2.103197714102328142e+00 4.699337142777039178e-01 5.848387965201303773e-01 2.431247370662220408e+00 6.000000000000000000e+00 1.100000000000000000e+01 5.000000000000000000e+00 -2.142662878805747368e+03
1.243640816609681066e+00 2.010291987132448277e+00 5.956782211225176482e+00 2.402697701756135285e+00 1.381693141283097059e+00 2.867103532858950032e-02 5.524331271745422933e-01 2.261629691472797354e+00 8.000000000000000000e+00 1.000000000000000000e+01 4.000000000000000000e+00 -2.165475719604803544e+03
1.907004324479166790e+00 2.244093496537107768e+00 5.124118092726509310e+00 2.811290479740715664e+00 1.935731861630155759e+00 1.336755574644475919e+00 6.283190562588690797e-01 2.380960412479846688e+00 9.000000000000000000e+00 1.100000000000000000e+01 5.000000000000000000e+00 -2.295392586138709703e+03
2.264925858302557771e+00 2.250941456675503716e+00 4.719587677176637186e+00 3.843846522747560890e+00 2.932374205476692808e+00 3.622485337994514332e-01 6.555223913402853375e-01 2.310121690714342702e+00 9.000000000000000000e+00 1.400000000000000000e+01 4.000000000000000000e+00 -4.180549403504446673e+02
2.392877092351971768e+00 2.049831711758989705e+00 3.024676924081896701e+00 2.106714415010633168e+00 2.298010500177385840e+00 6.685133707936148362e-01 6.543420757871741822e-01 2.419002040138809040e+00 4.000000000000000000e+00 1.300000000000000000e+01 4.000000000000000000e+00 -2.280705214661582431e+03
2.400201626296153190e+00 2.463318221118749207e+00 4.276721311562386774e+00 6.950550810145284863e+00 2.546958984431944018e+00 6.401966677505260828e-01 5.508215279953384558e-01 2.392770086835086296e+00 9.000000000000000000e+00 1.000000000000000000e+01 4.000000000000000000e+00 -2.270421549741959097e+03
2.723536816234798152e+00 1.830546189429657300e+00 4.925180314675521309e+00 2.291431688044036186e+00 1.654749464998803488e+00 3.828089650086887175e-01 4.615946774351269433e-01 2.228728687284521559e+00 8.000000000000000000e+00 1.200000000000000000e+01 4.000000000000000000e+00 -2.878987128855986839e+02
2.775128376933841512e+00 1.347765530512989862e+00 3.189408590615476324e+00 4.921033380973646842e+00 2.139909405653681151e+00 4.719889725484214260e-01 7.076105330377531200e-01 2.435054529614997687e+00 8.000000000000000000e+00 1.200000000000000000e+01 4.000000000000000000e+00 -2.931113476814867340e+02
1.878716078874697049e+00 1.326985714203990474e+00 3.464816691286618955e+00 4.639183057393344356e+00 2.067219097645744519e+00 1.049879264551889513e+00 5.777390774751328673e-01 2.106369940150297548e+00 8.000000000000000000e+00 1.300000000000000000e+01 4.000000000000000000e+00 -4.673936032875129740e+02
1.472012117417358379e+00 2.263615831522973743e+00 4.753926113170114931e+00 5.224961262338707613e+00 1.876250655881424922e+00 8.558072171988083676e-01 6.440913113857920091e-01 2.167484985525347074e+00 1.100000000000000000e+01 1.100000000000000000e+01 5.000000000000000000e+00 -2.236923718481229116e+03
1.747342801172165894e+00 1.935692416526333615e+00 3.063128889048611025e+00 6.740681434508379866e+00 1.564818742165636767e+00 8.119517001619519503e-02 9.889459014244239565e-01 2.726017911705764796e+00 1.000000000000000000e+01 1.700000000000000000e+01 4.000000000000000000e+00 -5.253920872151359163e+02
1.630011989016631357e+00 8.279454535815755634e-01 7.002226220486925001e+00 7.480854808141044643e+00 1.866985861725287910e+00 1.027795153730809208e+00 6.635141509277887595e-01 2.146192865674329209e+00 9.000000000000000000e+00 7.000000000000000000e+00 3.000000000000000000e+00 -2.120426168532920201e+03
1.894868522448362347e+00 1.805917380032835418e+00 5.523517529579034857e+00 2.963647016660710065e+00 1.352400076030466192e+00 8.858283053234646820e-01 4.077518948353877626e-01 2.701647546200061090e+00 7.000000000000000000e+00 1.400000000000000000e+01 4.000000000000000000e+00 -3.317357070983981657e+02
1.884687953365893787e+00 2.100619747370101376e+00 1.937651858233192748e+00 4.832890501410265216e+00 1.305707906030407539e+00 6.381801117141971957e-02 6.040649256697674385e-01 2.300714809267332406e+00 9.000000000000000000e+00 1.300000000000000000e+01 4.000000000000000000e+00 -2.241728485707440541e+03
1.586432106021973265e+00 2.404331497412948604e+00 3.342244286767104722e+00 3.934389968243307223e+00 1.546452369955815476e+00 9.844636916088177481e-01 5.613629060137391713e-01 2.605187869227254982e+00 1.000000000000000000e+01 1.200000000000000000e+01 3.000000000000000000e+00 -2.270696944565943340e+03
1.852052439469319634e+00 2.425237515982635372e+00 4.023571616713017995e+00 2.848361152670843222e+00 1.427700866161393911e+00 8.260273319307025464e-01 4.300275901382569210e-01 2.228115196855137814e+00 7.000000000000000000e+00 1.400000000000000000e+01 3.000000000000000000e+00 -2.180684083136908157e+03
1.172047736179701927e+00 2.719013851278468064e+00 3.430814291320130049e+00 4.674224048495577932e+00 1.866916449807197065e+00 4.839645831540223542e-01 2.965539379665340092e-01 2.517285239121675122e+00 9.000000000000000000e+00 7.000000000000000000e+00 4.000000000000000000e+00 -2.078433097157842440e+03
2.993421332982990624e+00 1.779379361964477546e+00 5.961241852778364603e+00 6.008723725663521975e+00 2.253996004739623249e+00 8.482889437682931133e-01 8.770472494782350914e-01 2.493145810037672216e+00 7.000000000000000000e+00 1.600000000000000000e+01 3.000000000000000000e+00 -2.127526836301790354e+03
2.281954418478541857e+00 1.326477622022077529e+00 3.491609766092468092e+00 3.530902090035079155e+00 1.481612482776456963e+00 2.542862765322048135e-01 6.226839895368769806e-01 2.704650526529222887e+00 8.000000000000000000e+00 1.500000000000000000e+01 3.000000000000000000e+00 -2.278063663771419215e+03
2.402982621158013199e+00 2.146977632596231533e+00 5.080883308689980282e+00 5.325075035631395615e+00 1.707036590611282545e+00 8.553181042759541164e-01 6.996406629383801201e-01 3.091725978522224416e+00 6.000000000000000000e+00 1.300000000000000000e+01 4.000000000000000000e+00 -2.325710626144000798e+03
2.446763948327103755e+00 2.359688857942969786e+00 2.924726682007682932e+00 5.478113822131061461e+00 2.347064609832960613e+00 1.466834568553884444e-01 8.906096062848241068e-01 2.035212836441723461e+00 8.000000000000000000e+00 1.600000000000000000e+01 3.000000000000000000e+00 -5.226825719754214106e+02
2.732659896286322887e+00 2.759322678939495788e+00 3.107872565950777322e+00 5.514535406338486823e+00 1.696163180746478538e+00 1.438308548093320538e-01 7.357252643769774947e-01 2.054831685276185205e+00 7.000000000000000000e+00 1.300000000000000000e+01 4.000000000000000000e+00 -3.181516380759649110e+02
2.400058133602776866e+00 1.406098902122777661e+00 3.510528352130338536e+00 4.543824110172925757e+00 2.232423819770296802e+00 8.344640720512699339e-01 5.185589675291604195e-01 2.799030984770123354e+00 5.000000000000000000e+00 1.100000000000000000e+01 4.000000000000000000e+00 -4.997431964779086115e+02
2.004913391784543641e+00 1.893207921957857920e+00 3.859268131186889494e+00 5.118835868323566629e+00 2.016661221177908914e+00 8.376897287738195308e-01 4.793505979116391424e-01 2.761470003535633655e+00 1.000000000000000000e+01 1.100000000000000000e+01 4.000000000000000000e+00 -1.811643103879173111e+02
2.483975442220506924e+00 1.880567322062274727e+00 4.966220162749125144e+00 4.664931136057004046e+00 1.851870948810515394e+00 5.581587730821344628e-01 7.193239264205468775e-01 2.835635425979300184e+00 1.100000000000000000e+01 1.700000000000000000e+01 4.000000000000000000e+00 -3.152975306814444139e+02
2.203816342494502756e+00 1.394436755365072056e+00 3.367159663876058584e+00 4.320186206494019743e+00 2.607431509011101767e+00 1.267233720231744298e+00 6.197374951357556006e-01 2.383366720513855341e+00 9.000000000000000000e+00 1.400000000000000000e+01 4.000000000000000000e+00 -2.230383932407399243e+03
1.672895440763829678e+00 2.589851434158133348e+00 2.247355677064241330e+00 4.228914097891916413e+00 1.949844753977863165e+00 3.005055279458868078e-01 8.615079301832411218e-01 2.245648553499711042e+00 5.000000000000000000e+00 1.400000000000000000e+01 4.000000000000000000e+00 -4.631123191392427998e+02
2.922023114979165559e+00 1.597522440638954988e+00 1.060577643856308150e+00 5.816008721871284592e+00 2.505543994884712689e+00 1.529511365263469092e+00 5.915097254591487053e-01 2.252908197865997497e+00 1.100000000000000000e+01 5.000000000000000000e+00 5.000000000000000000e+00 -2.255455208459481128e+03
2.089106004319036813e+00 1.728400831693991613e+00 3.725903394332696905e+00 6.440413932207002645e+00 1.752720193584401454e+00 2.358784905421580369e-01 7.204034161322352414e-01 2.084601147047736802e+00 1.000000000000000000e+01 8.000000000000000000e+00 3.000000000000000000e+00 -2.132130093375773413e+03
1.948847857872131550e+00 2.920229883036846275e+00 1.446826561449078064e+00 6.591868810516906763e+00 9.564179227286794260e-01 9.029205772029758048e-01 6.392917514361925457e-01 2.225082105725205484e+00 1.100000000000000000e+01 7.000000000000000000e+00 4.000000000000000000e+00 -2.119648205436428270e+03
2.877451147334158410e+00 2.304327288713716726e+00 3.483169065836492440e+00 7.851749771442390724e+00 2.513130023245797595e+00 9.163255801904144349e-01 4.415050040978140133e-01 2.431892883854318121e+00 8.000000000000000000e+00 1.200000000000000000e+01 4.000000000000000000e+00 -2.156035926765406657e+03
2.846396382022823079e+00 1.775925146408544153e+00 3.157653520429868799e+00 5.252902879071222664e+00 2.252747669892117166e+00 5.115666907061887647e-01 4.177857955250119937e-01 2.635504648203121469e+00 5.000000000000000000e+00 1.600000000000000000e+01 4.000000000000000000e+00 -2.171944347823633052e+03
1.117011591890335831e+00 1.722598059771558887e+00 4.579311690740741625e+00 9.564121276743142275e+00 1.358896599472689815e+00 1.464037455642920316e-01 6.470826735054316936e-01 2.418324975213985706e+00 8.000000000000000000e+00 1.000000000000000000e+01 3.000000000000000000e+00 -2.269460247962525955e+03
1.615579289277014219e+00 6.501973380449526108e-01 4.436063682999648705e+00 3.916576144971181783e+00 1.956192358608994875e+00 1.696277965563288914e+00 8.315141547006333900e-01 2.320702830536653494e+00 1.100000000000000000e+01 1.700000000000000000e+01 4.000000000000000000e+00 -2.397941476208016411e+03
2.801206120153195922e+00 2.761209385912094749e+00 3.281732425331536085e+00 2.391519901941955961e+00 9.877995208749550393e-01 6.547404072032738664e-01 7.537383348967744423e-01 2.598384379952818790e+00 9.000000000000000000e+00 1.800000000000000000e+01 4.000000000000000000e+00 -2.517752954778212882e+02
2.658091341936082763e+00 9.598668540102551772e-01 4.909886996454471131e+00 6.161839495989147153e+00 1.893851136526000012e+00 3.446057845678305309e-01 6.764836433069897348e-01 2.105384556881312541e+00 1.000000000000000000e+01 9.000000000000000000e+00 3.000000000000000000e+00 -1.705603014439132892e+02
