2.022195586944945944e+00 1.723553418570690887e+00 3.880596715570491462e+00 6.986881789458168512e+00 2.288537516932489524e+00 7.772497709509650077e-02 5.659471997430607360e-01 2.791353259213564808e+00 6.000000000000000000e+00 1.100000000000000000e+01 5.000000000000000000e+00 -4.409486185898077224e+02
1.346838307674510959e+00 1.847695772840085127e+00 8.657208594077923536e+00 5.677479122368829678e+00 1.128419976522923696e+00 8.321004255891140122e-02 7.473256870440782018e-01 2.259214899000925758e+00 7.000000000000000000e+00 9.000000000000000000e+00 4.000000000000000000e+00 -2.490741880710213820e+02
1.758491084429627760e+00 1.158605821838667893e+00 2.559407840836969150e+00 4.656125424504914179e+00 1.491146164709814537e+00 1.065627312372329216e-01 9.790551521530292955e-01 2.262100833750817941e+00 6.000000000000000000e+00 9.000000000000000000e+00 4.000000000000000000e+00 -2.364298420695958612e+03
2.747869568859599987e+00 2.274396595482264249e+00 2.990937621853085204e+00 3.633946826016232201e+00 2.574952210068225611e+00 5.009853338796209643e-01 3.859919519787614051e-01 3.039388290466971121e+00 5.000000000000000000e+00 8.000000000000000000e+00 4.000000000000000000e+00 -2.197170945276531711e+03
2.395624710115901834e+00 1.920948586504245492e+00 1.662847103194601273e+00 6.121112096247935952e+00 1.687339653993481736e+00 4.240339533834813768e-02 6.756267576913663753e-01 2.683054960314053883e+00 8.000000000000000000e+00 1.800000000000000000e+01 4.000000000000000000e+00 -2.314077240234769306e+03
1.626197612107801227e+00 1.040248771716027143e+00 3.740514596192380470e+00 2.996361164593987603e+00 1.092403115338709707e+00 3.663394680196135345e-01 6.402450059729402065e-01 2.464200129723203680e+00 6.000000000000000000e+00 1.500000000000000000e+01 4.000000000000000000e+00 -3.561142322715052160e+02
2.087352356183714619e+00 2.051044658152966882e+00 6.116508545938081021e+00 4.529235695286728536e+00 1.694570763985728368e+00 1.546390572770899308e-01 3.446224397882471924e-01 3.589446134948768297e+00 5.000000000000000000e+00 1.400000000000000000e+01 5.000000000000000000e+00 -9.449310531094660064e+02
1.596261058552236767e+00 7.508252116971267931e-01 2.099748666722788482e+00 6.664117628847687769e+00 1.756576307320423247e+00 1.727869134740304125e-01 9.210675591333269407e-01 2.796045624648551886e+00 6.000000000000000000e+00 1.100000000000000000e+01 4.000000000000000000e+00 -4.256748913810914701e+02
1.435519823639776149e+00 1.605771343696858144e+00 3.065652191977654262e+00 4.219111219893195930e+00 6.160569993703592928e-01 2.679036715983567074e-01 3.043757964166320384e-01 2.768154572304606376e+00 1.000000000000000000e+01 1.200000000000000000e+01 3.000000000000000000e+00 -2.274953773216037462e+03
1.044040804256122890e+00 2.116561827193940371e+00 5.800888978796291617e+00 6.065197803400344867e+00 1.672203736570976984e+00 3.804621749618815052e-01 6.178279346311413844e-01 3.126487688953563993e+00 8.000000000000000000e+00 1.000000000000000000e+01 5.000000000000000000e+00 -2.277906425992969616e+03
1.991092111558888655e+00 2.069767498939568018e+00 4.714694199519276374e+00 4.642856508067113808e+00 1.891822069219668112e+00 2.566630341567595064e-01 6.644279249428763912e-01 3.299886960404649017e+00 8.000000000000000000e+00 1.400000000000000000e+01 5.000000000000000000e+00 -2.119101920521399734e+03
1.937366534990559774e+00 1.883372309821544466e+00 4.657539738963952125e+00 3.301733254455779587e+00 1.368836837352610969e+00 5.265292148372774372e-01 7.318523598645576556e-01 3.814184741559532910e+00 7.000000000000000000e+00 1.600000000000000000e+01 4.000000000000000000e+00 -2.254932730744318178e+03
2.520514070570929910e+00 2.413481269630436632e+00 5.360228072229136664e+00 2.143582953604573405e+00 1.892877942085659626e+00 3.814131207254384259e-01 6.850678112032291267e-01 3.182436356777536446e+00 1.000000000000000000e+01 9.000000000000000000e+00 5.000000000000000000e+00 -2.203688642395944044e+03
1.733835777870341710e+00 8.524402075850703309e-01 4.835950916650841869e+00 5.881842639443853216e+00 2.041761090912732612e+00 5.568525406124068544e-01 5.634567466834139449e-01 2.404190465973228275e+00 8.000000000000000000e+00 9.000000000000000000e+00 2.000000000000000000e+00 -2.293018425271049637e+03
1.809269565943811831e+00 2.491569508024300550e+00 4.989878577360723710e+00 2.845696764160343673e+00 1.917811344231367343e+00 1.193961782888462331e+00 5.532910965650348345e-01 2.360236369936987710e+00 7.000000000000000000e+00 1.300000000000000000e+01 5.000000000000000000e+00 -2.201078453138015448e+03
1.454037324592717617e+00 2.225889777757975807e+00 6.242151244649067898e+00 4.430650642564114783e+00 2.448441839364293493e+00 2.304064244403243866e-01 8.007781985104538425e-01 3.298880912845089775e+00 8.000000000000000000e+00 1.000000000000000000e+01 5.000000000000000000e+00 -2.275871309052059132e+03
2.225659226951928638e+00 2.041024559215367518e+00 6.442860037647262672e+00 5.867600253494380524e+00 1.970132337036488046e+00 2.062986866724271229e-01 6.539495637056575994e-01 2.004273617805140795e+00 5.000000000000000000e+00 1.400000000000000000e+01 5.000000000000000000e+00 -5.036039615510176759e+02
1.701098035408773246e+00 2.703290072555789347e+00 4.109751624820895621e+00 4.261553273627927574e+00 1.510471418893737372e+00 2.329238596431323916e-01 6.106970687337134329e-01 2.339669385479618224e+00 7.000000000000000000e+00 1.500000000000000000e+01 4.000000000000000000e+00 -4.546640760807699735e+02
2.185912526508546172e+00 1.946204335840947541e+00 2.922370348287798958e+00 3.246849025727636562e+00 5.625514364960122471e-01 7.554856282805875178e-01 6.886476484418269095e-01 2.228236562077229088e+00 8.000000000000000000e+00 1.300000000000000000e+01 4.000000000000000000e+00 -2.174909424518067681e+03
2.396764866378412684e+00 1.893224070333552778e+00 4.234885626308360074e+00 4.415810190797640367e+00 1.656649053698690643e+00 4.921894172055205074e-01 4.673559667993906763e-01 2.677240991156927929e+00 7.000000000000000000e+00 1.200000000000000000e+01 4.000000000000000000e+00 -2.209678269991734851e+03
1.876055721134054721e+00 2.411759410593724784e+00 3.223441300651518571e+00 3.515484711208657131e+00 2.032372510738680305e+00 2.372206357324766479e-01 4.669560711318390123e-01 2.391511002271575315e+00 1.000000000000000000e+01 1.100000000000000000e+01 5.000000000000000000e+00 -2.774189392382348842e+02
2.063394346804525714e+00 2.693920540629949123e+00 4.458178982699487314e+00 4.223256625330954250e+00 1.574016315344852757e+00 8.560856138283192696e-01 5.655049975822350472e-01 2.926250468602361376e+00 9.000000000000000000e+00 9.000000000000000000e+00 5.000000000000000000e+00 -2.260319868603101895e+03
2.457557081434726953e+00 2.187069533177790515e+00 4.427209363641487982e+00 3.246804890790851328e+00 1.834859717626950326e+00 7.334697765135960168e-01 5.037196994162902453e-01 2.505571312224267988e+00 8.000000000000000000e+00 1.000000000000000000e+01 5.000000000000000000e+00 -2.154856601837776907e+03
1.692629292545652531e+00 1.583693617705107304e+00 5.244433089659093383e+00 2.120325069451792555e+00 1.868112822232850911e+00 7.629592045486824903e-01 5.373482360847984252e-01 2.580279305200553264e+00 7.000000000000000000e+00 1.000000000000000000e+01 3.000000000000000000e+00 -2.271603713395185423e+03
2.386946360416769330e+00 1.329032828057032711e+00 4.889123786494103285e+00 3.131349364448379191e+00 1.896153367894948705e+00 4.525972457371869040e-01 6.376152411823681199e-01 2.489502924159687325e+00 5.000000000000000000e+00 6.000000000000000000e+00 4.000000000000000000e+00 -2.244642675960294014e+02
2.044798074890112449e+00 1.748991715498676935e+00 2.567954767128034277e+00 2.464875110479954667e+00 1.893701762583259951e+00 9.487630976678551598e-01 5.089820392944451877e-01 2.929143000630820115e+00 6.000000000000000000e+00 1.000000000000000000e+01 3.000000000000000000e+00 -2.267625927926763325e+03
1.478509556345267484e+00 2.064149120548029792e+00 4.455874892268886889e+00 4.221302499308685618e+00 2.010177616701985581e+00 2.251573454569429367e-01 4.752810713146614630e-01 2.615892970835728804e+00 8.000000000000000000e+00 8.000000000000000000e+00 5.000000000000000000e+00 -2.241853066529136527e+02
1.268110332370662174e+00 1.859057729841309570e+00 4.858884128704101357e+00 3.805032934466387573e+00 1.400542939691196365e+00 1.198706467837094225e+00 6.973598266147028601e-01 3.332410336630239556e+00 6.000000000000000000e+00 1.700000000000000000e+01 4.000000000000000000e+00 -2.311875418329507738e+03
1.775010007454161043e+00 1.778708781170034836e+00 3.744460247110954043e+00 5.720258537862272341e+00 5.275125670887311768e-01 6.306884850685761101e-01 7.299167802688586448e-01 3.243664391260835167e+00 7.000000000000000000e+00 9.000000000000000000e+00 3.000000000000000000e+00 -2.116743851874470238e+03
2.111976060299071367e+00 2.108363094532572646e+00 4.594941663540028642e+00 1.713583443377755700e+00 2.357406655755580616e+00 1.610463154725252366e+00 6.110056615895892440e-01 2.633528702418529210e+00 6.000000000000000000e+00 9.000000000000000000e+00 4.000000000000000000e+00 -2.242608128761995886e+03
1.430688692913331561e+00 2.717856271509408117e+00 3.775358763184030852e+00 4.194283009867121770e+00 1.590769264940051331e+00 3.653488857886522112e-02 6.236801240285008152e-01 2.464980614676579140e+00 6.000000000000000000e+00 1.300000000000000000e+01 4.000000000000000000e+00 -3.239072230712929468e+02
1.937375945603017957e+00 2.613690341013327867e+00 4.073536197586510532e+00 4.432843674142196377e+00 2.477349368581954092e+00 1.295597653093040758e-01 5.733611958691781085e-01 2.416022451835657670e+00 8.000000000000000000e+00 9.000000000000000000e+00 5.000000000000000000e+00 -2.594186994457625133e+02
2.008461547189241969e+00 2.691135395438457589e+00 4.370279064917125034e+00 1.852146069512753845e+00 2.143119857681098583e+00 7.305077440545659773e-01 7.441971543907210940e-01 3.320044637229689233e+00 4.000000000000000000e+00 1.300000000000000000e+01 4.000000000000000000e+00 -2.435854173651121982e+03
1.458819893448900951e+00 2.657680600467938969e+00 2.785347756283208298e+00 3.888349570522165788e+00 1.830564856500731086e+00 1.160353903124932806e+00 2.527201959496193084e-01 2.690868396537724028e+00 6.000000000000000000e+00 1.200000000000000000e+01 4.000000000000000000e+00 -2.275350178377220345e+03
1.686905689824637511e+00 2.260821508010967928e+00 6.356369168653944079e+00 2.951011562830466062e+00 1.179103725616102105e+00 1.064263050916672393e+00 7.098123656173643825e-01 3.250805285958765722e+00 8.000000000000000000e+00 1.400000000000000000e+01 4.000000000000000000e+00 -2.119030971867759945e+03
1.987639286637012059e+00 2.930945515045063399e+00 3.693077701579783767e+00 3.603209209634266053e+00 1.290280401662311949e+00 2.829209724245312918e-02 6.223610096077298870e-01 2.764946405584738809e+00 5.000000000000000000e+00 1.200000000000000000e+01 5.000000000000000000e+00 -3.620391649150387821e+02
1.523685682359680937e+00 1.562852443825335946e+00 3.399100906249279408e+00 4.091602219714792099e+00 9.336380995896844670e-01 2.816935447268035242e-01 4.858521017187960034e-01 3.583291233762570638e+00 6.000000000000000000e+00 9.000000000000000000e+00 5.000000000000000000e+00 -9.821144988420887785e+02
2.268692428481579704e+00 1.620428288124492022e+00 3.651746796995039901e+00 2.155738251833402508e+00 2.176005120732345866e+00 5.999058677859875344e-01 6.880481814524026518e-01 3.330159154760053752e+00 6.000000000000000000e+00 1.500000000000000000e+01 5.000000000000000000e+00 -1.032339936024443659e+03
2.306066999689416086e+00 2.910958950885023544e+00 6.729261671022282343e+00 2.481719454707310035e+00 1.369740413556751024e+00 7.683334203369718285e-01 8.835787554351400841e-01 2.446151992240253037e+00 9.000000000000000000e+00 9.000000000000000000e+00 5.000000000000000000e+00 -2.398851848970674325e+02
1.966314178118316880e+00 2.604262079927792239e+00 7.545011745966402117e+00 2.078978276263880431e+00 9.517726227049834176e-01 1.188230691541843687e+00 7.936826828488333652e-01 3.428560135220871885e+00 5.000000000000000000e+00 7.000000000000000000e+00 3.000000000000000000e+00 -2.104084604841994860e+03
2.082343192330366577e+00 2.172227459248284198e+00 2.039824157684525296e+00 4.204557225497873141e+00 1.139395775763113905e+00 5.746428611055156566e-01 6.625290858567172148e-01 2.408990201804964482e+00 5.000000000000000000e+00 1.500000000000000000e+01 4.000000000000000000e+00 -2.604780162743552410e+02
1.107877418676941117e+00 2.563989419647345169e+00 5.132127422699054975e+00 3.665226872444224515e+00 1.768494959174469638e+00 1.432856284633749755e-01 6.835209565929405429e-01 2.858050323579808705e+00 5.000000000000000000e+00 1.300000000000000000e+01 3.000000000000000000e+00 -2.307056529255141413e+03
2.098124995035052454e+00 6.021743715443785838e-01 1.615209737572179005e+00 4.409005576613824751e+00 1.124760086457698094e+00 6.253926870796566728e-01 8.922389504451668785e-01 2.908041179234220230e+00 9.000000000000000000e+00 9.000000000000000000e+00 5.000000000000000000e+00 -2.265789837801856265e+03
5.203885910583123664e-01 1.701610080605190589e+00 3.105021517460653691e+00 4.491302365010468201e+00 2.221382783342482625e+00 5.507093602658963416e-01 6.042991787449571994e-01 3.072755597500041347e+00 8.000000000000000000e+00 1.300000000000000000e+01 5.000000000000000000e+00 -2.273385145508306323e+03
1.165380822716973741e+00 2.741641801880294160e+00 4.725537312329599615e+00 4.914730315312927367e+00 4.249040104203699597e-01 1.040384188090913042e+00 8.089520573126153247e-01 2.973901696542537110e+00 9.000000000000000000e+00 1.100000000000000000e+01 5.000000000000000000e+00 -2.274128943894412259e+03
2.188770835713266916e+00 1.121821148255944367e+00 5.064603977369445786e+00 7.140408602425653228e+00 2.026516338824854380e+00 1.304612300126923308e-01 6.758518822220904720e-01 2.835827367666315268e+00 5.000000000000000000e+00 6.000000000000000000e+00 4.000000000000000000e+00 -2.122256030974814621e+03
1.179235456593383358e+00 1.991572016664796996e+00 4.588930734618708485e+00 7.159798060019526567e+00 1.056822360693317142e+00 1.909324271121631000e-01 9.951345803602209550e-01 3.422822241512800012e+00 5.000000000000000000e+00 8.000000000000000000e+00 3.000000000000000000e+00 -2.190807129714392886e+03
2.223880930602719630e+00 7.210964672912826279e-01 1.302753610993269806e+00 4.932946191933092805e+00 1.635293895212488469e+00 3.252934441505818119e-01 7.861535468370125512e-01 3.188424207384473963e+00 7.000000000000000000e+00 1.100000000000000000e+01 4.000000000000000000e+00 -1.244999750102793286e+02
