1.263988870110720475e+00 1.770837742936080428e+00 3.943884534522485552e+00 2.264508888093908823e+00 2.155374169251321970e+00 4.119786565595141559e-01 7.407420256525084623e-01 2.509817142328224726e+00 4.000000000000000000e+00 1.200000000000000000e+01 4.000000000000000000e+00 -4.830220299572526983e+02
1.222159106111510685e+00 2.209739000847499746e+00 3.814271944816181037e+00 3.164641282351047025e+00 1.372137134092265009e+00 2.060081846769887259e-01 6.697791064656450910e-01 2.123127968887573491e+00 8.000000000000000000e+00 1.200000000000000000e+01 4.000000000000000000e+00 -3.554565096368011154e+02
9.512376667525319629e-01 6.596629613200374331e-01 2.159523741485787074e+00 2.845913623251137725e+00 1.843689786210456205e+00 2.504922423394780884e-01 7.416659109418464180e-01 2.625524637309689435e+00 8.000000000000000000e+00 1.600000000000000000e+01 4.000000000000000000e+00 -4.331597986829291358e+02
2.259548265828359881e+00 2.019470924976038972e+00 4.039812104220524169e+00 3.699722373747987625e+00 8.115291535081459173e-01 9.007568706863239294e-01 8.796182295890300207e-01 2.113926096418623057e+00 1.100000000000000000e+01 8.000000000000000000e+00 4.000000000000000000e+00 -2.271580710183667634e+03
1.474560638090729014e+00 1.856607522448213254e+00 3.520263846738195923e+00 6.679302939056038113e+00 1.394585024174566312e+00 2.556896455192325113e-01 6.672810975581145998e-01 2.866721326162759542e+00 8.000000000000000000e+00 1.200000000000000000e+01 4.000000000000000000e+00 -2.338343952047001039e+03
6.129884632958961799e-01 1.311183258713783495e+00 6.076947091850476212e+00 5.678823722846658484e+00 8.901474727756751859e-01 2.760532537158041366e-01 6.129524755805605407e-01 2.422136939689488955e+00 7.000000000000000000e+00 1.500000000000000000e+01 4.000000000000000000e+00 -4.884654984017607831e+02
7.162394281910583471e-01 2.052944528601692742e+00 5.508871222021850755e+00 5.223825232398071172e+00 1.353789274144301169e+00 3.088833488129372196e-01 8.168575695206893306e-01 2.011252997159297617e+00 1.100000000000000000e+01 1.200000000000000000e+01 5.000000000000000000e+00 -4.589287498336699400e+02
1.834176134231841448e+00 1.730060304438292063e+00 4.599005778433577163e+00 5.228307825128232444e+00 1.579953667240497683e+00 2.711447228585036617e-01 1.988681346851629839e-01 2.578197453441475329e+00 9.000000000000000000e+00 1.100000000000000000e+01 5.000000000000000000e+00 -2.218248023982200721e+03
2.173994103928053701e+00 2.401868879878980678e+00 5.675681438598688011e+00 3.581756306535839762e+00 1.497348365766205003e+00 7.845016030728714229e-01 4.236360946888017009e-01 3.192044555125806315e+00 9.000000000000000000e+00 9.000000000000000000e+00 5.000000000000000000e+00 -2.153323034824984006e+03
1.865315360091058583e+00 1.097902790873591439e+00 3.828096618330675049e+00 2.455924830028726191e+00 2.369066960117169884e+00 3.356415559555522288e-01 7.140770078661559106e-01 3.133937546462845614e+00 5.000000000000000000e+00 1.000000000000000000e+01 4.000000000000000000e+00 -2.130816996054467381e+03
1.764568631955145905e+00 1.120638534975600287e+00 3.476664229030920872e+00 5.437064154409735117e+00 1.076994717556688519e-01 3.334153157708671933e-01 7.745884655814438968e-01 2.813755219690725617e+00 7.000000000000000000e+00 1.300000000000000000e+01 4.000000000000000000e+00 -2.269206252429200049e+03
1.326613188942913357e+00 1.826669740400030273e+00 4.361663288078879042e+00 6.483579280796197608e+00 1.967708059911942753e+00 7.248355611425849609e-01 7.324222368390486126e-01 3.041272765513122867e+00 8.000000000000000000e+00 8.000000000000000000e+00 4.000000000000000000e+00 -2.264029508899328903e+03
1.993135292652382429e+00 1.088477386503929445e+00 3.115994324637714197e+00 3.838995133125035153e+00 1.059095436718527461e+00 8.995043846399302101e-01 8.765089353751431833e-01 2.365678813298376593e+00 9.000000000000000000e+00 8.000000000000000000e+00 5.000000000000000000e+00 -7.022668852771339516e+02
7.215965350028694658e-01 1.398166929121307911e+00 3.402980369940046046e+00 2.718533911549193327e+00 2.044239736060750712e+00 1.032291889763005566e+00 5.983852060065575351e-01 2.915049741517094173e+00 4.000000000000000000e+00 9.000000000000000000e+00 3.000000000000000000e+00 -2.264450284895851382e+03
1.431147233863544699e+00 2.864034217317374509e+00 1.423392545843904067e+00 3.838104594113038281e+00 1.871965834031020570e+00 4.005457375659396413e-01 6.213020946293061897e-01 2.341538100984425608e+00 7.000000000000000000e+00 1.000000000000000000e+01 4.000000000000000000e+00 -2.322881066570700455e+02
2.098955926445967624e+00 8.942770938882177445e-01 4.875852650847828151e+00 4.032289054324714961e+00 1.398142633320621719e+00 4.616699829161790558e-01 3.804804370664748858e-01 3.242904762875715718e+00 1.000000000000000000e+01 1.300000000000000000e+01 3.000000000000000000e+00 -4.987440253796003731e+02
1.472421220641716433e+00 2.053647112240209793e+00 5.634321220286884646e+00 6.164495706065492797e+00 1.173673459287936316e+00 1.102547663839789083e-01 9.308938159169769522e-01 2.510450197304491482e+00 1.000000000000000000e+01 1.000000000000000000e+01 4.000000000000000000e+00 -2.481354767206038900e+02
1.637903164060069416e+00 9.592965377326455600e-01 2.039398024233137541e+00 4.647948258996631665e+00 1.648300163393821016e+00 5.391747484058484474e-01 6.350043829273037677e-01 3.107711516667533758e+00 4.000000000000000000e+00 1.000000000000000000e+01 4.000000000000000000e+00 -2.217791118080547221e+03
2.720240130323499539e+00 3.647601092307288795e-01 3.777286787905734577e+00 2.417381298031187953e+00 1.977840766269600703e+00 4.809938091034207108e-01 7.238771285686784740e-01 3.170171230600294709e+00 7.000000000000000000e+00 1.100000000000000000e+01 4.000000000000000000e+00 -2.208850880862721169e+03
1.979274297362802582e+00 1.284035159560235506e+00 4.887618642680449987e+00 6.747484691156449443e+00 7.195533998451355551e-01 5.962747095337458392e-01 5.188353972115727908e-01 2.737563257164877140e+00 1.000000000000000000e+01 1.100000000000000000e+01 3.000000000000000000e+00 -2.204914804194118005e+03
1.430895251180076544e+00 2.103827830537201127e+00 4.743858720054277889e+00 3.247866128619742554e+00 2.056097312719558978e+00 2.618472643160826285e-01 4.979632206547603968e-01 2.279735087439382024e+00 7.000000000000000000e+00 8.000000000000000000e+00 5.000000000000000000e+00 -2.488420849222719085e+02
1.547132429773544926e+00 3.730742279933610961e-01 1.690275353737071384e+00 3.170439669521411652e+00 2.041139091228093783e+00 4.619034679192740578e-01 7.336251291749180670e-01 2.855671802128766590e+00 4.000000000000000000e+00 1.300000000000000000e+01 4.000000000000000000e+00 -2.290425370997708796e+03
1.717390290369194883e+00 2.276388257168220353e+00 4.884739970871461168e+00 6.532775475401185084e+00 1.136909425569512244e+00 2.078016556853862773e-01 8.076947571731758480e-01 3.484883240112116365e+00 1.000000000000000000e+01 1.100000000000000000e+01 4.000000000000000000e+00 -2.625866017757915074e+02
1.908350363490745272e+00 2.399085907933229844e+00 8.669794021516377569e+00 5.359464226688942290e+00 1.794719762966681120e+00 7.053030992978841507e-01 6.927991866634563012e-01 2.191219952075475597e+00 8.000000000000000000e+00 1.600000000000000000e+01 5.000000000000000000e+00 -2.311775235566209631e+03
1.743154993198558378e+00 1.766288238104177566e+00 2.163467754343096239e+00 4.959577125420032040e+00 2.012036309681297208e+00 3.066028683482662220e-01 4.514948979791330030e-01 2.663746318573077865e+00 5.000000000000000000e+00 1.200000000000000000e+01 4.000000000000000000e+00 -4.396987914486606428e+02
1.514839511579745501e+00 1.775216639255942308e+00 5.714191314117532450e+00 6.908724809474914075e+00 1.170076454386864251e+00 4.474865080516110538e-01 6.379442567594508784e-01 2.586622905363868075e+00 8.000000000000000000e+00 1.400000000000000000e+01 4.000000000000000000e+00 -7.837964749777625002e+02
1.577944498292924713e+00 1.427936517632227620e+00 4.447741159286196400e+00 7.537456975789035951e+00 1.019087646053548291e+00 5.472663742799993569e-02 7.226753288098913819e-01 2.579326745784743746e+00 7.000000000000000000e+00 1.300000000000000000e+01 4.000000000000000000e+00 -3.072660408393365969e+02
1.983904015389885478e+00 2.167907115605058443e+00 7.438276827092591859e+00 7.192834025101165096e+00 2.143294559661492293e+00 3.844209401059811015e-01 9.183532541676907579e-01 2.337670490379603727e+00 1.000000000000000000e+01 1.200000000000000000e+01 4.000000000000000000e+00 -2.982098727173562907e+02
1.697020381113398368e+00 2.010370663993683582e+00 5.806160814676781357e+00 4.285563499633250117e+00 1.685936282048683177e+00 9.615676858485319167e-01 5.775118824948869412e-01 2.172375096900529101e+00 8.000000000000000000e+00 1.000000000000000000e+01 3.000000000000000000e+00 -2.232672962338790057e+03
1.713411366103561484e+00 1.217799528965700873e+00 4.419427055342153743e+00 3.042863795273632821e+00 7.926792082504513504e-01 1.015294352481441509e+00 8.339700474950708653e-01 2.811744184706534977e+00 1.000000000000000000e+01 7.000000000000000000e+00 4.000000000000000000e+00 -2.188963000433172965e+03
2.150080649269487054e+00 1.193781955872689204e+00 4.046099791486104102e+00 5.623192068975360058e+00 9.789184461470631371e-01 1.646475290225485333e-01 8.226306516967623050e-01 2.370864084946984640e+00 6.000000000000000000e+00 9.000000000000000000e+00 5.000000000000000000e+00 -2.162182020104582989e+03
1.766415654751692932e+00 1.949399874995396686e+00 3.477166854149021269e+00 4.423389821079634743e+00 1.493042278206056839e+00 1.152254283702484339e-01 7.028923837435554489e-01 3.558179459014166213e+00 7.000000000000000000e+00 1.100000000000000000e+01 4.000000000000000000e+00 -1.125869544343229563e+03
2.125755322397843372e+00 1.749051794289928186e+00 3.623008525787697387e+00 2.764554232898038144e+00 1.335127397782270409e+00 7.536466119095928118e-01 5.135380049041997630e-01 2.745931416396123481e+00 1.000000000000000000e+01 1.000000000000000000e+01 4.000000000000000000e+00 -1.970649607389417781e+02
1.346651210814656885e+00 1.818339400818513196e+00 4.544976353268162406e+00 5.442521123192380017e+00 1.616170440562692212e+00 4.282240692116859315e-01 7.410788333990804277e-01 3.094962887607744406e+00 8.000000000000000000e+00 9.000000000000000000e+00 5.000000000000000000e+00 -2.222571428360011396e+03
1.111620871265017962e+00 1.160897580496861314e+00 3.559578623925196084e+00 4.692938349973753809e+00 7.810058562995115805e-01 7.423382076780499217e-01 6.817498252919401702e-01 2.367645322080867754e+00 9.000000000000000000e+00 1.400000000000000000e+01 4.000000000000000000e+00 -1.831627583605518339e+02
2.105773953771990392e+00 1.799099980622090200e+00 1.271837357360686260e+00 4.463452913065633076e+00 1.409183121337358680e+00 7.800346071430680484e-03 7.083433344004191889e-01 2.017745810630571235e+00 7.000000000000000000e+00 9.000000000000000000e+00 4.000000000000000000e+00 -2.134428778752332619e+03
1.748263763207091426e+00 2.329331449846690827e+00 7.441254415336091554e+00 6.997121767295229944e+00 8.706388473517558957e-01 7.941182130899323566e-01 8.086111838475292801e-01 2.288698161865870606e+00 8.000000000000000000e+00 1.000000000000000000e+01 5.000000000000000000e+00 -2.555743372882068911e+02
2.260485609443791066e+00 2.501806161422864605e+00 7.682908829965978903e+00 7.781569261867806730e+00 8.141816570749628168e-01 1.495522811278416020e+00 5.885718650882707514e-01 2.818422130843291740e+00 5.000000000000000000e+00 1.100000000000000000e+01 5.000000000000000000e+00 -2.281819104609331134e+03
1.949552279586885373e+00 1.564153455940117343e+00 3.652750953158155234e+00 2.707054737662855537e+00 1.619230177081970812e+00 2.717346273570871995e-01 7.343568083908526001e-01 2.429180508626870960e+00 8.000000000000000000e+00 9.000000000000000000e+00 4.000000000000000000e+00 -2.410045797806942289e+02
1.229858985468970767e+00 8.469624519881353564e-01 2.868897606632910158e+00 1.384808656182408448e+00 2.084266877740674317e+00 2.787789961832864982e-01 5.557312756157242184e-01 2.217591221312620764e+00 3.000000000000000000e+00 1.000000000000000000e+01 5.000000000000000000e+00 -4.318682579720209560e+02
4.755131992154251197e-01 2.474388991753938782e+00 7.473325081738647846e+00 4.977143762661134119e+00 1.862597464619592635e+00 6.816958924975177747e-02 8.043265087252265966e-01 2.313483958197456669e+00 8.000000000000000000e+00 9.000000000000000000e+00 5.000000000000000000e+00 -2.271076750662080940e+03
2.100152662561818317e+00 1.832690956728157294e+00 3.874334007381702083e+00 3.932397762676797193e+00 6.957087565584193500e-01 6.511711368588632975e-01 7.377702528630618595e-01 2.926824149427906807e+00 9.000000000000000000e+00 1.100000000000000000e+01 4.000000000000000000e+00 -2.131431679164718389e+03
2.609623606798592732e+00 1.621075733590207513e+00 4.383405439623363264e+00 8.744094837715515212e+00 1.509886349033306319e+00 7.742699518177592610e-01 7.114191593405754244e-01 2.142080513513167972e+00 9.000000000000000000e+00 1.300000000000000000e+01 4.000000000000000000e+00 -2.204606972101015799e+03
2.207949198790332357e+00 1.146292030059118172e+00 7.405487266611899599e+00 8.061221394750813118e+00 1.697619251710444699e+00 9.732504465651912184e-01 3.629226338808274610e-01 2.770368079741721168e+00 3.000000000000000000e+00 1.000000000000000000e+01 5.000000000000000000e+00 -2.124595349314067789e+03
1.924293430528707161e+00 1.621276240031851890e+00 1.539743757208978048e+00 4.672096780214023859e+00 1.208802521583362877e+00 1.028999304479403243e+00 5.090366173401911221e-01 2.229988468207802832e+00 8.000000000000000000e+00 9.000000000000000000e+00 4.000000000000000000e+00 -2.182685005070300576e+03
1.009315920217177753e+00 2.442865766684004125e+00 5.604714336213804771e+00 4.240813142532007696e+00 9.965582219223685367e-01 7.239859175348639653e-02 3.701674644125752534e-01 2.055694164504290988e+00 1.000000000000000000e+01 1.200000000000000000e+01 5.000000000000000000e+00 -3.027747801189061647e+02
1.973066235711289140e+00 1.753758620686278968e+00 4.263210535770566523e+00 4.243386245816318514e+00 1.044963423924687218e+00 8.451970967239985644e-01 7.148316848343159169e-01 2.440163919333261155e+00 1.000000000000000000e+01 6.000000000000000000e+00 5.000000000000000000e+00 -2.261617403558164824e+03
2.223880930602719630e+00 7.210964672912826279e-01 1.302753610993269806e+00 4.932946191933092805e+00 1.635293895212488469e+00 3.252934441505818119e-01 7.861535468370125512e-01 3.188424207384473963e+00 7.000000000000000000e+00 1.100000000000000000e+01 4.000000000000000000e+00 -1.244999750102793286e+02
