1.213724675978635759e+00 2.299312580154872165e+00 7.964555700087116108e+00 3.419162122531824721e+00 1.241678825030163136e+00 2.354783433599000553e+00 4.453258904371712457e-01 2.671940231007980948e+00 8.000000000000000000e+00 1.800000000000000000e+01 5.000000000000000000e+00 -2.237757780987986735e+03 1.369800000000026614e+02 1.057923631174905843e+01 -1.829136625203256372e+01 3.905561096947594457e+00
1.222131368725254852e+00 1.666805866273935344e+00 4.558991752031570144e+00 7.086973801016187124e+00 8.617110333225921348e-01 1.126867755085593226e-01 3.737504411372584434e-02 3.528043668847597569e+00 1.000000000000000000e+01 1.600000000000000000e+01 5.000000000000000000e+00 -2.198656075533846888e+03 2.207999999999960039e+02 5.516004720865568700e+00 -2.357758586318014771e-01 6.119913483959367184e+00
2.845773423317099038e+00 1.242020017310755176e+00 5.274220987250648029e+00 2.450375514572447955e+00 2.435420043324487693e-01 8.204054498130017858e-01 5.277193692047728035e-01 4.152592369524094273e+00 9.000000000000000000e+00 1.300000000000000000e+01 3.000000000000000000e+00 -2.267465113951539024e+03 3.561999999999999034e+01 1.560344462197119952e+01 -2.053453984370485763e+00 5.528332768222238514e+00
9.907605986620168226e-01 1.929498592400067603e+00 9.298565915736048737e+00 4.448436588665026115e+00 8.878259181770921105e-01 9.349408473649899465e-01 2.211568874976770349e-01 2.669818036348630574e+00 5.000000000000000000e+00 2.000000000000000000e+01 3.000000000000000000e+00 -2.326124445648180426e+03 1.543999999999997783e+02 1.555777785301128624e+01 -3.347532346506448153e+00 5.184651826954508991e+00
1.691837874549829479e+00 1.391463787830815146e+00 4.653914470387092273e+00 7.904201142966008398e+00 1.474770163893628805e+00 6.266651361163685374e-01 4.336450190483546741e-01 4.042329885358393327e+00 3.000000000000000000e+00 1.600000000000000000e+01 4.000000000000000000e+00 -2.253402970585322691e+03 4.815999999999967685e+01 1.433268566158266921e+01 -6.784587807730944498e+00 1.977753909034128954e+00
4.259089106980402661e-01 2.195044175343946691e+00 8.602059239625686970e+00 6.659180504270456602e+00 2.125755611711350745e-01 1.567327562388943107e+00 3.259353926194228368e-01 3.596965457536292377e+00 8.000000000000000000e+00 1.800000000000000000e+01 5.000000000000000000e+00 -2.204072489980901992e+03 7.146000000000019270e+01 1.052140562380636801e+01 -7.648316494941552968e+00 5.586626830137231270e-01
9.918041232094148008e-01 1.730791159691335235e+00 5.008140727686211768e+00 5.315110016138293147e+00 1.603330772652538538e+00 2.802731487230309959e+00 2.099295493571571303e-01 3.011230276521911442e+00 6.000000000000000000e+00 1.800000000000000000e+01 4.000000000000000000e+00 -2.304648829486964587e+03 7.524000000000033594e+01 1.668930184293527930e+01 2.013949614952502909e+00 4.826719431068899474e-02
2.812102116627623438e+00 1.974359594173007437e-01 2.889744367353507926e+00 5.111159411518706897e+00 1.402289285765104365e+00 1.761427892852851507e+00 7.101402928493846245e-01 3.074232070191300625e+00 7.000000000000000000e+00 1.800000000000000000e+01 5.000000000000000000e+00 -2.200934590340914838e+03 8.568000000000073157e+01 9.880911896307168263e+00 -1.347754397502418477e+01 2.012533903973043437e+00
1.673753912904192509e+00 1.798360258076602491e+00 5.120772220418101206e+00 3.145670851149549474e+00 1.645873995105035625e+00 8.689044654661882694e-01 3.730147966815188232e-01 3.923454089451603455e+00 7.000000000000000000e+00 1.900000000000000000e+01 4.000000000000000000e+00 -2.263329804647322362e+03 3.765799999999960050e+02 4.689987790457784023e+00 -4.994033535134708046e+00 3.597327449753213724e-01
2.964945492471149358e+00 5.247936354485935873e-01 4.555046295985345495e+00 8.505864913622998458e+00 1.977413306384776970e+00 1.287266624538310200e+00 1.742068950557624507e-01 2.834991498642219110e+00 9.000000000000000000e+00 7.000000000000000000e+00 4.000000000000000000e+00 -2.121319530117453269e+03 6.405000000000023874e+01 5.580908132340832495e+00 -5.599798820612322814e-01 5.808843534641682460e+00
9.855089069364286747e-01 2.139875743038597289e+00 9.728865223175418464e+00 5.799540618717872853e+00 1.041334823468022863e+00 5.284967719613068438e-01 2.394495905682875181e-02 2.783127924760449012e+00 7.000000000000000000e+00 1.000000000000000000e+01 3.000000000000000000e+00 -2.207068857731791468e+03 8.219999999999960494e+01 1.037305360823699907e+01 -4.092619976899786849e+00 1.675791349695827881e+00
1.532839419187832508e+00 2.346418496383217978e+00 5.379279932649406959e+00 6.670833048137976284e+00 8.452807014047581946e-01 1.031042455580403194e+00 2.633285147965414019e-01 2.173635444996096844e+00 4.000000000000000000e+00 1.800000000000000000e+01 4.000000000000000000e+00 -2.408497976802605990e+03 3.364200000000101909e+02 1.501799855016255414e+01 -2.207362363331053512e+00 4.597998782009512508e-01
3.447731054563185626e-01 1.514058694781049264e+00 2.639195766800522591e+00 5.046674166273140472e+00 1.015890840820651730e+00 6.409793536245712575e-01 7.927220376539112490e-01 2.511383267865168190e+00 8.000000000000000000e+00 1.800000000000000000e+01 5.000000000000000000e+00 -2.372343287076655088e+03 2.599200000000072919e+02 1.514895544229071334e+01 -7.769740017767334805e+00 2.029116326574891715e+00
1.449266867645010226e+00 1.673049717143911375e+00 8.648056668808202119e+00 4.993526788610947342e+00 2.095728667958925762e+00 1.526881463491919000e+00 4.633376760385746196e-01 3.764422063125229201e+00 1.000000000000000000e+01 1.300000000000000000e+01 4.000000000000000000e+00 -2.310737931665460110e+03 1.389699999999979241e+02 1.507830822909131108e+01 -3.032784783223417602e+00 5.089443848279270322e-01
2.465379700940251606e+00 1.588544992782207510e+00 3.897097911680905469e+00 1.536512130684183131e+00 1.400195822207341401e+00 2.101064068073548174e+00 2.823455644041301116e-01 3.899763320504807673e+00 8.000000000000000000e+00 1.900000000000000000e+01 4.000000000000000000e+00 -2.237688817425269463e+03 8.473999999999946908e+01 1.220742608907936955e+01 1.659186028981595618e+00 4.237967638607231358e+00
2.041602565918644974e+00 9.690274273176560094e-01 4.983178805252491017e+00 4.876050980782341782e+00 2.197281503667909863e+00 1.022890733076146086e-01 2.516522665062427278e-01 2.426763102881890344e+00 1.100000000000000000e+01 1.000000000000000000e+01 3.000000000000000000e+00 -2.456771478346702793e+02 3.000999999999997385e+02 5.976696739666901514e+00 -1.479053389456634060e-01 6.221014716823201063e+00
1.808475552897021110e+00 9.920165649534252728e-01 7.791195287797417990e+00 2.555196515141204827e+00 2.122093585349011935e+00 9.906483956231615373e-02 3.457395412033636983e-01 3.036530581552455921e+00 6.000000000000000000e+00 1.900000000000000000e+01 3.000000000000000000e+00 -2.283124686510830543e+03 7.105999999999963279e+01 1.547466790692693017e+01 -6.536308705242620753e+00 1.381929585408302019e+00
9.192090345489497549e-01 2.043083936912752918e+00 7.119962178680345311e+00 6.281546607677686467e+00 2.254665801949483850e+00 1.185960666377605666e-02 4.340176518866177835e-01 2.092297128384796867e+00 1.000000000000000000e+00 1.700000000000000000e+01 5.000000000000000000e+00 -6.135915389253859757e+02 5.101700000000154773e+02 2.240665868283614159e+01 1.037223489381990521e-01 2.147665016285917397e-02
2.063700615571605113e+00 8.411194561375157086e-02 7.516369688962581286e+00 5.640909139033349007e+00 9.049903715346165889e-01 1.004439344377262566e+00 1.503929510177053619e-01 3.306983154735432251e+00 4.000000000000000000e+00 2.000000000000000000e+01 3.000000000000000000e+00 -2.286214270445409511e+03 7.900000000000058265e+01 1.541964190283809266e+01 -4.534035401209440153e+00 4.147442479172410046e+00
7.451457273605621712e-02 2.496034236700922726e+00 6.125143354434090526e+00 4.908403895651981763e+00 1.006138857917341145e+00 1.146653707918227738e+00 7.556487861468021983e-01 3.269908151821106390e+00 1.000000000000000000e+00 1.500000000000000000e+01 4.000000000000000000e+00 -2.457362985139626289e+03 4.252499999999811848e+02 1.529612407122724171e+01 -5.290279178972721930e+00 5.754616066944276298e+00
1.773532705058267211e-01 1.148065224092438719e+00 5.279429851498527171e+00 1.268664716332046360e+00 1.665591147914746273e+00 5.404559499585831484e-01 7.997780351142127486e-01 2.477558618137130075e+00 5.000000000000000000e+00 1.500000000000000000e+01 3.000000000000000000e+00 -2.348844663185170248e+03 1.627500000000032969e+02 1.671685394907304101e+01 -3.886193080270004874e+00 1.527595311271576772e+00
7.422034347803030396e-01 1.149142679884358698e+00 7.166421832877870379e+00 3.397738843270678544e+00 1.282157301418508588e+00 8.439319804243058387e-01 1.616638710032002324e-01 3.639092703789009953e+00 3.000000000000000000e+00 1.700000000000000000e+01 4.000000000000000000e+00 -2.267253719512780663e+03 3.561500000000010573e+02 5.573669969548737946e+00 -7.541338278917830706e+00 4.535690678567497969e+00
1.285046776712993166e+00 1.923072080492451263e+00 3.401929215083209890e+00 3.847227010258385427e+00 2.243869517894487409e+00 1.567548030237298828e+00 1.477531068089307509e-01 4.377845130001436047e+00 6.000000000000000000e+00 1.300000000000000000e+01 4.000000000000000000e+00 -2.273097945232545953e+03 5.174000000000030752e+01 1.545174657703412002e+01 -5.991457265285866640e+00 1.972756820165195712e+00
2.662128821655366018e+00 1.362800822367416842e+00 5.602703437899950067e+00 4.896939289323267275e+00 2.457582664723543697e+00 1.522645782811115733e+00 5.788937272224683461e-01 2.953201929231915823e+00 8.000000000000000000e+00 1.900000000000000000e+01 3.000000000000000000e+00 -2.312867367400264357e+03 1.255899999999989802e+02 1.562952296251656215e+01 -8.472318869035447619e+00 1.667663731010945671e+00
2.406420902772068438e+00 1.757802396822103042e+00 8.099058528039465799e+00 3.859905735558873285e+00 2.628569139897193985e+00 1.326433605341264865e+00 2.402020382344619009e-01 3.048723300216254373e+00 7.000000000000000000e+00 1.900000000000000000e+01 5.000000000000000000e+00 -2.382207240088562685e+03 2.652399999999973375e+02 1.559920250553526877e+01 -3.675260058577919153e+00 4.401217416850563779e+00
1.262320385300572445e+00 2.131511455470500582e-01 6.504827874735124915e+00 4.423243947542117915e+00 2.235241885146432406e+00 3.229286229727271196e-01 4.114096446197562651e-01 2.909052790270096889e+00 1.100000000000000000e+01 1.300000000000000000e+01 3.000000000000000000e+00 -2.254991584866253106e+03 3.504799999999905253e+02 4.984474054141126764e+00 -1.907001107560586384e+00 6.776989273794054025e-01
1.823735171145853595e+00 1.335613479874780740e+00 8.697584395083135078e+00 3.749052125022688031e+00 2.934880790789443861e+00 2.022190701616878084e+00 3.529322619408498118e-02 4.187341578151505317e+00 9.000000000000000000e+00 1.900000000000000000e+01 2.000000000000000000e+00 -2.350871239023030284e+03 1.797399999999983322e+02 1.631257743893945289e+01 -5.668383153409373154e-01 5.774181012442777039e+00
2.177730494964211339e+00 1.019092543155624586e+00 9.873469932357798129e+00 9.288844776102120449e+00 2.368338150854081281e-01 8.637601994464061406e-03 3.933300563856786392e-01 3.298238073515095792e+00 1.100000000000000000e+01 1.400000000000000000e+01 5.000000000000000000e+00 -2.273123113275009473e+03 4.970000000000015916e+01 1.551706957968810308e+01 -1.605945845633801827e+00 1.156590564183521408e-01
1.508832331653944037e+00 2.731552669321853255e+00 5.349757017910206969e+00 3.832040983048818017e+00 1.753085155036861353e+00 7.206276503999475835e-02 3.163666127373450099e-01 3.123476091649973085e+00 7.000000000000000000e+00 1.400000000000000000e+01 5.000000000000000000e+00 -2.123953164672888306e+03 6.916000000000023817e+01 5.585822792055496144e+00 -1.163765454377069908e+01 4.386009307581155703e+00
2.275595931885328493e+00 2.016373102989392319e+00 2.204950714639481113e+00 6.810232971971268867e+00 2.019181884431424656e+00 1.341226537810881636e+00 4.408121567398181617e-01 2.336471262436961460e+00 4.000000000000000000e+00 7.000000000000000000e+00 3.000000000000000000e+00 -2.261998826798943810e+03 3.717000000000012960e+01 1.521336417493399829e+01 -2.579103324561153876e+00 7.458473659938130718e-01
1.831543720907524042e+00 2.850938475206178602e+00 8.424978013821371903e+00 3.770618510304958981e+00 2.191171547014363341e+00 1.564246257498553172e+00 5.692459394361844005e-01 4.240096651747077949e+00 8.000000000000000000e+00 4.000000000000000000e+00 2.000000000000000000e+00 -2.246595198876092127e+03 1.371999999999988340e+01 1.498344992975575352e+01 -3.213350366317690998e+00 5.654385183467062426e+00
7.597385780842933478e-01 2.090185282164986003e+00 5.035402673887238834e+00 2.679457864031986603e+00 1.134195254095677452e+00 2.106344278909407564e+00 1.747031190969882686e-01 2.798610735833463981e+00 1.000000000000000000e+01 1.700000000000000000e+01 4.000000000000000000e+00 -2.175494850781711193e+03 1.752699999999976228e+02 5.491240673857014976e+00 -2.615908640838620958e+00 4.366987756716662616e-01
2.088478586739942244e+00 1.696141054419522343e+00 6.678649286047069644e+00 7.082695745712311641e+00 2.631632912826543880e+00 1.779683906702949958e+00 2.197900127602227527e-01 4.571112346117134351e+00 7.000000000000000000e+00 1.300000000000000000e+01 5.000000000000000000e+00 -2.272636940955426780e+03 5.122000000000029729e+01 1.543918380971415871e+01 -1.116317662907487218e+01 3.533300956295537532e+00
2.681535575385933345e+00 2.141023626280926795e+00 2.329976932058022143e+00 7.381862229352251781e+00 2.768198070863157056e-01 1.244114880285687730e-01 4.394344628488834892e-01 4.523136193536666738e+00 5.000000000000000000e+00 1.300000000000000000e+01 5.000000000000000000e+00 -2.194480862538498513e+03 5.031000000000027939e+01 1.058286640865615702e+01 -1.554438346826588102e+00 5.734744829277966360e+00
2.365481178034456455e+00 1.666708111039633344e+00 3.117968122173547574e+00 2.669347666529321650e+00 9.334089137713854623e-01 5.794359888694472493e-01 4.983908906984266807e-01 4.088551333160414636e+00 7.000000000000000000e+00 1.000000000000000000e+01 5.000000000000000000e+00 -2.121823199655738335e+03 6.530000000000056559e+01 5.573324978483626069e+00 -1.121084535639079283e+00 4.410793372080735741e-01
9.291617274099230883e-01 1.849144873072384510e+00 5.997513706688632595e+00 1.334825942665866627e+00 1.285819847060345023e+00 9.870365663452412841e-02 4.791927185397519273e-01 3.206875550716210999e+00 4.000000000000000000e+00 2.000000000000000000e+01 3.000000000000000000e+00 -2.352148437127035322e+03 4.121999999999851525e+02 9.128027320440168069e+00 -1.995212042640037264e+00 5.547896936314067773e+00
1.185545915441843512e-02 2.927307577748528455e+00 6.334601533709938614e+00 3.760624201567256630e+00 2.441623247584648659e+00 9.425888214019917388e-01 2.046969324104767063e-01 4.969165369690093037e+00 9.000000000000000000e+00 1.700000000000000000e+01 5.000000000000000000e+00 -2.377109391872789729e+03 2.854299999999944362e+02 1.464964949204951594e+01 -6.504155069111758891e+00 5.147453845162449859e+00
1.992381738754451792e+00 5.994721086146997946e-01 6.091115914992106362e+00 9.870245532924931453e+00 2.013870151521995222e+00 2.086290987993020707e+00 7.756679943513318243e-01 2.937285968629416821e+00 1.000000000000000000e+00 1.600000000000000000e+01 5.000000000000000000e+00 -2.273281272570256533e+03 4.607999999999972118e+01 1.564007953564104980e+01 -8.430478827423357302e+00 1.956901919236194942e+00
2.587246142516996805e+00 6.653135309381185136e-01 8.447459994782068549e+00 6.787514749900621425e+00 1.618565621503137875e+00 1.104848329167336995e+00 9.559424882779135046e-01 3.324270300682251822e+00 8.000000000000000000e+00 1.800000000000000000e+01 5.000000000000000000e+00 -2.284117794279648024e+03 7.506000000000032912e+01 1.541173714247800852e+01 -1.086452157621462611e+01 3.028623589032616970e+00
1.046667924504071312e+00 1.955938718973877277e+00 7.973424426937847365e+00 7.009494271705262847e+00 1.403847171401279237e+00 5.243812514338553887e-01 2.452386545436072152e-01 3.213234585005219746e+00 1.100000000000000000e+01 1.100000000000000000e+01 5.000000000000000000e+00 -2.140938755850998859e+03 1.040599999999995191e+02 5.556797240687433970e+00 -3.298930957606086789e+00 5.341831459771664292e+00
4.902737282648126360e-01 1.396540250399926908e+00 9.533838623232105292e+00 4.093606767925038525e+00 2.900070445227934890e+00 1.364433382613840617e+00 1.605362923061426084e-01 3.230490036330357029e+00 4.000000000000000000e+00 1.000000000000000000e+01 2.000000000000000000e+00 -2.316414251324854831e+03 6.160000000000060538e+01 1.785089070780339071e+01 -1.792033097975825440e+00 5.086438438495548553e+00
2.771037941923806258e+00 8.737559967800097027e-01 4.795816771196442119e+00 2.261317770231711322e+00 1.394464173409404761e+00 1.563459492833040088e+00 1.739211505605041952e-01 3.434755652566147788e+00 2.000000000000000000e+00 1.400000000000000000e+01 5.000000000000000000e+00 -2.318328964473260385e+03 1.422399999999990996e+02 1.545056027957878619e+01 -5.979980591550010161e+00 1.847805659112113030e+00
1.714717232774920053e+00 1.917534166488276126e+00 1.100856672418094817e+00 8.789003572767548178e+00 1.347951688963448191e+00 2.680557005973007723e-01 8.350052307935118545e-01 2.907997101121483574e+00 9.000000000000000000e+00 8.000000000000000000e+00 4.000000000000000000e+00 -2.078901035047094865e+03 8.071999999999863462e+01 2.408814690443490392e+00 -9.199690862818170611e-01 6.266690814043434088e+00
2.648271947577603758e+00 1.280469839691656064e+00 6.898989949278594658e+00 1.716047853489605979e+00 2.128611917933370012e+00 1.436393585120621541e+00 3.415873917918482716e-01 3.473811230431488539e+00 3.000000000000000000e+00 1.600000000000000000e+01 4.000000000000000000e+00 -5.430414586685109271e+02 4.801600000000302657e+02 1.893509116678098891e+01 -7.187656533189756836e-02 1.065427038769807544e-01
1.888560713200657215e+00 1.606207731828185548e+00 3.685749307920398454e+00 3.789530705622961904e+00 2.588859848340705483e-01 2.765232476132033490e+00 2.007034426637904212e-01 3.452941810956235535e+00 2.000000000000000000e+00 1.700000000000000000e+01 4.000000000000000000e+00 -2.272064787877434355e+03 5.338000000000036493e+01 1.533592424233962959e+01 -4.548217348869619592e+00 1.530883936842279081e+00
1.303539621359356859e+00 1.112667243240805126e+00 3.552337321935927328e+00 4.052445185668053007e+00 1.798646507833827624e-01 1.817224987099177014e+00 3.045926859709401358e-01 4.601986187665694672e+00 5.000000000000000000e+00 1.100000000000000000e+01 2.000000000000000000e+00 -2.263109565238331925e+03 2.771999999999991005e+01 1.557809782739575155e+01 -1.968568583916429082e+00 4.149401223339268530e-01
1.695722302241996271e+00 2.569595897738432555e-01 5.302089895817856835e+00 2.127945003315990125e+00 2.861898491866645688e+00 1.457747829585155142e+00 7.241291775024645272e-01 3.428831653632043786e+00 6.000000000000000000e+00 1.400000000000000000e+01 5.000000000000000000e+00 -2.397956442439491639e+03 4.073999999999732609e+02 1.214102765246906479e+01 -4.994826954128316565e+00 1.943238974200490077e+00
1.577720387188808582e+00 1.759852506949281192e+00 7.398403725808828213e+00 3.368366755108016974e+00 1.437415344117301874e+00 7.667359664813476750e-01 1.476727131795888270e-01 2.648554227416828333e+00 9.000000000000000000e+00 1.500000000000000000e+01 4.000000000000000000e+00 -2.151752280513798326e+02 4.094999999999835723e+02 1.658395076490934775e-02 -1.887296290575619651e+00 4.396164316739561428e-01
