1.121380219376856502e+00 2.395907848721562594e+00 4.886586316688654286e+00 5.874205727705887448e+00 3.794553692572233405e-01 4.626978077664367639e-01 4.813467784418479223e-02 2.424706295201035644e+00 7.000000000000000000e+00 1.300000000000000000e+01 3.000000000000000000e+00 -2.155089660014291894e+03 1.383199999999979468e+02 5.370603750893314654e+00 -1.308120087050835378e+00 8.608901859239304066e-01
2.264480362848356521e+00 2.047365677201515410e+00 7.689047682135058182e+00 7.904731168482886261e+00 4.953058420236632342e-01 4.662814412875765924e-01 1.561229062391922551e-01 2.279334285732985688e+00 3.000000000000000000e+00 1.700000000000000000e+01 4.000000000000000000e+00 -2.230199768306340957e+03 2.918899999999950410e+02 5.265923019146470097e+00 -3.251234015147025147e+00 3.271096096935430242e-01
2.805020516911486350e+00 2.780847732611509748e+00 6.341032301378060509e+00 6.012384604995935078e+00 8.761966755627466075e-01 8.938571877992779191e-01 2.506044246587025848e-01 3.063107436153564400e+00 9.000000000000000000e+00 2.000000000000000000e+01 4.000000000000000000e+00 -2.180132856814886509e+03 2.067999999999967997e+02 4.795803550930500592e+00 -4.009121606605635435e+00 3.067088906712584495e-01
1.592921515342211380e+00 1.967493543705100212e+00 7.162236289562207148e+00 4.408119257770518828e+00 1.148352629834384020e+00 9.284307594926333174e-01 2.262558310654123050e-01 2.147999988406815497e+00 1.000000000000000000e+01 1.500000000000000000e+01 3.000000000000000000e+00 -2.213704195645630989e+03 2.505000000000066223e+02 5.528387227851732533e+00 -3.626956765798269089e+00 5.251535621729447101e+00
5.381699865631474067e-01 7.781875707555478971e-01 6.177705573397159533e+00 7.386888577323007965e+00 1.174611862066916146e+00 7.915314667205604060e-01 1.507611780561723958e-02 2.642193951133698260e+00 9.000000000000000000e+00 2.000000000000000000e+00 4.000000000000000000e+00 -2.251973578566580727e+03 7.279999999999932747e+00 1.552084866041129985e+01 -2.537327103557663222e+00 6.273078602402167192e+00
7.628648120689633938e-01 2.513004217395639284e+00 3.387329684633292981e+00 4.050369425084656250e+00 1.335626445328089273e+00 1.762506217437635136e+00 2.183747035468564246e-01 3.339118437127746475e+00 7.000000000000000000e+00 1.900000000000000000e+01 5.000000000000000000e+00 -2.282441972530419207e+03 6.649999999999968736e+01 1.557449828315121998e+01 -5.980416292609040063e+00 2.583481261400427442e+00
5.606164456945124108e-01 2.257068566425308287e+00 9.310902341865123333e+00 7.145025210847477659e+00 9.998778088849376022e-01 6.416995737682755774e-01 2.549009616969755143e-01 2.541226890543193839e+00 7.000000000000000000e+00 1.600000000000000000e+01 5.000000000000000000e+00 -2.229025584637569864e+03 2.795199999999989018e+02 5.579099039848163244e+00 -5.449361243095119711e+00 1.015979078688227455e+00
1.246387074154795327e+00 4.089405790551335906e-01 7.057380302978261355e+00 9.913292462799171645e+00 1.949477316906950364e+00 1.314010801690972841e+00 4.389490472453984604e-01 2.750286504691987322e+00 8.000000000000000000e+00 1.000000000000000000e+01 4.000000000000000000e+00 -2.272156850236625814e+03 4.620000000000038654e+01 1.556605313978909244e+01 -7.063111548051450583e+00 1.551917072962526900e+00
1.614213888556034426e+00 1.081263774774468889e+00 3.114879805182747319e+00 5.821243370045592336e+00 1.913511669148753480e+00 4.628596085223610768e-01 9.382594360814635603e-01 3.709489351912592436e+00 1.100000000000000000e+01 1.700000000000000000e+01 4.000000000000000000e+00 -5.260080631807948066e+02 5.101700000000154773e+02 1.693269144879919352e+01 4.120921509648775016e-01 2.169974534967240576e-01
2.533253310746243603e+00 1.623574955391105412e+00 7.603647256658033093e+00 3.407892528336621929e+00 1.335015370658199974e+00 1.497645668022444809e+00 2.541907831076020141e-01 2.926538506356099578e+00 8.000000000000000000e+00 9.000000000000000000e+00 4.000000000000000000e+00 -2.197918726617614084e+03 6.129000000000106496e+01 1.045460791360083341e+01 -1.294342403664659358e+00 5.639466531768813518e+00
1.116741261181149802e+00 1.098256518412309868e+00 5.813273921678637990e+00 8.408538631169339084e+00 9.749056716278210466e-01 1.090444578724284685e+00 6.438493450556370679e-02 4.126783268148250805e+00 8.000000000000000000e+00 9.000000000000000000e+00 4.000000000000000000e+00 -2.254358125334728356e+03 2.654999999999996518e+01 1.506769533342052192e+01 -4.800697155388464310e+00 3.834132076600713646e-01
1.740070113945340502e+00 2.180566738737666821e+00 7.416642344131640918e+00 8.316324506835503172e+00 1.830930623087800857e+00 4.363210536355510705e-01 6.716893646728869793e-01 2.556495498251510234e+00 8.000000000000000000e+00 2.000000000000000000e+01 4.000000000000000000e+00 -2.181900124390380824e+03 1.863999999999979593e+02 5.543757774398859084e+00 2.186228072805119993e+00 5.978170341945017618e+00
1.886175007165006967e+00 1.710672855658582847e+00 6.676829348805791042e+00 8.172446739406145966e+00 1.411817660505675143e+00 1.350337385565056447e+00 4.854431647526409876e-01 4.018031532743950862e+00 1.100000000000000000e+01 2.000000000000000000e+01 3.000000000000000000e+00 -2.197030312949666950e+03 5.580000000000025295e+01 1.057064455935418756e+01 -1.041805487233714445e+01 4.617989939552587408e+00
1.147346818134412860e+00 1.502221542496589679e+00 8.498426676691346771e+00 4.590749175741644095e+00 2.150713813446007983e+00 8.765968437620834663e-01 1.774205233622428157e-01 2.147509523530769737e+00 5.000000000000000000e+00 1.700000000000000000e+01 3.000000000000000000e+00 -2.295477493281791794e+03 9.673000000000079979e+01 1.544453083011195993e+01 -8.225553530346797260e+00 2.728097645692057593e+00
2.633544497542674279e+00 2.270079228882062594e+00 8.319687918187154807e+00 5.872180164840436589e+00 1.903459667291774959e+00 4.627917443531012198e-01 2.800481068433180454e-01 2.526844717839885845e+00 3.000000000000000000e+00 1.100000000000000000e+01 3.000000000000000000e+00 -2.301075425480650210e+03 1.086799999999994952e+02 1.542096409254065392e+01 -3.230376957032486285e+00 2.402747385354076837e+00
9.472001516856017878e-01 2.305740790909117877e+00 4.013615731763223948e+00 5.527636659849236800e+00 1.134382838654556913e+00 3.652133415024875762e-01 1.080587293487865752e-01 2.895953643222693330e+00 1.000000000000000000e+01 1.500000000000000000e+01 4.000000000000000000e+00 -2.236426565355725415e+03 2.964000000000007162e+02 5.514160334732812530e+00 -3.722942748861233220e-01 3.206785724776880370e-02
2.930488979352812606e+00 2.312948388969974012e+00 9.038571587792000983e+00 2.023577492798011690e+00 2.627962457580451883e+00 1.696896614640708734e+00 9.673649664589077657e-02 3.874294883267656697e+00 6.000000000000000000e+00 1.500000000000000000e+01 4.000000000000000000e+00 -2.371262009207448955e+03 2.496000000000065882e+02 1.540387557546536890e+01 -8.730686343354868484e+00 3.370660363787277625e+00
2.390847989939829610e+00 1.447916057104146725e+00 4.031640935897999434e+00 6.581606117236832532e+00 1.776469596871281365e+00 3.930074768617031200e-02 2.080708564250427495e-01 2.598756929694360451e+00 8.000000000000000000e+00 1.900000000000000000e+01 2.000000000000000000e+00 -2.520782069795203824e+03 5.510000000000055707e+02 1.533012936220006139e+01 -4.065089581899078430e-01 3.310477244363549953e-01
1.898492018131842318e+00 1.224775181699237381e+00 6.737278158544857121e+00 3.422999974735673856e+00 2.134705767381888997e+00 1.334075459974175537e+00 8.498179924869046775e-02 2.431026612486614003e+00 7.000000000000000000e+00 1.400000000000000000e+01 4.000000000000000000e+00 -2.323461171807676692e+03 1.497999999999983629e+02 1.553507323797985329e+01 -5.964758004073034137e+00 4.018576867423086618e+00
7.508913060342881085e-01 7.698870618456674642e-01 1.599790491012090587e+00 9.896863599895272756e+00 1.279282508419689046e+00 1.566303557940328606e+00 7.800793586412602121e-01 2.355009352643583131e+00 9.000000000000000000e+00 5.000000000000000000e+00 4.000000000000000000e+00 -2.109686005337457573e+03 4.294999999999969731e+01 5.513187833591112863e+00 -1.044861165483086385e+00 2.153342404395590937e-01
1.875831158074720895e+00 1.823197366053071589e+00 4.676959540730983633e+00 5.554740271180772737e+00 1.837404842672016425e+00 6.906505272519833927e-01 3.838732436023374328e-01 3.263510875718168336e+00 9.000000000000000000e+00 1.200000000000000000e+01 3.000000000000000000e+00 -2.268037703325756411e+03 4.295999999999985164e+01 1.540985645785979408e+01 -6.538966629659569207e+00 6.138790468581214466e-01
2.232253597751393315e+00 1.612574066155134656e+00 2.478584801868520593e+00 7.047977781788393514e+00 1.491044524771318214e+00 1.845705706826391013e-01 2.452803247512904128e-01 3.242273243430329188e+00 4.000000000000000000e+00 3.000000000000000000e+00 4.000000000000000000e+00 -2.253178579349295887e+03 1.007999999999997698e+01 1.550866120933098991e+01 -1.557640165760260764e+00 2.389853911783015872e-02
1.415862135189579485e+00 1.567510367353923240e+00 5.853450341774160570e+00 4.468348832085776934e+00 1.894337166238501791e+00 4.039659026858829494e-01 3.691562231208669331e-01 3.561087493832365780e+00 5.000000000000000000e+00 1.900000000000000000e+01 4.000000000000000000e+00 -2.274041385814035948e+03 9.632999999999933038e+01 1.411727411337728455e+01 1.973975932686812040e+00 6.188338890564758721e+00
2.749196139727721810e+00 1.229317137770410184e+00 8.683179080119801441e+00 6.875531209345949080e+00 2.577760834750701502e+00 4.231028818730003804e-01 5.979699555030594249e-01 2.141659826509905606e+00 8.000000000000000000e+00 7.000000000000000000e+00 3.000000000000000000e+00 -2.265265480108245356e+03 3.367000000000011539e+01 1.552690500676534313e+01 -2.260695654166332336e+00 5.660025889747719141e+00
1.261574428878704746e+00 1.004002051528832151e+00 4.886173529175032115e+00 7.035011369144887894e+00 7.678095034065735014e-02 2.457119062536767373e+00 2.038081343713123716e-01 2.775966697297007624e+00 8.000000000000000000e+00 1.500000000000000000e+01 5.000000000000000000e+00 -2.126969714881756317e+03 7.905000000000013927e+01 5.465294680109750836e+00 -1.331583620633575116e+01 6.124441557611358888e+00
1.460234689548525422e+00 2.803067195785211130e+00 9.287847115865913494e+00 6.181680709666744988e+00 9.673726033189056217e-01 6.766908897649630550e-01 4.116499306198238006e-01 2.335500328720909735e+00 9.000000000000000000e+00 8.000000000000000000e+00 3.000000000000000000e+00 -2.133905290916606646e+03 9.167999999999840099e+01 5.504080682287952442e+00 -4.748054719573081561e-01 2.914834275428543897e-01
1.972371103356229227e+00 9.369245176778862039e-01 2.725096158728526952e+00 8.940650951480751729e+00 1.525379683749602977e+00 1.254811216052191591e+00 1.615718171310402407e-01 2.512487603913809320e+00 4.000000000000000000e+00 1.800000000000000000e+01 4.000000000000000000e+00 -2.290221772033557500e+03 8.406000000000067018e+01 1.551198575209733477e+01 -3.090556170185378981e+00 6.057255225634733620e+00
1.839736730990054969e+00 1.053040139027432431e-01 8.870943488497752938e+00 5.947697715222560078e+00 1.720647316706642727e+00 2.516394030667125747e+00 2.106243724951236962e-01 2.622147860016669885e+00 4.000000000000000000e+00 1.400000000000000000e+01 2.000000000000000000e+00 -2.317538376051320483e+03 7.994000000000028194e+01 1.734802350320751074e+01 5.458908815240818280e-01 5.967716171909875911e+00
2.001596489818524560e+00 2.263025110445801236e+00 9.163312572120895894e+00 3.332615529558709433e+00 9.634443385118588443e-01 9.432463428952421181e-01 3.976577491804377251e-01 3.113745443389588807e+00 9.000000000000000000e+00 1.400000000000000000e+01 2.000000000000000000e+00 -2.158402114882806927e+03 1.450399999999988268e+02 5.367632180175466949e+00 -4.734756557140352484e+00 1.821671800441350575e+00
1.712914901656267030e+00 2.933363294312687053e+00 4.645127125641881349e+00 7.251261230543194714e+00 1.508507251124803883e+00 9.818520215686065145e-01 3.278447024403916554e-01 2.767628784665482122e+00 9.000000000000000000e+00 1.300000000000000000e+01 5.000000000000000000e+00 -2.309807520217520960e+03 1.322099999999981605e+02 1.523140751359511569e+01 -4.241111843033636752e+00 1.359990489546390346e+00
1.419004712970449500e+00 1.022854065436046955e+00 7.148121458583570842e+00 9.432026904638847853e+00 3.433986417921319756e-01 1.461404453145653592e+00 4.311196690158927702e-02 3.305331485106028033e+00 2.000000000000000000e+00 1.500000000000000000e+01 3.000000000000000000e+00 -2.270284874689991739e+03 4.709999999999973141e+01 1.542092966812447585e+01 -8.155040465452099596e+00 3.705264905775729201e+00
2.506268565429691897e+00 9.434977284299211897e-01 3.206458128225148307e+00 3.924035001083086449e+00 2.249723185006532233e+00 1.923697028683876153e-01 4.833770018212765751e-01 2.398551492192836143e+00 3.000000000000000000e+00 5.000000000000000000e+00 5.000000000000000000e+00 -1.943902194441987490e+02 1.500499999999998693e+02 7.460326215262425897e+00 9.743819068492323709e-03 1.138052893958828027e-01
2.480375592096757398e+00 2.814181254740847127e+00 5.270074850570065195e+00 6.035195708214003751e+00 2.009379998705298043e+00 2.103068260620233332e+00 5.068304909530074731e-01 2.016220045448292364e+00 7.000000000000000000e+00 1.600000000000000000e+01 4.000000000000000000e+00 -2.304257621714399193e+03 3.939200000000167847e+02 6.706101357149426789e+00 -8.801458133709563203e-01 4.054633877946671738e+00
2.254586839275558585e-01 1.012467798636879523e+00 8.921515792351469187e+00 4.015094744038154140e+00 1.314299735462843177e+00 4.069177312121924350e-01 7.375089353363916134e-01 3.656966716441479193e+00 6.000000000000000000e+00 1.500000000000000000e+01 2.000000000000000000e+00 -2.309395837178023612e+03 1.228500000000017991e+02 1.549817732362645017e+01 -4.854675305063530510e-01 9.236309917733067643e-01
2.377159977692712367e+00 9.868249172875465103e-01 3.881187441257634596e+00 5.051642547746141076e+00 2.500346519051906302e+00 7.406228893877677688e-01 1.423971784142814279e-01 2.589075486142853766e+00 8.000000000000000000e+00 1.500000000000000000e+01 3.000000000000000000e+00 -2.272117800241359419e+03 2.127000000000051898e+02 1.036048751508482013e+01 -5.299929904208394049e+00 1.853021941812563078e+00
2.216432058520613424e+00 1.395758595091586507e+00 6.489256837664619582e+00 3.954022915741720379e+00 2.658483882007291577e+00 6.657609393272702070e-01 6.754068498273457788e-01 2.810587726030633782e+00 8.000000000000000000e+00 1.700000000000000000e+01 3.000000000000000000e+00 -2.287077286167267630e+03 8.500000000000068212e+01 1.528608038545420555e+01 -4.861400577325921901e+00 4.574363564220632838e+00
2.368053728264751356e+00 2.437515465708917084e+00 6.619390890353241019e+00 6.159127417863375697e+00 2.578141707006512462e+00 3.578159130740915517e-03 2.248141181044888692e-01 2.648467666286092648e+00 4.000000000000000000e+00 1.600000000000000000e+01 4.000000000000000000e+00 -5.415670571624840477e+02 4.801600000000302657e+02 1.884294107265430540e+01 -1.471840386223501329e-01 9.207124836655018740e-02
1.233859858510499174e+00 2.031538620051184019e+00 4.735433527337012727e+00 5.776731009267151329e+00 2.112441048140635935e+00 1.905484196325610557e-01 5.777044731328998539e-01 3.175464591709439510e+00 6.000000000000000000e+00 1.900000000000000000e+01 4.000000000000000000e+00 -5.982565118987758979e+02 5.701900000000110822e+02 1.957259449367314730e+01 2.481226815699267840e-01 6.242356742091914157e+00
4.835235911211518411e-01 9.003675284297152359e-01 8.832582115849429982e+00 7.727153819355060627e+00 2.090329707151814542e-01 5.509022654563620058e-01 1.691523353031617605e-01 3.544445513906226086e+00 9.000000000000000000e+00 9.000000000000000000e+00 3.000000000000000000e+00 -2.115679573085245011e+03 5.517000000000083304e+01 5.505910817827778025e+00 -2.305206381771042423e+00 6.147650838828056408e+00
9.024494467229118300e-01 1.518839889184028458e+00 7.877326913517590512e+00 1.875049138069521115e+00 1.067562015757580696e+00 5.201214404025126248e-01 1.172630406479690385e-01 3.657094643803973089e+00 1.000000000000000000e+01 1.700000000000000000e+01 4.000000000000000000e+00 -2.219671870674568709e+03 1.040400000000008731e+02 1.047824191716052056e+01 -4.844749084478300993e+00 4.640662694494155360e+00
1.438306308208034734e+00 3.893864049027184748e-01 1.560317820184003779e+00 9.579132801063737546e+00 7.381285707240579086e-01 1.268131231327731090e+00 4.629003983234616371e-01 2.511911069766678217e+00 8.000000000000000000e+00 1.200000000000000000e+01 4.000000000000000000e+00 -2.202733608556877243e+03 6.755999999999953332e+01 1.055960053480483474e+01 -5.218468104561766907e+00 4.643095345082670633e+00
7.741041169974203218e-01 1.927936627059849473e+00 7.986892685694817473e+00 8.165065061531302959e+00 1.753375280933420655e+00 5.018843686235928692e-01 4.513173238463603631e-01 2.211628253852130577e+00 9.000000000000000000e+00 4.000000000000000000e+00 4.000000000000000000e+00 -2.195733507257210476e+03 5.491999999999900695e+01 1.051709420357568092e+01 -1.913483724566829913e+00 4.621195616347498758e-01
1.723237327729342239e+00 6.909926445099425774e-01 4.843921483454399990e+00 8.338862894675585835e+00 2.370965559606912798e+00 5.516465676833983700e-01 1.780568547444112693e-01 3.608671046246034742e+00 4.000000000000000000e+00 1.700000000000000000e+01 5.000000000000000000e+00 -2.274523226105581216e+03 5.049000000000033594e+01 1.557988913159880973e+01 -8.193523905773368199e+00 1.779376586873060884e+00
2.909903674577553723e+00 1.987827974729523994e+00 7.024195287771823004e+00 5.591300179925248415e+00 1.334918733807533453e+00 1.746395791112238083e+00 5.901776549900422664e-01 3.098924416510462798e+00 4.000000000000000000e+00 2.000000000000000000e+00 3.000000000000000000e+00 -2.251645088251996185e+03 6.639999999999946390e+00 1.552031801574975844e+01 -2.764546602814092147e+00 5.849041686864401512e+00
2.541783430825232060e+00 1.116808021426151099e+00 1.795653631800441907e+00 8.914894125847247608e+00 1.173141570765994013e+00 1.264681219202373752e+00 4.780112774302759382e-01 2.071073029239949737e+00 4.000000000000000000e+00 1.500000000000000000e+01 4.000000000000000000e+00 -2.280015004155517090e+03 6.659999999999966747e+01 1.541968775971980854e+01 -2.951440623958110354e+00 6.139792399248650945e+00
2.130878079889506616e+00 1.508412744813736550e+00 6.526342027193284601e+00 6.883362858276075080e+00 1.202955999530582964e+00 1.419661383649265973e+00 9.002047832737596345e-01 3.305222480085629577e+00 5.000000000000000000e+00 2.000000000000000000e+00 3.000000000000000000e+00 -2.250344732635610399e+03 6.159999999999956621e+00 1.545404578972566512e+01 -3.233374797491574526e+00 1.800871961628097151e-01
1.946492620399857598e+00 5.464669901030693167e-01 7.999711378533052475e+00 4.536102658213945205e+00 2.865806774905769405e+00 1.251337652201650830e+00 4.388200619628265797e-01 2.562662526910056915e+00 0.000000000000000000e+00 1.100000000000000000e+01 4.000000000000000000e+00 -2.234875746270148738e+03 1.048299999999995151e+02 1.140379664188429132e+01 -3.248654558025345640e+00 5.890061397946180222e+00
1.577720387188808582e+00 1.759852506949281192e+00 7.398403725808828213e+00 3.368366755108016974e+00 1.437415344117301874e+00 7.667359664813476750e-01 1.476727131795888270e-01 2.648554227416828333e+00 9.000000000000000000e+00 1.500000000000000000e+01 4.000000000000000000e+00 -2.151752280513798326e+02 4.094999999999835723e+02 1.658395076490934775e-02 -1.887296290575619651e+00 4.396164316739561428e-01
