1.089758526053465459e+00 6.301836878373742179e-01 7.296221183836060220e+00 7.379523063605318178e+00 1.696524872333173173e+00 2.491924321743259618e+00 9.432973551633379028e-01 2.840776183430175905e+00 1.000000000000000000e+01 5.000000000000000000e+00 2.000000000000000000e+00 -2.264355042426312139e+03 2.905000000000027782e+01 1.561437765164448876e+01 -1.537716887842364821e+00 5.212894919764931245e+00
2.445844530189163812e+00 1.002769515063331784e+00 3.350452626328437766e+00 4.832132550992072950e+00 2.084936933831252226e+00 8.287809778141039807e-01 5.049760974880636022e-01 3.311147631524390178e+00 2.000000000000000000e+00 7.000000000000000000e+00 2.000000000000000000e+00 -2.292184526502924655e+03 3.101000000000010459e+01 1.729247040643279121e+01 7.219995383799329147e-01 6.147069271370185994e+00
1.582239748062610918e+00 7.666587902624311113e-01 5.436757375766954503e+00 6.196189733815394618e+00 2.437686079617801038e+00 4.343723555730620856e-01 8.379050070719489263e-01 2.863954110922397600e+00 9.000000000000000000e+00 3.000000000000000000e+00 3.000000000000000000e+00 -2.176853747760958413e+03 1.748999999999990607e+01 1.050679673505990586e+01 -5.649268173647241653e-01 6.107950848519069886e+00
1.463971439429786692e+00 1.401028995354466788e+00 1.660740048901021115e+00 4.304860831568073642e+00 2.270188432792820343e+00 4.588018433096749393e-01 5.121721895006027259e-01 2.571671084961844045e+00 3.000000000000000000e+00 6.000000000000000000e+00 3.000000000000000000e+00 -2.114254547110348085e+03 5.034000000000039421e+01 5.567784194396754316e+00 -1.313024099763540731e+00 5.517203518889316705e+00
2.244912470259987192e+00 6.647789640827587165e-01 2.889014396420755304e+00 4.529214705516150907e+00 2.743065720459033852e+00 7.418131237914660225e-01 2.239315980208907431e-01 3.821183639714335722e+00 6.000000000000000000e+00 3.000000000000000000e+00 4.000000000000000000e+00 -2.254252559670265327e+03 1.106999999999995588e+01 1.554484747939158673e+01 -1.264197222863688186e+00 1.945456497897643799e-01
1.617319031251086114e+00 9.186518354055291935e-01 2.014248490049266316e+00 1.185147444813825501e+00 2.192393996035423953e+00 5.107397926156518331e-01 1.426201105808455050e-01 2.832685084683332910e+00 3.000000000000000000e+00 6.000000000000000000e+00 2.000000000000000000e+00 -5.301374672179455274e+02 1.338600000000035379e+02 -3.040893061464014502e-02 -1.462500543301615252e+01 4.838802207349911733e+00
1.905624562236316155e+00 1.987317553806049908e+00 2.334427307781611116e+00 3.721277126769019006e+00 2.232304680124526985e+00 7.484733575684193729e-01 7.263461414593108678e-01 3.511691060842666356e+00 2.000000000000000000e+00 1.000000000000000000e+01 3.000000000000000000e+00 -2.267036816252780682e+03 3.500000000000022737e+01 1.559605101579878905e+01 -3.702097642876200911e+00 2.189520647947839738e+00
2.064408435695098021e+00 2.541774070017464027e+00 2.792915176545633038e+00 4.694018167621466731e+00 1.589879390122061587e+00 7.103436023278224543e-01 8.848916418234953341e-01 3.179447740460983773e+00 1.000000000000000000e+01 1.600000000000000000e+01 4.000000000000000000e+00 -2.161571978701520948e+03 2.513599999999953525e+02 2.243248668845206684e+00 -2.793423932051924297e+00 3.667968177439890898e-01
9.760434220115843384e-02 9.731402857491524561e-01 8.000826957422235708e+00 4.696417895088918826e+00 1.780112331450010466e+00 4.099452432811325764e-01 2.305006448989249668e-01 3.897640954265841895e+00 1.000000000000000000e+00 1.000000000000000000e+01 4.000000000000000000e+00 -2.271503293968518392e+03 4.550000000000037659e+01 1.554708087303239061e+01 -3.219485657744267648e+00 1.332308445834579524e+00
1.585956458714906425e+00 6.670704552841955071e-01 5.618668752196549931e+00 6.098804230025587358e+00 2.172680800425238701e+00 3.511255371467991160e-01 4.934599943209910244e-01 2.530180368818854220e+00 1.000000000000000000e+00 9.000000000000000000e+00 3.000000000000000000e+00 -2.242805572453456534e+03 5.877000000000096946e+01 1.333878577834100376e+01 -6.050361623285401613e+00 5.423121581814505987e+00
2.520985427816085256e+00 6.752732253891082781e-01 2.719112188192993163e+00 6.703841423415683565e+00 2.066586628838873008e+00 5.435445252066266608e-01 9.343286771076133590e-01 3.429000037023850922e+00 3.000000000000000000e+00 9.000000000000000000e+00 5.000000000000000000e+00 -2.115229972000874113e+03 6.543000000000121474e+01 5.157185750054605222e+00 -4.332569931012842268e+00 6.027838792527122180e+00
2.303488706755068005e-01 1.217545914298208576e+00 3.849835855518914052e+00 5.352745143724384036e+00 2.063465574037236294e+00 1.675352297270740198e+00 7.483493139512370496e-01 3.858160723102349365e+00 0.000000000000000000e+00 1.000000000000000000e+01 5.000000000000000000e+00 -2.189941327780512438e+03 4.570000000000037943e+01 1.044320798628203306e+01 -2.070370554481955594e+01 3.085399608378974978e+00
1.318639783666537113e+00 1.558811325992136565e+00 2.260690632838218583e+00 3.352735323970813752e+00 2.832959409823997632e+00 1.501377857634223156e+00 3.182653784971153366e-01 2.580045719234931756e+00 1.000000000000000000e+00 9.000000000000000000e+00 2.000000000000000000e+00 -2.285656704581212580e+03 7.677000000000164448e+01 1.545448153632571575e+01 2.592307030105230892e-01 8.877007461798355759e-02
2.779372060415887358e+00 3.456385450026427941e-01 4.184553044452805182e+00 9.854456590106469349e+00 2.377237719438679342e+00 7.393175542410845846e-02 6.010755912458681793e-01 4.095968474289626293e+00 5.000000000000000000e+00 1.700000000000000000e+01 3.000000000000000000e+00 -2.399307658550304495e+03 4.591700000000107025e+02 1.060766615939368940e+01 -1.303156580319948610e+01 2.031784971176009869e+00
2.180941612033625354e+00 1.366656933023706610e+00 8.211253074076697800e+00 4.628242954949252308e+00 3.877387608062581870e-01 1.563455010221217023e+00 3.879227030554982525e-01 2.599508855442713262e+00 6.000000000000000000e+00 5.000000000000000000e+00 4.000000000000000000e+00 -2.255832512967483581e+03 2.105000000000016414e+01 1.533171956046771633e+01 -1.576565869763338901e+00 1.454352417184968660e-01
2.623120638190345577e+00 1.572284938423554657e+00 1.235168501601479729e+00 3.280952971538830809e+00 2.710679684670362910e+00 1.880486544270284055e+00 6.190872144219193851e-01 3.767880863484178722e+00 1.000000000000000000e+00 5.000000000000000000e+00 2.000000000000000000e+00 -2.249313041201087344e+03 1.770000000000011653e+01 1.502894007506795404e+01 -3.762585178302961353e+00 1.670356422627916060e-01
2.867203051602604802e+00 2.851683265659162192e+00 4.408009928557720336e+00 6.943052715088843030e+00 1.426138884973414456e+00 2.351252729706900801e+00 5.564374894868677757e-01 2.491875045551471768e+00 2.000000000000000000e+00 1.500000000000000000e+01 4.000000000000000000e+00 -2.280143999276345767e+03 6.074999999999960210e+01 1.561056245477163706e+01 -4.211247307810156215e+00 1.243971647880795395e+00
4.052942728164810049e-02 2.218951700058062304e+00 3.764068891674808626e+00 2.530811093842550541e+00 2.478759144089478283e+00 1.004233404738602120e+00 7.677873406088864261e-01 3.444871074203062378e+00 3.000000000000000000e+00 4.000000000000000000e+00 4.000000000000000000e+00 -8.378035483175519857e+02 8.976000000000283308e+01 2.004948897609476477e-02 -6.609478649002354267e+00 3.533399474579054456e+00
2.068861740730527643e+00 1.693736552896015102e+00 3.684274246751140680e+00 5.891839139328689967e+00 1.200000349157819723e+00 1.178815203661556232e-01 1.014263605110954369e-01 2.712170590919941393e+00 5.000000000000000000e+00 6.000000000000000000e+00 1.000000000000000000e+00 -2.194765406580982017e+03 5.556000000000059202e+01 1.043658791131136532e+01 -6.883183141884883227e-01 6.197168903002870266e+00
1.620275853985766457e+00 1.245078499289914431e+00 1.737023090085345389e+00 4.192676519658105505e+00 1.519111227094271266e+00 1.305285850201834297e+00 3.987138756000477291e-01 4.181222169701971580e+00 6.000000000000000000e+00 8.000000000000000000e+00 2.000000000000000000e+00 -2.189961006216919941e+03 4.567999999999938154e+01 1.044506288855752274e+01 -7.193134505180039939e-01 3.966602193502216656e-01
4.885021735302887969e-01 2.199525592400429108e+00 7.410613437723048591e+00 6.191022382857818585e+00 1.073853799515295027e+00 8.390605082181263885e-01 3.245747389778939063e-01 3.986468183255627906e+00 3.000000000000000000e+00 1.100000000000000000e+01 5.000000000000000000e+00 -2.282909613876814092e+03 6.621999999999971465e+01 1.561247586730088877e+01 -7.558673439840982944e+00 4.118969445823712050e+00
1.787806016126635145e+00 9.614071437719050595e-01 7.202564459496267446e+00 6.222029770603040078e+00 2.592765886408716192e+00 1.913540645521940142e+00 4.509255729174918570e-01 4.419633946353259013e+00 1.000000000000000000e+01 1.400000000000000000e+01 2.000000000000000000e+00 -2.267407418717580640e+03 4.242000000000012960e+01 1.538733866984879128e+01 -9.528699052226022204e+00 2.522126965594039927e+00
1.209915745040526680e+00 7.466212957246929349e-01 5.532542358801848081e+00 8.422229474376262459e+00 1.026096237804068778e+00 1.545061816672661736e+00 3.151490279646490533e-01 3.337861977372024391e+00 4.000000000000000000e+00 1.100000000000000000e+01 4.000000000000000000e+00 -2.260633846138260651e+03 3.563999999999987267e+01 1.517586538364128224e+01 -4.245986102597485434e+00 3.527698967204236369e-01
2.924386230028482636e+00 1.985436318376086362e+00 3.462649385349302555e+00 8.768367166514913436e+00 2.587138359179534497e+00 2.086116572098782873e-01 4.041100100031329578e-01 3.710662272130434758e+00 4.000000000000000000e+00 1.300000000000000000e+01 4.000000000000000000e+00 -2.071122768488986367e+03 9.476999999999947022e+01 1.483610530561668250e+00 -1.660672763185133505e+01 2.551902615282960696e+00
2.380332141446289462e+00 2.142211680826193732e-01 4.196056362530510064e+00 2.178570939171656562e+00 1.483286933463273005e+00 1.091312977714916865e+00 2.493704658114997974e-02 3.063680382382511169e+00 2.000000000000000000e+00 8.000000000000000000e+00 2.000000000000000000e+00 -2.264506411139485863e+03 4.727999999999934744e+01 1.505415069621788149e+01 -3.129833630136534595e+00 5.705162770598304789e+00
2.690455280480001488e+00 1.041543097946125318e+00 5.005492448507784964e+00 3.298748908385964462e+00 2.675147873415542499e+00 1.672004888817045121e+00 7.925428437669591597e-01 3.019441844135418052e+00 1.000000000000000000e+01 1.500000000000000000e+01 3.000000000000000000e+00 -2.307832107960527992e+03 1.171500000000015831e+02 1.557856924753294869e+01 -4.970297661164323699e+00 5.722288472296289896e+00
2.590729121979951532e+00 1.004644995027911714e+00 2.602922896852968737e+00 3.972897467419933104e+00 2.105422499275543036e+00 5.693547016952671402e-01 7.268216220281453754e-01 2.688387149321369129e+00 4.000000000000000000e+00 3.000000000000000000e+00 3.000000000000000000e+00 -2.101629748703677706e+03 3.069000000000040629e+01 5.392796793979852232e+00 -1.379515597285978501e+00 6.277896995767434873e+00
2.772247562435309565e+00 4.166074637462359176e-01 4.361532223846960044e+00 2.610774236862674513e+00 1.722693246427167590e+00 1.723823117825554530e+00 1.101946109079720015e-01 2.759022393815675933e+00 9.000000000000000000e+00 1.400000000000000000e+01 3.000000000000000000e+00 -2.286203396398646419e+03 8.008000000000028251e+01 1.538521227491538568e+01 -5.428760744655976467e+00 2.937863957159907002e+00
2.392965816622465880e+00 4.226931544062024759e-01 1.218516596672639007e+00 3.644225498929100748e+00 2.638250624302949099e+00 6.028564835610490391e-01 5.934433918574739675e-01 2.315627606301343011e+00 1.000000000000000000e+00 4.000000000000000000e+00 5.000000000000000000e+00 -2.106321136118125651e+03 3.679999999999939320e+01 5.495071007382882122e+00 -3.860189408078888995e+00 1.467154952761950071e+00
2.397957534073615449e+00 1.456983103240913957e+00 3.471960386584218128e+00 6.520635677562200527e+00 1.780194971156699113e+00 1.446431699781208779e-01 7.755743975971723936e-01 2.253892058495593709e+00 8.000000000000000000e+00 1.500000000000000000e+01 5.000000000000000000e+00 -5.002026641640420621e+02 4.501499999999774104e+02 1.719547901025333658e+01 1.134268450139875317e-01 6.268871442759969881e+00
2.358170686037620811e+00 9.233001011059850383e-01 1.248029820942672563e+00 5.136382298334161156e+00 2.135527828341771350e+00 1.437660619530065187e+00 7.534529019929647742e-01 3.938240095968892351e+00 3.000000000000000000e+00 9.000000000000000000e+00 2.000000000000000000e+00 -2.258810029653381662e+03 3.591000000000010317e+01 1.505343935333634775e+01 -5.204844585431787962e+00 4.688732463966251984e+00
2.722463182444514462e+00 1.101046016307698938e+00 2.606078751461648135e+00 3.583471956312109796e+00 1.253963744047515982e+00 3.145531542537083336e-02 4.309973836828757121e-01 3.229225924359385935e+00 8.000000000000000000e+00 7.000000000000000000e+00 1.000000000000000000e+00 -2.177654871105883103e+03 3.542000000000012250e+01 9.996554444117689897e+00 -3.199813493345809778e+00 1.687075206590538112e-01
2.560989121320411233e+00 2.364147299701873983e+00 3.044662176582305868e+00 3.371964196223163235e+00 2.639779266817788184e+00 3.341940180756248768e-01 3.988127995095627210e-01 2.713762794219693575e+00 4.000000000000000000e+00 5.000000000000000000e+00 3.000000000000000000e+00 -1.450626197217144409e+02 1.053999999999961545e+02 1.828281857240102865e-02 -1.257449859208225273e+00 1.557880995888065168e-01
1.002285147395798326e+00 1.613562449179737568e+00 5.845012987225445933e+00 1.265308003069444354e+00 1.024505470793678263e+00 1.798394998359078345e+00 2.474996165583354946e-01 2.744591568602599452e+00 7.000000000000000000e+00 9.000000000000000000e+00 4.000000000000000000e+00 -2.137218385660637523e+03 9.936000000000250054e+01 5.471149103789775481e+00 -1.763482225164201056e+00 6.182102387940401123e+00
2.186822846984302515e+00 2.072596471979786248e+00 1.792018025060488018e+00 9.633022811253079354e+00 4.015044557402916992e-01 7.543532327753614819e-01 3.466674937740055196e-01 2.205355240449561105e+00 0.000000000000000000e+00 8.000000000000000000e+00 3.000000000000000000e+00 -2.271817595505377085e+03 4.479999999999940030e+01 1.558859971908608699e+01 -2.878857107605063526e+00 7.336954213771430533e-01
2.416962827748332820e+00 7.824726758767914792e-01 3.001811208123208896e+00 3.745519598648972437e+00 2.859002922160832405e+00 1.646406118879251812e+00 6.341364708166389308e-01 2.932718147185865210e+00 2.000000000000000000e+00 9.000000000000000000e+00 2.000000000000000000e+00 -2.273467840322794473e+03 5.445000000000080576e+01 1.539017752017462115e+01 -2.871073334752318296e+00 6.776419656152190552e-01
2.872063979745547169e+00 1.348314728707411536e+00 2.524673610060106821e+00 7.332880394604950780e+00 1.679807691488388599e+00 1.292090515288034425e+00 5.728445930799429542e-01 3.632769683565596264e+00 5.000000000000000000e+00 4.000000000000000000e+00 2.000000000000000000e+00 -2.178656567514866310e+03 2.011999999999974875e+01 1.053728546967915491e+01 -1.395878568021634125e+00 4.472171268526713983e-01
2.876764766371608495e+00 6.427324005564218901e-01 2.263731491817713604e+00 5.116692334508641693e+00 2.316453709492439561e+00 1.573248585826197310e+00 5.845676618300117422e-01 3.289264460756834652e+00 5.000000000000000000e+00 1.700000000000000000e+01 1.000000000000000000e+00 -2.311969367102986325e+03 6.409000000000047237e+01 1.749527294393664079e+01 7.925367625452083287e-01 4.188051453018560188e+00
2.671863625497074235e+00 2.703528597496805297e+00 8.335428038992111155e+00 3.268251942124209108e+00 1.715658685684360529e+00 1.346197312755064601e+00 7.532181486011529925e-01 3.091490409078118340e+00 2.000000000000000000e+00 3.000000000000000000e+00 1.000000000000000000e+00 -2.173307228946788655e+03 2.193000000000007432e+01 1.014638930917427295e+01 -3.068017565924842760e+00 1.053133810367363088e+00
1.785099526207177600e+00 1.808368398943504651e+00 1.613587837876297781e+00 1.421687270576736939e+00 4.684028911002924289e-02 2.224188488524822205e+00 4.748912927534657547e-01 2.417361786559613090e+00 1.000000000000000000e+00 1.000000000000000000e+01 3.000000000000000000e+00 -2.270365469535652664e+03 4.530000000000037375e+01 1.548221684597828407e+01 -1.645950301239039293e+00 6.162997373712392424e+00
1.985531204573545594e+00 2.703196071044231985e+00 3.640683791916081269e+00 8.848427165092974889e+00 2.538393174322312262e+00 1.125697975099460901e+00 8.928349682207806226e-02 4.897355735507087360e+00 5.000000000000000000e+00 7.000000000000000000e+00 2.000000000000000000e+00 -2.256934368093140165e+03 1.946000000000005770e+01 1.545027300582124674e+01 -3.379732121910550280e+00 1.425103543276726947e+00
1.942786781933488527e+00 2.001475020478052258e+00 7.325877777977851224e+00 6.617912910900084711e+00 2.684775816713253604e+00 1.886098314803406506e+00 7.809506841630996510e-01 4.946601086819056192e+00 4.000000000000000000e+00 1.000000000000000000e+01 3.000000000000000000e+00 -2.254217708346162453e+03 2.120000000000003126e+01 1.522610677163516257e+01 -1.225525813567318956e+01 8.615626594210858968e-01
1.026309214779051127e+00 3.252297052405797029e-01 6.145482157230029330e+00 2.277081128200258764e+00 2.362318290458837122e+00 2.077453317961674539e+00 3.974447210469544967e-01 2.815434358272267623e+00 4.000000000000000000e+00 1.100000000000000000e+01 3.000000000000000000e+00 -2.378845242109923674e+03 2.609200000000158752e+02 1.552407763186974776e+01 -3.792354475021581184e+00 7.976740427665702793e-01
5.025901903882962207e-01 7.401756958062847280e-01 5.488540685612377068e+00 4.496589586010346196e+00 5.583678103737028664e-01 1.573259121689586926e-01 9.874745937231399484e-01 3.075928843716727368e+00 0.000000000000000000e+00 2.000000000000000000e+00 4.000000000000000000e+00 -2.094948124507488956e+03 1.819999999999970086e+01 5.365507781718074298e+00 -1.396706240430594548e+00 1.209166056391059729e-01
2.191232813565653359e+00 1.172199214707059678e+00 4.987265150933612112e+00 4.734992738691279790e+00 1.239879884673245503e+00 2.921994339008530672e-01 7.799632361795518776e-01 2.962496231835886285e+00 8.000000000000000000e+00 9.000000000000000000e+00 4.000000000000000000e+00 -2.126476293933526904e+03 7.686000000000164789e+01 5.502893370845366228e+00 -1.330157884996148621e+00 6.139611353374956337e-01
1.585961289272017627e+00 1.487721281931542183e+00 7.087850871480253723e+00 9.165127965271619104e+00 7.323863237243199986e-01 1.483198497011378514e+00 4.336178709413056054e-01 3.150597188645842817e+00 5.000000000000000000e+00 7.000000000000000000e+00 3.000000000000000000e+00 -2.106899324112315753e+03 4.172000000000014808e+01 5.377457757019726614e+00 -7.720341183444324074e+00 7.908574021542793542e-01
2.755179983829452173e+00 1.250863163058688166e+00 5.797854504790780794e+00 3.041740170733378434e+00 2.620045870353539641e+00 1.218876769992885079e+00 9.841773738879538991e-01 3.033046368645610169e+00 5.000000000000000000e+00 2.000000000000000000e+00 4.000000000000000000e+00 -2.251363598800806813e+03 6.479999999999949800e+00 1.550772492505041278e+01 -2.631039503955776571e+00 6.222909451582780527e+00
2.322472901392663047e+00 4.742672316931372256e-01 1.126404051363448566e+00 3.290173790300743750e+00 2.055174449058902120e+00 3.932930186824104002e-01 4.378563199397263461e-01 2.787389818743218228e+00 4.000000000000000000e+00 4.000000000000000000e+00 2.000000000000000000e+00 -1.377046176967055828e+02 6.107999999999887564e+01 1.559644904069589812e-02 -9.407017983648519044e-01 6.159432475370843818e+00
