2.517939039950426672e+00 1.392769436544058159e+00 4.939585416105503057e+00 1.683704436733189924e+00 1.911846916411755082e+00 9.463696896653852608e-01 4.457075186139854428e-01 2.031038636473461167e+00 3.000000000000000000e+00 1.200000000000000000e+01 3.000000000000000000e+00 -4.958472978110824556e+02 3.601200000000105774e+02 1.973670611319232293e+01 2.023492084596413831e-01 2.831815825822734528e-02
2.212257675439414317e+00 5.739503040961991820e-01 2.885099742554417812e+00 1.904023285307360869e+00 2.854851457422735272e+00 4.948216398021907381e-01 7.892859834217873516e-01 2.929979124926052947e+00 8.000000000000000000e+00 2.000000000000000000e+00 3.000000000000000000e+00 -2.249776049304696244e+03 6.979999999999939142e+00 1.539287808154351112e+01 -2.602925781701748154e+00 2.111578748658970994e-03
1.504267745276416157e+00 4.738617350982463616e-01 4.478027747120200353e+00 2.910969149980340731e+00 7.866599085395320490e-01 7.528707603685547145e-01 1.496746236367396676e-01 3.412623724469826314e+00 1.100000000000000000e+01 6.000000000000000000e+00 1.000000000000000000e+00 -2.257515876342878983e+03 1.752000000000001023e+01 1.554724227142992987e+01 -2.425826889907161998e+00 8.250364045594109630e-01
1.845568234820979869e+00 5.900294868039572815e-01 2.585127591724719398e+00 1.968607865289322412e+00 1.363330008102916713e+00 4.290424724757402886e-01 5.662211790263774747e-01 3.300839020044941563e+00 9.000000000000000000e+00 1.000000000000000000e+01 2.000000000000000000e+00 -2.205109164473449709e+03 8.579999999999940030e+01 1.013807277959063846e+01 -2.392257992994340388e+00 4.213551528040377914e-01
1.701755798236116002e+00 2.244627286845672476e+00 7.781442588083341327e+00 2.238496986964578994e+00 2.037080833498984500e+00 8.022407904588435557e-02 4.995775665700599166e-01 2.553337134509215733e+00 1.100000000000000000e+01 1.900000000000000000e+01 5.000000000000000000e+00 -2.516105621253504069e+03 5.323800000000002228e+02 1.561972632834399022e+01 -3.637135707587815681e+00 1.520024621816238541e+00
1.633862906376499557e+00 6.079574511028567052e-01 5.021150076358278369e+00 4.348663387896872123e+00 2.975749081648368932e+00 8.115453880792937724e-01 3.702768465906662310e-01 3.433034847502927089e+00 6.000000000000000000e+00 1.200000000000000000e+01 5.000000000000000000e+00 -2.262433551563453420e+03 4.175999999999987722e+01 1.509709697271583728e+01 -1.244123966863613795e+01 2.045364691600659590e+00
1.007783145906140154e+00 7.751357680176614862e-01 6.570147961714086549e+00 1.074533448028194726e+00 1.396750135943655158e+00 2.056029819377379830e+00 5.197855320073232477e-01 2.872984594790165769e+00 5.000000000000000000e+00 2.000000000000000000e+01 4.000000000000000000e+00 -6.171917277800932879e+02 6.001999999999994770e+02 1.981823298625585039e+01 1.068679152130580234e-01 1.675143016880474914e-02
1.944417958595125118e+00 1.084886577622945047e+00 3.177576728315247401e+00 4.265436345942566376e+00 1.119806748184306811e+00 7.786485830227828364e-01 9.748809106679664493e-01 3.625852987022317730e+00 2.000000000000000000e+00 9.000000000000000000e+00 4.000000000000000000e+00 -2.263494947986003353e+03 4.356000000000039307e+01 1.510718424912520774e+01 -4.378070448260104719e+00 4.739146404922621181e-01
4.868440761770664871e-01 1.016932789465457843e+00 4.037708007696368284e+00 2.639581143841931876e+00 1.097107231667831417e+00 8.698663055451852921e-01 9.712490877312769388e-01 3.179682912286247110e+00 1.000000000000000000e+00 1.400000000000000000e+01 3.000000000000000000e+00 -2.170946413804215354e+03 1.731799999999960846e+02 5.272275862763554422e+00 -1.856326544693263614e+01 3.685396650867277302e+00
2.183053818824323145e+00 6.756394668556869876e-01 4.447653701822585681e+00 4.674717282370601801e+00 2.671971680567238216e+00 8.185031153708999252e-01 4.952727567381581819e-01 3.358449768751333941e+00 3.000000000000000000e+00 5.000000000000000000e+00 2.000000000000000000e+00 -2.260036977998975544e+03 2.100000000000016342e+01 1.559606112493595198e+01 -1.826905985399082555e+00 8.754209088051235765e-01
1.315355883659800940e+00 1.337299737447984249e+00 3.190106978840453245e+00 7.118064074763796434e+00 2.886162064105708858e+00 7.566483950402244085e-01 4.451323744696698004e-01 3.538848674840047170e+00 5.000000000000000000e+00 1.500000000000000000e+01 2.000000000000000000e+00 -2.262649253735412458e+03 4.769999999999972573e+01 1.492495335846327009e+01 -7.380865322771224868e+00 2.224079639161194777e+00
1.613514010653768871e+00 1.206832029484284696e+00 2.225558648651537297e+00 6.210010641810727705e+00 5.118066232178364316e-02 8.698949126009482002e-01 3.223889912050644235e-01 2.581426395357691916e+00 6.000000000000000000e+00 9.000000000000000000e+00 4.000000000000000000e+00 -2.265043849088718616e+03 3.302999999999999403e+01 1.553305306804490904e+01 -2.196238655918373972e+00 6.079228120404926550e+00
1.835373444587405034e+00 7.904075738467184475e-01 4.800321438926410167e+00 1.836117165219711689e+00 2.585162849400089780e+00 1.189947941945341148e+00 8.202292689791682578e-01 3.453233480298454339e+00 7.000000000000000000e+00 5.000000000000000000e+00 5.000000000000000000e+00 -2.215513028372695771e+03 2.170000000000017337e+01 1.279143927329346297e+01 -3.067306162020921878e-01 4.001937059116486672e+00
1.835668653524919813e+00 8.379721962278625647e-01 1.550930685076010507e+00 2.997391776878043590e+00 2.892444104519916959e+00 3.023847148192396750e-01 7.607311794863058640e-02 2.064954982293181196e+00 0.000000000000000000e+00 4.000000000000000000e+00 2.000000000000000000e+00 -2.253057308833600473e+03 3.007999999999953644e+01 1.487608180210004960e+01 -2.147061948519304764e+00 5.976563874129483089e+00
1.088280537922707403e+00 1.128976551188082267e-01 6.447614672600346708e+00 4.505632974563549276e+00 2.963831268609087743e+00 4.331006651834758969e-01 3.577063601456407227e-01 3.390274500608427388e+00 5.000000000000000000e+00 1.100000000000000000e+01 4.000000000000000000e+00 -2.132918218717669788e+03 8.854999999999959925e+01 5.540201169854365837e+00 -1.090484055129221730e+01 2.321235546479000877e+00
1.094527127961936852e+00 6.429858688103020636e-01 3.452600262095497641e+00 1.058573290470292472e+00 1.071933979317550634e+00 5.452459713487145532e-01 5.577568520348387127e-01 3.763746090257461319e+00 5.000000000000000000e+00 5.000000000000000000e+00 4.000000000000000000e+00 -2.109427081860117141e+03 4.194999999999975415e+01 5.528255116257319912e+00 -9.319720356793833593e-01 6.232596225395250045e+00
1.430745689108134044e+00 4.118350245026622947e-01 7.309059206662873009e+00 5.031452037142797096e+00 1.902687433818012863e+00 1.440438861922568314e+00 5.620687604495514522e-01 2.312338703716918076e+00 7.000000000000000000e+00 9.000000000000000000e+00 2.000000000000000000e+00 -2.198664516375038147e+03 6.039000000000103086e+01 1.052934477343984732e+01 -9.592280888348005519e+00 7.578965299328074279e-01
2.680038231519389136e+00 1.721176691714462192e-01 1.303190886173728691e+00 3.185824121462533132e+00 2.035605918170748208e+00 1.154586196596078640e+00 6.897142539471292633e-01 3.409500248435302971e+00 4.000000000000000000e+00 6.000000000000000000e+00 5.000000000000000000e+00 -2.257712209837215596e+03 1.973999999999996291e+01 1.549013811482598513e+01 -1.284749015023028740e+00 5.329969803694178054e+00
1.991209678473009559e+00 1.847828330921231998e+00 1.282914211833517948e+00 2.090782501998450726e+00 1.939337673740049395e+00 8.881094494415239238e-01 6.918611760768773600e-01 2.974924768043643919e+00 1.000000000000000000e+00 4.000000000000000000e+00 5.000000000000000000e+00 -2.178487925433425971e+03 2.343999999999967798e+01 1.042299533958912328e+01 -1.216976880102127545e+01 3.623498053747798764e+00
1.292367802011210598e+00 1.438938406677143789e+00 2.509323823320467106e+00 4.641806795539064723e+00 6.893587132336098655e-01 2.558991238200218454e+00 6.255405494412045186e-01 2.366212354495801140e+00 9.000000000000000000e+00 1.200000000000000000e+01 4.000000000000000000e+00 -2.138147450635621226e+03 9.960000000000074749e+01 5.521715664726310813e+00 -4.521218705248643666e+00 2.295042661405545026e+00
2.101274552377887517e+00 8.408872914773268814e-02 4.338639253074530799e+00 1.979825925794113983e+00 3.117177366961851881e-01 6.088638357158915326e-01 8.899399757189536686e-01 2.710499360112431866e+00 8.000000000000000000e+00 2.000000000000000000e+00 4.000000000000000000e+00 -2.252092045691412750e+03 7.159999999999935305e+00 1.553200285571331563e+01 -2.733241822815531297e+00 9.181786655719573198e-02
6.485389186380747795e-01 2.912323210608206647e+00 9.119568581009975361e+00 2.729468169961680069e+00 1.007789045326926924e+00 1.350575399246833896e+00 6.808887275121219274e-01 2.035502736305511817e+00 2.000000000000000000e+00 1.900000000000000000e+01 2.000000000000000000e+00 -2.489938087654381434e+03 3.172999999999967145e+02 2.070550547839895827e+01 8.396946360008199495e-01 1.007197764049402589e-01
2.340792917270175799e+00 2.522871639999873850e+00 2.781420099234423127e+00 3.754716287868358648e+00 5.107059821186084037e-01 1.040057164778332544e+00 3.458848383560785278e-01 3.042962385829424132e+00 7.000000000000000000e+00 1.200000000000000000e+01 3.000000000000000000e+00 -2.130240339947265056e+03 8.496000000000019270e+01 5.485021246704053333e+00 -3.400954691942633001e+00 1.080940424068923322e+00
1.587158107833511966e+00 6.035319575622795085e-01 6.218880928666087549e+00 2.836220329019969455e+00 1.725846417340576755e+00 4.929264642177573208e-01 8.821463568122930310e-01 2.295158732568523874e+00 1.000000000000000000e+01 1.000000000000000000e+01 4.000000000000000000e+00 -2.177377015273421875e+03 1.821999999999939348e+02 5.392313454589052313e+00 -1.152530284662429461e+00 1.621782396228018674e-01
9.781329389172637168e-01 4.816815060997500231e-01 7.774223445932971543e+00 4.425318869054972737e+00 1.891357456788554270e+00 1.553430856374186764e+00 8.127457603337497893e-01 3.721780303002981682e+00 1.000000000000000000e+00 6.000000000000000000e+00 3.000000000000000000e+00 -2.258679370222857415e+03 2.111999999999993349e+01 1.550746063892858473e+01 -9.139384163342491263e+00 1.250982959504856495e+00
5.285884616935956348e-01 1.547987799734079406e+00 1.920932635293303825e+00 6.445513057121125655e+00 8.162378722367620298e-01 1.468107253963947034e+00 6.261139454636076573e-01 2.660184858198697988e+00 8.000000000000000000e+00 4.000000000000000000e+00 2.000000000000000000e+00 -2.105623373531636844e+03 3.307999999999947249e+01 5.567710845727318336e+00 -9.559971062507343076e-01 4.201877482287895704e-01
5.138168820568052020e-01 2.301789830476312915e-01 4.869147740097695909e+00 1.073534662200078760e+00 2.799838421796916776e+00 1.008304022694143987e+00 4.233114178726595234e-01 2.209019681509123423e+00 2.000000000000000000e+00 5.000000000000000000e+00 2.000000000000000000e+00 -2.346146235476115635e+03 9.284999999999686793e+01 1.873257721725731884e+01 5.679576212301136184e-01 5.939132053387167431e+00
2.611844936149189333e+00 6.179538336690039158e-01 3.899697196775606223e+00 5.251444285099636566e+00 1.563187719634971717e+00 1.897734524365871089e-02 7.884338077822898860e-01 2.854804662664326642e+00 5.000000000000000000e+00 5.000000000000000000e+00 5.000000000000000000e+00 -2.114122016993830130e+03 6.004999999999872529e+01 5.256063562114432486e+00 -2.564436446906656286e+00 4.951011164101268291e-01
2.051352677676805403e+00 2.178690283489192581e+00 5.559690743811600555e+00 2.043816509214435140e+00 2.124211030640769771e+00 4.600128332935228270e-01 6.340570529363146468e-01 3.345770935748825448e+00 2.000000000000000000e+00 1.000000000000000000e+01 3.000000000000000000e+00 -2.305322761450000144e+03 1.185999999999975358e+02 1.537642259062509353e+01 -5.334853055337800853e+00 3.009945440444488529e+00
2.464175702013300828e+00 1.880857035928238830e+00 5.746555155399498460e+00 1.525977495678081386e+00 1.527199929100829801e+00 1.345619001390358505e-01 6.159876289750245704e-01 3.964259774714971929e+00 9.000000000000000000e+00 8.000000000000000000e+00 5.000000000000000000e+00 -2.194672304853877449e+03 4.991999999999929116e+01 1.060701905336737916e+01 -2.222876815602115919e+00 1.038812721231513025e+00
1.558017799779283452e+00 1.886908914055306585e+00 1.650301502034028811e+00 4.628291003495639266e+00 1.881235881054649894e+00 1.631285734686911182e+00 7.632031205271829766e-01 3.415411193077081187e+00 4.000000000000000000e+00 3.000000000000000000e+00 4.000000000000000000e+00 -2.255551446167745326e+03 1.337999999999990663e+01 1.555384038548409187e+01 -1.350971533504631283e+00 2.589747336984026260e-01
1.464319171137423492e+00 3.054578470952897806e-01 1.853722684552797428e+00 2.324270093007581472e+00 7.286097131792457215e-01 2.308670935754149056e+00 3.541888359818721188e-01 3.188592499754575815e+00 7.000000000000000000e+00 9.000000000000000000e+00 3.000000000000000000e+00 -2.186130351825132038e+03 4.032000000000027029e+01 1.037314698907072064e+01 -8.987453488979156191e+00 3.591226606594371873e+00
2.147171193992307714e+00 9.051741042759597899e-02 1.670728485126111718e+00 1.277568462229399460e+00 2.347961371567528932e+00 1.541691456217719081e+00 2.740581186209603559e-01 3.476297822230515422e+00 4.000000000000000000e+00 1.200000000000000000e+01 2.000000000000000000e+00 -2.269800240741052221e+03 4.847999999999973397e+01 1.534751504631577212e+01 -3.838399012027120527e+00 5.563873046853434090e+00
8.585517596166014620e-01 2.303575627724586461e+00 8.957076259160690057e+00 8.477288507969118925e+00 1.012936935817322359e+00 9.887371907853057529e-01 5.866789788753525858e-01 3.873951869301834439e+00 2.000000000000000000e+00 1.500000000000000000e+01 2.000000000000000000e+00 -2.293437061026612355e+03 9.285000000000066223e+01 1.543825381416324660e+01 -4.040175060565359466e+00 1.294890172555063446e+00
1.674502347094710242e+00 3.221416852529639385e-01 4.006808770492546579e+00 5.689972380053122336e+00 2.375941707172895434e+00 2.215918395305197297e+00 9.916095629147443358e-01 2.695897181227747019e+00 7.000000000000000000e+00 9.000000000000000000e+00 3.000000000000000000e+00 -2.266917647858656437e+03 4.437000000000042377e+01 1.529579049116601830e+01 -7.230151603562997131e+00 2.112971935414902358e+00
1.504178461163301783e+00 8.732476014639900530e-01 2.385060007486090150e+00 2.513483091238337241e+00 1.115031556374427524e+00 1.212959378852797698e+00 5.082541108763729554e-01 3.131764828461741867e+00 1.100000000000000000e+01 8.000000000000000000e+00 2.000000000000000000e+00 -2.127313754023309684e+03 7.975999999999865508e+01 5.464609626456893743e+00 -1.716516183386852079e+00 9.104738986893512465e-01
1.641733034541312586e+00 9.682750800988477735e-01 2.412311980945194279e+00 1.559922077121458805e+00 1.424673633625559654e+00 7.514814797496099930e-01 7.342085404024881745e-01 3.680362273252724581e+00 1.000000000000000000e+00 2.000000000000000000e+00 1.000000000000000000e+00 -2.251192856391625355e+03 6.019999999999959606e+00 1.551142852447659948e+01 -2.079468605416883609e+00 1.984924758256182142e-01
2.102111875084797354e+00 8.120808147075782024e-01 1.113238731024667416e+00 3.445963523629666625e+00 2.558467754546871475e+00 1.642495261209545865e-01 6.668619693898139023e-01 2.265828940339237541e+00 4.000000000000000000e+00 9.000000000000000000e+00 2.000000000000000000e+00 -2.271624563060914625e+03 4.815000000000056701e+01 1.547184769130714344e+01 -1.211627889381152956e+00 6.121802960652011905e+00
2.986247865886522579e+00 5.454866847879092928e-01 1.780774495329680684e+00 1.174233899929206570e+00 1.614424389730343856e+00 1.510199587090358841e+00 6.331408745337220312e-01 3.451919410498496710e+00 4.000000000000000000e+00 1.900000000000000000e+01 5.000000000000000000e+00 -2.218111724948898427e+03 2.625799999999973693e+02 5.426357809306243674e+00 -1.673459500972926506e+01 2.126779279676615619e+00
8.002764358782468168e-01 2.235597797714886870e+00 7.120825481431291237e+00 6.793819325455339175e+00 1.309392859762259498e+00 1.016056768431781610e+00 7.167005387230895863e-01 2.388597575214502111e+00 0.000000000000000000e+00 1.600000000000000000e+01 3.000000000000000000e+00 -2.216244722165054100e+03 7.807999999999904617e+01 1.107529513531592080e+01 -4.141504419457068487e+00 2.165729739794319819e+00
2.273852185118821367e+00 2.020087348744950884e+00 8.079615830564460310e+00 4.098312219315634053e+00 1.163071625595140768e+00 2.235217068598212564e-01 8.003327679330711764e-01 3.358010293611970010e+00 2.000000000000000000e+00 1.300000000000000000e+01 3.000000000000000000e+00 -2.135512951087403962e+03 9.671999999999940201e+01 5.447059442962774334e+00 -1.878481313080810367e+01 3.681604597099558784e+00
1.532339423286408486e+00 2.032157999019732486e+00 3.562877736341939716e+00 5.108801320947196523e+00 1.858379870383012777e+00 1.245083593386659082e+00 5.689544738599632279e-01 2.807705995021750223e+00 2.000000000000000000e+00 1.300000000000000000e+01 5.000000000000000000e+00 -2.184854054642967185e+03 7.150000000000028422e+01 9.319003415185422412e+00 -7.731352332402288141e+00 3.854641926839022847e+00
1.391420450194024383e+00 9.749932448061895407e-01 4.007841479977388488e+00 3.763756478878473644e+00 1.586744390859804010e+00 6.356465282209933232e-02 5.331267999135721469e-01 3.999288733620814273e+00 4.000000000000000000e+00 2.000000000000000000e+00 2.000000000000000000e+00 -2.248965705322510985e+03 5.399999999999972822e+00 1.539160658265692838e+01 -2.666993543567967251e+00 1.718263062047681866e-01
1.524009062485925048e+00 1.508604394101024759e+00 2.848395249499815485e+00 3.034258477759167683e+00 1.323148154950823274e+00 2.601086633064264575e-01 9.233379946615203338e-01 3.419694770536795048e+00 4.000000000000000000e+00 8.000000000000000000e+00 3.000000000000000000e+00 -2.255028532248512420e+03 2.703999999999977533e+01 1.509428326553204691e+01 -5.455471811511196201e+00 1.328344236676335388e+00
1.969970484689101964e+00 1.572102572678185428e+00 3.033578955556225587e+00 4.022761034146808079e+00 2.847403476029752412e+00 9.754559246532131800e-01 7.918588824623075118e-01 3.264498094445360543e+00 6.000000000000000000e+00 4.000000000000000000e+00 1.000000000000000000e+00 -2.254670550392789664e+03 1.843999999999978456e+01 1.534065939954935764e+01 -2.862588127656434001e+00 5.432262637284141604e+00
3.054527957237282987e-01 1.075389573805640264e+00 2.759458119460892700e+00 2.886561152952825005e+00 2.381329559460527712e+00 4.864956755221400142e-01 4.796464610833710562e-01 2.832818396625234492e+00 6.000000000000000000e+00 4.000000000000000000e+00 1.000000000000000000e+00 -2.261285834195142343e+03 3.095999999999951768e+01 1.536286463719640416e+01 -1.927628326043188567e+00 5.754161518078844573e+00
2.516443985972885766e+00 2.130445009458934447e+00 2.588367140253569509e+00 5.360752135596317025e+00 2.525115304212540046e+00 2.219612853323997381e+00 6.248813989963115656e-01 2.559282570567661175e+00 2.000000000000000000e+00 8.000000000000000000e+00 2.000000000000000000e+00 -2.259299722702335657e+03 4.383999999999942077e+01 1.483623266889601311e+01 -2.460015872067148113e+00 7.702970336902917881e-01
2.322472901392663047e+00 4.742672316931372256e-01 1.126404051363448566e+00 3.290173790300743750e+00 2.055174449058902120e+00 3.932930186824104002e-01 4.378563199397263461e-01 2.787389818743218228e+00 4.000000000000000000e+00 4.000000000000000000e+00 2.000000000000000000e+00 -1.377046176967055828e+02 6.107999999999887564e+01 1.559644904069589812e-02 -9.407017983648519044e-01 6.159432475370843818e+00
