7.662374431297056532e-01 1.840759500318509545e+00 8.462470368859952075e+00 2.466641827558746947e+00 1.740667124939046184e+00 6.886424927839854826e-01 6.839862011354405080e-01 2.822284514747833040e+00 7.000000000000000000e+00 5.000000000000000000e+00 3.000000000000000000e+00 -2.195790099159326928e+03 5.624999999999894129e+01 1.047906869745796321e+01 -6.258620559352574553e+00 2.719390153890798967e+00
1.883977288841547360e+00 6.175316152570635708e-01 5.584787621700534999e+00 6.178557162907219791e+00 1.750714796676312801e+00 1.186360397800620747e+00 5.577964164291133731e-01 3.947432251243179202e+00 1.000000000000000000e+00 1.200000000000000000e+01 3.000000000000000000e+00 -2.265524890445489746e+03 3.504000000000002046e+01 1.550030565284311201e+01 -7.176125805028731541e+00 6.157265160656857361e-01
3.422179162264731289e-01 2.479359680699599444e+00 1.502334968555008032e+00 4.497591336187123368e+00 2.291668769734500621e+00 7.176787505253794386e-01 9.393976925356606333e-01 3.312270215998250222e+00 1.000000000000000000e+01 1.200000000000000000e+01 5.000000000000000000e+00 -2.191923997403318026e+03 4.967999999999970839e+01 1.044274983770739063e+01 -3.945961375337943000e+00 1.187417859238473428e+00
4.580231444111138028e-02 7.934566923664891913e-01 6.226759600308550802e+00 7.117433705097635510e+00 5.722650659247214833e-01 6.432050009427348058e-01 1.177283682878570437e-01 4.535215752357343533e+00 1.000000000000000000e+00 7.000000000000000000e+00 2.000000000000000000e+00 -2.212551463948157561e+03 4.676000000000016854e+01 1.182321649675982833e+01 -1.191534012591800806e+00 6.245056957808973408e+00
1.791819022126205141e+00 1.838827678270229304e+00 4.515451438685603947e+00 4.748524385767601608e+00 1.712584178078639274e+00 1.295634206058759119e+00 4.647742464818812591e-01 2.677063145170391678e+00 1.000000000000000000e+01 7.000000000000000000e+00 3.000000000000000000e+00 -2.264007741800432541e+03 3.220000000000010942e+01 1.549423386252703239e+01 -2.841830659483833621e+00 5.501012089549787376e+00
7.740365025923354736e-01 1.266708836148938033e+00 5.933657459878558527e+00 5.836246078779937285e+00 1.002344244369910431e+00 1.309483376386214148e+00 3.752002822961647555e-01 3.169381591834414813e+00 9.000000000000000000e+00 1.300000000000000000e+01 2.000000000000000000e+00 -2.267896961175887554e+03 5.304000000000033310e+01 1.508606007349296441e+01 -3.456913886293964122e+00 2.117801133401973512e+00
4.247295871935283795e-01 3.475370822273480265e-01 5.828983503619435957e+00 6.720035002571540517e+00 2.975691983032298538e+00 3.150417523013535614e-01 2.645070145041888421e-01 4.215354678447273074e+00 7.000000000000000000e+00 1.100000000000000000e+01 3.000000000000000000e+00 -2.262595705948617706e+03 2.859999999999990550e+01 1.551848162178860946e+01 -9.024446308380746018e+00 2.344840762240866905e+00
6.456937457743461284e-01 8.067482135917170005e-01 5.857622539012631968e+00 7.223065924893361966e+00 2.745973778138292021e-01 1.592423901975807077e+00 7.844068391397119866e-01 2.268859095211928967e+00 1.100000000000000000e+01 5.000000000000000000e+00 3.000000000000000000e+00 -2.258137640070098314e+03 2.410000000000020748e+01 1.538047750438113326e+01 -2.188059138182817165e+00 6.585585493298812265e-01
1.601248190378459224e+00 1.286828803475760008e+00 2.557608280238623522e+00 2.346485210524304144e+00 1.645774544677966134e+00 9.658434229495604928e-01 9.568174082713164497e-01 2.168427632818403339e+00 8.000000000000000000e+00 1.200000000000000000e+01 5.000000000000000000e+00 -2.363180409204956050e+03 2.258400000000055172e+02 1.564127557530958512e+01 -1.310966247046978062e+00 4.773475208303950446e+00
3.631863261989547453e-01 1.435589255630826511e+00 2.861746379691556985e+00 4.298865165180925985e+00 1.003714808896490673e+00 1.448550825273633880e+00 7.420778241755530136e-01 2.456679741394870220e+00 4.000000000000000000e+00 1.500000000000000000e+01 3.000000000000000000e+00 -2.231676927779421931e+03 7.094999999999983231e+01 1.226262048621388168e+01 -5.546557396216401870e+00 6.870158800756557271e-01
1.302860829696472766e+00 1.241816712261196720e+00 3.746948347637970578e+00 2.070001219038244411e+00 8.304064046617005701e-01 2.148329232793583898e+00 6.353467204584880568e-01 2.696520705242094529e+00 6.000000000000000000e+00 1.200000000000000000e+01 5.000000000000000000e+00 -2.202071832594315310e+03 8.436000000000016996e+01 9.993239537144695817e+00 -9.408293878949226752e+00 3.361323316491045432e+00
9.971217901140470019e-01 1.600044837525323116e+00 8.767849626039694755e+00 4.759189383761471603e+00 1.314158273913485608e+00 9.486956330480778021e-01 6.863069572491866666e-01 2.293148240439231156e+00 9.000000000000000000e+00 1.100000000000000000e+01 4.000000000000000000e+00 -2.144728713545963728e+03 2.124100000000098589e+02 2.407732096622424489e+00 -1.074293274603098869e+00 6.266671318445719230e+00
7.975650152687002725e-01 7.785258149747844580e-01 1.439665254170245490e+00 1.696373198792843651e+00 7.607915294965537090e-01 7.116756371693730987e-01 7.559911615059946577e-01 2.668644067961014610e+00 6.000000000000000000e+00 1.700000000000000000e+01 3.000000000000000000e+00 -2.196357100713832551e+03 2.152199999999946840e+02 5.546693794614697914e+00 -1.118823661816235848e+01 1.248304604966694598e+00
5.135183972951504749e-01 1.361168030305580201e+00 3.963618873369936235e+00 6.378795416552053510e+00 9.667825334201607390e-01 1.995835853732217835e+00 9.168854633313300306e-01 2.123761387767963527e+00 3.000000000000000000e+00 1.700000000000000000e+01 4.000000000000000000e+00 -2.345972566599309630e+03 1.929499999999963222e+02 1.559359791245697302e+01 -5.696091735188805849e+00 4.332836656572631284e+00
5.821597272012745128e-01 1.669460270607021402e+00 5.844881354213508295e+00 1.192873394017365474e+00 1.319316806211936033e+00 7.802626281242742712e-01 5.732388612783944071e-01 2.891746987312069805e+00 7.000000000000000000e+00 1.800000000000000000e+01 3.000000000000000000e+00 -2.289764487696355900e+03 8.172000000000058151e+01 1.555653048102222691e+01 -6.827920170308215297e+00 2.286464832740731090e+00
1.316157451832662417e+00 1.852185314597978527e+00 3.169894830105192796e+00 6.407848299397403302e+00 6.126392981819830386e-01 1.494949945192963314e+00 3.468703100462217082e-02 3.959172403839749332e+00 0.000000000000000000e+00 9.000000000000000000e+00 3.000000000000000000e+00 -2.263619017172857184e+03 2.690999999999996461e+01 1.563525107330356789e+01 -4.504249433358666899e+00 1.312554707667173304e+00
9.852660248350613159e-01 1.570442512460286766e+00 3.478027277258028072e+00 4.592086905065598579e+00 2.462111623705623753e+00 1.162799846657325942e+00 6.595357712123862681e-01 3.905928492102153093e+00 9.000000000000000000e+00 1.900000000000000000e+01 4.000000000000000000e+00 -2.282456076098826088e+03 8.207999999999950091e+01 1.508850475617664166e+01 -2.927788370233896043e+00 1.345132280146200454e+00
2.085148733711470026e+00 1.265366835681056568e+00 1.279976482736454590e+00 5.278438821759785071e+00 5.906826208563087377e-01 1.381648179961978418e+00 4.504233795355577219e-01 3.707719960189149067e+00 5.000000000000000000e+00 1.000000000000000000e+01 4.000000000000000000e+00 -2.116648296517292692e+03 6.250000000000061817e+01 5.337393532330789725e+00 -4.449130262815643277e+00 5.429595003897779826e+00
7.398403880841435409e-01 2.188559908732259363e+00 1.104877048945217322e+00 6.704818569241912662e+00 1.548678497461209780e+00 1.560746744259967844e+00 6.280374570157434277e-01 3.878424411200539268e+00 1.000000000000000000e+00 5.000000000000000000e+00 4.000000000000000000e+00 -2.255383283868235594e+03 1.255000000000004334e+01 1.556926774176471007e+01 -4.394621064558351442e+00 4.897295219358924201e-01
1.351888789195802243e+00 8.311289934060241968e-01 1.561890100105850276e+00 3.249747492181900732e+00 7.548679030401217460e-01 5.274129979407755631e-01 3.941443482575117119e-01 3.182763797586081189e+00 6.000000000000000000e+00 1.400000000000000000e+01 4.000000000000000000e+00 -2.286538111519899758e+03 8.834000000000031605e+01 1.514800696999371965e+01 -3.072759016458136649e+00 5.343328243879413852e-01
6.093894531207055820e-01 1.486779362838905438e+00 5.630899053040159252e+00 7.128287665316717536e+00 9.393898459995988492e-01 1.772123197128051331e+00 1.006223316513102789e-01 2.909654582325731376e+00 1.000000000000000000e+01 1.600000000000000000e+01 5.000000000000000000e+00 -2.283654039534999356e+03 6.847999999999925080e+01 1.558837747093749471e+01 -6.158756301842285730e+00 4.627750617636075425e+00
6.231901172840117464e-01 1.341614644174865312e+00 6.612864118990684048e+00 4.473778692841655413e+00 3.541889710647887490e-01 2.703281054612200585e+00 3.275967051417503217e-01 2.923650657498481742e+00 7.000000000000000000e+00 1.100000000000000000e+01 5.000000000000000000e+00 -2.262346714290076761e+03 4.817999999999980787e+01 1.489104464312979559e+01 -3.769336529334767150e+00 1.327232809097429911e+00
4.954567891858324691e-01 1.169224941105909688e+00 3.610025452774748622e+00 3.861286216655622550e+00 8.214418852223365208e-01 1.644267907406346652e+00 9.255783294818320517e-01 2.816078339246668172e+00 6.000000000000000000e+00 1.600000000000000000e+01 2.000000000000000000e+00 -2.290151435799294632e+03 8.079999999999898819e+01 1.560946473745596208e+01 -4.062696427748651473e+00 5.052410553191591269e+00
1.753083647226196806e+00 1.088857081509679192e+00 1.023344442110750485e+00 7.492255331099047844e+00 4.201339009934622615e-01 6.455726898967657501e-01 3.842364292303039885e-01 2.410936790531185370e+00 2.000000000000000000e+00 1.500000000000000000e+01 4.000000000000000000e+00 -1.018354538761906042e+03 9.480000000000073612e+01 -4.756839564358275596e-02 -2.312993941380787533e+01 3.515212828654975308e+00
1.663019286029316035e+00 1.149934005198582909e-03 1.732723893766467071e+00 5.990374531340000530e+00 6.007822620844434081e-01 2.310849073095391226e-01 2.477382157925274164e-01 4.747509825389550464e+00 3.000000000000000000e+00 1.400000000000000000e+01 3.000000000000000000e+00 -2.266606663756594116e+03 3.332000000000009265e+01 1.562166648478712716e+01 -1.920483074195989959e+00 5.301990273269490572e+00
5.835356418830248693e-01 1.017053030472971686e+00 2.638153842345086986e+00 3.057982198463208512e+00 1.228597797403154335e+00 1.520753313941785922e+00 6.437248613938988395e-01 3.361126456806912799e+00 4.000000000000000000e+00 1.500000000000000000e+01 3.000000000000000000e+00 -2.271440387408439165e+03 4.829999999999972005e+01 1.545564921302746519e+01 -3.236754288867321971e+00 1.407261943770886869e+00
3.626146279912540460e-01 2.342073855465471866e+00 6.782473239749124083e+00 7.288333048075685383e+00 1.396740016648442717e+00 7.011384190588444421e-01 4.311531780927244650e-01 2.585523904202530865e+00 9.000000000000000000e+00 5.000000000000000000e+00 2.000000000000000000e+00 -6.754954910690074712e+02 1.010499999999964018e+02 -2.657082424713341079e-02 -6.393691945826629031e+00 2.058681924538012797e+00
1.680509671587866904e+00 1.453020936096006022e+00 7.466059483301917155e+00 6.124766127822608652e+00 5.804004577777095442e-01 6.686171708129546865e-01 7.360888402893991378e-01 2.233755573094111657e+00 9.000000000000000000e+00 1.000000000000000000e+01 4.000000000000000000e+00 -2.139369626817780500e+03 1.020999999999984738e+02 5.519976676111331138e+00 -4.985420140901385966e-01 6.999015008354195211e-02
1.465603929048608922e-01 1.924740184561396061e+00 6.652329507130154695e+00 4.300711033251619853e+00 1.268658216307754438e+00 4.993795856439109393e-01 6.324586479854638066e-01 3.411428101473124030e+00 5.000000000000000000e+00 5.000000000000000000e+00 3.000000000000000000e+00 -2.177945888963832658e+03 2.415000000000020819e+01 1.036693056023952764e+01 -5.109096827485129388e+00 5.283801023912515049e+00
5.087705368552272178e-01 2.995002100061077588e+00 5.093767238290869415e+00 3.593956816133537568e+00 6.519099962810455118e-01 1.935528505588056003e+00 7.962415142445411487e-01 2.938817576244823204e+00 5.000000000000000000e+00 1.800000000000000000e+01 3.000000000000000000e+00 -2.296978490921415414e+03 1.038600000000014205e+02 1.531553068258841144e+01 -4.759321410292743693e+00 2.364594748460859819e-01
1.165938373420000618e+00 6.146046557218833861e-01 4.826208594637051874e+00 6.376974515327754389e+00 2.762588343685497883e+00 4.972755142865282196e-01 1.157173626974856151e-01 2.447918973664278575e+00 8.000000000000000000e+00 4.000000000000000000e+00 2.000000000000000000e+00 -2.255275409671200578e+03 1.979999999999975557e+01 1.533596310445005173e+01 -1.628124758102061698e+00 1.465855809243222119e+00
1.913087713758860220e+00 1.337112885672691931e+00 2.715131827477764936e+00 4.839495528627514531e+00 2.271537187847295858e+00 5.640823517723444480e-01 3.784746306184436637e-01 4.564758663935856831e+00 2.000000000000000000e+00 1.900000000000000000e+01 4.000000000000000000e+00 -2.278919975827296184e+03 6.060999999999975074e+01 1.553843598920603419e+01 -5.887171130495819860e+00 1.580404651473871214e+00
5.716675149724755878e-01 9.670682368947545182e-01 9.234377308335684376e+00 1.884500202101791588e+00 2.142869394200532795e+00 1.520372303264062808e+00 6.813514697903135797e-01 3.635631182635137293e+00 6.000000000000000000e+00 1.800000000000000000e+01 4.000000000000000000e+00 -2.469883355215733445e+03 4.408200000000141472e+02 1.559208470098289645e+01 -6.202133886001575114e+00 3.677423545938201865e+00
9.482106760671732415e-01 2.814212137926087820e+00 3.824091752069513017e+00 2.682649929119767407e+00 9.730192476690009418e-01 9.034309448758073291e-01 3.515692911674550558e-01 3.435812427381445211e+00 2.000000000000000000e+00 1.100000000000000000e+01 3.000000000000000000e+00 -2.265302113865643605e+03 3.442999999999987892e+01 1.550544461660273399e+01 -5.625121331791353541e+00 2.000262347570235466e+00
1.272639976020079722e+00 1.304151449881477243e+00 4.920626263567635661e+00 2.860220890876156385e+00 2.829168437343903886e+00 9.832109607870489487e-01 6.773959198855491470e-01 4.426812329859767914e+00 9.000000000000000000e+00 1.000000000000000000e+01 4.000000000000000000e+00 -2.306313710719010032e+03 1.223999999999973198e+02 1.531960691993820589e+01 -1.806040902179852692e+00 3.301224419622171280e-01
5.086504204823609765e-01 1.801278899317022564e+00 8.071276631073063257e+00 2.400714637457182832e+00 1.550920479922686668e-01 1.601273648745008993e+00 2.132520259469931068e-01 2.881224959956764753e+00 0.000000000000000000e+00 7.000000000000000000e+00 3.000000000000000000e+00 -2.116088168978650629e+03 5.369000000000019668e+01 5.577698061165658139e+00 -2.053773929741036675e+00 4.250179536033757421e-01
1.216593855799738666e+00 8.849845849538475751e-01 2.934708570426665997e+00 2.134677064435140714e+00 8.547541735804661256e-01 8.396490064983923585e-01 8.462491523604909194e-01 2.400531531302225297e+00 6.000000000000000000e+00 1.500000000000000000e+01 3.000000000000000000e+00 -2.201787833779836546e+03 7.244999999999988916e+01 1.034767711123978451e+01 -1.424986523997254295e+01 2.037518257872926508e+00
1.176065624508535690e+00 3.088507771660222723e-01 7.179391822422803493e+00 5.725521968883962032e+00 8.220118017709299174e-01 7.311887685623339461e-01 2.974503892531996652e-01 2.223693860915123111e+00 7.000000000000000000e+00 9.000000000000000000e+00 4.000000000000000000e+00 -2.146372044197941250e+03 1.145700000000030769e+02 5.567940262371230631e+00 -6.092803128982982042e-01 5.485030236526602376e-01
2.846038616326347359e-01 3.177535915166742608e-01 6.274939357074451607e+00 1.561127936024379714e+00 1.785787083363082006e+00 1.295971626226263052e+00 7.195785107622167942e-01 3.200715900387039348e+00 8.000000000000000000e+00 2.000000000000000000e+01 2.000000000000000000e+00 -2.301647604738107930e+03 1.272000000000012676e+02 1.487797529613172820e+01 -1.122262472813022605e+01 2.291150484330960246e+00
3.544154214313033346e-02 2.519670507739981247e+00 4.801200420778681810e+00 6.384787182768228320e+00 5.153423701656038025e-01 1.199915763726972173e+00 8.393909534870759304e-01 3.179332792409322206e+00 7.000000000000000000e+00 1.800000000000000000e+01 3.000000000000000000e+00 -2.281535299063311413e+03 6.840000000000007674e+01 1.545845619145696048e+01 -5.745595261364607076e+00 9.376899037615091803e-01
2.881354567182511373e-01 1.819028571996588184e+00 1.553924245593126585e+00 5.795688561260487148e+00 1.727961697696938081e+00 4.327619289402729330e-01 1.865075451420779018e-01 3.279875621896138682e+00 8.000000000000000000e+00 1.600000000000000000e+01 4.000000000000000000e+00 -2.199987765625621250e+03 6.655999999999929173e+01 1.041923535160135650e+01 -4.919348005520637557e+00 1.266133494437478912e+00
1.521324794139658820e+00 1.245985878691860060e+00 5.491154790725928159e+00 4.115511133663505738e+00 1.513150602912013198e+00 1.748020937398271135e+00 3.806570680785605898e-01 2.675731150930111379e+00 1.000000000000000000e+00 6.000000000000000000e+00 4.000000000000000000e+00 -2.181345725874322852e+03 3.257999999999972118e+01 1.031598286714518053e+01 -1.749231951796041429e+01 3.131774358815142545e+00
9.294058204787367661e-01 7.682583961664806171e-01 6.744978862857193391e+00 6.357847677006551734e+00 1.449861804156553191e+00 2.039683491976450824e+00 8.606101631733513724e-01 2.628707557239294612e+00 5.000000000000000000e+00 9.000000000000000000e+00 3.000000000000000000e+00 -2.262394752398338824e+03 3.086999999999995836e+01 1.543498452489617279e+01 -4.983640069827644403e+00 5.256711374509942303e+00
1.192279409021064218e-01 1.246431357051227318e+00 4.979106066938902231e+00 4.025479843830544802e+00 1.950185150764732311e+00 3.439527783868531197e-01 5.103671486557211923e-01 3.863696711177003085e+00 1.100000000000000000e+01 7.000000000000000000e+00 4.000000000000000000e+00 -2.127851189681460369e+02 2.100699999999860097e+02 6.734382435509564502e+00 1.642309855704568444e-01 6.264220915012217894e+00
1.142095595565746802e+00 1.430735240157485988e+00 6.089978538058073099e+00 3.367477016965108483e+00 1.928040250666749778e+00 8.092100128084246391e-01 3.797811906693714934e-01 3.487945578515576184e+00 5.000000000000000000e+00 5.000000000000000000e+00 2.000000000000000000e+00 -2.251910671399470630e+03 1.765000000000011582e+01 1.519285446246691329e+01 -3.923957426370568768e+00 1.158803827858161384e+00
1.773078544646871979e+00 1.461254150112042405e+00 6.432538443713287535e+00 3.743034493832851695e+00 1.812995630954710835e+00 4.278678120599694878e-01 6.773914960857180256e-01 2.111447287393786620e+00 0.000000000000000000e+00 8.000000000000000000e+00 4.000000000000000000e+00 -2.293718060733162474e+03 9.599999999999830891e+01 1.535737879582270793e+01 -2.534277670137177196e+00 8.574050174799872082e-01
2.123503751676618645e-01 2.264086583766222738e-01 7.435770832598402436e+00 2.347543727596406615e+00 7.088941102720437426e-01 2.795438650974621519e-01 7.122907786086346560e-01 3.382142102525771854e+00 1.000000000000000000e+00 2.000000000000000000e+00 3.000000000000000000e+00 -2.097667255444056536e+03 1.499999999999976907e+01 5.635453465253541516e+00 -2.554607478178429147e+00 1.232030246934717521e+00
1.231658379716794371e+00 1.891201185993247380e+00 5.135915682197008891e+00 5.236556229010356667e+00 1.186393776763784436e+00 8.459718266528498676e-02 5.216327786601437921e-01 2.891584628681909130e+00 1.100000000000000000e+01 8.000000000000000000e+00 3.000000000000000000e+00 -5.790526927730316231e+01 1.151999999999978996e+02 1.907932983151334333e-02 -7.687481542015728309e-01 1.077841345922259109e-02
