1.949252332302879642e+00 2.511783646628674926e+00 6.229697948300954913e+00 8.830422305069371092e+00 2.482067257040966979e+00 4.854004985093098301e-01 9.454825870924468689e-02 3.291625758674801450e+00 4.000000000000000000e+00 1.900000000000000000e+01 5.000000000000000000e+00 -2.317843556397830071e+03 1.440199999999987597e+02 1.536459727486443683e+01 -8.779402640784356393e+00 1.408242114672009215e+00
2.924679220675120650e+00 2.189046253096915695e-01 6.775563560188618162e+00 5.661076854169153627e+00 2.404478408280536161e+00 6.123524943816162081e-01 3.025836333228998920e-01 3.768969472683927346e+00 2.000000000000000000e+00 3.000000000000000000e+00 5.000000000000000000e+00 -2.176210430794517833e+03 1.631999999999986173e+01 1.050315192465735770e+01 -8.126383988098767830e+00 3.511600606662818258e+00
9.270226437967671318e-01 1.389650497627404224e+00 2.387007654426868797e+00 8.976619709921994428e+00 1.973070799607326453e+00 1.455501364351747817e-01 2.715204721865261961e-01 2.067348948434307943e+00 6.000000000000000000e+00 1.800000000000000000e+01 5.000000000000000000e+00 -5.429338954512006694e+02 5.401800000000090449e+02 1.705274346569976274e+01 1.345008675456424996e-01 6.218026382178559963e+00
2.752307743423732855e+00 1.930089919573452217e+00 4.916192502258311059e+00 5.059292686783309456e+00 2.625539011134476741e+00 5.765818796950472613e-01 1.930073105702419800e-01 2.735830023149745660e+00 1.000000000000000000e+00 1.500000000000000000e+01 4.000000000000000000e+00 -5.391953955936569400e+02 4.501499999999774104e+02 1.963252472460426290e+01 -2.789879770319561580e-01 2.842133601724478043e-02
2.136912891641121526e+00 1.681868681455916281e+00 3.937906022650234039e+00 9.278333762280031038e+00 2.498024446870118265e+00 1.163175653892091654e+00 6.570677176873314096e-01 3.616649711055931249e+00 2.000000000000000000e+00 1.200000000000000000e+01 4.000000000000000000e+00 -2.270007842709631859e+03 4.415999999999982606e+01 1.549549016935200818e+01 -1.377523412853461870e+01 3.668960594488345439e+00
1.219848028350621227e+00 9.587181317541444425e-01 4.060068704235683335e+00 2.647021283131529401e+00 2.231900922194911097e+00 4.469140534815654320e-01 4.068087508113148454e-01 2.502967267271677620e+00 6.000000000000000000e+00 5.000000000000000000e+00 5.000000000000000000e+00 -2.260677018001383203e+03 2.255000000000018545e+01 1.558762612508645162e+01 -3.793460716550394629e+00 1.184631120307413799e+00
1.824054116373930334e+00 2.356964386430786540e+00 4.917544017845929538e+00 5.474590990570495030e+00 2.863309401674976495e+00 1.013655403834074153e+00 1.092698325064688225e-01 3.512463847923399385e+00 7.000000000000000000e+00 2.000000000000000000e+01 5.000000000000000000e+00 -2.274628875910976603e+03 6.020000000000031548e+01 1.528305474443603096e+01 -9.582733112703072820e+00 1.845240928210586606e+00
2.369219410282113802e+00 2.287937146224581664e+00 6.394689023548941087e+00 8.179150005517094257e+00 1.172173751854847845e+00 1.139829512017054292e+00 1.580121045561694859e-01 3.854324739779171782e+00 1.100000000000000000e+01 1.600000000000000000e+01 5.000000000000000000e+00 -2.274883788881351848e+03 6.143999999999939376e+01 1.526023680508452784e+01 -4.267980781190210848e+00 9.754863414077999950e-01
4.123511942693007803e-01 1.275648642962408097e+00 4.496763328727652720e+00 4.995474433612633547e+00 1.825217011025399572e+00 7.938805389368375209e-02 5.516721083688851390e-01 2.720919963881640147e+00 1.100000000000000000e+01 1.800000000000000000e+01 3.000000000000000000e+00 -2.177881955308137094e+03 1.900800000000046737e+02 5.177622206758401013e+00 -4.990048818585091084e+00 3.651645220980638928e+00
1.988882292548938224e+00 5.248136964150611483e-01 5.274238146164297092e+00 5.736781231815587745e+00 1.436629795050551106e+00 2.438567170948485074e+00 2.371768261464844985e-01 2.595171755198719676e+00 5.000000000000000000e+00 8.000000000000000000e+00 3.000000000000000000e+00 -2.267087982904182809e+03 4.447999999999940712e+01 1.530299893151143742e+01 -3.972284746389123100e+00 1.899878828104585748e+00
1.540918589694944441e+00 5.679123561994245950e-01 2.759066816003979739e+00 5.558596920140940867e+00 2.601137327333380433e+00 1.144304463714807263e-01 5.784657868320386420e-01 2.673581072353719001e+00 7.000000000000000000e+00 1.500000000000000000e+01 4.000000000000000000e+00 -5.063027505578393175e+02 4.501499999999774104e+02 1.757673440986566149e+01 -4.630988361155582989e-02 1.532715829613233716e-01
1.035608470476930387e+00 7.409620162132367627e-01 4.165129664630979001e+00 5.755661258095104316e+00 1.582780000172218760e+00 4.322170395592493386e-01 2.097097926003098078e-01 4.031382105060237642e+00 8.000000000000000000e+00 1.300000000000000000e+01 3.000000000000000000e+00 -2.267394931333707973e+03 3.653000000000000824e+01 1.557062070835675271e+01 -3.454569657153272466e+00 5.089878424818490288e+00
2.645046613758515353e+00 1.039433935022092470e+00 2.455886298488637820e+00 8.481968747780571860e+00 2.880144174910653554e+00 6.370037929864486026e-02 4.112142214691589803e-01 2.727265111024973265e+00 8.000000000000000000e+00 1.600000000000000000e+01 3.000000000000000000e+00 -2.276791137737920053e+03 6.271999999999936648e+01 1.533944610862003088e+01 -2.499268976208736337e+00 2.830262304570350107e-01
1.227125095473004190e+00 1.491607630799682838e-01 2.393734231484692998e+00 6.786940837021262496e+00 2.325302963678847590e+00 1.641522963697462867e+00 6.985856946948697521e-01 4.694343141048347157e+00 1.000000000000000000e+01 1.400000000000000000e+01 5.000000000000000000e+00 -2.181864913176851132e+03 4.802000000000015234e+01 9.865932073553201676e+00 -1.230477292394009048e+01 2.684525538477442907e+00
2.486518243443835541e+00 7.214768306799017594e-01 3.598892197477907118e+00 1.580087848463117339e+00 1.711094554510093069e+00 2.069067786041733636e-01 4.053535819375269078e-01 2.264926544922632345e+00 1.000000000000000000e+00 1.100000000000000000e+01 4.000000000000000000e+00 -3.709169566349851266e+02 3.301100000000244563e+02 1.286637228968580615e+01 2.772416066617919284e-01 6.171674348030069090e+00
1.355360721261097412e+00 2.186234475738891181e+00 3.526326947138350043e+00 8.614204875397236449e+00 1.695481119963098360e+00 1.313306420472551972e-01 4.895769419621456842e-01 3.260543886255463875e+00 5.000000000000000000e+00 1.700000000000000000e+01 4.000000000000000000e+00 -3.911039797304900958e+02 5.101700000000154773e+02 8.501186233155149097e+00 8.920998988124340112e-02 5.844127194579666618e-02
2.677398288766533963e+00 2.475923249743364973e+00 6.522645879707187788e+00 5.893072914859302180e+00 2.798424032508828319e+00 1.072423622625967576e+00 2.614080608853668886e-01 3.569039204772606055e+00 5.000000000000000000e+00 1.900000000000000000e+01 5.000000000000000000e+00 -2.398600106773232255e+03 3.009599999999969100e+02 1.550750667332711963e+01 -6.109682825977367671e+00 6.215011251260846414e+00
2.856511502867769448e+00 4.662238393633626465e-01 5.108248148677248857e+00 8.724772781888070483e+00 2.631588693230700216e+00 1.055896358878194885e+00 8.467178308377146800e-01 3.340399262766303501e+00 8.000000000000000000e+00 1.200000000000000000e+01 4.000000000000000000e+00 -2.281187836767520821e+03 6.455999999999941963e+01 1.555673979797006190e+01 -2.302640866586407764e+00 9.344593289556297755e-01
2.291636076463682059e+00 7.963254936695525199e-01 3.937286467874224538e+00 2.040544888801306023e+00 1.562660080531598883e+00 4.368384619425826898e-01 5.060560192835841797e-02 2.389278279030370822e+00 7.000000000000000000e+00 1.300000000000000000e+01 5.000000000000000000e+00 -2.997604360909979277e+02 3.901299999999891384e+02 6.543464755687709911e+00 -6.978477744889570455e-04 6.180516008883615520e+00
1.700780842105732660e+00 4.107989275836994025e-01 7.530132152481675334e+00 6.824584824363034485e+00 1.688475280774649923e+00 1.670804504065457996e+00 9.366903964414485806e-01 2.829558968129075147e+00 5.000000000000000000e+00 1.000000000000000000e+01 3.000000000000000000e+00 -2.272381168701838760e+03 5.220000000000047180e+01 1.539257304386491931e+01 -7.406735595369614344e+00 1.921984005765446035e+00
6.744446280637763635e-01 3.542489655951206462e-01 8.120380076266549452e+00 4.113744923935904296e+00 2.261655899356564525e+00 1.112672284301875703e+00 3.272831873774602607e-01 2.162816298491661016e+00 8.000000000000000000e+00 1.700000000000000000e+01 5.000000000000000000e+00 -2.332602619614856394e+03 3.291199999999985266e+02 1.050266372592854758e+01 -1.146060177253715118e+01 6.076012272891215260e-02
1.071562461005078237e+00 2.550173784230707508e+00 5.188273885411303965e+00 1.894462131875083166e+00 1.828705459401811950e+00 1.753562665532684695e-03 3.827850076459046180e-01 2.718203603077021580e+00 4.000000000000000000e+00 2.000000000000000000e+01 5.000000000000000000e+00 -2.310074246785865853e+03 4.515999999999829129e+02 5.267140424117147113e+00 -7.928061300074953799e+00 1.527293683669903812e+00
2.096490087661869506e+00 2.787273283269510848e+00 6.646886798784809258e+00 2.464286402696290512e+00 2.164894724037905060e+00 1.464213446469896152e+00 7.165288025739527389e-02 3.014723406848234699e+00 5.000000000000000000e+00 1.300000000000000000e+01 3.000000000000000000e+00 -2.245914029926472722e+03 1.522299999999974602e+02 1.061243937040462981e+01 -1.284582004496988539e+01 2.097534227286122821e+00
1.313240195203810412e+00 1.566584002664315411e+00 8.447758200207465151e+00 7.288888896116904270e+00 6.841663842110079496e-01 7.941359358170270166e-01 3.698078640313438026e-01 4.104447538260650674e+00 7.000000000000000000e+00 1.500000000000000000e+01 4.000000000000000000e+00 -2.142318633848693025e+03 1.048500000000011170e+02 5.618352115543309822e+00 -1.067369310762180223e+00 8.136111923979639782e-01
1.567385217773798134e+00 5.008938937109381762e-01 4.874688144554149005e+00 6.430316749186713920e+00 1.240651995207457281e+00 6.419313167476524695e-01 6.704666542995013634e-02 2.153792290506499896e+00 2.000000000000000000e+00 5.000000000000000000e+00 4.000000000000000000e+00 -2.123418559909970099e+03 8.434999999999735110e+01 5.077722494373202444e+00 -1.403747040870036544e+00 2.593605879831868410e-01
1.631630921049487259e+00 1.769702037860167332e+00 7.942208066558643864e+00 1.516476463291913213e+00 1.473519717604213852e+00 1.285265846617622332e+00 1.081049813516092861e-01 2.083521974171956170e+00 6.000000000000000000e+00 1.700000000000000000e+01 4.000000000000000000e+00 -4.773002821022924422e+02 5.101700000000154773e+02 1.388845513139279397e+01 -1.348177824946656722e+00 5.634408755392321666e+00
2.173019516974703080e+00 1.281404151071135367e+00 7.719844292255899632e+00 9.834912012275223603e+00 2.342073170909368507e+00 2.625542464029694267e-01 5.237882450001574153e-01 3.954419042797060246e+00 1.000000000000000000e+01 1.300000000000000000e+01 3.000000000000000000e+00 -2.263340008831255091e+03 4.277000000000013102e+01 1.512218805195342064e+01 -4.008212703389182785e+00 1.382895418003214250e+00
2.136824032895579428e+00 1.937523721363964668e+00 2.511664471741120508e+00 3.892173311230156862e+00 1.912759898262813341e+00 4.470541231626509737e-02 6.436880011031054227e-01 3.065075638460643681e+00 1.000000000000000000e+00 9.000000000000000000e+00 5.000000000000000000e+00 -2.283304246396846793e+03 6.975000000000137845e+01 1.552682789980288725e+01 -2.360428027919941663e+00 2.270430396659952887e-01
2.253224840999963341e+00 1.444413636201801632e+00 7.806899331214875559e+00 4.606201193250353043e+00 2.351185253840744505e+00 3.385459071451687452e-01 3.213765698633296308e-01 3.108716155739744025e+00 1.000000000000000000e+00 1.500000000000000000e+01 3.000000000000000000e+00 -2.296354580613834514e+03 1.056000000000011454e+02 1.522216128836464932e+01 -1.379963269777072910e+01 2.545523314616370492e+00
2.706924197430841783e+00 1.884991248940003139e+00 1.208017674620769810e+00 7.321510196598838505e+00 1.884111969449195456e+00 1.279478490236267141e-01 2.745845389917573875e-01 2.723857785466746506e+00 4.000000000000000000e+00 4.000000000000000000e+00 4.000000000000000000e+00 -2.258489047527104503e+03 2.047999999999974108e+01 1.551556547044405576e+01 -5.000260584277814724e-01 6.240127414226264158e+00
1.919636732835187765e+00 5.015250941503570647e-01 2.136940520416780398e+00 5.662230425213076401e+00 2.423969685887325642e+00 6.785987985055039751e-01 4.626390085374009753e-01 2.664635821778472469e+00 3.000000000000000000e+00 7.000000000000000000e+00 5.000000000000000000e+00 -2.271032352206608721e+03 4.788000000000017309e+01 1.544327201291303098e+01 -3.157434738721189849e+00 6.064654879210969796e+00
1.930490441858407458e+00 2.615602004591585317e+00 6.314121041574563442e+00 6.688816361880600248e+00 2.702760278329333410e+00 3.150023786106590507e-01 1.411874738153037212e-01 3.113523433404449481e+00 6.000000000000000000e+00 1.300000000000000000e+01 4.000000000000000000e+00 -3.833875780902052952e+02 3.901299999999891384e+02 1.177016113063817038e+01 -8.469421185801552510e-02 6.246804384727993487e+00
2.018824690664685839e+00 6.887005494467646205e-01 6.117919201152311359e+00 7.692916664994775999e+00 2.582029604781314269e+00 1.258244426201190702e+00 7.128903574379125141e-01 2.815819598809448099e+00 6.000000000000000000e+00 5.000000000000000000e+00 5.000000000000000000e+00 -2.188052197466581674e+03 3.705000000000003268e+01 1.059544984166133474e+01 -6.810985748933542361e+00 1.720076209516876009e+00
2.399904549133935472e+00 9.837348745460203769e-01 8.233346154879439993e+00 7.397225007918468265e+00 1.963207960312447042e+00 1.206176354269993700e+00 5.269029610909565786e-01 3.184871971993015194e+00 4.000000000000000000e+00 2.000000000000000000e+01 4.000000000000000000e+00 -2.342446229623617910e+03 1.865999999999979480e+02 1.557163935147619327e+01 -1.120162960689733289e+01 2.251806207305614205e+00
2.709122216571986375e-01 1.725845344912699586e+00 5.212048348147739318e+00 5.214433506242906802e+00 6.218406846873245630e-01 1.866421823851598383e-01 9.184397134859881850e-01 2.791682298555107966e+00 1.000000000000000000e+01 1.800000000000000000e+01 4.000000000000000000e+00 -4.446176265347443746e+02 5.401800000000090449e+02 1.090797665842124076e+01 -5.099033551214571247e-01 5.865880333904831267e-02
2.387577531049865698e+00 1.590846108351991584e+00 6.289360687523871896e+00 5.918102507078085495e+00 6.696573297015588899e-01 2.016759813190811101e+00 2.266812828885471087e-01 2.638002420281170046e+00 5.000000000000000000e+00 1.600000000000000000e+01 4.000000000000000000e+00 -2.231921978361755009e+03 1.303999999999979309e+02 1.042012364760976162e+01 -1.195453080628960052e+01 3.148370944533213756e+00
2.732711150309746095e+00 1.194690460499076901e+00 3.496821173391295279e+00 3.640303413188513026e+00 2.682223789103678424e+00 6.187671677196164843e-01 7.468021310172157090e-01 2.123020518960055281e+00 3.000000000000000000e+00 8.000000000000000000e+00 3.000000000000000000e+00 -2.146965211054037809e+03 1.159199999999978843e+02 5.562825690877410523e+00 -7.750829100467034216e+00 2.630854400999303788e+00
1.013548049340643686e+00 2.161115557540794541e+00 4.003926859401313543e+00 1.906270152580286759e+00 7.754979184271931780e-01 1.379795291051049144e-01 3.285753182854967980e-01 2.762185036423232098e+00 1.100000000000000000e+01 1.300000000000000000e+01 4.000000000000000000e+00 -2.919183241445938393e+02 3.901299999999891384e+02 6.053332759037454380e+00 -1.431078219313369759e-01 6.877784759822783145e-02
2.500770921780199885e+00 2.581769710356507375e-03 6.215463671734988260e+00 7.690490965407930979e+00 2.618345562638694446e+00 3.831515839854575667e-01 8.189150127920545863e-01 2.610798674329579239e+00 1.100000000000000000e+01 1.300000000000000000e+01 3.000000000000000000e+00 -2.268829165097430632e+03 4.524000000000017963e+01 1.538807281858940001e+01 -9.830156801578240788e+00 2.779282271256870995e+00
4.265320821427049935e-01 5.781906741997815402e-01 3.900214979777099522e+00 9.660875290300317886e+00 1.894264150490402754e+00 2.755223265897043250e-01 9.670216704706968702e-01 2.423039142262219947e+00 9.000000000000000000e+00 1.300000000000000000e+01 4.000000000000000000e+00 -4.861004996906780207e+02 3.901299999999891384e+02 1.818971873066771394e+01 -2.369767784777899733e-01 3.425600121054540870e-02
7.888339624094330427e-01 7.244725682385575460e-01 4.811097306426095344e+00 8.121743817984985014e+00 1.149507229349129522e+00 1.008923096562116761e+00 6.032214427830595582e-01 2.223412909388617020e+00 9.000000000000000000e+00 1.100000000000000000e+01 4.000000000000000000e+00 -2.195700159747117141e+03 2.143900000000101045e+02 5.531572484194514416e+00 -4.844990699601946282e+00 4.832499839312005108e+00
2.671824101747760416e+00 1.962797939645873457e+00 8.213725088270583896e+00 9.010594472114894060e+00 2.246925324075146335e-01 6.995728007290424877e-03 3.388972193401302846e-01 3.182924713049029908e+00 1.100000000000000000e+01 1.900000000000000000e+01 3.000000000000000000e+00 -2.282103937800887707e+03 6.820999999999966690e+01 1.549993361255550006e+01 -1.944761230754557424e+00 1.032500252427561160e-01
2.849555347832043672e+00 2.671777697594379664e+00 8.836518086801845584e+00 3.752003921311170664e+00 7.542728315457429833e-01 2.065297473412565088e-01 1.456675713023752039e-01 3.936023273137570833e+00 6.000000000000000000e+00 1.900000000000000000e+01 3.000000000000000000e+00 -2.232126381612217301e+03 1.238799999999990007e+02 1.063664885076364186e+01 -4.820775239005028467e+00 1.448487654757887766e+00
1.359359844098370740e+00 2.533475639093254461e+00 2.748296934603743136e+00 5.906146766066284748e+00 2.545092262830065621e+00 1.360903227432760154e+00 6.455771750913313900e-02 3.499177009129126770e+00 8.000000000000000000e+00 1.400000000000000000e+01 4.000000000000000000e+00 -2.294894159133215453e+03 9.828000000000035641e+01 1.535963494582593469e+01 -3.361570865071645375e+00 1.012510603446608259e+00
2.544144071489212067e+00 2.101464696678783994e+00 4.065222656671843460e+00 7.750553342719429750e+00 1.852842543168039535e+00 1.786825724993636566e+00 4.085162701583919809e-01 2.904249434008764119e+00 1.000000000000000000e+00 9.000000000000000000e+00 3.000000000000000000e+00 -2.211997170239019397e+03 3.708000000000014751e+01 1.209107313993871102e+01 -6.186684172615563249e+00 1.805431061625150102e+00
2.464578104191092134e+00 1.430518379014541486e+00 7.935768408135943197e+00 4.545352321514620542e+00 2.301280928372972490e+00 9.055496099896659379e-01 2.078744505347526472e-01 2.836252970283825281e+00 8.000000000000000000e+00 7.000000000000000000e+00 1.000000000000000000e+00 -2.200741022282102676e+03 6.314000000000023505e+01 1.057318889263141948e+01 -9.795941122676020685e-01 1.104306518353056932e+00
8.322750791416702043e-01 1.340465499939166083e+00 5.401970819922088829e+00 5.090155320876207590e+00 7.777948694163914212e-01 9.378566010660815966e-01 6.649770458968938536e-02 3.483820951457646142e+00 9.000000000000000000e+00 1.400000000000000000e+01 4.000000000000000000e+00 -2.144638321809389254e+03 1.157800000000004275e+02 5.421770113086801679e+00 -3.336744732198273944e+00 6.089128161383671411e+00
2.506268565429691897e+00 9.434977284299211897e-01 3.206458128225148307e+00 3.924035001083086449e+00 2.249723185006532233e+00 1.923697028683876153e-01 4.833770018212765751e-01 2.398551492192836143e+00 3.000000000000000000e+00 5.000000000000000000e+00 5.000000000000000000e+00 -1.943902194441987490e+02 1.500499999999998693e+02 7.460326215262425897e+00 9.743819068492323709e-03 1.138052893958828027e-01
