1.619876097164035245e-01 9.779166487215855685e-01 9.148394785666720708e+00 1.896575174187517643e+00 2.690897694575272947e+00 1.505050914903125481e+00 1.880409942687387148e-01 2.135804609726804415e+00 8.000000000000000000e+00 7.000000000000000000e+00 5.000000000000000000e+00 -3.841877354489887466e+02 2.100699999999860097e+02 1.744704596556223564e+01 -3.251400573375867742e-01 6.103836101792889934e+00
3.363658310904506510e-01 1.428977480001351275e+00 6.984160386199746107e+00 3.231079380588905092e+00 2.801014240246397780e+00 1.877537564991114127e+00 5.824763594494183350e-01 4.216539244097727845e+00 5.000000000000000000e+00 5.000000000000000000e+00 4.000000000000000000e+00 -2.249844021851568868e+03 1.600000000000009237e+01 1.511525136572305250e+01 -8.787114660612546757e+00 2.005034798601888824e+00
1.732809019844720799e+00 1.080870147534842785e+00 7.515398661955738469e+00 8.772322753179862431e+00 2.934367755893827479e+00 3.760206437398115886e-01 5.758183729472844403e-01 2.213393537464845462e+00 5.000000000000000000e+00 1.400000000000000000e+01 2.000000000000000000e+00 -2.349378397902577035e+03 9.282000000000033424e+01 1.893552486891105247e+01 -2.371102214430127919e+00 4.943749639150319730e+00
2.033135741427506638e+00 3.559902804064225545e-01 4.152780293356171271e+00 4.457867143081169381e+00 1.674882653858434933e+00 4.753329873594388522e-01 6.198220584615808937e-01 2.074786113719220726e+00 1.000000000000000000e+00 3.000000000000000000e+00 4.000000000000000000e+00 -2.247283598753386286e+03 1.541999999999986315e+01 1.497334992208665305e+01 -1.611897330551628205e+00 6.247518320860430130e+00
1.538574882292533141e+00 2.162502812289617715e+00 6.056615882556575237e+00 4.755069277273928030e+00 1.960846817281052257e+00 7.154070680896892354e-01 7.310566097922637230e-01 2.520601632419964044e+00 2.000000000000000000e+00 1.300000000000000000e+01 4.000000000000000000e+00 -4.796602231587828555e+02 3.901299999999891384e+02 1.778720144742426967e+01 -2.652975691746668918e+00 5.301327116937032180e+00
1.848249254887425197e+00 1.887949778634477216e+00 9.928023907384716296e+00 2.619662153160693840e+00 2.089371291989337021e+00 4.382672836094926305e-01 3.224765081166461878e-01 2.938426216718293293e+00 5.000000000000000000e+00 9.000000000000000000e+00 4.000000000000000000e+00 -2.195818821107969598e+03 5.904000000000097970e+01 1.039367631924804769e+01 -1.326955870825294248e+01 3.826217083834903665e+00
5.407310022762088497e-01 1.390311506270624387e+00 8.579993487684067333e+00 7.330582105551675554e+00 1.783128969014100562e+00 2.373780576909026441e-01 8.098250353613170027e-01 2.118363862322606650e+00 7.000000000000000000e+00 2.000000000000000000e+00 4.000000000000000000e+00 -2.251237990402975356e+03 8.819999999999900808e+00 1.542674940018597773e+01 -2.014085667137348157e+00 7.326337062913815257e-02
2.766832541022000047e+00 1.269602327835536393e+00 1.607134332930039378e+00 1.193722041803373823e+00 1.826471521605558035e+00 6.081065387428660207e-01 4.805541242043582795e-01 2.945453607866628687e+00 7.000000000000000000e+00 1.300000000000000000e+01 3.000000000000000000e+00 -2.263228184671730560e+03 4.914000000000025636e+01 1.491613654198314265e+01 -3.251869559368575580e+00 1.075070554327244299e+00
3.632724557519182440e-01 1.521727711845155762e+00 8.826510048933300823e+00 9.140800937173725771e+00 2.880777903469796453e+00 1.272998912765840984e+00 6.001201507670579360e-01 2.271252791536098048e+00 6.000000000000000000e+00 1.000000000000000000e+01 4.000000000000000000e+00 -2.192176142420489668e+03 9.059999999999912745e+01 9.179758901280628436e+00 1.214127942614749767e+00 4.729440369022873014e+00
1.973607895541042545e+00 1.244674399381104024e+00 7.550372533241906936e+00 6.321081039015536973e+00 2.055676073127834513e+00 8.712977590214672219e-01 5.922552254268900196e-01 2.584860194857523830e+00 8.000000000000000000e+00 2.000000000000000000e+00 4.000000000000000000e+00 -2.251599859722607562e+03 7.399999999999930189e+00 1.549374123266296976e+01 -2.390632359121562800e+00 3.160611873183660769e-02
1.018482203840156197e+00 7.077125690045960038e-01 3.141847003389388604e+00 5.301500812893458203e+00 2.728977787510605602e+00 2.116119526039380860e-01 4.668443509900562227e-01 2.246420353639764667e+00 4.000000000000000000e+00 3.000000000000000000e+00 5.000000000000000000e+00 -2.121692948153985526e+03 6.288000000000162260e+01 5.640809259624027128e+00 -3.275617823667229089e+00 1.204961354706536536e+00
1.846203295597564242e+00 1.478903766833925548e+00 9.974774632418704101e+00 7.178409247210017163e+00 1.306764127454057567e+00 4.487571847895245325e-01 7.861049314847275982e-01 2.482349287737429577e+00 9.000000000000000000e+00 8.000000000000000000e+00 4.000000000000000000e+00 -2.195981771728250351e+03 5.887999999999910017e+01 1.040886073301565951e+01 -1.687524216077014527e+00 1.796885132000674290e-01
1.485008346057860695e+00 9.749647381818946634e-01 5.289595430455668712e+00 4.191814838612194727e+00 1.774443678195774643e+00 1.152423217867493133e-02 6.103596215085519416e-01 3.597602068230543626e+00 5.000000000000000000e+00 1.200000000000000000e+01 5.000000000000000000e+00 -2.120674738135206553e+03 1.359600000000021112e+02 3.293421133450337823e+00 -1.143973537240684202e+01 4.120759038022176135e+00
5.470557831480715727e-01 2.369966031963146147e+00 6.697036285341991579e+00 2.935287670158268636e+00 9.245729748942956849e-01 2.353761416371142889e+00 6.319953405769043187e-01 3.491517999957155283e+00 9.000000000000000000e+00 3.000000000000000000e+00 3.000000000000000000e+00 -2.254907185697812565e+03 1.163999999999994373e+01 1.556794910611326976e+01 -1.167554585746517049e+00 5.816574794122635339e+00
1.482759232578645392e+00 2.791157909890994659e+00 6.477097434327208525e+00 5.804198315818600129e+00 1.986628938147094514e+00 5.439437709928818254e-02 5.836438379608568372e-01 2.440446206087390379e+00 5.000000000000000000e+00 1.100000000000000000e+01 2.000000000000000000e+00 -2.305922577982667008e+03 5.268999999999978456e+01 1.747359862391670404e+01 -2.432488318697238583e+00 1.199467627518756352e+00
8.017233347723728976e-02 1.676937879130118603e+00 9.224167804021419670e+00 3.057387876355896150e+00 1.632046390833145288e+00 8.996843641642097156e-01 5.225867928702880860e-01 3.203258989600242135e+00 7.000000000000000000e+00 8.000000000000000000e+00 3.000000000000000000e+00 -2.273230280855281762e+03 5.223999999999924171e+01 1.544439255345513473e+01 -4.347129650795719336e+00 1.798200324496688873e+00
1.763787014951233800e+00 9.123354403145642610e-01 7.922277641232565060e+00 1.482933098093936586e+00 6.635948666465616430e-01 1.119654333901239252e+00 2.737737094034004004e-01 2.709436397886934689e+00 3.000000000000000000e+00 5.000000000000000000e+00 4.000000000000000000e+00 -2.111969591920561470e+03 4.484999999999958931e+01 5.596536995035095607e+00 -1.183145057919452237e+00 5.730449477857205709e-01
2.118211724830354470e+00 7.839560045943375632e-01 3.432795891445910019e+00 4.773233155110203185e+00 1.119569580945330323e+00 3.462525886467205938e-01 6.930607543575285634e-01 3.338677344187584328e+00 7.000000000000000000e+00 1.300000000000000000e+01 5.000000000000000000e+00 -2.205648987372375814e+03 8.215999999999991132e+01 1.028556171077349823e+01 -1.485141916912086302e+01 2.913080456096747817e+00
2.194085755339399313e+00 2.113114427931036765e+00 7.113566860645684997e+00 2.259430227104027633e+00 2.964614810866743166e+00 5.866199413204442603e-01 1.090912636349862797e-01 2.283380177715392811e+00 5.000000000000000000e+00 1.700000000000000000e+01 4.000000000000000000e+00 -5.341898505439876317e+02 5.101700000000154773e+02 1.744405315899874509e+01 -5.373532999835347462e-02 5.450486726133115661e-02
1.993537278175161465e+00 1.709344813844727140e+00 8.121474898100167650e+00 7.134455851285122385e+00 1.673004743741392186e+00 4.557865420483890317e-01 2.028930524523087087e-01 2.365444354221613921e+00 8.000000000000000000e+00 7.000000000000000000e+00 4.000000000000000000e+00 -2.202990550291662203e+03 8.203999999999848569e+01 1.012315939322892611e+01 -5.854271809474161925e-01 4.519059657863852553e-02
2.279748018159470924e+00 7.506536788196315202e-01 5.654728669061046986e+00 6.583112763301498305e+00 2.616656862219088886e+00 5.578391189058704569e-01 9.457603475151948880e-02 2.243808308891644732e+00 2.000000000000000000e+00 8.000000000000000000e+00 4.000000000000000000e+00 -2.327936817752807656e+03 1.610400000000027774e+02 1.546355110955039081e+01 -1.373853796485076662e-01 1.527406623280408993e-01
2.086331567959189393e+00 7.134536229792282080e-01 2.029007290854692336e+00 2.247598713920611502e+00 2.177446711981944727e+00 1.468454805547636965e+00 2.059532609132521397e-01 3.863594074241019083e+00 1.000000000000000000e+00 2.000000000000000000e+00 4.000000000000000000e+00 -2.247313415505359444e+03 6.299999999999953637e+00 1.526021346908498622e+01 -4.620358884242305564e+00 1.667024550331428934e+00
2.937290512845294188e+00 1.008211893207872523e+00 8.560816711591872519e+00 1.417134406821920489e+00 2.668627560760987727e+00 5.079763816459237358e-02 1.386837174678517970e-02 3.701002394969235887e+00 5.000000000000000000e+00 4.000000000000000000e+00 4.000000000000000000e+00 -2.256139913752955636e+03 1.583999999999983821e+01 1.551374460955972623e+01 -5.820470742511602014e-01 4.771399654548315328e-02
7.455858384264354433e-01 8.027626041141149305e-01 9.358751628661524435e+00 6.964502718740811282e+00 2.715012732841775467e+00 9.983526822680037771e-01 5.180837255661324692e-01 2.156028651944727592e+00 6.000000000000000000e+00 1.800000000000000000e+01 3.000000000000000000e+00 -2.311002571354242718e+03 1.283400000000023340e+02 1.542703570964008541e+01 -9.138661402275523926e+00 3.260636630416220427e+00
1.795529826067996382e+00 9.841764546280222792e-01 9.710998974417805130e+00 9.333592483882078739e+00 1.977800631912882690e+00 1.170356328607696561e+00 5.221650579596903707e-01 2.276641297123545460e+00 3.000000000000000000e+00 1.800000000000000000e+01 4.000000000000000000e+00 -2.395600086701934742e+03 1.677600000000038278e+02 1.948250541887079024e+01 2.459836329459959448e+00 4.781188714454540190e+00
6.653738255768433252e-01 1.407474420819168959e+00 8.381351432174209748e+00 2.218917636028363560e+00 1.889357200283251714e+00 2.383201940386230344e-01 5.525299566177704902e-01 3.423051322388757978e+00 1.000000000000000000e+01 1.400000000000000000e+01 2.000000000000000000e+00 -2.310412075425985222e+03 1.265600000000004712e+02 1.544575471412406209e+01 -1.773931654010986625e+00 6.545260907079467616e-01
2.712683128917356967e-01 1.703979808773437910e+00 3.599757210790012429e+00 4.833329006222843560e+00 6.944072150942777188e-01 6.453147996196062497e-01 3.385383609956195694e-01 2.785582774371732739e+00 4.000000000000000000e+00 6.000000000000000000e+00 3.000000000000000000e+00 -1.907892815533825228e+02 1.800600000000052887e+02 6.297455097086243292e+00 -7.285314306679235852e-01 2.342836910683282481e-01
2.518836423928112023e+00 2.531422304406966362e+00 4.845641077797241181e+00 3.781192646765572984e+00 9.132548144251564359e-01 2.940122731158278935e-01 4.130964484397570136e-02 2.362933285947654394e+00 7.000000000000000000e+00 5.000000000000000000e+00 2.000000000000000000e+00 -2.255311004903433968e+03 2.345000000000019824e+01 1.522412530646462514e+01 -2.057150468161061951e+00 6.008922675963106919e+00
1.166218885344724621e+00 1.021780988507680732e+00 1.996705960953189640e+00 1.690418285197556436e+00 2.920661498110211696e+00 2.581800049055236745e-01 9.065833434113566014e-01 2.063354630604619988e+00 4.000000000000000000e+00 3.000000000000000000e+00 3.000000000000000000e+00 -2.096265323929842907e+03 1.910999999999996746e+01 5.419395245615175050e+00 -1.660645147767930752e+01 2.109650600214125760e+00
1.605393945543190704e+00 1.006665697086180922e+00 5.539309263440384434e+00 8.534395181673545494e+00 2.161713864861326329e+00 3.173392452792989649e-01 5.029069012318583276e-01 2.857062053835255355e+00 3.000000000000000000e+00 1.600000000000000000e+01 3.000000000000000000e+00 -2.272525954420198104e+03 6.527999999999931902e+01 1.499287215126239303e+01 -1.707108718736725317e+00 4.202049868571799407e-01
1.649072626262171049e-01 1.617675432888324494e+00 7.342366511005158358e+00 2.805937467089604898e+00 2.178902840283748255e+00 2.592075815482138168e+00 2.198031731705837877e-01 2.595983954590105558e+00 6.000000000000000000e+00 1.200000000000000000e+01 3.000000000000000000e+00 -2.274943243900425387e+03 5.123999999999967514e+01 1.558270274377659348e+01 -8.472421069572531493e+00 2.547960568325700503e+00
2.451437647189381175e-01 1.285052811341260259e+00 8.619997319852814144e+00 1.950868281264706461e+00 2.751364226066725482e+00 7.862773499894195606e-01 6.710468758047170024e-01 3.706600136930701339e+00 9.000000000000000000e+00 8.000000000000000000e+00 5.000000000000000000e+00 -2.221235874902412888e+03 4.575999999999937984e+01 1.239724218140083067e+01 -6.343444044851563213e+00 4.943722531909013895e+00
2.322472901392663047e+00 4.742672316931372256e-01 1.126404051363448566e+00 3.290173790300743750e+00 2.055174449058902120e+00 3.932930186824104002e-01 4.378563199397263461e-01 2.787389818743218228e+00 4.000000000000000000e+00 4.000000000000000000e+00 2.000000000000000000e+00 -1.377046176967055828e+02 6.107999999999887564e+01 1.559644904069589812e-02 -9.407017983648519044e-01 6.159432475370843818e+00
2.001091466165484611e+00 3.021007045047797712e-01 5.610052220503899179e+00 2.139761974315980364e+00 1.543902122520250941e-01 8.236968838885694311e-01 7.379047512949604704e-02 2.711714482270505489e+00 5.000000000000000000e+00 9.000000000000000000e+00 5.000000000000000000e+00 -2.195517821725854901e+03 5.391000000000078529e+01 1.053517635786590567e+01 -2.261537656341240154e+00 1.985275109567964935e-01
2.743957361175855425e+00 1.113152184891340157e+00 1.544679043715693867e+00 5.764123721561684732e+00 2.650427953642499723e+00 6.488337968282846813e-01 6.302654903291970978e-01 2.067068903399776669e+00 6.000000000000000000e+00 7.000000000000000000e+00 4.000000000000000000e+00 -2.142123173303999010e+03 1.288699999999939223e+02 4.855510831500138735e+00 -3.418231067713354054e+00 1.234338522667440374e+00
1.532793773052623543e+00 1.856062133194272823e-01 5.853734816164806176e+00 6.922100085235635802e+00 8.203601717019477491e-01 5.146734877094844007e-01 3.144466006237730538e-01 3.950571959711412617e+00 5.000000000000000000e+00 2.000000000000000000e+00 3.000000000000000000e+00 -2.248309709574417411e+03 5.419999999999972395e+00 1.534998184840107349e+01 -3.787412624904747727e+00 6.212692972496120625e+00
2.465631030314559435e+00 2.371670499253283104e+00 5.881701619897834021e+00 2.203257890513132367e+00 1.840707764229932542e+00 1.632910236546961436e+00 4.485989126967089291e-01 2.256871784341278442e+00 4.000000000000000000e+00 5.000000000000000000e+00 4.000000000000000000e+00 -2.087757050708705719e+03 9.484999999999675424e+01 2.520753169294210672e+00 -6.225246111018042372e-01 1.962868028341379495e-02
2.283838385558793593e+00 1.885235295985959736e+00 2.926356695904196226e+00 1.903644322036679659e+00 1.015297662605421092e-01 8.076062673787010038e-02 5.023679300642973633e-01 2.233123088944700463e+00 0.000000000000000000e+00 1.900000000000000000e+01 3.000000000000000000e+00 -2.299278050215312760e+03 1.020299999999992622e+02 1.551644063845709098e+01 -2.289801119040591804e+00 5.424836622063208269e-01
6.438242869627862630e-01 6.804162838258276391e-01 7.933240858525264727e+00 2.375618467350165908e+00 2.460478365777478249e+00 2.084002195644157229e+00 1.009675155792931767e-01 4.111537545846138286e+00 1.000000000000000000e+00 1.500000000000000000e+01 2.000000000000000000e+00 -2.295868888659963886e+03 6.149999999999959499e+01 1.656993054124774645e+01 -8.028703723511355861e+00 1.916314740373292080e+00
1.319144557888900504e+00 1.901092666963250188e+00 7.105630401834617693e+00 6.246551952043021494e+00 2.643308735982262903e+00 5.852039169845673072e-01 2.964506077114940075e-01 2.526128806618644251e+00 5.000000000000000000e+00 1.500000000000000000e+01 4.000000000000000000e+00 -2.251071938421680898e+03 1.797000000000039392e+02 1.007637115135494454e+01 -2.074691337515465861e+00 5.463496138373917788e+00
7.237560891502852201e-01 8.209667919774648048e-01 6.014671382258763188e+00 2.629595018177842469e+00 2.065046097981922735e+00 2.746384347219685829e+00 7.847999324195298332e-01 3.907738185575809986e+00 1.000000000000000000e+01 9.000000000000000000e+00 2.000000000000000000e+00 -2.187863992374661393e+03 3.852000000000020208e+01 1.053774952341632520e+01 -5.748942567486108324e+00 7.604270351854689469e-01
4.006638512306160416e-01 1.685737620918495105e+00 4.553281417378981288e+00 7.122808630556170861e+00 2.120904003239575175e+00 8.022858123929670349e-01 4.468085180959665420e-02 2.735247659919587626e+00 1.000000000000000000e+01 1.700000000000000000e+01 2.000000000000000000e+00 -2.310526556344470464e+03 6.970000000000052864e+01 1.722978477152938837e+01 -2.824012811830587388e+00 5.317668619853778367e+00
1.304705351289086046e-01 2.259390862204861072e+00 4.592847819376565610e+00 3.949701723806349651e+00 1.472072968770101076e+00 6.311543335660538823e-01 2.041609532553971817e-01 3.040643556471413156e+00 1.000000000000000000e+01 1.700000000000000000e+01 3.000000000000000000e+00 -2.181857409459213159e+03 1.142400000000009754e+02 7.796088091200808812e+00 -1.052181431144548895e+01 5.799040723572010947e+00
2.908200942009169232e+00 9.465390299783212891e-01 6.082610291749215747e+00 7.263539871571715878e+00 2.663303937170987457e+00 7.689708705750477602e-01 4.567034849118810635e-01 2.818765662101711200e+00 0.000000000000000000e+00 4.000000000000000000e+00 4.000000000000000000e+00 -2.258212325363864238e+03 2.123999999999972488e+01 1.547452033524153059e+01 -3.574232415288579823e+00 6.187619043734804869e+00
1.503071378382616397e+00 6.262129919095514863e-01 1.272276034488343921e+00 3.121246214338150082e+00 2.172400811938723919e+00 8.516607123359536402e-01 2.650421732548531306e-01 3.178569984596599785e+00 5.000000000000000000e+00 2.000000000000000000e+01 5.000000000000000000e+00 -2.287722440516818097e+03 8.360000000000064801e+01 1.537015253230113387e+01 -6.368714650644189845e+00 3.669296055503229681e+00
7.718869255963394238e-01 1.137467659701056455e+00 4.476671262196525447e+00 8.815728769700562850e+00 2.991696521812334808e+00 1.060067438534638251e+00 5.758375094140488759e-01 2.918534709872822486e+00 9.000000000000000000e+00 1.600000000000000000e+01 4.000000000000000000e+00 -2.278067285315149093e+03 7.007999999999921670e+01 1.518920533219684188e+01 -3.246305138172933535e+00 5.602335477453628698e+00
2.857974648493679659e+00 1.257381997449839472e+00 6.170245122956147021e+00 5.322411176719746173e+00 7.810960597941194461e-01 2.951328234617867086e-01 5.592236233930092393e-01 2.084050247295484937e+00 3.000000000000000000e+00 5.000000000000000000e+00 4.000000000000000000e+00 -2.190284826250248443e+03 4.664999999999948699e+01 1.043498914064053729e+01 -7.286381055904020965e-01 6.144795350115746402e+00
1.944626046666154906e+00 9.588822308916726822e-01 1.480622330053778191e+00 3.712151845223675029e+00 1.795570403631263190e+00 8.600538961958692497e-02 6.105227572614043696e-01 2.208263622864293119e+00 3.000000000000000000e+00 6.000000000000000000e+00 4.000000000000000000e+00 -1.930035303917004796e+02 1.454400000000039768e+02 1.549321825943212813e-02 -1.234104860215322619e+00 6.708568263135000764e-02
