1.064220715037390574e+00 2.250654252551256285e+00 2.755785758863884993e+00 6.485966848272613383e+00 2.277362898899219168e+00 6.655081995369092063e-01 6.381383624256701248e-01 3.346043604037510555e+00 7.000000000000000000e+00 8.000000000000000000e+00 5.000000000000000000e+00 -2.261667835393004680e+03 2.583999999999980091e+01 1.554673971206280036e+01 -2.212361157739162643e+00 8.680536805281737767e-01
8.037630284383592283e-01 1.691525267608531946e+00 7.759263115099386710e+00 6.660909928891577181e+00 2.813122543620661276e+00 5.714025904217009399e-01 5.494056176859323237e-01 2.855785524767712857e+00 5.000000000000000000e+00 2.000000000000000000e+01 2.000000000000000000e+00 -2.293372865418631591e+03 2.499999999999943441e+02 1.052330408866464140e+01 -1.414763745710569864e+01 2.305901146484941044e+00
2.648544225537143415e+00 6.169197501401644246e-01 3.796703511084096760e+00 3.771873413320567359e+00 5.526783667891257412e-01 9.323629873510654864e-01 3.421276054642883313e-01 3.499230761335153872e+00 1.000000000000000000e+01 2.000000000000000000e+01 5.000000000000000000e+00 -2.214400403869085494e+03 9.240000000000077307e+01 1.051252524181782100e+01 -9.689109671228626652e+00 2.246356786720229426e+00
2.379532591330196567e+00 1.763194283202899726e+00 5.795392694435967940e+00 5.151769214366963112e+00 2.610607244495833701e+00 1.257443067197006603e-01 3.594211849361902966e-01 2.282128656117306864e+00 2.000000000000000000e+00 1.900000000000000000e+01 5.000000000000000000e+00 -6.208402363493495386e+02 5.701900000000110822e+02 2.098407727183399984e+01 1.286012474944876471e-01 6.265316388740585829e+00
7.344410051429623998e-01 5.111134142942268532e-01 4.066119351849114771e+00 3.285682063186410762e+00 9.861675150369558773e-01 1.579788154399969446e+00 2.410984348543105948e-01 2.317445680909377526e+00 6.000000000000000000e+00 2.000000000000000000e+01 3.000000000000000000e+00 -2.309359494834091038e+03 1.252000000000012392e+02 1.542246842713067778e+01 -8.102306438838887459e+00 3.375882299017264110e+00
1.967503007687555705e+00 1.992257474996294686e+00 4.518458174779720338e+00 3.731240360541888013e+00 6.935909500961950913e-01 7.824122840040687032e-02 4.746533559389650714e-01 3.806688951191727899e+00 1.000000000000000000e+01 1.300000000000000000e+01 5.000000000000000000e+00 -2.133657526427161429e+03 9.034999999999962483e+01 5.530157901697585032e+00 -1.069308716600757769e+00 1.018359414130611817e-01
5.945943193120657444e-01 2.131478263248131721e+00 5.106187205175542587e+00 3.143642123680597589e+00 2.320240839749599715e+00 3.927649167574676081e-02 4.195719755514452087e-01 3.449817015820747290e+00 7.000000000000000000e+00 1.000000000000000000e+01 4.000000000000000000e+00 -4.384224744795104698e+02 3.000999999999997385e+02 1.802327965496941431e+01 4.223649999786144305e-01 9.058491651076155948e-02
4.534151430172799202e-01 1.525591627294540231e-01 3.664433354823193323e+00 9.043723994253893395e+00 1.982569246578827160e+00 3.783029534659778648e-01 3.703944086866853835e-01 2.617443702633047486e+00 1.000000000000000000e+00 1.400000000000000000e+01 4.000000000000000000e+00 -2.333236028693925618e+03 1.689799999999964939e+02 1.554662679337045361e+01 -7.086372652883681234e+00 2.023752690581674951e+00
2.986088057203862167e+00 5.972375842779287236e-01 4.015814951326980520e+00 2.179293091905369906e+00 1.309838901005806688e+00 1.250697003981148470e+00 1.767013319193015131e-01 3.920607586086775953e+00 4.000000000000000000e+00 1.800000000000000000e+01 5.000000000000000000e+00 -2.277291023438100638e+03 5.561999999999992639e+01 1.559256396488129326e+01 -6.024017496877066336e+00 2.166863199074330115e+00
1.113982011796541771e+00 1.672113241179447485e+00 5.006742484817343630e+00 9.191903610136479941e+00 1.589431186567761500e+00 2.012299034251312957e+00 8.443196450531307296e-01 2.287117194511198548e+00 5.000000000000000000e+00 5.000000000000000000e+00 4.000000000000000000e+00 -2.191343739426168668e+03 5.069999999999925677e+01 1.037460871413555807e+01 -4.512503009780610697e+00 8.806398167207840633e-01
9.928844007292582097e-01 2.124800919982425818e+00 2.739594361055204708e+00 7.430055307885806926e+00 1.659009480384765700e+00 4.702205390674141228e-02 5.203895341383890649e-01 3.509935438146146058e+00 7.000000000000000000e+00 1.900000000000000000e+01 4.000000000000000000e+00 -5.700384753298214946e+02 5.701900000000110822e+02 1.780896720811350065e+01 -2.860236399949766389e-02 6.277968623882972388e+00
9.678411872319931941e-01 1.317376381727863865e+00 3.017541359367923448e+00 3.588041602394852703e+00 1.371354595631442574e+00 2.609123989314985903e-01 2.127173521296991388e-01 2.563765271831863757e+00 8.000000000000000000e+00 1.300000000000000000e+01 4.000000000000000000e+00 -2.169160497863696037e+03 2.576599999999937722e+02 2.520656116481219122e+00 -8.925661162549367589e-01 8.466776952242138082e-03
1.353819355789740886e+00 1.300938822348382207e+00 3.298650659050021972e+00 1.171407585860064993e+00 2.273072837800762525e-01 4.739558597401470619e-02 6.337505510886166649e-01 3.260695188933866007e+00 7.000000000000000000e+00 1.400000000000000000e+01 4.000000000000000000e+00 -2.272588175574951038e+03 4.830000000000015348e+01 1.552738597343443239e+01 -9.758593402080539825e-01 6.160003998789378876e+00
1.786050020626252177e+00 1.745546785679003232e+00 4.293673114388017353e+00 5.307639398582437273e+00 1.614304671339406916e+00 1.033041776815118551e+00 5.202049576859614222e-01 2.372501094461187954e+00 5.000000000000000000e+00 1.100000000000000000e+01 4.000000000000000000e+00 -2.220011515190954469e+03 2.445300000000138425e+02 6.109157199434242180e+00 -5.102173556128574816e+00 1.206221916094940116e+00
1.462704965867677842e+00 1.180731221426551736e+00 5.807676019244706112e+00 7.044617348623322783e+00 2.098654254999151370e+00 1.475449482668076628e+00 2.877259055703002555e-01 2.429110506792516055e+00 6.000000000000000000e+00 1.500000000000000000e+01 3.000000000000000000e+00 -2.134279565447128789e+03 9.480000000000073612e+01 5.429972840445540072e+00 -1.529955176928406146e+01 2.817578891022569643e+00
4.364828292964801904e-01 1.612933833668992012e+00 9.129041237143926679e+00 3.802774497995056180e+00 2.350726906307435637e+00 5.754319272124490681e-01 2.432856164100767882e-01 2.485370417889095407e+00 6.000000000000000000e+00 1.100000000000000000e+01 3.000000000000000000e+00 -2.352276523744474162e+03 2.725800000000173213e+02 1.349915773402908847e+01 -3.934368776668394130e+00 1.696876192487605683e+00
1.833316202252909255e+00 1.385127737939537473e+00 6.596574045949464171e+00 1.320475517762850437e+00 1.088087649900858045e+00 1.023769770100998233e+00 1.846446842446203274e-01 2.702930328597711540e+00 9.000000000000000000e+00 8.000000000000000000e+00 4.000000000000000000e+00 -2.119918086529131870e+03 6.919999999999888018e+01 5.332380408070775957e+00 -1.352759911070923859e+00 1.882919847830967774e-01
1.861590018059515295e+00 3.408109065025847206e-01 1.325960510226414257e+00 2.061548020039276174e+00 2.630642909043981348e+00 4.857087768761810809e-01 6.780201424653552467e-01 2.758712057125588757e+00 3.000000000000000000e+00 1.200000000000000000e+01 5.000000000000000000e+00 -2.271638274252841256e+03 4.331999999999984396e+01 1.562364214080258407e+01 -3.711523219602036683e+00 4.913104528159632167e+00
2.290706855340521209e+00 1.220472245295188385e+00 3.750276332712229710e+00 3.976530064554807620e+00 1.976343252168584419e+00 8.663049938808529138e-01 7.548518636155843176e-01 3.298567161612621756e+00 1.000000000000000000e+00 1.100000000000000000e+01 3.000000000000000000e+00 -2.266556982727949162e+03 3.673999999999986699e+01 1.551168642049683655e+01 -1.011394111959820918e+01 2.549550490944572090e+00
2.864107053706011818e+00 1.195651189226088595e+00 2.918255041645028136e+00 6.697152625464221742e+00 2.203235067573352524e+00 7.672220872322000895e-01 6.910524436309659069e-02 2.076523847199069017e+00 9.000000000000000000e+00 1.200000000000000000e+01 5.000000000000000000e+00 -2.602952748387023121e+02 2.584800000000067257e+02 2.035228948202645605e-02 -1.068402135378084150e+00 3.134978726633366047e-02
7.949685162616032530e-02 7.860479410621276086e-01 3.717938106955695154e+00 8.247433246735505818e+00 2.659206960227519900e+00 7.543959712609242807e-01 9.582467406477562788e-01 2.340585409875490797e+00 1.000000000000000000e+01 8.000000000000000000e+00 3.000000000000000000e+00 -2.290856319229945257e+03 8.575999999999852719e+01 1.549851995187163922e+01 -8.149101626504871021e+00 3.046115045465742632e+00
1.871914309727826797e+00 1.055855728641738267e+00 2.901962756303508861e+00 4.034281042039273402e+00 1.153913194860048286e+00 2.509733773301778825e-01 2.158920925315477024e-01 2.642750559506960695e+00 5.000000000000000000e+00 1.000000000000000000e+01 5.000000000000000000e+00 -2.477987971800249625e+02 3.000999999999997385e+02 6.109299823751569214e+00 -3.121232052344002361e-01 2.640275659399343722e-01
9.030554130124353041e-01 1.262180044290196257e+00 6.696382138817580376e+00 8.539384868050287736e+00 5.290475994531873560e-02 1.251715132225676541e+00 7.759916569718129375e-01 2.431981796053440892e+00 9.000000000000000000e+00 1.100000000000000000e+01 5.000000000000000000e+00 -2.272113841109903206e+03 4.586999999999981981e+01 1.557367756936896086e+01 -2.231033734098434973e+00 3.959257004427346183e-01
1.747886691890251143e+00 5.898189459827734016e-01 5.979977650145173129e+00 3.254165820234066864e+00 5.328670594476450084e-01 7.732012207655304392e-01 5.986492181933372736e-01 2.445662442114935331e+00 9.000000000000000000e+00 1.300000000000000000e+01 4.000000000000000000e+00 -2.156286282692181430e+03 1.380599999999979559e+02 5.453517668261424589e+00 -9.821128297653074490e-01 1.804091789633740783e-01
1.221195806694108876e+00 1.196796494178462344e+00 2.045992139093178785e+00 6.385619807618754251e+00 7.656789533357903910e-01 3.570808800369258407e-01 6.546504392745762235e-01 3.513396055820141584e+00 5.000000000000000000e+00 1.500000000000000000e+01 3.000000000000000000e+00 -2.272045388147394988e+03 5.219999999999968310e+01 1.537158675921219420e+01 -3.929658131031213752e+00 2.974653222935586427e+00
1.432237760524331938e+00 2.506473053511449667e+00 2.870635288083289716e+00 4.590767063227884748e+00 1.843570071635648677e+00 5.989542160367211654e-01 2.623986699276203427e-01 3.047611992452866847e+00 7.000000000000000000e+00 1.000000000000000000e+01 4.000000000000000000e+00 -8.113997547205633509e+02 1.167999999999976382e+02 -7.142229892600804320e-02 -1.170768006111457638e+01 3.919287301309716476e+00
2.246323059327937077e+00 1.459948122976022056e+00 3.660134956816402330e+00 5.540166205154944734e+00 1.879114454837325754e+00 2.363137385342453989e+00 7.159065339418315688e-01 3.137549461002532958e+00 1.100000000000000000e+01 1.600000000000000000e+01 5.000000000000000000e+00 -2.281763862225108369e+03 6.703999999999928150e+01 1.551524138906930617e+01 -5.154780576577346451e+00 2.065659379126452144e+00
2.172682844820131187e+00 8.333700015661902327e-01 5.053841987970492333e+00 5.833871159407106433e+00 2.719654096353741668e+00 3.957851180803118041e-01 5.429060614697704956e-01 2.750436478083983616e+00 1.000000000000000000e+01 1.100000000000000000e+01 5.000000000000000000e+00 -2.260886765853716497e+03 1.864500000000066393e+02 1.047886036585709135e+01 -5.093755922045176909e+00 1.758039004148014062e+00
2.044674505046000235e-01 1.783763679599096763e+00 5.400380758979439477e+00 4.446083100012701905e+00 1.980200038694009734e+00 1.096388758142104736e-01 8.808050879340929562e-01 2.582939917539358810e+00 8.000000000000000000e+00 1.700000000000000000e+01 3.000000000000000000e+00 -2.326076401041584631e+03 1.594599999999987858e+02 1.539665006509906853e+01 -1.080393346614153316e+01 3.501301454753999565e+00
1.940142992784205322e+00 5.924224540661833238e-01 6.266913606097697986e+00 6.721625368595735672e+00 1.856532666749690197e+00 7.522126115931155876e-01 9.953528057970097986e-01 2.294769813024238658e+00 7.000000000000000000e+00 1.700000000000000000e+01 3.000000000000000000e+00 -2.391343238111238861e+03 4.578100000000105751e+02 1.015238988195209302e+01 -1.028536702355984112e+01 5.613012655536359752e+00
2.806628589836882348e+00 2.134615059737781539e+00 6.790300499103878451e+00 6.115715153020132355e+00 1.161779055325588006e+00 1.067596073794716771e+00 4.333907144663003974e-01 4.071680542026563820e+00 2.000000000000000000e+00 1.400000000000000000e+01 3.000000000000000000e+00 -2.266452535044468277e+03 3.444000000000009720e+01 1.557703344027926562e+01 -8.350617340835070124e+00 1.281743253870244681e+00
2.276128341089009854e+00 1.066311122709778569e+00 4.953059909570106889e+00 5.413642476465678754e+00 2.164785616881264030e+00 1.530619045762959818e-01 8.898816723725887501e-01 2.540344431051472451e+00 0.000000000000000000e+00 5.000000000000000000e+00 4.000000000000000000e+00 -2.191826159955865478e+03 4.889999999999935909e+01 1.046100999724160729e+01 -2.984902995681852467e+00 3.708377900355934731e-01
3.526352184423038327e-01 1.312739348008920226e+00 6.262557248392798925e+00 9.496512373386524430e+00 1.843710075826899830e+00 7.609189332374288739e-02 5.946292025017888561e-01 2.921354439821688409e+00 1.100000000000000000e+01 1.200000000000000000e+01 3.000000000000000000e+00 -2.294432846881484693e+03 9.792000000000068383e+01 1.534205293009275373e+01 -3.439923164966677049e+00 6.902132672057230411e-02
1.338543664060687810e+00 1.038999527475213736e+00 2.954619827089142614e+00 7.055168709562060769e+00 2.032207543265840410e+00 1.691557211823970786e-01 7.939300211065671853e-01 2.551219918721707280e+00 4.000000000000000000e+00 1.600000000000000000e+01 5.000000000000000000e+00 -2.282041295390767118e+03 6.575999999999930878e+01 1.557258096192297536e+01 -7.457660913742228281e+00 1.867306039825900044e+00
2.060321025217282997e+00 1.514778393072453433e+00 2.544509451392297006e+00 9.291888074525274988e+00 7.942957542776309943e-01 5.277945841105635694e-04 3.507738985796326481e-01 3.354388500863172418e+00 6.000000000000000000e+00 1.400000000000000000e+01 5.000000000000000000e+00 -2.340192898101042374e+03 1.975399999999937108e+02 1.508893113131533070e+01 -1.050976105177038322e+00 6.242833025566904226e+00
1.985474739167988112e+00 2.283130888156596594e+00 4.288010801695790519e+00 5.080263001332284034e+00 2.701823065850181838e-01 1.127024796930155004e+00 5.782487015958513998e-01 2.760925269254125070e+00 4.000000000000000000e+00 1.500000000000000000e+01 5.000000000000000000e+00 -1.054862828896983956e+03 8.400000000000032685e+01 -2.206223106188781036e-01 -2.647107970163202850e+01 3.529392029420507448e+00
5.415238124637329342e-01 2.454079557303069592e+00 6.764939874223500738e+00 3.555394682249642724e+00 7.689662056024473280e-01 5.300482083941313594e-01 9.610045838487298875e-01 3.357461578869477492e+00 1.000000000000000000e+01 1.700000000000000000e+01 4.000000000000000000e+00 -3.331978337884976327e+02 3.887900000000041132e+02 1.929718242821260032e-02 -1.476315733087098181e+00 1.756279628314489846e-02
2.624147873735032999e+00 6.742902357629104726e-01 1.153612750197853032e+00 3.923346691698058386e+00 8.721486950321917231e-01 3.702960359470311991e-01 2.240880367226893433e-01 2.841521718260901608e+00 4.000000000000000000e+00 6.000000000000000000e+00 4.000000000000000000e+00 -2.258449856307199752e+03 2.543999999999984141e+01 1.535811601919998814e+01 -1.717258141980219754e+00 7.730695765039374834e-01
8.680985430421581661e-01 2.942472698444336565e+00 1.586834786167884648e+00 3.395924023038259243e+00 5.482771703969900878e-01 5.471277794468250022e-01 3.155268522741714321e-01 2.904274368301079878e+00 6.000000000000000000e+00 1.400000000000000000e+01 4.000000000000000000e+00 -2.201793346430727524e+03 7.084000000000024500e+01 1.039833415192045685e+01 -3.695594722674607202e-01 6.178090101564207792e+00
2.005197417728282083e+00 1.228792799721637241e+00 3.350116416652538565e+00 4.990379357649535663e+00 1.341205918369082095e+00 1.218425220776355039e-01 7.053757543829687338e-01 3.018080677389687327e+00 7.000000000000000000e+00 2.000000000000000000e+01 4.000000000000000000e+00 -5.729602654354664537e+02 6.001999999999994770e+02 1.705376658971666615e+01 -1.597277921521620125e-01 6.283015472110942135e+00
1.470217093620960869e+00 1.126619683621904455e+00 3.817181832522616780e+00 9.701428859464220622e+00 1.182870695487926227e+00 1.027069650502067333e+00 8.473084111397554130e-01 2.733992869952543536e+00 8.000000000000000000e+00 1.100000000000000000e+01 5.000000000000000000e+00 -2.195384623199461203e+03 5.180999999999978911e+01 1.059247644996632687e+01 -6.936128830320857475e+00 1.459351271725852994e+00
2.137421106779733293e+00 1.241161452071215532e-01 2.172664135451848999e+00 1.846308765347890013e+00 2.095899803236325631e+00 1.752945939094965766e+00 4.527228963284912200e-01 2.606042073832355754e+00 4.000000000000000000e+00 7.000000000000000000e+00 4.000000000000000000e+00 -2.265915094216607486e+03 3.248000000000011056e+01 1.560469338853794596e+01 -5.138845128819116148e+00 1.541931088383003745e+00
1.519935794337048174e+00 2.066215005839099561e+00 9.168902475973506938e+00 7.223517988981836169e+00 2.051368651364429141e+00 4.543485501440800434e-01 2.086925793943671115e-01 2.840490432410115673e+00 4.000000000000000000e+00 1.300000000000000000e+01 2.000000000000000000e+00 -2.314971700948502530e+03 8.514999999999980673e+01 1.702479380928142305e+01 4.037605222590947562e-01 5.907038371505263008e+00
9.176878411938802493e-01 1.741168263414905715e+00 2.807024132918016335e+00 9.544572104751416930e+00 1.610103083581528649e+00 1.123140628654736739e+00 4.206763081878512889e-01 2.658348551520818059e+00 3.000000000000000000e+00 1.600000000000000000e+01 5.000000000000000000e+00 -2.284607192017266243e+03 7.279999999999915872e+01 1.551294950107918780e+01 -5.417641542596174808e+00 5.005248062581729052e+00
2.910761380364792039e+00 1.852693758480406405e+00 2.011032433883276127e+00 2.752822676162561599e+00 2.690220863084550995e+00 7.187263265801902001e-01 4.456359046222109210e-01 3.064947115220290286e+00 2.000000000000000000e+00 1.300000000000000000e+01 3.000000000000000000e+00 -2.269276594531608225e+03 4.459000000000016684e+01 1.543634965822549887e+01 -3.362174716793231877e+00 4.707647303846031472e-01
2.342834778439033538e+00 2.375939237707008989e+00 9.426506112030953233e+00 6.148519021563331854e+00 1.636912133017885296e+00 1.622338529906242943e+00 4.196846835534389086e-01 3.431939437580930452e+00 3.000000000000000000e+00 1.000000000000000000e+01 1.000000000000000000e+00 -2.268307907119052743e+03 3.780000000000026716e+01 1.558799419494078720e+01 -3.418900543345717580e+00 9.215821822449508094e-01
2.615849778874597575e+00 1.173843879432169945e+00 6.325897046637103394e+00 2.337031385677851958e+00 2.174706396073986525e+00 1.321698657288005840e+00 3.214511915492787031e-01 2.113117927335141921e+00 2.000000000000000000e+00 5.000000000000000000e+00 4.000000000000000000e+00 -2.192900724646244271e+03 5.959999999999875087e+01 1.019379529039028398e+01 -1.526481432624244183e+00 3.261198790092158517e-01
2.506268565429691897e+00 9.434977284299211897e-01 3.206458128225148307e+00 3.924035001083086449e+00 2.249723185006532233e+00 1.923697028683876153e-01 4.833770018212765751e-01 2.398551492192836143e+00 3.000000000000000000e+00 5.000000000000000000e+00 5.000000000000000000e+00 -1.943902194441987490e+02 1.500499999999998693e+02 7.460326215262425897e+00 9.743819068492323709e-03 1.138052893958828027e-01
