3.564311675711481220e-01 2.458850968342739751e+00 4.660468032961523122e+00 9.493780188374408624e+00 1.813227369381460896e+00 1.078136164728537683e+00 6.346419052310289244e-01 4.254375021450925054e+00 8.000000000000000000e+00 2.000000000000000000e+01 5.000000000000000000e+00 -2.287909493458769703e+03 8.580000000000067928e+01 1.531309334117308651e+01 -7.060797765346546129e+00 9.072753594913882669e-01
2.887218070022464111e+00 1.610931332308458863e+00 3.280158347111452599e+00 9.297798144881449289e+00 2.087376386960450692e+00 2.760465639235358815e-01 4.801352882952972800e-01 2.463238401087421980e+00 0.000000000000000000e+00 1.600000000000000000e+01 5.000000000000000000e+00 -2.281193905898144749e+03 7.583999999999909392e+01 1.520461911863407956e+01 -1.323960151757566983e+00 5.772285127617595712e+00
1.688116876072567107e+00 1.381940086441375559e+00 2.074281946158930356e+00 1.217622421785778730e+00 2.131015915678204031e+00 7.345675080005946711e-01 5.728923865569326423e-01 2.259817590674263688e+00 1.000000000000000000e+01 1.200000000000000000e+01 4.000000000000000000e+00 -2.900753282325779878e+02 3.601200000000105774e+02 6.875958014535794582e+00 -2.158362859404919232e-01 5.713119684076657656e-02
7.965425777130920038e-01 1.929389067356859222e+00 6.869022199511118920e+00 2.474116481913037902e+00 1.361280648604549670e+00 6.006621326673533545e-01 6.758176908319988296e-01 4.135296631712235715e+00 7.000000000000000000e+00 1.800000000000000000e+01 3.000000000000000000e+00 -2.317379597323297730e+03 1.404000000000027910e+02 1.544872483270601826e+01 -8.092930191820336461e+00 1.550231095868848330e+00
1.708588667744812772e+00 1.364463600467960003e+00 8.647880498797981375e+00 2.843548966642105658e+00 5.603141790456684923e-01 1.257817163516099290e+00 5.854587444922187967e-01 3.684316300950396972e+00 1.100000000000000000e+01 1.700000000000000000e+01 5.000000000000000000e+00 -2.199451000975729585e+03 7.718000000000060368e+01 1.005381256098308640e+01 -7.125120111163202985e+00 1.371020967197961848e+00
1.096118953118643713e+00 1.029666044881301534e+00 7.814784434894127330e+00 4.691867084565049417e+00 1.786715697198918651e+00 9.904085642950645196e-01 8.217460127947143755e-01 3.117431590791803764e+00 0.000000000000000000e+00 1.800000000000000000e+01 5.000000000000000000e+00 -2.303198144687216427e+03 1.171800000000019253e+02 1.528800904295096075e+01 -1.775099781113411268e+00 6.188066227988681334e+00
1.542610951093282168e+00 1.699940789011354703e+00 3.147280573358543165e+00 6.918362385747879095e+00 1.684201033289780991e+00 6.538783769424733050e-01 8.424112244541036576e-01 2.164411975285198686e+00 0.000000000000000000e+00 9.000000000000000000e+00 4.000000000000000000e+00 -2.200347841097971923e+03 6.453000000000118064e+01 1.050517756862320518e+01 -1.705789783962494255e+01 3.429742534379438545e+00
8.753315320809078592e-01 2.552893820327957641e+00 7.322017020589093761e+00 5.883350980427930921e+00 8.784458114104713999e-01 1.002556648475220857e+00 3.041774794262379622e-01 3.111458626158349450e+00 9.000000000000000000e+00 1.200000000000000000e+01 5.000000000000000000e+00 -9.945682829568683019e+02 1.515600000000027023e+02 -3.346957236969719252e-02 -9.957264005364784509e+00 3.012580081959680189e+00
6.988891250666593447e-01 1.949094978793066257e+00 4.091843003717938743e+00 6.823355670128419703e+00 2.976172953353644068e+00 1.241571049963917428e+00 2.342899165415712193e-01 2.427227507531721340e+00 8.000000000000000000e+00 1.400000000000000000e+01 4.000000000000000000e+00 -4.963839672118513704e+02 4.201399999999720194e+02 1.789462295074158504e+01 2.862261706012160234e-01 6.266992856579410187e+00
2.677711003291378677e+00 9.745539623363791426e-01 5.554329743760771265e+00 2.157176840283752117e+00 2.539995736383007685e+00 3.255639874808653467e-01 3.571264383901695538e-01 2.578274209256932181e+00 5.000000000000000000e+00 5.000000000000000000e+00 5.000000000000000000e+00 -2.112762736475122438e+03 6.644999999999836859e+01 4.971108529695186462e+00 -3.351342290623366083e+00 5.906319619545973287e-01
1.661404988298405883e+00 8.100574771372004435e-01 2.518048164908423203e+00 2.163214627179461225e+00 8.291501806655861007e-01 5.342984151704754936e-01 6.362256112211424064e-01 2.875894228646414863e+00 6.000000000000000000e+00 7.000000000000000000e+00 4.000000000000000000e+00 -2.123152607748035734e+03 6.936999999999972033e+01 5.529225484252236811e+00 -8.920748664093713920e-01 4.601125581116646268e-01
1.577185129179396128e+00 6.359637184462387793e-01 7.022783280267927530e+00 5.122117609077890599e+00 2.095957675259142228e+00 1.259542566374609596e+00 1.745369479350990793e-01 2.701335274067081738e+00 6.000000000000000000e+00 1.500000000000000000e+01 5.000000000000000000e+00 -2.349121201812997697e+03 2.028000000000048146e+02 1.548257511331221004e+01 -1.101242764571977162e+01 3.415562907842801366e+00
8.221285090506358362e-01 2.524696080287736066e+00 6.645527052274148083e+00 2.232795111209710637e+00 1.475547963869324075e+00 3.259270147760058300e-01 8.613268796527929760e-01 2.882314045954659232e+00 7.000000000000000000e+00 1.700000000000000000e+01 4.000000000000000000e+00 -2.493819357424993541e+03 5.049000000000149839e+02 1.508558483906161740e+01 -1.636961519405471410e+00 5.778330158660259563e+00
1.027275366069843709e+00 1.632335905995865977e+00 5.423174918598348881e+00 7.860264331227242884e+00 2.775946276603604268e+00 6.672229541206965431e-01 2.575789041980112715e-01 3.475822404597641579e+00 9.000000000000000000e+00 2.000000000000000000e+01 3.000000000000000000e+00 -2.308376342836979802e+03 1.182000000000011397e+02 1.557977142731122733e+01 -5.273825186890876537e+00 5.366349444119754786e+00
1.424312138211209389e+00 1.904211866808157128e+00 4.505307241580596589e+00 2.019461856380876164e+00 2.714049270703495331e+00 4.635220648680225541e-01 4.048935348965642667e-01 3.223046568530795852e+00 6.000000000000000000e+00 1.000000000000000000e+01 3.000000000000000000e+00 -2.123562678669785328e+03 7.240000000000016200e+01 5.460167416861589906e+00 -1.373230056391510345e+01 3.008522433415139474e-02
1.799544473996408600e+00 9.487511719242899266e-01 2.409199342156955304e+00 3.196959148893204539e+00 8.862575253990971902e-01 2.589918982383954127e-02 2.951809774712360612e-02 2.293011700696987454e+00 5.000000000000000000e+00 1.200000000000000000e+01 4.000000000000000000e+00 -2.299684380307704942e+03 1.026000000000008612e+02 1.552402376923155991e+01 -3.199257249848762585e-01 6.256926875801859467e+00
1.496382825862054844e+00 1.396472010292830301e+00 4.186285282721237344e+00 5.101172928763551440e+00 2.892507871841612843e+00 4.227180601537291471e-01 3.568975040631262585e-01 3.634342128055328303e+00 3.000000000000000000e+00 1.200000000000000000e+01 5.000000000000000000e+00 -2.266967566490394347e+03 3.719999999999997442e+01 1.552297290564966303e+01 -7.700237972817465248e+00 1.614850512120912462e+00
1.786657356447792999e+00 1.679083349852528606e+00 3.505179371254544041e+00 3.719829668337537587e+00 2.471727347649480766e+00 1.515330846790670760e+00 3.893239962055353165e-01 2.345768579370690166e+00 0.000000000000000000e+00 1.600000000000000000e+01 5.000000000000000000e+00 -2.284339416521516796e+03 8.415999999999891656e+01 1.514121353259481850e+01 -1.005283680036669836e+01 3.913868516274812137e+00
9.567629018482649572e-01 2.635261671868823541e+00 8.134657003408497289e+00 5.401145949613040287e+00 9.628391906698205993e-01 6.093834976304330908e-01 6.530594030608547484e-01 3.471990374993680017e+00 1.100000000000000000e+01 1.200000000000000000e+01 4.000000000000000000e+00 -2.781157177222925725e+02 3.601200000000105774e+02 6.128482357642954348e+00 -9.418666602661918130e-02 1.114827569867895274e-01
2.747160816315346477e+00 2.292237667065675666e+00 1.805939728986655446e+00 3.739073763352743551e+00 2.271694096094931670e+00 1.830446271591210650e-01 5.195000385532165810e-01 2.728670747382151429e+00 3.000000000000000000e+00 2.000000000000000000e+00 3.000000000000000000e+00 -2.253205371036052838e+03 7.199999999999934452e+00 1.560033568975331875e+01 -1.777824359622374395e+00 5.611624733140359034e+00
1.627531335282365710e+00 1.124770193713200861e+00 7.881471647058515551e+00 2.694152409459011910e+00 2.885688208208468275e+00 1.331730081003672295e+00 8.615128292626383910e-02 3.696145579418677940e+00 1.000000000000000000e+01 5.000000000000000000e+00 4.000000000000000000e+00 -2.247437691307124624e+03 1.865000000000013003e+01 1.488204320669528435e+01 -4.039794945629942902e+00 1.528300607531720257e+00
1.193294872210499236e+00 2.215986903225928728e+00 2.219350780826343517e+00 8.836032863926712722e+00 2.633152026306138094e+00 2.180565537818813238e-01 7.436686541955155327e-01 3.672717369385434250e+00 5.000000000000000000e+00 1.700000000000000000e+01 4.000000000000000000e+00 -2.286372402981086452e+03 9.588000000000079126e+01 1.490202518631786077e+01 -5.068038310266323343e+00 5.495324863922605552e+00
2.037252318491148628e+00 2.799280637363792401e+00 6.786875763462841604e+00 9.256699188840713077e+00 2.507492745583084659e+00 4.532862693978975122e-01 4.608480841401260686e-01 4.221601722204009199e+00 8.000000000000000000e+00 1.600000000000000000e+01 4.000000000000000000e+00 -2.192767904460525187e+03 6.719999999999927809e+01 9.947994028782852993e+00 -6.747246753755024251e+00 2.493249073940592808e+00
2.128477202893055420e+00 2.339679960270462544e+00 5.841339398363840196e+00 6.976132698924560671e+00 2.584065500108683189e+00 5.732931203455581270e-01 7.158095429371724716e-01 3.119638522514711187e+00 5.000000000000000000e+00 1.000000000000000000e+01 5.000000000000000000e+00 -2.291418742401616782e+03 8.669999999999934914e+01 1.550429640010106169e+01 -4.802586793077908034e+00 4.392194640703292130e+00
1.475365457359455013e+00 2.437972966699667232e+00 1.440028650622241502e+00 6.753969562392271087e+00 1.445696978625338858e+00 1.346923139364140987e+00 6.847570109768650326e-01 2.386597140056175625e+00 8.000000000000000000e+00 1.900000000000000000e+01 3.000000000000000000e+00 -2.289193148582907725e+03 8.264999999999949409e+01 1.549175928643173705e+01 -2.371146367590108106e+00 6.247700483216673817e-01
2.393534004115840830e+00 2.583675067885058407e-01 5.299609001144173881e+00 2.652053863471492079e+00 1.209013893526536210e+00 1.197785061010554264e+00 4.386389786277508085e-01 3.726743851778980154e+00 9.000000000000000000e+00 1.100000000000000000e+01 5.000000000000000000e+00 -2.120123154517990315e+03 6.247999999999973397e+01 5.555197157374395012e+00 -9.925276656050016300e+00 2.265287068895426970e+00
2.144551825913454834e+00 1.835090556762245306e+00 3.408975346298065645e+00 1.924977307545440608e+00 2.514857520309542682e+00 5.959728658018679237e-01 5.623354158307732886e-01 4.542224706836988091e+00 5.000000000000000000e+00 1.800000000000000000e+01 5.000000000000000000e+00 -2.273623573042892531e+03 4.823999999999993804e+01 1.559397331518079888e+01 -4.551865802751461132e+00 2.237984057799199178e+00
1.556842693184883997e+00 2.107689828778454899e+00 6.962453640654800324e+00 3.660526205323090032e+00 2.151947607627635151e+00 1.197197781084822665e+00 7.818735979254720636e-01 2.976696535393732468e+00 7.000000000000000000e+00 1.500000000000000000e+01 5.000000000000000000e+00 -2.416787071938730151e+03 3.331499999999951456e+02 1.563825449617080210e+01 -4.386422275105830160e+00 5.822337849317306357e+00
2.991321037495986435e-01 2.286616702207726615e+00 3.781615721400355845e+00 5.372819013671708888e+00 2.630035859836464152e+00 1.296703242233883779e+00 5.597818838103236772e-01 4.744746362228745795e+00 4.000000000000000000e+00 1.500000000000000000e+01 4.000000000000000000e+00 -2.265544530016461522e+03 3.554999999999984084e+01 1.548559562602884654e+01 -3.576867787211488903e+00 6.055659099260909173e+00
1.522469321124778618e+00 1.669107512582648223e+00 6.797407963840765177e+00 3.947154750737562612e+00 2.461459578870649700e+00 2.851252797862819932e-01 1.329430152740961324e-01 2.223661759881075284e+00 3.000000000000000000e+00 2.000000000000000000e+01 4.000000000000000000e+00 -6.018771499549411601e+02 6.001999999999994770e+02 1.886107187218383530e+01 -8.085950103086522733e-02 3.876940234851389971e-02
2.853647343293811645e+00 1.618605042670551608e+00 4.319889188405498182e+00 5.686682059806914324e+00 1.311955600327199267e-01 1.207413364605117723e-01 8.686689757627228392e-01 3.057072526298858506e+00 8.000000000000000000e+00 1.600000000000000000e+01 3.000000000000000000e+00 -2.274898789549722551e+03 5.423999999999954724e+01 1.548617434685768046e+01 -2.641170447237710217e+00 6.018360747684971257e-02
2.108060886973866399e+00 5.026147964692717629e-02 7.819384508241686405e+00 4.377195749116491896e+00 2.138583712733039821e+00 7.978253007410597286e-01 5.492918993176686415e-01 2.972987530888358876e+00 6.000000000000000000e+00 1.300000000000000000e+01 5.000000000000000000e+00 -2.226427702557802604e+03 1.194699999999986062e+02 1.041829390986270987e+01 -1.303649347508298817e+01 2.960996910208836042e+00
2.778200706720848956e+00 5.958107415049875843e-01 5.517398482758888889e+00 1.972293574575385566e+00 1.654234879983666140e+00 3.374322959675032374e-01 6.034013022900384104e-01 3.336327571205819797e+00 8.000000000000000000e+00 1.200000000000000000e+01 4.000000000000000000e+00 -2.266297936933655365e+03 5.399999999999961631e+01 1.495612105835348693e+01 -3.873745833543515982e+00 6.321404634823658553e-01
8.999739935500452592e-01 1.709184570018659199e+00 4.704480387651878814e+00 3.332576356938502737e+00 1.703168159065240106e+00 7.903691454981607301e-01 5.832694917077330121e-01 2.124644883517378346e+00 2.000000000000000000e+00 1.200000000000000000e+01 5.000000000000000000e+00 -2.327016353943238755e+03 1.635600000000031571e+02 1.532727212145232443e+01 -1.075273924332401521e+01 3.543287968282665901e+00
2.975373191190093802e+00 1.139089500040380010e+00 5.689753542911923034e+00 9.697205484433910172e+00 2.748247509932146837e+00 1.116358125435635396e+00 1.196042784118792196e-01 2.138692958137974109e+00 6.000000000000000000e+00 6.000000000000000000e+00 4.000000000000000000e+00 -2.097666664615989248e+03 1.156200000000028609e+02 2.491041538499214170e+00 -1.378247102139615876e+00 2.180663866458289885e-02
2.087965441047805015e+00 1.094758074765169953e+00 2.873606323074162638e+00 8.615966204178359789e+00 2.288251215617546297e+00 2.421577447077585266e-01 2.460869646885891493e-01 2.417111200957386075e+00 4.000000000000000000e+00 1.500000000000000000e+01 4.000000000000000000e+00 -2.281441491452178525e+03 7.304999999999991189e+01 1.530728071576114324e+01 -4.066806354677913737e-01 5.463208334075396522e+00
2.775052063992729412e+00 9.722227333915709480e-01 5.300850700943295912e+00 6.187266830862378164e+00 6.413581810396041805e-01 2.036556719918761527e+00 2.721536230745820739e-01 2.550414727919837254e+00 7.000000000000000000e+00 8.000000000000000000e+00 3.000000000000000000e+00 -2.115778757288131601e+03 5.783999999999912234e+01 5.428672330508259591e+00 -8.550099333483466069e+00 4.446472516610728398e+00
2.510209380589317085e+00 8.494992120805864300e-01 3.358943466313363935e+00 3.798884596588665730e+00 1.972488445768340926e+00 1.624106624250782893e+00 8.299616821496104413e-02 3.449832376400372880e+00 9.000000000000000000e+00 1.300000000000000000e+01 4.000000000000000000e+00 -2.266134007001427562e+03 4.589000000000019241e+01 1.519931293758922664e+01 -4.956994972236600461e+00 1.466080440409352370e+00
1.577063208339694489e+00 1.610447649179161500e+00 6.272753608746638676e+00 6.721146846312529455e+00 2.755171057829373993e+00 3.414758608584264610e-01 5.626946003206166891e-01 3.497140306751953531e+00 3.000000000000000000e+00 1.400000000000000000e+01 5.000000000000000000e+00 -2.089391925190348047e+03 1.103200000000004053e+02 2.139495324396721188e+00 -1.476186351975050570e+01 5.893000177631364522e+00
1.421023152507525422e+00 8.595479695657797237e-01 8.279462378919921761e+00 5.459590974344999736e+00 1.467562248945875281e+00 1.209097185479521386e+00 1.088445267734021726e-01 2.981505107717045355e+00 1.000000000000000000e+01 8.000000000000000000e+00 3.000000000000000000e+00 -2.500106245845910564e+02 1.004799999999982134e+02 1.023512420835432854e-02 -2.244671238363332932e+00 1.023554269002686201e+00
5.386043822194409580e-01 1.819556189757582487e+00 4.227865757308941319e+00 7.650744620921599015e+00 2.210903338556693409e+00 2.133259222886180417e+00 3.680552174996185033e-01 2.852649010572962940e+00 2.000000000000000000e+00 4.000000000000000000e+00 4.000000000000000000e+00 -2.173721147782534445e+03 2.047999999999974108e+01 1.021757173640842176e+01 -9.761547906122814311e+00 4.853043883438098227e+00
2.141235729113986963e+00 8.419735780387872515e-01 7.159324509270081016e+00 6.794453432989971731e+00 4.665135116471484933e-01 9.690930855984417613e-01 1.740789584204101570e-01 2.612578609146615882e+00 7.000000000000000000e+00 1.800000000000000000e+01 5.000000000000000000e+00 -2.223351332427542275e+03 1.303200000000024090e+02 9.886958276721324879e+00 -3.974119730982627718e+00 1.290951424981669593e+00
2.828549294082359111e+00 7.436270421847115397e-01 6.493791876453322232e+00 3.100127855661727772e+00 1.337285418027760908e+00 8.479506577065644146e-01 6.155868361599374783e-01 3.131442811410740656e+00 5.000000000000000000e+00 1.200000000000000000e+01 5.000000000000000000e+00 -2.289212561074168661e+03 8.196000000000007901e+01 1.551453506713554731e+01 -5.084167327704039785e+00 2.560217848031303589e+00
1.732021203895502515e+00 1.834306326993196290e+00 4.593492768453037556e+00 8.778755393401025842e+00 1.276833628217437511e+00 1.287266814344972587e+00 4.651947913388857492e-01 2.017640356434285298e+00 5.000000000000000000e+00 1.700000000000000000e+01 3.000000000000000000e+00 -2.299564771878131069e+03 1.110100000000009430e+02 1.525373574238314944e+01 -6.968660324404995166e+00 1.056462942037241115e+00
2.916923554535378882e-01 1.295372512430720491e+00 5.120626752019606265e+00 2.588408956269715233e+00 9.237192272260681403e-01 2.742426247401495321e+00 4.768487391204844217e-01 2.078849950764716681e+00 6.000000000000000000e+00 1.500000000000000000e+01 3.000000000000000000e+00 -2.272732916116550768e+03 2.122500000000051728e+02 1.041299475728427026e+01 -1.857894751460807825e+01 3.373756339522111070e+00
2.650830490691267194e-01 8.747157799554537982e-01 8.723493444980327638e+00 5.316682698288085263e+00 1.286002682061855529e+00 3.872484249578510562e-01 4.642297581070442547e-01 2.848944020837901103e+00 9.000000000000000000e+00 1.700000000000000000e+01 1.000000000000000000e+00 -2.298455263505313724e+03 5.066000000000033765e+01 1.707032896908209452e+01 -3.925725360027759070e+00 1.284085604092461530e+00
2.405803782359456022e+00 2.254967284654805226e+00 5.359402116687745909e+00 5.653303346739850355e+00 2.811428315478678108e+00 7.900353959990568109e-01 5.450641387492997092e-01 3.489566549803313933e+00 3.000000000000000000e+00 1.300000000000000000e+01 4.000000000000000000e+00 -1.009877656010472492e+03 1.038699999999991519e+02 -2.417285110375563817e-02 -2.091887952099063241e+01 2.615641296186975495e+00
2.506268565429691897e+00 9.434977284299211897e-01 3.206458128225148307e+00 3.924035001083086449e+00 2.249723185006532233e+00 1.923697028683876153e-01 4.833770018212765751e-01 2.398551492192836143e+00 3.000000000000000000e+00 5.000000000000000000e+00 5.000000000000000000e+00 -1.943902194441987490e+02 1.500499999999998693e+02 7.460326215262425897e+00 9.743819068492323709e-03 1.138052893958828027e-01
