1.195840354476066514e+00 1.081232767561684405e+00 5.815770361444206671e+00 3.811900695522434823e+00 1.900199280486980058e+00 6.397620141029013441e-01 8.141602974117261304e-01 2.560090853581536763e+00 4.000000000000000000e+00 8.000000000000000000e+00 3.000000000000000000e+00 -2.271027322734193604e+03 4.679999999999935767e+01 1.547670767088713362e+01 -3.322752855103205505e+00 5.034337244962701519e+00
1.794513594738534668e+00 1.192271021968592803e-01 3.279202656661812654e+00 4.952215995384820602e+00 1.219215015849736128e+00 2.493796478554357599e+00 2.976948984913089236e-01 3.359018977609970147e+00 8.000000000000000000e+00 1.800000000000000000e+01 5.000000000000000000e+00 -2.290368944982564244e+03 8.442000000000068383e+01 1.550993406141024700e+01 -7.300801743751897277e+00 3.149084172814440752e+00
1.267091466296232039e+00 2.295269305884116928e+00 5.657536552243275452e+00 6.269814467010222714e+00 2.398165598969741019e+00 1.725200027237534739e+00 4.034539806671896267e-01 2.918128669225275917e+00 6.000000000000000000e+00 1.200000000000000000e+01 5.000000000000000000e+00 -2.312193922649461456e+03 1.243200000000016843e+02 1.562712016559128259e+01 -7.751207740123151169e+00 2.013240044329914546e+00
2.043873605016651940e+00 4.487726997301220155e-01 6.363437664617828560e+00 6.015508911201158604e+00 2.901931957635157655e-01 1.543735478419956841e+00 2.161403996521888971e-01 3.620261415170701991e+00 4.000000000000000000e+00 1.700000000000000000e+01 1.000000000000000000e+00 -2.272228030234381094e+03 4.420000000000027285e+01 1.563300188964879922e+01 -5.663631031136449501e+00 1.563571486612383765e+00
2.220589522554701212e+00 2.513590761921538963e+00 6.338855712435153222e+00 8.795859840470146906e+00 1.958779648259725947e+00 3.952310937970821003e-01 6.489946583509710321e-01 3.473352108987538323e+00 2.000000000000000000e+00 8.000000000000000000e+00 4.000000000000000000e+00 -2.343680287474408942e+03 1.933600000000078296e+02 1.543751796715032754e+01 -2.178829522971677868e+00 5.920016418396078173e+00
2.998351837103069961e+00 2.387397760847198125e+00 1.206139879854539743e+00 3.024448492862576110e+00 9.560367774470845958e-01 1.346798127785861610e+00 3.471124997776918186e-01 3.489227374993287611e+00 6.000000000000000000e+00 1.400000000000000000e+01 4.000000000000000000e+00 -2.274820362737255891e+03 4.970000000000015916e+01 1.562314767107851310e+01 -2.203271881501828400e+00 1.470644065222256991e+00
2.884236439338879521e+00 2.866591091527869395e+00 4.766393110482214368e+00 4.536774627302123442e+00 7.644821962746428667e-01 8.512295647672167842e-01 6.422849264161508698e-01 2.428928393091922100e+00 6.000000000000000000e+00 2.000000000000000000e+00 3.000000000000000000e+00 -2.250566607713955818e+03 8.379999999999910187e+00 1.539853798212224234e+01 -2.094858055335250047e+00 8.415244357255496910e-02
1.408217874148893989e+00 2.287525435752859604e+00 4.919907565073268430e+00 1.771747473109998694e+00 1.741042822922305611e+00 1.406179469713947139e+00 1.470013031143900251e-01 3.279062430895603342e+00 7.000000000000000000e+00 6.000000000000000000e+00 2.000000000000000000e+00 -6.846963276662547742e+02 4.398000000000015319e+01 2.129375568534319640e-02 -2.163958878921808449e+01 4.426934269341078476e+00
2.139516052433091176e+00 2.825186759980123696e+00 8.426238729718416920e+00 4.058242923793287993e+00 3.216707587738062979e-01 1.033691818222783887e-01 2.036215443139032244e-01 3.416656447105643313e+00 5.000000000000000000e+00 1.200000000000000000e+01 4.000000000000000000e+00 -2.270112442861635827e+03 4.343999999999984141e+01 1.552452767885224461e+01 -9.897407031673587374e-01 6.312998463274806238e-02
2.250993778353945540e+00 5.562045511763774597e-02 3.793337745679105755e+00 4.880392254027434262e+00 2.288414537946886540e+00 3.000964943126639972e-01 6.886069867668909161e-02 3.556508316621076027e+00 4.000000000000000000e+00 7.000000000000000000e+00 3.000000000000000000e+00 -2.256708378824483589e+03 2.240000000000006963e+01 1.534427367653023211e+01 -5.833006518359053594e+00 1.691970015147748807e+00
5.807034174253919989e-01 2.355707622975235616e+00 1.997968932120372187e+00 8.026829260420839773e+00 2.454548763760912244e+00 1.115910846570395965e+00 7.477776994379545794e-01 2.051240012739971252e+00 3.000000000000000000e+00 8.000000000000000000e+00 5.000000000000000000e+00 -2.278734085012777996e+03 5.991999999999907800e+01 1.554838031329864378e+01 -5.911895290810991632e+00 7.315882888435147891e-01
2.943065178784905811e+00 1.015930782715057656e-01 2.734893347072865577e+00 6.089555472132975211e+00 1.189842326041014697e+00 5.645868034260534962e-01 9.216706392077650412e-01 3.668911219447541061e+00 2.000000000000000000e+00 5.000000000000000000e+00 3.000000000000000000e+00 -2.242701668016315125e+03 1.560000000000008669e+01 1.468135425101966973e+01 -5.070435549738892433e+00 1.097061589025970285e+00
3.310945701776423222e-01 7.879638962085540044e-01 6.310735202539716759e+00 7.751577624543240397e+00 2.159810316593331780e+00 1.395068282606396259e+00 8.480318742412794597e-01 2.782623014942497974e+00 4.000000000000000000e+00 2.000000000000000000e+00 5.000000000000000000e+00 -2.253265049505274874e+03 7.419999999999929763e+00 1.559719059407968267e+01 -3.926812989240581864e+00 1.227739314759499267e+00
1.978166167196733660e+00 2.062095609991348777e+00 5.174410749555695688e+00 2.101658514314929782e+00 1.210588452567249229e+00 2.061565071446812780e+00 6.130642739480929304e-01 4.223478047219753506e+00 1.000000000000000000e+01 1.800000000000000000e+01 2.000000000000000000e+00 -2.219563455478891228e+03 1.002600000000012841e+02 1.058959096743067363e+01 -2.901176857637277617e+00 1.265202829566300702e+00
5.213547538600595832e-01 1.640485233701897361e+00 3.132501159163305182e+00 1.619071157788410709e+00 2.564460510366147972e+00 7.797430811899512815e-01 9.090981935877653353e-01 2.142357621649924937e+00 9.000000000000000000e+00 9.000000000000000000e+00 5.000000000000000000e+00 -4.065889088470030401e+02 2.700900000000045225e+02 1.697149430293754691e+01 -6.215784429904086528e-01 6.201300879887623019e+00
2.692201338497997920e+00 1.318751532260915127e+00 8.127831156281541070e+00 9.846277003085333490e+00 1.723893695201601295e+00 2.601206403232173336e+00 6.152955948483201931e-01 2.449130037348212330e+00 6.000000000000000000e+00 1.100000000000000000e+01 3.000000000000000000e+00 -2.204670236170382850e+03 7.325999999999967827e+01 1.050251476064894263e+01 -4.042024772419081091e-01 6.007580508821953380e+00
1.070798603926750525e+00 2.765455411931957430e-01 2.467993291928383570e+00 5.255277159945322296e+00 6.487896259523674436e-01 6.929041745282085163e-01 3.924811379481507045e-01 2.770448460594572726e+00 1.100000000000000000e+01 1.200000000000000000e+01 3.000000000000000000e+00 -2.134936057317533141e+03 9.108000000000042462e+01 5.587253582345811154e+00 -3.922902768193174072e+00 1.141011529627399046e+00
1.817796812863086808e+00 2.480377067664609747e+00 4.038748969944752076e+00 4.306482794741591569e+00 2.705304370903225841e+00 2.220858654486241424e+00 4.775872641221525772e-01 2.727158851966462461e+00 6.000000000000000000e+00 6.000000000000000000e+00 1.000000000000000000e+00 -2.197141630849584089e+03 5.448000000000055110e+01 1.061885192809898193e+01 -2.325721726765228592e+00 1.537925743594175776e+00
1.926982000245297311e+00 1.372714530378808639e+00 4.979596944069674791e+00 1.278723058907247356e+00 1.991077153506495279e-01 1.236431071886498145e+00 5.048828896760433338e-01 2.800365062855486809e+00 5.000000000000000000e+00 1.000000000000000000e+01 4.000000000000000000e+00 -2.266219759409186736e+03 3.870000000000027995e+01 1.542935996307415714e+01 -2.017590215060684145e+00 6.103257591135176352e-02
5.921172308718694044e-01 1.921108433304784535e-01 2.248568305255548960e+00 4.815508741465254872e+00 1.568882763749562814e+00 3.746867385245422621e-01 8.484659739458981775e-01 3.622020060630736005e+00 5.000000000000000000e+00 1.800000000000000000e+01 4.000000000000000000e+00 -2.164426494775767424e+03 1.598400000000035277e+02 5.281655923485349291e+00 -1.367466579211619582e+01 4.596415431335539203e+00
5.701856623738464913e-01 2.183014781457712772e+00 1.514723531553228586e+00 1.685364101543293636e+00 8.151585939929736346e-01 2.013922506255585443e-01 5.891220426754714135e-01 2.911890920627552060e+00 4.000000000000000000e+00 1.300000000000000000e+01 5.000000000000000000e+00 -2.269583016386785403e+03 5.122000000000029729e+01 1.524831352417407970e+01 -3.418552925208913518e+00 7.802549578741253544e-01
1.453821114976024953e+00 1.916974195822851668e+00 5.094469472892203754e+00 6.494453512339585899e+00 2.667058400996024758e+00 8.811706063701640890e-01 3.803732129532978457e-01 3.040545283888404615e+00 9.000000000000000000e+00 2.000000000000000000e+00 4.000000000000000000e+00 -2.250216795796878614e+03 6.359999999999952358e+00 1.543979973730492361e+01 -2.943615156335349869e+00 1.150353984443307082e-01
2.383670720900092466e+00 2.539624882851641563e-01 4.069441946507701857e+00 6.076651134836685841e+00 2.216533346381235337e+00 1.537244689607871750e+00 7.477149180203576107e-01 2.409968852294349873e+00 4.000000000000000000e+00 1.000000000000000000e+01 1.000000000000000000e+00 -2.272905492231300741e+03 7.529999999999999716e+01 1.470346826445630128e+01 -9.522844048242204096e+00 3.205008097229135267e+00
7.214176256524060804e-01 1.796549967345013155e+00 2.889185513848282483e+00 1.630062943817319310e+00 1.279435725938294910e+00 1.745147690159225995e+00 3.225109063594793213e-01 2.570306709927364430e+00 1.000000000000000000e+00 1.000000000000000000e+01 5.000000000000000000e+00 -2.302863303253080630e+03 1.139999999999977973e+02 1.536645645331758736e+01 -2.620724965703582043e+00 2.308778207148611539e-01
8.078023383173724703e-01 8.900751893214435828e-01 2.978262679308709693e+00 4.105559556180344849e+00 7.639223136068651332e-02 1.940020193648350544e+00 5.542258380793619876e-01 2.498761220769809999e+00 7.000000000000000000e+00 1.100000000000000000e+01 4.000000000000000000e+00 -2.264805210195925611e+03 4.586999999999981981e+01 1.511688813724535052e+01 -6.036008329276084661e-01 5.538683666201884570e+00
1.957282785702767924e+00 5.244090672536676490e-01 2.133290133469721184e+00 7.535517886446856828e+00 2.272009687732206018e+00 9.308339067779362042e-01 7.989469922813672298e-01 3.428157266143414983e+00 0.000000000000000000e+00 8.000000000000000000e+00 2.000000000000000000e+00 -2.287951120623728912e+03 3.351999999999964075e+01 1.694944503898308241e+01 3.300739741447341613e-01 5.932151891596735283e+00
1.989770772499551255e+00 4.563578667479191164e-01 1.862156364374277784e+00 5.255638273173373065e+00 1.737326651914279374e-01 9.713628078490644802e-01 5.544338246052085140e-01 2.151538494341490804e+00 1.100000000000000000e+01 2.000000000000000000e+01 5.000000000000000000e+00 -2.295920870150742303e+03 9.440000000000080149e+01 1.554505438442139109e+01 -1.100737274662179743e+00 2.900146915475106946e-01
1.807196826867599082e+00 8.842432763208416535e-01 2.605125244008330565e+00 9.083209060342742447e+00 1.331709091200843798e+00 1.527279510258172657e-01 9.622588839387569148e-02 2.517092797343015942e+00 4.000000000000000000e+00 6.000000000000000000e+00 4.000000000000000000e+00 -2.129695699016324852e+03 8.544000000000171724e+01 5.435981188520236707e+00 -1.181541241290538502e-01 1.299908795418484031e-01
1.589764907268315097e+00 3.173578842452942084e-01 3.825260102923695005e+00 3.384014432302459241e+00 2.768478532426501992e+00 7.934715181126457129e-01 5.026110570356068230e-03 3.513948558050270066e+00 1.000000000000000000e+00 5.000000000000000000e+00 3.000000000000000000e+00 -2.257446895580336331e+03 1.575000000000008882e+01 1.559824347377099940e+01 -6.837179535072622549e+00 1.519348772603528186e+00
1.081505745280606723e+00 8.461522695349097400e-01 2.760533787240230019e+00 7.420909711288839361e+00 1.938250825151052847e+00 2.352694623777211280e+00 1.559972109395209028e-01 2.143684688639767355e+00 5.000000000000000000e+00 8.000000000000000000e+00 4.000000000000000000e+00 -2.199680102577200159e+03 6.639999999999893987e+01 1.040500641107504975e+01 -6.729161308913488959e+00 1.811499931319559442e+00
7.570525602548978661e-01 2.464611850021637629e+00 5.107620843040383107e+00 7.437265869237346116e+00 1.121294632534427294e+00 1.749605628439693250e-01 1.946154535386678264e-01 2.053588436784568927e+00 6.000000000000000000e+00 1.100000000000000000e+01 2.000000000000000000e+00 -2.305419278490589477e+03 2.417800000000135014e+02 1.153307990566143282e+01 -7.473987526712401186e-01 6.672658020233874776e-01
1.697296282196109951e+00 9.802238515881933623e-02 3.684697164310890560e+00 5.605062465346152933e+00 1.080550515564927538e-01 6.551356572488646890e-01 6.684766846718397382e-01 2.686940621221774794e+00 7.000000000000000000e+00 8.000000000000000000e+00 3.000000000000000000e+00 -2.119212274853623512e+03 6.015999999999907288e+01 5.570767178351496263e+00 -3.730974995301469033e+00 1.003707454159547652e+00
1.719045574520124742e+00 1.371858246529866321e+00 2.021342753542155979e+00 6.842594303735730854e+00 6.044998063384181552e-01 1.977743401585803529e+00 9.294467822719986172e-01 3.690937967334392944e+00 6.000000000000000000e+00 1.000000000000000000e+01 2.000000000000000000e+00 -2.200899698916721718e+03 5.770000000000054996e+01 1.075310618229507398e+01 -1.827683072471951720e+00 5.391728107576534867e+00
1.923761532073796854e+00 8.547296674391676730e-01 7.412010281527449784e+00 4.080164455755749486e+00 7.921901232629446898e-01 7.492742140959656183e-01 5.680263062110098016e-01 4.347177924267178639e+00 4.000000000000000000e+00 1.600000000000000000e+01 3.000000000000000000e+00 -2.274545348743491559e+03 5.023999999999963251e+01 1.558908429646824878e+01 -3.324372487582119007e+00 5.563356648880075639e+00
2.545839851899218687e-01 1.484711956151947509e+00 7.676192827025158039e+00 5.416659496508382965e+00 8.000394634680874084e-01 4.203738501226118585e-01 4.354104349531670581e-01 2.691254314556190685e+00 5.000000000000000000e+00 1.200000000000000000e+01 4.000000000000000000e+00 -4.394750178528863103e+02 3.601200000000105774e+02 1.621343861580506385e+01 -1.000532904438537485e-01 9.850061584777826396e-02
1.543028131338736175e+00 2.434263387591438565e+00 1.585687042509142053e+00 3.557894732347804734e+00 1.013657941639374060e+00 1.569148655909408774e+00 5.873948615881773305e-01 3.352841923713021366e+00 8.000000000000000000e+00 1.100000000000000000e+01 5.000000000000000000e+00 -2.267316225353488335e+03 3.475999999999987722e+01 1.562101408459300877e+01 -3.257889129283642049e+00 5.148185317549319073e+00
2.910448760875359309e+00 1.230082545126069293e+00 1.379186808494802463e+00 3.412202502688633565e+00 2.611423851365632487e+00 9.328214822947623608e-01 3.812264408627736856e-01 3.495696065437096767e+00 2.000000000000000000e+00 9.000000000000000000e+00 4.000000000000000000e+00 -2.118468723486058025e+03 5.976000000000100698e+01 5.536795217878592190e+00 -2.607192084480941752e+00 7.523939084146356038e-01
2.783722592467975154e+00 2.123409826732523875e+00 2.342470626092636898e+00 3.779713776369519440e+00 1.944736950182757163e+00 1.161925376028645207e-01 4.387977740265797122e-02 3.524993431859603454e+00 7.000000000000000000e+00 2.000000000000000000e+00 2.000000000000000000e+00 -2.249380683221758318e+03 5.859999999999963016e+00 1.540316770135989088e+01 -3.524143428600441386e+00 1.047968535212697068e-02
2.736965908255394986e+00 2.116218008111846238e+00 1.149544585752180659e+00 2.304362372354738397e+00 2.043439110234926304e+00 5.413554677733729559e-01 8.464932611530366913e-01 2.964274876924064106e+00 9.000000000000000000e+00 1.300000000000000000e+01 4.000000000000000000e+00 -2.148152373028952752e+03 1.215499999999985334e+02 5.461085814309607933e+00 -2.114098658240683548e+00 5.099069021138766811e-01
1.712932660319085754e+00 2.395532061801104895e+00 6.628658882808382558e+00 9.560338762574449589e+00 1.668161227961759918e+00 1.710669595072679128e+00 2.292176623126730983e-01 2.135569601253858085e+00 8.000000000000000000e+00 1.200000000000000000e+01 2.000000000000000000e+00 -2.283804598136814548e+03 8.724000000000027910e+01 1.501153738355091427e+01 -3.697395087335080710e+00 1.498939525498685921e+00
1.277151177270987148e+00 1.549685694949741510e+00 2.753955282512357883e+00 9.433660360605593098e+00 1.675273493555126558e+00 1.575094403691509326e+00 9.031779890271725009e-01 2.818289002055514469e+00 5.000000000000000000e+00 9.000000000000000000e+00 2.000000000000000000e+00 -2.292462887255985606e+03 8.622000000000200259e+01 1.558455545349903559e+01 -9.649745863302178206e-01 9.602182918612566231e-01
2.023503269542916705e+00 2.240328492231098423e+00 3.879621382178428668e+00 6.016816994006926045e+00 1.831615670412303443e+00 6.483779719794555696e-01 7.208424915248935472e-01 3.840297049717389832e+00 6.000000000000000000e+00 1.100000000000000000e+01 3.000000000000000000e+00 -2.284991043894800441e+03 7.809999999999965326e+01 1.537131524342503752e+01 -7.365809461010925041e+00 4.191380025836535239e+00
2.950955074252658239e+00 2.661977318969742656e-01 5.018540537193612927e+00 4.111303586834507584e+00 1.019756073737827951e+00 1.411185896355998892e+00 5.561671448997292100e-02 4.305990295652087241e+00 4.000000000000000000e+00 9.000000000000000000e+00 1.000000000000000000e+00 -2.259521209867307334e+03 2.339999999999997016e+01 1.548882561670670022e+01 -5.444982495720615212e+00 1.177966909353254099e+00
2.678349836558167496e+00 3.055666003690928889e-01 5.341052722240585027e+00 5.861932840031615299e+00 2.158350095620134024e+00 1.646425566350250280e-01 8.267007490538506032e-01 3.213886742063850832e+00 3.000000000000000000e+00 1.100000000000000000e+01 4.000000000000000000e+00 -2.254284941165517466e+03 1.604900000000034197e+02 1.087749632284472945e+01 -4.673351488252840191e+00 1.389331166252731897e+00
1.279935375389085639e+00 6.318761213852883696e-01 5.226905526142213709e+00 2.552382743767461992e+00 9.139398845657583648e-01 2.250685061420879318e+00 6.762591895730241109e-01 3.376426177165068765e+00 7.000000000000000000e+00 1.000000000000000000e+01 4.000000000000000000e+00 -2.114365690695702142e+03 5.940000000000057412e+01 5.291605668481352609e+00 -7.347611052323956393e+00 4.088771573400681092e+00
2.349984613383611531e+00 3.792961699909238038e-01 6.881798417961054959e+00 1.125033929235644381e+00 1.305835318302924986e+00 1.436138091921625115e+00 6.649581045509898036e-01 2.771120885752507590e+00 5.000000000000000000e+00 1.200000000000000000e+01 5.000000000000000000e+00 -2.099297228048533270e+03 9.960000000000074749e+01 3.093576753033318472e+00 -1.124862238189209229e+01 1.847256190442523316e+00
6.699826726798566723e-01 1.964728537698647415e+00 7.458012605014014085e+00 4.960579097323060793e+00 1.427066692424034944e-01 1.663599255723065440e+00 5.005616677609425746e-01 3.289279111919740650e+00 6.000000000000000000e+00 1.100000000000000000e+01 4.000000000000000000e+00 -2.193130068879804185e+03 4.751999999999981128e+01 1.058562930498775501e+01 -6.518418970323821782e+00 1.507657553906619263e+00
2.322472901392663047e+00 4.742672316931372256e-01 1.126404051363448566e+00 3.290173790300743750e+00 2.055174449058902120e+00 3.932930186824104002e-01 4.378563199397263461e-01 2.787389818743218228e+00 4.000000000000000000e+00 4.000000000000000000e+00 2.000000000000000000e+00 -1.377046176967055828e+02 6.107999999999887564e+01 1.559644904069589812e-02 -9.407017983648519044e-01 6.159432475370843818e+00
