2.183779558836448365e-01 1.192056091550824037e+00 3.309669478390506736e+00 7.213284999792809238e+00 1.083688546062479219e+00 7.869656899463166599e-01 5.529059212814998459e-01 2.533709767453447004e+00 9.000000000000000000e+00 8.000000000000000000e+00 3.000000000000000000e+00 -2.262388448090910060e+03 3.543999999999959982e+01 1.529177800568188772e+01 -4.430165977115159137e+00 8.187323897958527219e-01
1.149108283441760081e+00 1.543716228592221018e+00 3.996603577283948994e+00 5.099482075220326038e+00 3.636721977276973217e-01 5.174724388181817236e-01 3.540220360949519751e-01 2.928611167305674279e+00 5.000000000000000000e+00 1.200000000000000000e+01 4.000000000000000000e+00 -2.140177852667331081e+03 1.033200000000008885e+02 5.532365791708164338e+00 -1.499776666348795695e+00 9.344500511106775820e-01
2.371901578488380125e-01 1.889174574281812458e+00 2.020647084657634096e+00 5.797477842097805478e+00 2.671633151621311875e+00 1.476467420951895315e+00 4.910448043595960210e-01 3.911417138154225537e+00 3.000000000000000000e+00 7.000000000000000000e+00 2.000000000000000000e+00 -2.262501875391544672e+03 3.199000000000010857e+01 1.540667971197154529e+01 -5.008923926228759704e+00 4.900900529297103070e+00
2.599456730665012039e+00 2.565945855671978304e+00 2.027169530488811766e+00 1.752376875778812959e+00 1.085020994801688454e+00 1.689442303894204134e-01 5.728231931045273395e-01 3.345643371947651712e+00 6.000000000000000000e+00 8.000000000000000000e+00 4.000000000000000000e+00 -2.115201953463309565e+03 5.303999999999922466e+01 5.542622091456865796e+00 -1.059646185632003190e+00 6.020598239606854030e+00
2.366159299301139107e+00 1.493041078675886757e+00 5.901928719816552871e+00 2.915685673984151016e+00 2.017019163551462491e+00 2.535530316457176081e+00 1.349847312144224487e-01 3.767888057509834354e+00 7.000000000000000000e+00 1.500000000000000000e+01 4.000000000000000000e+00 -2.191175223280706177e+03 5.489999999999965752e+01 1.023282645504413857e+01 -1.281607924031706780e+01 1.910780242035557963e+00
1.386430423547775570e+00 8.853814121046038599e-01 2.664902967132368072e+00 2.928375388242365762e+00 1.879743434063415375e+00 8.645900891842004388e-01 8.854364657221418522e-01 2.011437000300126954e+00 4.000000000000000000e+00 1.500000000000000000e+01 5.000000000000000000e+00 -2.303278973411556308e+03 1.095000000000012932e+02 1.553306083822224970e+01 -4.074069572679924534e+00 2.532325432328693005e+00
1.825260694452248256e+00 1.774328392147777933e+00 7.290885227746110253e+00 1.145953541769534789e+00 1.958861068466004607e-01 6.391789022947109711e-01 4.938135564584310577e-01 2.451626971502604224e+00 8.000000000000000000e+00 7.000000000000000000e+00 3.000000000000000000e+00 -2.262227293725367417e+03 3.038000000000010203e+01 1.543983085783547260e+01 -2.237779931137197309e+00 6.172634537812704103e+00
1.198814640686824085e+00 1.164344959576265381e+00 7.260949744191332655e+00 5.231485238259148574e+00 8.046161105671982838e-01 2.208290150292965048e+00 2.385794864809963611e-01 3.292848016220902174e+00 3.000000000000000000e+00 1.100000000000000000e+01 5.000000000000000000e+00 -2.263196135863257041e+03 3.684999999999986642e+01 1.529819599145355546e+01 -5.218785018892380556e+00 4.814369439308693543e+00
1.033432300662429082e+00 1.012174155079524906e+00 4.595411440142592063e+00 5.946430064685026551e+00 2.263935106535693187e+00 6.231476334251024873e-01 5.132303879461752594e-01 2.407983791663359963e+00 6.000000000000000000e+00 1.000000000000000000e+01 5.000000000000000000e+00 -2.367266639206177842e+03 2.380999999999907573e+02 1.551353995038639688e+01 -8.182956603166314125e+00 2.501102688545326025e+00
3.570777724820917154e-02 2.049519414845343945e+00 4.533097126098182272e+00 7.126986741861544239e+00 5.218510200231811780e-01 7.475933230635238846e-01 5.798354029427276179e-01 2.094292022734161485e+00 6.000000000000000000e+00 1.000000000000000000e+01 5.000000000000000000e+00 -2.174338490566349265e+03 1.759999999999942872e+02 5.396155660396996012e+00 -7.522380088964594202e-01 5.644652678459484818e+00
2.426543361168848723e+00 1.145055537576941340e+00 2.405176360356985121e+00 6.641886743473241594e+00 6.940157098261409141e-01 3.376702085954050303e-01 6.486625498763010089e-01 3.240595167391583153e+00 8.000000000000000000e+00 1.200000000000000000e+01 2.000000000000000000e+00 -2.202304852954114267e+03 7.007999999999962881e+01 1.045405330963214929e+01 -2.430607226015260025e+00 8.381123658770553986e-01
1.079146654157446372e+00 1.845728751974218262e+00 7.251264308146654791e+00 1.021127638836084817e+00 5.212520643313192648e-02 2.608540010252163199e+00 6.513164964099988907e-01 3.038763248885377521e+00 5.000000000000000000e+00 1.600000000000000000e+01 5.000000000000000000e+00 -2.278126164860493645e+03 5.951999999999943469e+01 1.552288530378089071e+01 -1.614532421226346104e+00 5.718974720023489056e+00
3.622695077897486460e-01 1.647951693014388930e-01 6.216555492498295976e+00 4.591032918271446661e+00 4.311340617008936338e-01 3.608765454725244570e-01 5.046285096175333607e-01 3.753334283367899982e+00 2.000000000000000000e+00 1.200000000000000000e+01 3.000000000000000000e+00 -2.269446317950426419e+03 3.911999999999993349e+01 1.561789487190164927e+01 -3.845692644935946092e+00 4.553260173285481827e+00
7.101738349629631575e-01 7.732877914759539451e-02 5.219957629295699064e+00 6.356153721224783837e+00 1.137068257778380165e+00 1.166815660074520089e+00 4.776495370061374923e-01 2.722542348357314346e+00 7.000000000000000000e+00 1.600000000000000000e+01 2.000000000000000000e+00 -2.298584853936638410e+03 1.051199999999984698e+02 1.537655337103995556e+01 -5.598185113155497383e+00 1.538769378162131440e+00
1.582723148875353036e+00 8.438645012931003109e-01 3.946509453728602956e+00 2.765469804123074304e+00 1.633272823913958449e+00 2.042827381586496571e+00 5.898662191564298940e-01 2.723280891890182964e+00 4.000000000000000000e+00 1.000000000000000000e+01 3.000000000000000000e+00 -2.280933180778833048e+03 6.380000000000063665e+01 1.556457379867704205e+01 -6.751782916501065657e+00 2.055740966834853189e+00
6.531685736224536187e-01 2.767664060282928773e+00 6.797122777577402353e+00 5.097783156149634287e+00 9.331427579032474107e-01 2.951128321564019386e-01 4.972672250997036691e-01 2.834760484524780022e+00 1.100000000000000000e+01 1.000000000000000000e+01 3.000000000000000000e+00 -4.053781228185353598e+02 3.000999999999997385e+02 1.595800767615846816e+01 -1.658345516134720199e-01 4.009186682435338100e-02
2.234288395277389760e+00 1.333442204215813387e+00 5.046168047701145909e+00 5.441657725121469724e+00 7.208032467390979026e-01 1.098131096524536998e+00 8.333256361054709460e-01 3.697591586953858478e+00 9.000000000000000000e+00 1.200000000000000000e+01 3.000000000000000000e+00 -2.127837022570278805e+03 7.979999999999999716e+01 5.496063910642432937e+00 -2.110736741045964759e+00 5.202471314233721777e+00
1.711250102847177379e+00 1.628082204244848175e+00 3.693423311761983019e+00 9.344226655545000426e+00 2.092352761548163187e+00 6.680642313654047149e-01 5.829237218358583883e-01 3.254140402067897675e+00 4.000000000000000000e+00 1.100000000000000000e+01 5.000000000000000000e+00 -2.279936019921761272e+03 6.478999999999972204e+01 1.547131374511008772e+01 -2.602358014288280064e+00 5.337028013706641261e+00
3.183483376417588495e-01 1.683870650974833572e+00 7.744230574736402417e+00 3.589044160225834723e+00 6.933420030403627532e-01 9.489171758727767969e-01 6.892980056239998987e-01 2.732569723332374245e+00 5.000000000000000000e+00 1.400000000000000000e+01 1.000000000000000000e+00 -2.284822376121218440e+03 7.252000000000025182e+01 1.553514850757616372e+01 -2.273198790804931591e+00 8.379418517846075609e-01
2.747895594234486261e+00 2.092884216583598134e-01 1.693387718330604086e+00 6.062387315828346779e+00 9.057382810574452492e-01 1.379983048232999998e+00 2.419407450145554805e-01 3.599724938961951892e+00 2.000000000000000000e+00 7.000000000000000000e+00 2.000000000000000000e+00 -2.180389904711035342e+03 3.577000000000012392e+01 1.015655654443969702e+01 -3.923912457437811252e+00 5.420880571173390727e+00
3.617485870948612403e-01 1.416146611072709227e+00 2.273677152013864777e+00 7.629690358159453289e+00 4.149258491716141251e-01 5.956549968565536535e-01 1.025933367698242671e-01 3.388904685235156311e+00 8.000000000000000000e+00 1.500000000000000000e+01 5.000000000000000000e+00 -2.263574203473460784e+03 5.144999999999969020e+01 1.486557521709130469e+01 -4.861926484308249918e+00 1.155813922015068496e+00
8.235707211673051198e-01 2.021660436314691722e+00 7.336535091495975713e+00 4.868107946927065832e+00 1.119039882280437048e+00 7.186800505603279099e-01 6.079953373889794843e-01 3.592661144460072897e+00 6.000000000000000000e+00 9.000000000000000000e+00 5.000000000000000000e+00 -2.202363366156211214e+03 7.875000000000171951e+01 1.018677288476314402e+01 -1.136023862208998025e+01 1.941471254156598159e+00
9.023087602185321243e-01 2.358069590254419534e+00 2.965235187354040569e+00 6.459010573380222553e+00 1.264148810872698592e+00 7.979821123737584898e-02 5.169967172791690296e-02 2.176997577334211620e+00 1.000000000000000000e+00 1.600000000000000000e+01 4.000000000000000000e+00 -2.196579957450322581e+03 2.163199999999960994e+02 5.526247340645295658e+00 -4.096775903199331714e-01 3.806252134484350291e-02
7.408298510671436077e-01 7.390870030388694278e-01 8.626909757627462483e+00 6.261160016954951502e+00 1.416544759242824636e+00 1.354566364222977937e+00 2.817049827777068360e-01 2.937331691556205993e+00 5.000000000000000000e+00 1.100000000000000000e+01 1.000000000000000000e+00 -2.307387631867592063e+03 4.014999999999984936e+01 1.795703949172450820e+01 2.072204287792593469e+00 5.840973964866813084e+00
1.037149410122343296e+00 3.334405256749273239e-01 5.071044511378334896e+00 8.229866317807218223e+00 1.362271712636973664e+00 2.193496247849702208e+00 8.547375765923646007e-01 2.881048986215525076e+00 5.000000000000000000e+00 8.000000000000000000e+00 3.000000000000000000e+00 -2.186196336123709443e+03 3.503999999999960835e+01 1.054227100773185555e+01 -1.534869902833043120e+01 2.362527741296609474e+00
3.592493672558803031e-01 2.679354273153982113e+00 5.491827694082895839e+00 4.059321377463461111e+00 6.728215422884070707e-01 1.913356847999190258e+00 5.236443573337337121e-01 2.366724812485026419e+00 7.000000000000000000e+00 1.500000000000000000e+01 4.000000000000000000e+00 -2.274149223586301559e+03 2.134500000000052182e+02 1.046401397414369683e+01 -1.753595879437752103e+01 3.401398450212977487e+00
2.510703151171671088e+00 1.370714552934483299e+00 3.643198040249234548e+00 4.814453691907373489e+00 1.088480218768130614e+00 1.207604274979765968e+00 1.571128495431287075e-01 3.398602766951795306e+00 2.000000000000000000e+00 1.100000000000000000e+01 4.000000000000000000e+00 -2.268160608714498721e+03 3.629999999999986926e+01 1.562566304465617506e+01 -5.914519752800249996e+00 1.850334294178030081e+00
1.608602418237734311e+00 2.481558099867141820e+00 2.977553144063123991e+00 6.250703503589127408e+00 2.223119806454747494e+00 4.105606162727509223e-01 2.659562837678695613e-01 2.594409568189724791e+00 1.000000000000000000e+00 9.000000000000000000e+00 4.000000000000000000e+00 -2.268925069001300471e+03 4.464000000000043400e+01 1.541281681258125680e+01 -1.865244374283873796e+00 4.697708543954626226e-01
2.285243989080275817e+00 1.790378547496586981e+00 2.623944038682989532e+00 6.171888920691658953e+00 1.244405477725652576e+00 3.404513711783722085e-01 2.761190230861439443e-01 4.221906187239213182e+00 8.000000000000000000e+00 1.400000000000000000e+01 3.000000000000000000e+00 -2.129387162069093392e+03 7.994000000000028194e+01 5.588572629318334428e+00 -6.293333347994646942e+00 2.418548695480516209e+00
1.498817133994957973e-01 1.065945402833977429e+00 3.918136916244217005e+00 9.914292388361038988e+00 6.224110384697110199e-01 5.421857050147488311e-02 6.602463686770305706e-01 2.884524775637313798e+00 1.000000000000000000e+01 1.200000000000000000e+01 5.000000000000000000e+00 -2.883779938333122459e+02 3.128400000000087857e+02 1.926781834909940122e-02 -1.065436081442034499e+00 2.706330907862478444e-02
6.156237238384343335e-01 2.500972179432539022e+00 3.825631094763678242e+00 3.150174522316144810e+00 1.721856838524358446e+00 8.695793060968182164e-02 1.775171938897493751e-01 3.199938979490604574e+00 4.000000000000000000e+00 9.000000000000000000e+00 4.000000000000000000e+00 -2.158692745223870588e+03 1.447200000000042053e+02 5.395796576491764363e+00 -2.367167277647460044e-01 6.201848588543474428e+00
2.850446227507101860e+00 1.788619691202320006e+00 6.305277588687634882e+00 8.852587574747142085e+00 7.113848312987552935e-01 1.513464447497802734e+00 1.844037744203847751e-01 4.036855557591177757e+00 5.000000000000000000e+00 8.000000000000000000e+00 4.000000000000000000e+00 -2.187518956650134896e+03 3.495999999999961005e+01 1.062743479063345653e+01 -6.939933730257267896e+00 1.525622301538830605e+00
5.992876033820603299e-01 6.386519333755833472e-01 9.677551949339457948e+00 4.784957772623535277e+00 2.059008013739296317e+00 2.301602889813148423e+00 8.592835969199702495e-01 2.802923870767558334e+00 5.000000000000000000e+00 1.400000000000000000e+01 4.000000000000000000e+00 -2.454093111216632678e+03 4.131399999999727015e+02 1.547019445104037061e+01 -3.377900282054473013e+00 6.752478710410649843e-01
2.254208332308832219e+00 1.359534470893968283e+00 9.576458556067535710e+00 3.408185645613238446e+00 1.504823484495171115e+00 1.108845468650937249e+00 8.316729430683187374e-01 2.667705199056810805e+00 1.000000000000000000e+01 1.700000000000000000e+01 4.000000000000000000e+00 -2.229908995717813468e+03 2.888299999999947545e+02 5.343374732363503021e+00 -7.656671748658593124e+00 2.166203043231535119e+00
6.975862057762127755e-02 1.470507906807672516e+00 6.283995760920021212e+00 6.470935569052004510e+00 1.455436452767060906e+00 3.166100992554897742e-01 5.613494947513231192e-01 2.206637610526588134e+00 4.000000000000000000e+00 1.000000000000000000e+01 3.000000000000000000e+00 -2.246847433946572892e+03 1.606999999999951569e+02 1.040608962166096418e+01 -9.786102580515244398e+00 3.898880932059116233e+00
1.253184711267657292e+00 2.291118079660808604e+00 2.483778465797851442e+00 7.030717899940300164e+00 2.040020998671624675e+00 2.468017229447119765e-01 6.664775208251281224e-01 2.591829518094336926e+00 4.000000000000000000e+00 8.000000000000000000e+00 1.000000000000000000e+00 -2.219427130871305508e+03 1.123199999999979610e+02 1.020419567945665307e+01 -5.308084727120149227e-01 2.107007185178171732e-02
1.603209851689614940e+00 2.491902726276270741e+00 4.235683350198181429e+00 4.457706530276270840e+00 1.617714636848360144e+00 4.018901553175018293e-01 1.839545547190483687e-01 2.668822040983285682e+00 4.000000000000000000e+00 2.000000000000000000e+01 4.000000000000000000e+00 -5.817338430663103281e+02 6.001999999999994770e+02 1.760211519164440830e+01 -7.391360700919775983e-02 6.276412159862014839e+00
1.878756482901999814e+00 1.419701301421920414e+00 4.756131236378680960e+00 4.817344203704763572e+00 7.066368802719344977e-01 1.517516472506943437e-01 1.800179089085893747e-01 2.053210105039957600e+00 6.000000000000000000e+00 6.000000000000000000e+00 3.000000000000000000e+00 -2.263502664925272256e+03 3.245999999999971664e+01 1.545454155782953798e+01 -8.845090273945758197e-01 5.405343827159736492e-02
1.495337143858197715e+00 1.416137770745065527e+00 9.982562251700882072e+00 5.123073071293132941e+00 1.550113967267791271e+00 7.318627794874158488e-01 1.404891653289704889e-01 4.248971189835575757e+00 6.000000000000000000e+00 6.000000000000000000e+00 4.000000000000000000e+00 -2.172376516245885796e+03 2.825999999999978129e+01 9.890407265367878509e+00 -1.088998985802022590e+00 6.033542933125625396e+00
2.450000777394347296e+00 2.806761594494142198e+00 7.560599426121866529e+00 5.607290262742967712e+00 1.866872351173294087e+00 1.249819091380542035e+00 2.758180845040894003e-01 2.366190342938770286e+00 7.000000000000000000e+00 1.700000000000000000e+01 5.000000000000000000e+00 -2.299751501531411577e+03 4.299300000000079649e+02 5.299156345712974669e+00 -6.454534085827685175e+00 2.667236442188684276e+00
2.652549363265512827e+00 1.036402884594420648e-01 1.368735688654826532e+00 8.159348499722007375e+00 9.865781870203151893e-01 1.669208016018964624e+00 4.205987377727664622e-01 2.479188320932279588e+00 8.000000000000000000e+00 9.000000000000000000e+00 5.000000000000000000e+00 -2.267179928920528710e+03 3.573000000000009635e+01 1.558218305753304378e+01 -2.413166482192930395e+00 1.028096778255528143e+00
7.677742527789300775e-01 1.318300489556410771e+00 9.844106607228326311e+00 9.409050938272411457e+00 2.050659878982556084e+00 1.886302526986085581e-01 8.514898984675755012e-01 2.615380455320362785e+00 6.000000000000000000e+00 1.000000000000000000e+01 5.000000000000000000e+00 -2.124815618684418041e+03 7.100000000000024158e+01 5.582226167776128456e+00 -1.965515498726503552e+01 2.278478312764905311e+00
1.777308695170642494e+00 2.358691698980544427e+00 7.335017334748795470e+00 6.286685434802143924e+00 6.011970754789228710e-01 1.396883631542621407e-01 7.395822298176799592e-01 3.372741994861753412e+00 8.000000000000000000e+00 9.000000000000000000e+00 4.000000000000000000e+00 -2.265281311800686581e+03 3.348000000000001108e+01 1.553383198754290717e+01 -5.543255739771999480e-01 6.210114021513142291e+00
1.911638069554147945e+00 6.447814055705416436e-01 5.212179740205669098e+00 5.660728503697207259e+00 1.966613107064385968e+00 2.189796560046697038e-01 6.229025289668027598e-01 2.587831998999418737e+00 1.000000000000000000e+00 7.000000000000000000e+00 1.000000000000000000e+00 -2.267678218436556563e+03 3.486000000000012022e+01 1.564051365228479185e+01 -3.760133311585839078e+00 1.372427755886367562e+00
2.235540976204630770e+00 6.994264738697344441e-01 1.550597528788734802e+00 5.794940287329175987e+00 5.473373225115650831e-01 2.517150767113368381e+00 5.286363530529192278e-02 2.014299275839702030e+00 2.000000000000000000e+00 3.000000000000000000e+00 3.000000000000000000e+00 -2.252180547783348175e+03 1.487999999999987466e+01 1.529628423645924684e+01 -3.358481428275895020e+00 5.974131446458061934e-01
1.187035860349324956e+00 9.546019804014985732e-01 7.508477681685818972e+00 4.021988062814169318e+00 9.446730599378551085e-01 7.108725611806938627e-01 3.033204263701397840e-01 2.230703836365053760e+00 8.000000000000000000e+00 1.000000000000000000e+01 4.000000000000000000e+00 -2.172453511836507460e+03 1.700999999999946226e+02 5.462719489781862947e+00 -1.676010937082979213e+00 5.530906230494394560e-01
2.798338633641458406e-01 1.668426233447376505e+00 8.017699414575448102e+00 2.445794997198018184e+00 9.231199683272426348e-01 1.217539367609475454e+00 5.869121104471761718e-01 2.457686792223269912e+00 3.000000000000000000e+00 1.600000000000000000e+01 5.000000000000000000e+00 -2.149314212320050956e+03 1.201599999999981492e+02 5.577138270003237253e+00 -1.191535662589400069e+01 4.073721706713853585e+00
2.322472901392663047e+00 4.742672316931372256e-01 1.126404051363448566e+00 3.290173790300743750e+00 2.055174449058902120e+00 3.932930186824104002e-01 4.378563199397263461e-01 2.787389818743218228e+00 4.000000000000000000e+00 4.000000000000000000e+00 2.000000000000000000e+00 -1.377046176967055828e+02 6.107999999999887564e+01 1.559644904069589812e-02 -9.407017983648519044e-01 6.159432475370843818e+00
