1.672673137219949258e+00 2.063442221980618996e+00 7.274892718604450081e+00 8.867615441427799894e+00 7.180241910285146689e-01 3.961229092560375475e-01 4.846918338705170637e-01 4.380606038021480408e+00 7.000000000000000000e+00 1.000000000000000000e+01 4.000000000000000000e+00 -2.118460217094959262e+03 6.050000000000058975e+01 5.513138568434946762e+00 -1.039675579091307256e+00 3.356452434345656433e-01
2.441819338296923991e+00 1.847185558488718016e+00 1.359473329095946870e+00 3.454829194558282524e+00 1.208162387194821719e+00 1.071444114952645466e+00 7.923548170052396866e-01 3.271429726028362683e+00 9.000000000000000000e+00 1.700000000000000000e+01 4.000000000000000000e+00 -2.145850297062478603e+03 1.139000000000009720e+02 5.556268566404877873e+00 -1.240049567965542554e+00 6.035977463877613580e+00
2.077412512782331522e+00 6.950791472498178969e-01 7.905271642029472190e+00 6.327169255562651529e+00 2.797688046440526044e+00 2.537666239129191315e+00 9.213443114741152185e-01 2.606002686809054669e+00 8.000000000000000000e+00 3.000000000000000000e+00 3.000000000000000000e+00 -2.099406527338281649e+03 2.571000000000021757e+01 5.409470458642586799e+00 -1.510080138737441624e+00 1.106601197804839565e+00
1.923399971361555494e+00 6.372609734734889786e-01 5.315959067813230909e+00 4.276748155230635007e+00 2.292064228723209585e+00 2.295012522995336202e+00 6.007792654626153972e-01 3.241290916959594259e+00 5.000000000000000000e+00 6.000000000000000000e+00 3.000000000000000000e+00 -2.259895091408127428e+03 2.579999999999983373e+01 1.543719321300796210e+01 -4.983609504171259807e+00 2.818650265868020810e+00
1.515678368325596326e+00 8.776825543696942233e-01 7.754198816906461289e+00 5.539401560776420652e+00 2.564339970981406314e+00 3.954330707495866126e-01 3.585657909203527893e-01 2.364264901354297344e+00 4.000000000000000000e+00 1.300000000000000000e+01 4.000000000000000000e+00 -5.036778289261760619e+02 3.901299999999891384e+02 1.928830180788634152e+01 1.932572807771206214e-01 6.279959571454045708e+00
1.502934308537510200e+00 4.913581240033737529e-02 7.677470876751909756e+00 6.939096768829771555e+00 1.394749591128143784e+00 5.495747983463552533e-01 6.437251264153626140e-01 2.918891370609211222e+00 7.000000000000000000e+00 2.000000000000000000e+01 4.000000000000000000e+00 -2.459718630184017911e+03 4.299999999999841407e+02 1.529491438650162216e+01 -8.973484003572021805e+00 3.603523892647840565e+00
1.735948688066483836e+00 2.084757244792422970e+00 5.833914463607904999e+00 6.112182516225255213e+00 3.132430940717686463e-01 5.293876340689788185e-01 8.131680938174825624e-01 2.361167662161107295e+00 6.000000000000000000e+00 1.400000000000000000e+01 5.000000000000000000e+00 -2.166010206298205958e+03 1.551199999999978445e+02 5.528137893637940614e+00 -1.179517602540328253e-01 1.180087536681349858e-01
2.641712768202199690e+00 1.019325024106102262e+00 7.180634828602810771e+00 5.882303178926148846e+00 1.000893246311499452e+00 1.096960442660527058e+00 4.402395530873423057e-01 3.173679789709795251e+00 2.000000000000000000e+00 1.200000000000000000e+01 5.000000000000000000e+00 -2.277201112165297218e+03 5.615999999999957026e+01 1.557006951033110376e+01 -7.467401075551643785e+00 4.399843049118306482e+00
2.465761245923492773e+00 7.939012071305727725e-01 4.821486038404190211e+00 4.042706943918847884e+00 8.646193633415055757e-01 2.191171345652684899e-01 5.320620776120749129e-01 2.188189669402379245e+00 5.000000000000000000e+00 1.000000000000000000e+01 5.000000000000000000e+00 -2.598297454290188284e+02 3.000999999999997385e+02 6.861234089313684947e+00 3.268291038435944817e-01 6.255958457062623879e+00
1.153381200576374388e+00 7.783456683272185206e-01 2.737434398454885009e+00 1.532478474705180060e+00 2.479145622944487926e+00 1.998972700231000932e+00 3.789664766581285482e-02 2.895951379414968052e+00 4.000000000000000000e+00 6.000000000000000000e+00 3.000000000000000000e+00 -2.132016489425816417e+03 8.964000000000187640e+01 5.449780589113466966e+00 -2.612456466051484849e+00 5.762835492214863464e+00
5.754972996987430811e-01 2.428962378635981967e+00 8.790749788165317824e+00 4.726223196056642983e+00 1.939984901909668658e+00 9.921432874700687465e-01 8.413360445160333878e-01 3.330373747869399992e+00 6.000000000000000000e+00 8.000000000000000000e+00 4.000000000000000000e+00 -2.238319141176456014e+03 1.482400000000007765e+02 1.026244632352846864e+01 -4.171072296463919749e+00 4.706945961561832092e+00
2.559133253947863285e+00 6.706224801805100721e-01 4.190486248859097707e+00 4.793691142565078778e+00 1.113054709328046066e+00 9.252422154042307945e-01 3.254597572237500347e-01 3.129256599444194542e+00 8.000000000000000000e+00 1.000000000000000000e+01 5.000000000000000000e+00 -2.196383769737616149e+03 5.640000000000053149e+01 1.051148560860098158e+01 -3.833599187159530519e+00 1.307373734300248058e+00
8.880354122160976083e-01 1.783812442982243507e+00 8.533107049249451848e+00 3.655727938355884277e+00 1.188714906218526490e-01 2.248575087646627058e+00 5.034893924125051212e-01 2.597835036512449847e+00 9.000000000000000000e+00 1.600000000000000000e+01 5.000000000000000000e+00 -2.219246182910289917e+03 1.028799999999985175e+02 1.048788643189318570e+01 -1.595800360488933256e+00 4.606154489339163161e-01
2.425488203586496638e+00 1.565963210601968747e+00 1.813761139576421488e+00 2.632968814513917177e+00 9.875206294317482314e-01 5.873820172424071284e-01 3.374280617357803269e-01 4.209699306933034180e+00 0.000000000000000000e+00 6.000000000000000000e+00 5.000000000000000000e+00 -2.248335004752477289e+03 1.919999999999997442e+01 1.492093779702982914e+01 -3.436955454051143999e+00 6.178525333202651737e+00
6.505181586031079100e-01 2.319684641383632506e+00 5.842309573058606098e+00 3.017100572617424703e+00 1.048285127604937639e+00 1.593546644967559933e+00 5.645811223833335779e-01 2.375110611575019348e+00 3.000000000000000000e+00 2.000000000000000000e+01 4.000000000000000000e+00 -2.351002822167566137e+03 4.657999999999821057e+02 7.381426385473457863e+00 1.675269449908569630e+00 5.867367798268395163e+00
2.032930755164310099e+00 5.514731960172277736e-01 3.092931545601332211e+00 2.450054145376723280e+00 1.194649471303270261e+00 1.171690996912434946e+00 8.741311582229515098e-01 2.485281478805255961e+00 7.000000000000000000e+00 1.600000000000000000e+01 3.000000000000000000e+00 -2.290789550308058551e+03 8.239999999999895408e+01 1.559934689425369747e+01 -4.949165874006310695e+00 1.568170867383537059e+00
2.432133728321528743e+00 7.434690698202304215e-01 3.168870471856541027e+00 4.830972820490312181e+00 1.870381125836895198e+00 3.604629731254700986e-01 3.281233156838464504e-01 3.543321675058511921e+00 8.000000000000000000e+00 1.200000000000000000e+01 5.000000000000000000e+00 -2.215099585575448600e+03 9.528000000000058378e+01 1.046622409846550639e+01 -3.558182817695859423e+00 1.348550533958300157e+00
9.712575600149860877e-01 1.548214398878663189e+00 7.750356023041447884e+00 5.145576467757303263e+00 2.013748306789949094e+00 2.021692208626154619e-01 3.112418651639519140e-01 2.754528366407745565e+00 9.000000000000000000e+00 2.000000000000000000e+01 3.000000000000000000e+00 -2.284111373340544105e+03 7.140000000000047464e+01 1.552571083378400729e+01 -7.439527655320680388e+00 5.029503661536489645e+00
1.163497415902792431e+00 8.955597645050392686e-01 4.976204384375300549e+00 1.624648541599074569e+00 1.630628515233401021e+00 1.828927365149715101e+00 5.542690088014641248e-01 2.192198958071364778e+00 7.000000000000000000e+00 1.100000000000000000e+01 5.000000000000000000e+00 -2.367010692328351070e+03 2.404600000000133377e+02 1.542379327052154814e+01 -2.083027585074639365e+00 1.305645953635375278e+00
2.461233258966190274e+00 9.511111359700805679e-01 1.473144547057813947e+00 5.057312048175834462e+00 2.893794614859461767e+00 4.289901012682700854e-01 2.485414586469901765e-01 3.736665510209315144e+00 1.000000000000000000e+00 6.000000000000000000e+00 4.000000000000000000e+00 -2.178492077762738973e+03 2.957999999999975316e+01 1.023137986017120582e+01 -5.386375917266513547e+00 1.883118339321054879e-01
2.852870411711540655e+00 9.821347509519527952e-01 4.633157710028354082e+00 1.738674766050280374e+00 1.508609192801921406e+00 1.391603511033930429e+00 5.776142609064199851e-01 3.974225856612896735e+00 4.000000000000000000e+00 1.000000000000000000e+01 5.000000000000000000e+00 -2.274574976946576044e+03 5.000000000000044054e+01 1.559843605916098674e+01 -3.477333614311597376e+00 2.341653132684723637e+00
1.199015396848359893e+00 1.910114346394061080e+00 4.810719984018873241e+00 5.229614601079397573e+00 2.780916344816207530e+00 1.069546342518930437e+00 2.299819875027717675e-01 3.387437518598251707e+00 6.000000000000000000e+00 3.000000000000000000e+00 4.000000000000000000e+00 -2.253719108503953976e+03 1.094999999999995843e+01 1.551525678149712562e+01 -2.776543063007931966e+00 1.874083481732365941e-01
1.944626046666154906e+00 9.588822308916726822e-01 1.480622330053778191e+00 3.712151845223675029e+00 1.795570403631263190e+00 8.600538961958692497e-02 6.105227572614043696e-01 2.208263622864293119e+00 3.000000000000000000e+00 6.000000000000000000e+00 4.000000000000000000e+00 -1.930035303917004796e+02 1.454400000000039768e+02 1.549321825943212813e-02 -1.234104860215322619e+00 6.708568263135000764e-02
1.471646860996512540e+00 7.930173969217216845e-01 2.633875502355546239e+00 2.369942836003176456e+00 2.344900142529698250e+00 1.133289857587482796e+00 5.244264961001693370e-01 3.141010163487927276e+00 1.000000000000000000e+01 7.000000000000000000e+00 4.000000000000000000e+00 -2.189941453443152568e+03 4.515000000000016200e+01 1.046040334019702556e+01 -2.666099677903341014e+00 1.101749434709679232e+00
2.637764637839385973e+00 1.328524795174840900e+00 3.997316859406728540e+00 3.363287505489694240e+00 8.682103006905226295e-01 1.741450588836222613e+00 6.767272131140048552e-01 3.353511871955320967e+00 6.000000000000000000e+00 7.000000000000000000e+00 5.000000000000000000e+00 -2.112625232401740504e+03 4.872000000000017650e+01 5.516577025108770904e+00 -1.151996560796994196e+00 5.991384776892639152e+00
9.031145400388101985e-01 1.749504311399871170e+00 8.836618180433237768e+00 9.258778111996445404e+00 9.960735984946932353e-01 7.458132693085429699e-01 6.991413544097049293e-01 2.599951654595705097e+00 5.000000000000000000e+00 1.100000000000000000e+01 3.000000000000000000e+00 -2.114140501423514706e+03 5.422999999999977661e+01 5.439093838969662364e+00 -1.731956380854540356e+01 5.676195751981387705e-01
8.960773678606694936e-01 6.816522299255122208e-01 6.757493836583229552e+00 6.815762943344705782e+00 1.330267963020301591e+00 4.630105340818840842e-01 7.063827951200702948e-01 3.364753603090618661e+00 2.000000000000000000e+00 4.000000000000000000e+00 4.000000000000000000e+00 -2.107127785245163523e+03 4.275999999999926615e+01 5.359236577822751535e+00 -3.002242408134458529e+00 9.815464950601844318e-01
8.971837010557519587e-01 7.324903732767973352e-01 9.245208281278621598e+00 8.015129399453812198e+00 2.431424029125389907e+00 3.710953414961664087e-01 4.610291616027024086e-01 2.529749561938328117e+00 9.000000000000000000e+00 1.300000000000000000e+01 4.000000000000000000e+00 -4.785163047319359748e+02 3.901299999999891384e+02 1.771570654574633608e+01 -5.476906904158623107e-02 3.059130661417146513e-01
1.943972286545792905e+00 2.308943925865800662e-01 1.885593683085724281e+00 5.388936246582316514e+00 2.519377635861792530e+00 1.868229828684773608e+00 8.280151793607198885e-01 3.252476302683035225e+00 5.000000000000000000e+00 4.000000000000000000e+00 4.000000000000000000e+00 -2.246902502171281867e+03 1.535999999999984844e+01 1.495140638570513225e+01 -3.690968395286402970e+00 2.747366721460552941e-01
7.341815549038462896e-01 1.863133733933383773e+00 9.067070613188509043e+00 3.899967149239036868e+00 2.951005167020763764e+00 3.438826796158766519e-01 4.007829170644071626e-01 3.628006966505448183e+00 1.000000000000000000e+00 1.200000000000000000e+01 3.000000000000000000e+00 -2.109864891565350263e+03 4.427999999999982350e+01 5.482805722834406481e+00 -1.370400124866126390e+01 4.425638756668933027e+00
2.019349441274381540e+00 1.839502718519709035e+00 5.600090745614908272e+00 1.324430340537381401e+00 1.386871332529415302e+00 1.957050375624431515e+00 6.575558871691836726e-01 2.954579765488084320e+00 4.000000000000000000e+00 1.300000000000000000e+01 3.000000000000000000e+00 -2.295337710803038135e+03 2.936699999999925126e+02 9.281419425190110317e+00 -4.061798117648764972e+00 4.890840728327146003e+00
1.702125921496563610e+00 2.695102805274600222e+00 1.191269846328754767e+00 5.360161306367887235e+00 2.999619597198599941e+00 2.289828551967201808e-02 6.704993218680689315e-01 3.425227988012800040e+00 1.000000000000000000e+00 1.000000000000000000e+01 3.000000000000000000e+00 -2.189421520711077392e+03 4.040000000000030411e+01 1.057634504444234125e+01 -1.390356446633471244e+01 2.284059723456191016e+00
2.751544731084420103e+00 2.171415927874289942e+00 7.456307243990803357e+00 6.515515166349636900e+00 3.091760586636422281e-01 1.414875956066630192e-02 8.238055790899118103e-01 3.538660694809259599e+00 5.000000000000000000e+00 5.000000000000000000e+00 5.000000000000000000e+00 -2.255874072995482493e+03 1.565000000000008740e+01 1.550306706221764408e+01 -2.225217936247186223e+00 6.233944884951339915e+00
2.169678238664767278e+00 2.491355217322709592e+00 3.265629336328032650e+00 4.080307487669534439e+00 1.792674723965353323e+00 1.774839874387260652e-01 8.816071934249807285e-01 3.415793031530577117e+00 6.000000000000000000e+00 1.300000000000000000e+01 5.000000000000000000e+00 -2.355816096650884901e+03 2.312699999999946954e+02 1.501131854068047389e+01 -5.876811967775471324e+00 5.414741192995492503e-01
2.292869590214459130e+00 2.303477026104852499e+00 4.478220306308968723e+00 1.875170131732803114e+00 1.206501579971782867e+00 4.943466931874640480e-02 5.408760748078752512e-01 2.618191846366532793e+00 2.000000000000000000e+00 2.000000000000000000e+01 4.000000000000000000e+00 -2.317552770016691284e+03 1.406000000000005627e+02 1.545329812604318143e+01 -1.052070321640760919e-01 2.449041674249695100e-01
2.127405672563232653e+00 2.044641350412696568e+00 8.453129198797888932e+00 4.814285136056460246e+00 2.877221253946195656e+00 5.392019066776279623e-02 4.530017829475361801e-01 2.922545851033852671e+00 7.000000000000000000e+00 6.000000000000000000e+00 5.000000000000000000e+00 -2.223963793637990420e+03 1.172400000000029223e+02 1.033398710237429263e+01 -3.037815218135440531e+00 7.425371639382541966e-01
2.968771021797194987e+00 1.315040272015884693e+00 4.813485973618690572e+00 3.721204296045462101e+00 7.522840429261775652e-01 5.166381648882506505e-01 3.886085015151286015e-01 2.065602399278662737e+00 8.000000000000000000e+00 1.200000000000000000e+01 3.000000000000000000e+00 -2.288723565111332846e+03 8.424000000000016541e+01 1.541272281945829370e+01 -1.152567535235108132e+00 6.385729938639918279e-02
2.826355637088352690e+00 1.579109138822780922e+00 4.020268272796830189e+00 2.685232796637313513e+00 2.271319820749019947e+00 2.726825980160506369e+00 6.292434538203595107e-01 2.989559923127761198e+00 7.000000000000000000e+00 8.000000000000000000e+00 5.000000000000000000e+00 -2.264273617442732757e+03 4.079999999999948557e+01 1.524210109017080761e+01 -3.721278404777608628e+00 8.237104839247009203e-01
1.797604316359127985e+00 4.776164641721607484e-01 9.515170304742783358e+00 9.716492412288587843e+00 6.751072047624726569e-01 2.171782374690473194e+00 7.100472598356416531e-02 2.936118643042139098e+00 4.000000000000000000e+00 1.400000000000000000e+01 2.000000000000000000e+00 -2.275575462776537279e+03 7.910000000000027853e+01 1.475159142353355968e+01 -3.375985102542844007e+00 1.050905562501725399e+00
1.392737778757614731e+00 2.909476435137651196e-01 8.263962824176372735e+00 4.365039781502254357e+00 1.948984537267718364e+00 8.922154273451590178e-01 5.607132023620624572e-01 4.914896849288044045e+00 0.000000000000000000e+00 1.500000000000000000e+01 2.000000000000000000e+00 -2.268876121927154145e+03 6.389999999999957225e+01 1.480788262044715076e+01 -9.672423822869495424e+00 2.579464297346903301e+00
1.030747214499924791e+00 2.239522096792369688e+00 3.102642377868915169e+00 3.532048520867645536e+00 2.276647757745684064e+00 1.178124453411022898e+00 6.891122987905767827e-01 2.809376853743908331e+00 0.000000000000000000e+00 1.400000000000000000e+01 4.000000000000000000e+00 -2.278174403976103804e+03 6.510000000000022169e+01 1.535152524850648170e+01 -4.107617642463988084e+00 6.094996541046913130e+00
1.874757917971462406e+00 1.273212709174487589e+00 9.830058104520931650e+00 4.784128816795309547e+00 2.283385549124963276e+00 7.901578436795467786e-01 6.326053663396352666e-01 2.396442311988709495e+00 7.000000000000000000e+00 1.600000000000000000e+01 4.000000000000000000e+00 -2.298694074190495485e+03 1.027199999999985209e+02 1.545837963690602379e+01 -1.331058026549545126e+01 2.558923077283621339e+00
3.564140586208043304e-01 1.139089687343015411e+00 6.711303137383111128e+00 3.626224528055194352e+00 1.772121649039041458e+00 1.557341694216156647e+00 2.746486197440917154e-02 2.900269445095630783e+00 7.000000000000000000e+00 1.700000000000000000e+01 1.000000000000000000e+00 -2.329704356475505392e+03 1.640499999999984482e+02 1.547995977971912573e+01 -6.394906550141871149e-01 1.115162762492601239e-01
3.852751834749069959e-02 2.428023490199881618e+00 7.427107381839332056e+00 2.380223107037253261e+00 1.727283203779626408e+00 1.039871674883697139e+00 5.621000838779297570e-01 3.045916795790698295e+00 7.000000000000000000e+00 1.100000000000000000e+01 4.000000000000000000e+00 -4.476079681520510576e+02 3.301100000000244563e+02 1.765956050950242684e+01 1.726445605145580653e-01 8.440742541406914823e-02
2.427127002483935758e+00 7.771841657938365344e-01 7.727125637143601899e+00 3.274971694113428811e+00 2.817252705001185742e+00 1.409583492187280740e+00 6.149227268136376878e-01 2.633164456820417776e+00 0.000000000000000000e+00 5.000000000000000000e+00 4.000000000000000000e+00 -2.280931700911079588e+03 6.924999999999820943e+01 1.539416880694252754e+01 -2.784734190000808240e+00 1.691700734744087331e+00
5.692757587703016764e-01 2.697477215305080556e+00 7.357411836158733287e+00 3.803690829467182954e+00 1.307355188142002689e+00 1.873221955606930278e+00 6.396891539257200110e-01 3.880714291947895855e+00 7.000000000000000000e+00 8.000000000000000000e+00 5.000000000000000000e+00 -2.185537511526988965e+03 4.919999999999930651e+01 1.005859447043682842e+01 -3.565199379063495488e+00 5.570114339697568306e-02
4.386919116620437986e-01 1.274583776073348940e+00 8.094785456402348700e+00 2.397109254452321370e+00 1.947411446852966188e+00 2.409696199282974405e+00 3.362204667157385196e-01 3.297335819223751407e+00 1.000000000000000000e+01 2.000000000000000000e+00 3.000000000000000000e+00 -2.250747556891881686e+03 6.299999999999953637e+00 1.547484730574261569e+01 -3.054224715839771509e+00 6.245699718465135497e+00
2.506268565429691897e+00 9.434977284299211897e-01 3.206458128225148307e+00 3.924035001083086449e+00 2.249723185006532233e+00 1.923697028683876153e-01 4.833770018212765751e-01 2.398551492192836143e+00 3.000000000000000000e+00 5.000000000000000000e+00 5.000000000000000000e+00 -1.943902194441987490e+02 1.500499999999998693e+02 7.460326215262425897e+00 9.743819068492323709e-03 1.138052893958828027e-01
