1.930284064921327980e+00 7.073280000461682482e-01 6.711683778485427077e+00 3.557198468353972576e+00 1.166664218482800663e+00 8.498937622880721188e-01 5.604056818953112584e-01 3.452626944294898692e+00 5.000000000000000000e+00 1.200000000000000000e+01 4.000000000000000000e+00 -2.290837548467925444e+03 1.034400000000008930e+02 1.494484677924533322e+01 -5.195709364685257903e+00 1.502075259629353621e+00
2.801689603691174035e+00 1.233432854344866936e+00 6.633053686578923802e+00 4.256080828467625032e+00 1.441180580087057184e+00 9.284132552098084412e-01 4.195172352840810248e-01 2.522017083515716518e+00 1.000000000000000000e+01 1.600000000000000000e+01 5.000000000000000000e+00 -2.310559984271259509e+03 1.367999999999977945e+02 1.513499901695381133e+01 -5.223106978829028080e+00 2.545071281360268944e+00
2.055868382095236591e+00 2.143973198597382446e+00 7.522271662205148424e+00 4.237329614865387839e+00 1.242756976288677651e+00 2.220418398114046621e+00 2.065116074689251902e-01 2.252602526936453131e+00 1.100000000000000000e+01 1.400000000000000000e+01 4.000000000000000000e+00 -2.176319596938144514e+03 1.719199999999962074e+02 5.647474808634147081e+00 -3.078263348411026001e+00 1.826086942583794670e+00
8.474686299634565101e-01 9.610631110099067120e-01 7.754691408215514059e+00 7.127694277024192893e+00 2.594304515278705203e+00 4.522885602084509848e-01 3.449881806957586505e-01 3.426073517631427645e+00 9.000000000000000000e+00 1.100000000000000000e+01 3.000000000000000000e+00 -2.285046907741660107e+03 7.072999999999969134e+01 1.560511923385375965e+01 -3.157809801414628748e+00 1.421229430984494169e+00
1.969680830538766969e+00 1.262755505139711021e+00 2.363448036279324427e+00 2.285950357399041621e+00 7.553469237499528255e-01 1.340398415985670999e+00 7.068998944949504981e-01 3.003852426489402649e+00 0.000000000000000000e+00 2.000000000000000000e+01 3.000000000000000000e+00 -2.283878155338294619e+03 7.640000000000054570e+01 1.535488470864339128e+01 -4.716555809849852565e+00 1.920978939850922051e+00
1.592210517334543995e+00 1.798599473101178514e+00 9.956647822527617819e+00 7.077503440529777201e+00 2.763971489636386281e+00 6.405577199572709546e-02 4.901666446353433182e-01 4.551299433163022989e+00 5.000000000000000000e+00 1.400000000000000000e+01 3.000000000000000000e+00 -2.294112141252058791e+03 8.904000000000031889e+01 1.559950882825364893e+01 -5.248973169423154062e+00 4.932013077240579690e+00
2.045776590178061571e+00 2.337301873656246531e+00 5.819185010857122364e+00 2.801610522063184838e+00 2.061857005951067023e+00 1.232531340417152066e+00 5.931530157801176983e-01 3.521136286934015480e+00 7.000000000000000000e+00 1.100000000000000000e+01 3.000000000000000000e+00 -2.283878493102706216e+03 7.226999999999968338e+01 1.548396831891913195e+01 -1.712375931642438731e+00 5.561044834018647798e+00
2.166654601759350207e+00 1.961539097734708914e+00 7.181588055368485435e+00 4.803833273150928562e+00 1.824842396994120319e+00 2.310788565584021015e+00 2.217251400973921371e-01 2.579582502506420294e+00 4.000000000000000000e+00 1.500000000000000000e+01 5.000000000000000000e+00 -2.281058580482168963e+03 6.434999999999958220e+01 1.555522378013557727e+01 -5.396164365064263890e+00 2.183753789345647345e+00
2.180302598789999990e+00 1.593372833871836702e+00 6.310360778738820287e+00 3.970147617086877023e+00 1.497929892493775395e+00 2.094683088667305793e+00 3.114628226224680496e-01 2.389771229392868790e+00 1.000000000000000000e+00 1.500000000000000000e+01 5.000000000000000000e+00 -2.442429012586473618e+03 4.441499999999783199e+02 1.377212578665526976e+01 -9.728002700467868635e+00 2.431573434309365567e+00
1.204667130736805092e-01 1.566116554298513819e+00 5.274430272545378884e+00 6.573828988775754389e+00 2.046040770766460959e+00 9.553667830177126064e-01 6.207756270002615651e-01 2.837835039016536776e+00 5.000000000000000000e+00 1.100000000000000000e+01 4.000000000000000000e+00 -2.377776253304965849e+03 2.656500000000164619e+02 1.530945333155986710e+01 -1.038898244252880687e+00 5.760950203526114421e+00
2.168056204232357675e+00 1.007894475923394539e+00 6.364312080839952479e+00 8.868433378676471079e+00 2.516278150124224400e+00 1.216338642793028058e+00 3.289649399540482966e-01 2.632218730362278603e+00 9.000000000000000000e+00 1.400000000000000000e+01 5.000000000000000000e+00 -2.294461859787081721e+03 9.156000000000032912e+01 1.554261623669260750e+01 -1.080508921540822165e+01 2.819740897440181193e+00
2.757883144812364851e+00 1.195121980345378088e+00 5.548257670985009327e+00 3.753127226207187306e+00 1.161043147216991311e+00 5.474758906252740198e-01 7.465620189585562283e-01 3.194443093298696024e+00 7.000000000000000000e+00 1.100000000000000000e+01 4.000000000000000000e+00 -2.495800228848207212e+02 2.281400000000118098e+02 1.871968710274016581e-02 -1.635659067876458650e+00 3.589258127981691943e-02
1.330375809218734107e+00 1.056681167730306736e+00 6.602519309723962060e+00 1.514396534069069489e+00 1.533915746447827022e+00 5.445836898386134939e-01 6.396626101492515204e-01 4.772628081661358657e+00 1.000000000000000000e+01 8.000000000000000000e+00 3.000000000000000000e+00 -2.258065433482520348e+03 2.039999999999991687e+01 1.549158959265754376e+01 -4.206038170793021891e+00 1.420630540761877558e+00
8.494259319700016020e-01 2.325363814810649465e+00 7.391968723708596478e+00 6.693007059310866147e+00 1.583214392984438890e+00 2.433113189432926649e-01 7.246769779430356495e-02 4.638833573280658484e+00 1.000000000000000000e+00 1.900000000000000000e+01 4.000000000000000000e+00 -2.443171388297864269e+03 5.586000000000077534e+02 1.024196176861626917e+01 -5.740062761656326451e+00 5.188963011267586189e+00
2.421490418203601003e+00 1.232107070229024437e+00 5.943412106148917573e+00 9.385093405856299142e+00 1.680498880940430872e+00 1.037922194107294693e+00 2.920991677474509829e-01 2.111204489147105789e+00 6.000000000000000000e+00 1.000000000000000000e+01 5.000000000000000000e+00 -2.252824361817077715e+03 1.686999999999947022e+02 1.052964761356751744e+01 -7.129930640405638620e+00 3.472026831007999803e+00
2.587158894653500241e+00 1.611042908691632913e+00 7.045278022988755495e+00 1.559698191541811774e+00 2.042916527651243985e+00 7.678341154263639279e-01 3.093914663438820933e-01 3.229247502845739248e+00 6.000000000000000000e+00 2.000000000000000000e+01 4.000000000000000000e+00 -6.041323014617289573e+02 6.001999999999994770e+02 1.900201884135807262e+01 -2.363134209120592022e-01 5.157021934468147134e-02
1.830756371542759720e+00 2.361600934856040723e+00 7.668269816625726598e+00 5.084252980255468124e+00 2.588080373915960575e+00 1.510201214386919899e+00 5.301041088955483760e-01 2.736060031459977893e+00 1.100000000000000000e+01 7.000000000000000000e+00 5.000000000000000000e+00 -2.272657775686931018e+03 4.627000000000016655e+01 1.559517348043317853e+01 -9.134953091439046435e-01 5.487389050552852199e-01
8.589892076215882577e-01 1.835766507087873478e+00 6.137325266105522203e+00 4.331514317001131431e+00 2.830546935010120002e+00 9.500398522157306180e-01 6.090386761123963710e-01 3.761746291468028414e+00 1.000000000000000000e+00 1.400000000000000000e+01 2.000000000000000000e+00 -2.388162771394718675e+03 9.744000000000035300e+01 2.121517321216990837e+01 -1.385670389565962113e+00 4.957840172544761614e+00
1.444494498126817739e+00 1.024387138006065845e+00 6.128679479260962459e+00 3.556143511316304018e+00 1.073264800341020120e+00 2.958260641320339390e-01 2.288060493487820424e-01 3.034851350337687048e+00 1.100000000000000000e+01 1.600000000000000000e+01 3.000000000000000000e+00 -2.214313508680932500e+03 1.084799999999983982e+02 1.000459429255833754e+01 -3.916341718776138681e+00 8.601808936232210323e-01
1.449937336093054530e+00 1.624411607764333354e+00 1.942424398594507107e+00 5.199149610964552082e+00 1.224446289547272970e+00 1.834800003304076110e+00 2.929575045088321228e-01 2.670709817870320801e+00 4.000000000000000000e+00 1.700000000000000000e+01 3.000000000000000000e+00 -2.279211816792472291e+03 6.885000000000052012e+01 1.529917604952951393e+01 -5.939852180769568335e+00 2.055690657183731673e+00
1.098848732284447127e+00 1.112059314468718529e+00 5.533035152335507689e+00 1.272262256268359870e+00 1.506982144748890029e+00 7.883764967245054933e-01 4.714579940320773876e-01 2.365129135660352766e+00 1.000000000000000000e+00 8.000000000000000000e+00 5.000000000000000000e+00 -2.273210109903809553e+03 4.863999999999931845e+01 1.555563186898811168e+01 -4.020419468059363233e+00 2.107044523710391193e+00
2.272708077100371593e+00 1.987690214329167482e+00 6.997170567339987990e+00 1.718073479575567220e+00 1.075879536278569359e+00 7.708864090221465570e-01 5.032672629790482799e-02 4.085693804022042741e+00 6.000000000000000000e+00 4.000000000000000000e+00 3.000000000000000000e+00 -2.101433506147924618e+03 2.387999999999966860e+01 5.593344134245311849e+00 -2.677043974576287511e+00 5.693102513183339042e+00
2.244754992174024633e+00 1.421996265459123832e+00 7.792752023566750452e+00 2.536338840726172883e+00 2.340645756174409620e+00 1.083393811751083957e+00 1.138900381271831241e-01 2.885235044935754889e+00 1.000000000000000000e+01 1.500000000000000000e+01 3.000000000000000000e+00 -2.315627323974689261e+03 1.362000000000022908e+02 1.547045774841803301e+01 -1.963066081232231364e+00 8.533411119632214881e-01
2.205394544868848783e+00 1.039006729831305931e+00 6.349265244885595294e+00 5.940082082886149806e+00 9.056116524546651281e-01 1.358944296405995233e+00 3.973867051951927576e-01 3.175995934534310283e+00 1.000000000000000000e+00 1.400000000000000000e+01 5.000000000000000000e+00 -2.270973886757059518e+03 4.242000000000012960e+01 1.561024292231621757e+01 -5.102290293861514670e+00 9.480909612282263366e-01
2.165427905264453834e+00 1.247621151545216911e+00 9.895394442989969619e+00 3.358014373049489798e+00 4.142654949285746735e-01 2.767080831332247026e-02 1.888752366794172466e-01 3.962676134549369067e+00 4.000000000000000000e+00 1.400000000000000000e+01 4.000000000000000000e+00 -2.271562148451902885e+03 5.432000000000017792e+01 1.527513427824391634e+01 -1.327101083615737087e+00 3.674592188472326770e-02
1.517042902542716787e+00 2.036034509613633858e+00 8.062468731799979693e+00 5.524656084249011556e+00 1.195342429879875823e+00 7.846179739404731679e-01 1.572909532572998870e-01 2.360911212659194902e+00 1.000000000000000000e+00 1.700000000000000000e+01 5.000000000000000000e+00 -2.257323690843606983e+03 1.781599999999974102e+02 1.051523067772552977e+01 -5.040243478613279038e+00 2.834541553851905427e+00
1.429625289054706982e+00 1.587398048533466888e+00 7.176080169271385145e+00 5.012930644560625204e+00 1.027411699078847551e+00 1.219381930088903943e+00 1.061884327476838863e-01 3.460498356903723760e+00 8.000000000000000000e+00 1.500000000000000000e+01 4.000000000000000000e+00 -2.290832641667261214e+03 1.035000000000010658e+02 1.494266510420380456e+01 -4.499879459701050521e+00 7.285474265376810088e-01
2.124910537445805048e+00 2.239261569912490479e+00 6.587454384227204862e+00 4.840511115884415183e+00 1.075134180836113451e+00 1.576670086788071412e+00 1.171948388018976550e-01 4.577710351987374082e+00 4.000000000000000000e+00 1.800000000000000000e+01 5.000000000000000000e+00 -2.280210611271838388e+03 6.047999999999991871e+01 1.562316320448992535e+01 -7.599704362722601303e+00 1.054966355638321973e+00
6.645874048564450742e-01 1.672074116843930369e+00 7.869018421884818260e+00 4.475677297238278562e+00 8.379484571117297165e-01 1.330555233279932525e-01 5.495671300235632772e-01 2.842083585235867460e+00 5.000000000000000000e+00 1.800000000000000000e+01 4.000000000000000000e+00 -5.558632114562913102e+02 5.401800000000090449e+02 1.786082571601792424e+01 -6.573410664072927567e-02 6.269902018588580539e+00
2.379263323822982557e+00 2.398186365355595484e+00 4.491433241786705111e+00 8.139135305310585267e+00 1.633106107680041497e+00 5.153027964944415507e-01 4.267723101953007081e-01 2.727065924702179789e+00 8.000000000000000000e+00 9.000000000000000000e+00 4.000000000000000000e+00 -2.504464668303007500e+02 1.314900000000037039e+02 4.033283415083840917e-03 -2.995691107162826050e+00 9.208762810522240772e-01
1.080676313798872634e+00 2.300972113001788166e+00 3.860002346862967837e+00 2.283323065653354966e+00 2.979121747536472853e-01 1.965059526075243479e+00 1.490229677781430284e-01 2.302519130705823702e+00 4.000000000000000000e+00 2.000000000000000000e+01 4.000000000000000000e+00 -2.239984519330533203e+03 1.416000000000005059e+02 1.057403245815831916e+01 -4.402942411959718250e+00 5.633630827222142479e-01
2.605932103133657751e+00 7.790535548487940165e-01 2.362903484625407113e+00 4.855715891397601069e+00 4.824549130188777735e-01 2.893977943986544510e+00 4.412071776378170829e-02 2.429966099091704912e+00 4.000000000000000000e+00 1.900000000000000000e+01 4.000000000000000000e+00 -2.286105458764855939e+03 8.150999999999950774e+01 1.533440367280351424e+01 -4.630184042179911863e+00 2.300330401301751593e+00
2.698368330966038009e+00 8.847513248004772457e-01 7.599617107829967466e+00 5.413381643611447025e+00 1.676221116958326984e+00 1.034038732596367582e+00 5.640037598862355228e-01 3.351939808471298132e+00 3.000000000000000000e+00 1.600000000000000000e+01 2.000000000000000000e+00 -2.274083896506486326e+03 6.479999999999932925e+01 1.510524353165541633e+01 -7.392880303700060551e+00 1.464494330930226740e+00
2.262903534690450691e+00 1.031722520604095195e+00 6.369177342801216390e+00 1.721843700755038009e+00 1.689033567788408519e+00 7.240101736820988565e-01 6.344274174163067048e-02 3.802515957570522964e+00 2.000000000000000000e+00 1.500000000000000000e+01 3.000000000000000000e+00 -2.382411983319427691e+03 4.406999999999788429e+02 1.012887395746488295e+01 -4.349309154884510420e+00 2.536633674426807428e+00
2.213579318993169842e+00 1.672666005055759575e+00 7.425950936332649910e+00 5.521367019304365797e+00 2.900991914828539464e+00 3.847713834177127756e-01 1.353426940003341905e-01 2.897672130114185673e+00 1.100000000000000000e+01 9.000000000000000000e+00 3.000000000000000000e+00 -2.203976842035551272e+03 7.236000000000147736e+01 1.048730262722191853e+01 -1.103860756019632205e+01 1.305529257154548262e+00
2.016067465077950427e+00 1.795206393989642990e+00 6.013682882366456539e+00 7.359973409572768688e+00 2.766707535295858555e+00 1.258644589227939203e+00 4.923080370871157907e-01 3.557552160366052263e+00 1.000000000000000000e+01 6.000000000000000000e+00 5.000000000000000000e+00 -2.251483687088241822e+03 1.871999999999998465e+01 1.513273044301510772e+01 -4.588577916895440367e+00 7.296099857285818224e-01
1.793962605839311664e+00 5.221381508723128562e-01 6.747193901175420727e+00 8.432531132466984047e+00 2.751241278864748452e+00 4.956379796040712438e-01 4.111090083854226362e-01 3.258420819433462512e+00 6.000000000000000000e+00 1.000000000000000000e+01 3.000000000000000000e+00 -2.349385585117551273e+03 2.013999999999928434e+02 1.554284906984716663e+01 -5.781767954815441257e+00 1.904128247320516554e+00
1.875127574975289146e+00 8.430960757938013028e-01 5.901712501950556522e+00 4.182635476411958209e+00 1.462116234780458823e+00 4.426615796227708066e-01 2.617476967840820512e-01 2.799311287786219626e+00 7.000000000000000000e+00 1.700000000000000000e+01 3.000000000000000000e+00 -2.307146472594873103e+03 2.828799999999941974e+02 1.035665453717973605e+01 -8.591974037667249320e+00 2.960146445768174317e+00
1.407947429302748965e+00 1.573058529250394022e+00 6.213674613854376361e+00 3.272234680884260172e+00 7.344843595735599528e-01 1.583260842553624093e+00 3.414589301996054926e-01 4.490522283797641734e+00 6.000000000000000000e+00 1.300000000000000000e+01 3.000000000000000000e+00 -2.267395076659402548e+03 4.030000000000008242e+01 1.545281729121266245e+01 -5.418644303204010804e+00 1.247403439495581301e+00
1.962794961864772203e+00 2.838932976666561636e+00 9.176213742557012054e+00 2.693217619363549531e+00 2.868073318597241350e+00 1.017976172946450930e+00 4.576369844828446221e-01 4.804495853650951886e+00 7.000000000000000000e+00 2.000000000000000000e+00 5.000000000000000000e+00 -2.249070164387471323e+03 4.559999999999990727e+00 1.542438527421695049e+01 -4.480942426143559310e+00 1.077743913914675083e-01
2.113462930520267236e+00 1.736244375970259934e+00 2.627496676644422546e+00 1.965217421855605995e+00 1.821608290644922024e+00 2.322382261433202366e+00 5.673328623774928081e-01 2.668390950605881162e+00 3.000000000000000000e+00 2.000000000000000000e+01 5.000000000000000000e+00 -2.148150995435942605e+03 2.063999999999968225e+02 2.809437214746514755e+00 -1.040222792909342076e+01 7.852890439190982619e-01
2.229005598038335201e+00 9.245442193492133809e-01 6.815379317758523570e+00 5.213406149632736408e+00 2.179384552145430032e+00 1.146504452441435173e+00 5.786751768459398593e-02 2.128937309939099798e+00 1.000000000000000000e+01 1.500000000000000000e+01 4.000000000000000000e+00 -2.259697289513924261e+03 2.010000000000047464e+02 9.949830594620109991e+00 -4.016923848502962358e+00 7.996957006610838636e-01
2.016125881573471723e+00 2.757942596179850270e+00 6.157206642317716749e+00 4.014324835016907400e+00 2.174442918424685178e+00 1.287872270102139005e+00 4.751591658638937288e-01 4.549179682942751768e+00 8.000000000000000000e+00 1.700000000000000000e+01 3.000000000000000000e+00 -2.271057479689828597e+03 4.539000000000028479e+01 1.552265498061428595e+01 -8.792367806546765863e+00 2.380393351738781416e+00
2.952455400775190864e+00 1.654365691558343343e+00 5.887531872444768055e+00 6.315017136543308318e+00 1.516603817352540684e+00 1.142214492008129856e+00 2.368503967244862396e-01 3.434885737986009602e+00 7.000000000000000000e+00 6.000000000000000000e+00 3.000000000000000000e+00 -2.108054856123974332e+03 3.899999999999996447e+01 5.534678507748407306e+00 -4.053207630917112780e+00 1.039545495017826227e+00
2.399498655672873237e+00 1.526801993949971070e-01 4.570693773626903322e+00 5.644777449085766285e+00 2.535791256797842230e+00 2.479428623784204699e+00 3.082588754453993163e-01 2.412280371191040995e+00 5.000000000000000000e+00 1.500000000000000000e+01 4.000000000000000000e+00 -2.221625175097069587e+03 1.429500000000025466e+02 9.384385943566764254e+00 1.073888609444449749e+00 5.154099503932498827e+00
1.842563295374606724e+00 6.543757213567541475e-01 4.193051444160817987e+00 5.547349291527955195e+00 4.484977450851590497e-01 1.172650741094611870e+00 1.397671805820614455e-01 3.526743920564238799e+00 4.000000000000000000e+00 1.300000000000000000e+01 1.000000000000000000e+00 -2.263670566632043119e+03 3.770000000000003126e+01 1.530128541450270063e+01 -3.641123459540568152e+00 1.145107561362166404e+00
7.351253716786785297e-01 7.911133328363140205e-01 9.286621663889011558e+00 8.649521939836230189e+00 1.841545071353992036e+00 1.538868865131983288e+00 1.415594276243675176e-01 2.260062311988855210e+00 4.000000000000000000e+00 5.000000000000000000e+00 1.000000000000000000e+00 -2.302677605252639296e+03 2.325000000000019540e+01 1.819078782828996665e+01 -3.303792660722186358e+00 4.341106397747021006e+00
1.577720387188808582e+00 1.759852506949281192e+00 7.398403725808828213e+00 3.368366755108016974e+00 1.437415344117301874e+00 7.667359664813476750e-01 1.476727131795888270e-01 2.648554227416828333e+00 9.000000000000000000e+00 1.500000000000000000e+01 4.000000000000000000e+00 -2.151752280513798326e+02 4.094999999999835723e+02 1.658395076490934775e-02 -1.887296290575619651e+00 4.396164316739561428e-01
