2.084330692468245871e+00 7.036875118527067263e-01 4.827301987259152938e+00 3.388433121890519928e+00 1.543299627006455177e+00 5.858668027116274990e-01 1.799233202770417761e-01 3.112603281903551622e+00 5.000000000000000000e+00 9.000000000000000000e+00 2.000000000000000000e+00 -2.203328364108473124e+03 7.191000000000146031e+01 1.046083525677951975e+01 -5.271438644985802391e+00 2.113017416013954541e+00
2.939370520712507151e+00 1.701413378393815012e+00 5.515514511616693483e+00 2.055475416383575116e+00 2.799396588639079475e+00 6.078709775210522359e-01 2.528457282490481628e-02 3.192736083099296795e+00 2.000000000000000000e+00 6.000000000000000000e+00 4.000000000000000000e+00 -2.257789584972959801e+03 2.171999999999992070e+01 1.543309906080998495e+01 -2.261943437256618061e+00 5.355459275553573484e-01
1.907119815405686314e+00 1.486733393020093441e+00 3.975467589410903280e+00 2.972142319951122325e+00 1.820671217276330189e+00 1.509889259678604434e+00 6.459361392418319081e-01 2.078317055233461552e+00 1.000000000000000000e+01 1.200000000000000000e+01 3.000000000000000000e+00 -2.204153897306682666e+03 2.287200000000056264e+02 5.612118581667498773e+00 -3.069350546861884244e+00 5.017794713128927775e+00
1.638620305515094300e+00 2.099633029788665617e+00 2.067467982726205467e+00 3.486150032770952478e+00 9.215802819309032445e-01 1.280919604402169787e+00 2.946491446891381649e-01 3.186190542579391494e+00 6.000000000000000000e+00 1.000000000000000000e+01 4.000000000000000000e+00 -2.122498035106218140e+03 7.330000000000011084e+01 5.365502194138625391e+00 -5.243458628871952021e-01 5.786455436994045742e-01
4.382876823345113193e-01 2.369902972330106383e+00 8.674826067028991616e+00 1.026608841604610411e+00 8.627542301075175057e-01 4.916451456385174668e-01 3.949135345413098963e-01 2.378109015393173209e+00 8.000000000000000000e+00 1.800000000000000000e+01 3.000000000000000000e+00 -2.503092342712529899e+03 5.074200000000166710e+02 1.558639641953256394e+01 -3.575019810195080527e+00 4.707978456185817784e+00
1.587580886275482772e+00 2.697210143167686702e+00 3.823209110234165209e+00 1.492583923970102866e+00 1.559201716310878449e+00 2.763888533175977713e-01 2.004183453412351490e-01 2.629756766455876527e+00 7.000000000000000000e+00 1.200000000000000000e+01 3.000000000000000000e+00 -4.460578034487236891e+02 3.601200000000105774e+02 1.662486271554490003e+01 -4.451584980707938288e-01 1.090770945605545189e-01
2.017701943273151333e+00 9.200100709450531600e-01 1.928653333588059793e+00 1.429587124921706032e+00 1.532398028124849487e+00 1.393564838112130833e+00 7.086230581617711799e-01 2.006329320006154937e+00 9.000000000000000000e+00 1.200000000000000000e+01 3.000000000000000000e+00 -2.191481244045091898e+03 2.271600000000055672e+02 4.868827752818064347e+00 -4.740289638322641608e+00 1.407383581338567335e+00
2.261185533434546091e+00 7.223158168923268230e-01 5.326105343161620098e+00 3.121446170071075610e+00 7.382694005392149705e-01 5.874582014420787202e-01 5.394565778434892156e-01 3.040350130215561553e+00 1.000000000000000000e+01 1.300000000000000000e+01 3.000000000000000000e+00 -2.141144589587463997e+03 1.103699999999989245e+02 5.372474349216534328e+00 -1.620266980427011561e+00 2.067402923484640831e-01
1.240024739952091615e+00 2.059888933148408707e+00 5.596958640297430065e+00 5.182178186416233068e+00 1.392800669064319097e+00 5.601714454094297579e-02 7.912846197259275627e-01 4.184067722651879428e+00 6.000000000000000000e+00 7.000000000000000000e+00 2.000000000000000000e+00 -2.259139923006730896e+03 2.324000000000007304e+01 1.546999518792065942e+01 -2.089159033039186042e+00 1.102857719898518329e+00
2.489688240801792851e-01 1.005198562952612562e+00 6.258550133916893188e+00 4.527023390601721431e+00 6.108255410051826040e-01 2.223293649431126173e-01 6.551289367436706756e-01 4.999460462683579465e+00 2.000000000000000000e+00 1.000000000000000000e+01 3.000000000000000000e+00 -2.261099930055931054e+03 2.840000000000013358e+01 1.543124562849567916e+01 -2.135543033392749201e+00 5.785041831127422540e+00
1.493686310969115638e-01 2.386516775237130350e+00 5.356544774104484041e+00 7.658523909946341135e+00 1.300538245619130340e+00 3.726944440562177108e-02 6.700116437533834013e-01 3.114686364541580765e+00 6.000000000000000000e+00 7.000000000000000000e+00 4.000000000000000000e+00 -2.030923613168456541e+02 2.100699999999860097e+02 6.128585082303289688e+00 -3.469521997942478508e-01 2.768999849712028283e-02
2.609917716538515009e+00 6.360529659650844270e-01 1.514860408318881912e+00 6.520600545536726855e+00 8.466316740872964486e-01 5.690872724047854048e-01 4.031073554734419528e-01 3.250396870937000138e+00 1.000000000000000000e+01 5.000000000000000000e+00 2.000000000000000000e+00 -2.253911825151063113e+03 1.605000000000009308e+01 1.536792657194144773e+01 -2.870691043938966125e+00 8.132466905945765975e-03
1.556543250981591520e+00 6.820957581582642870e-01 4.796069653470446781e+00 7.394766198749809227e+00 2.351292772389406593e+00 8.634555644994088563e-01 5.578267294526392250e-01 2.943380000819895148e+00 5.000000000000000000e+00 8.000000000000000000e+00 4.000000000000000000e+00 -2.224871801404614416e+03 1.168799999999978638e+02 1.040198758778848465e+01 -3.428943556192416864e+00 5.343439903614324860e-02
2.262306924519081885e+00 1.438440649823009565e+00 4.616025172540039634e+00 6.077642115954201785e+00 5.707041587263113058e-01 1.273737392393389456e+00 7.247843058689111828e-01 3.371763343171196858e+00 3.000000000000000000e+00 9.000000000000000000e+00 4.000000000000000000e+00 -2.257728109261199279e+03 3.501000000000006906e+01 1.501394432882493746e+01 -4.655910240160535452e+00 7.516855341158168446e-01
1.836296995202094884e+00 2.437163517422710868e+00 6.166349150438771076e+00 8.805258350200254824e+00 1.908760171852471377e+00 2.705354353739780060e-01 5.129447809337324138e-01 2.466692852469726915e+00 5.000000000000000000e+00 1.000000000000000000e+01 4.000000000000000000e+00 -4.161116027697121353e+02 3.000999999999997385e+02 1.662885017310701841e+01 1.894270546385858345e-01 2.764494169830083309e-02
1.195110814715946379e+00 1.767702122580801616e+00 5.983157778783789738e+00 5.389988434139407758e+00 2.528960194934972261e+00 1.304816756638033537e+00 2.237554879046549372e-01 2.981915171269549525e+00 3.000000000000000000e+00 9.000000000000000000e+00 3.000000000000000000e+00 -2.280241800426577356e+03 6.615000000000124203e+01 1.544792502666103573e+01 -6.380756888008117578e+00 1.520326960004715344e-01
1.596221959892138109e+00 1.117407448426925187e+00 2.894681181004735482e+00 6.388764207075505297e+00 1.648767613367177365e+00 4.113480706679175092e-01 8.096625981004657024e-02 2.346206079024289792e+00 7.000000000000000000e+00 4.000000000000000000e+00 3.000000000000000000e+00 -2.108028835101385539e+03 3.867999999999935312e+01 5.543052193836628838e+00 -7.552494024655482807e-01 2.232150171195843302e-01
2.583020230163804332e+00 9.322080132720689249e-01 3.509467428221171303e+00 2.221877283692498040e+00 2.209989073783169999e+00 4.826700965335618543e-01 6.489272285118113937e-01 3.912765056595627122e+00 4.000000000000000000e+00 1.600000000000000000e+01 2.000000000000000000e+00 -2.344917449463001958e+03 1.113599999999983368e+02 1.807734059143767169e+01 7.181339553456338454e-01 6.021291262849250980e-01
2.207976400504835013e+00 2.970123084944704672e+00 3.946185759028097095e+00 4.610803392745662421e+00 5.141181681074018517e-01 8.910600880799388612e-01 7.071610054720240957e-01 2.472099247389243359e+00 6.000000000000000000e+00 8.000000000000000000e+00 4.000000000000000000e+00 -2.266281569672451042e+03 3.663999999999957424e+01 1.549759810452819941e+01 -4.535491162936119425e-01 6.195415219914353955e+00
2.057549846417414230e+00 1.279371547391035646e+00 6.860952670236692086e+00 4.374110735429885821e+00 1.250328286391733545e+00 9.739016118292927182e-02 8.175126385152826636e-01 2.734362116396242381e+00 9.000000000000000000e+00 4.000000000000000000e+00 5.000000000000000000e+00 -2.256953533869741022e+03 1.663999999999982293e+01 1.553959586685882321e+01 -9.548071353609435263e-01 3.214392428209592589e-01
2.424514739513664363e+00 1.183246236179727351e+00 5.423257543395916258e+00 4.901848695414362744e+00 2.516969407626468591e+00 1.787027937965953939e+00 5.663396181761910508e-01 3.254670277980345361e+00 5.000000000000000000e+00 1.000000000000000000e+01 3.000000000000000000e+00 -2.191989801963748960e+03 4.570000000000037943e+01 1.057123762273429257e+01 -9.958366807939357912e+00 3.765285970131289517e+00
2.379375188468226376e+00 9.186744701886291331e-01 5.812119354195222520e+00 7.431679372687145069e+00 2.914974423652517466e+00 1.989436243269784299e-01 9.115827311010985534e-01 3.679714652097109351e+00 3.000000000000000000e+00 1.300000000000000000e+01 2.000000000000000000e+00 -2.335297633969405979e+03 5.226000000000031775e+01 1.932297712308787041e+01 1.432684456075281054e-02 6.565201806968075093e-01
1.468708562960913344e+00 4.138034253524823791e-01 2.829507167519975663e+00 6.259995222699604511e+00 7.894387299957270621e-01 1.375291421323529550e-01 4.696040642756484362e-01 2.901001779784569301e+00 6.000000000000000000e+00 3.000000000000000000e+00 2.000000000000000000e+00 -2.254265579856571094e+03 1.181999999999993989e+01 1.552222374103569358e+01 -1.289719559664666892e+00 6.282883471230638506e+00
2.621587435620873929e+00 5.779537354888956147e-01 3.405197964822004764e+00 3.063419744356347341e+00 2.378613974375346274e+00 4.429148192279451779e-01 2.583226535304275484e-01 2.146458900415869842e+00 1.000000000000000000e+00 2.000000000000000000e+00 2.000000000000000000e+00 -2.097037751547299194e+03 2.481999999999955975e+01 5.289234471706207863e+00 -1.635037356521445329e+00 5.612898333525101258e+00
9.568729518826086800e-01 2.134157252919315351e-01 5.665193002512061149e+00 5.239596526017935574e+00 2.141818850534830787e+00 1.269840628022141038e+00 3.207364110558156844e-01 3.915958217000385488e+00 7.000000000000000000e+00 1.500000000000000000e+01 4.000000000000000000e+00 -2.204054961200301477e+03 7.304999999999991189e+01 1.047062257501884375e+01 -1.336603069208152661e+01 2.644339519632835867e+00
1.295694768896532789e+00 1.337439193995075826e+00 1.587542543039032417e+00 4.238935755494362745e+00 1.044877632229090691e+00 7.198510565109750292e-01 4.352196987739788137e-01 3.185422754873709295e+00 3.000000000000000000e+00 9.000000000000000000e+00 4.000000000000000000e+00 -2.195333840380641959e+03 5.202000000000071367e+01 1.058274002379009637e+01 -3.129850653058920518e+00 5.474549020524558385e-01
2.136219523122850461e+00 2.403386111764873601e+00 1.187350552651670110e+00 6.407866888546983830e+00 1.775867879514478886e+00 1.243319092511199431e+00 7.677859404211022643e-01 3.128453174980576179e+00 9.000000000000000000e+00 1.000000000000000000e+01 2.000000000000000000e+00 -2.124990141546026280e+03 8.319999999999954809e+01 5.211883846626673922e+00 -1.095276364925808821e+00 2.178225910251417319e-01
2.776581735896960890e+00 1.698052425512799779e+00 3.428961400716785235e+00 1.378831858999310267e+00 4.953360478271822132e-01 3.857059925248823018e-01 8.582456958012923964e-01 2.938067525556794291e+00 1.000000000000000000e+00 7.000000000000000000e+00 3.000000000000000000e+00 -2.184635385823767592e+03 4.081000000000014438e+01 1.026439911398547089e+01 -2.246692884228868259e+00 2.492728420855401805e-01
2.692866507454239500e+00 3.001275249579631876e-01 1.302037809424201775e+00 3.863087320362822208e+00 2.586500988099535991e+00 1.130445945412367870e+00 5.945246955415003365e-01 3.536998718078828929e+00 6.000000000000000000e+00 3.000000000000000000e+00 2.000000000000000000e+00 -2.177144063819221174e+03 1.532999999999986507e+01 1.059244148870133628e+01 -6.549529784311552971e-01 5.709290467016064907e-01
2.287873598477735193e+00 2.964359482080394792e-01 3.161937610652286068e+00 2.814050113367508210e+00 7.751067630511627726e-01 1.559917902293751268e+00 3.845991896944860322e-01 2.387034956312235057e+00 1.000000000000000000e+01 1.600000000000000000e+01 4.000000000000000000e+00 -3.128693188720210969e+02 2.115199999999962017e+02 2.368117435781097804e-02 -1.689988222918719751e+00 5.303620946485239074e+00
1.957261797253113000e+00 8.038184281497338102e-01 3.440688118148794494e+00 4.560774328826837198e+00 8.511729174058837444e-01 2.681733283171300330e-02 9.528040523110301585e-01 3.587839376700414640e+00 3.000000000000000000e+00 5.000000000000000000e+00 4.000000000000000000e+00 -2.268694248718698873e+03 4.149999999999977973e+01 1.549651554491867778e+01 -4.962348655994195390e-01 6.253190217887712343e+00
2.371163897247333452e+00 1.551671209028010034e+00 2.296110208383955520e+00 2.687778108500634033e+00 6.707104668323956576e-01 3.133513124878797851e-02 6.705255734752467722e-01 3.300396327695147569e+00 6.000000000000000000e+00 1.000000000000000000e+01 3.000000000000000000e+00 -2.121853653478548949e+03 6.620000000000051443e+01 5.547103342409292814e+00 -9.421672605710662562e-01 1.620766175863717073e-01
2.039291186158264768e+00 4.301621457976226859e-01 2.653641849112745810e+00 6.603199340475672585e+00 2.747311006883682794e+00 7.315197945321125772e-01 4.831608937865647380e-01 2.554284258935016094e+00 2.000000000000000000e+00 7.000000000000000000e+00 1.000000000000000000e+00 -2.281091094048158993e+03 6.307000000000023476e+01 1.559725587800991775e+01 -1.716985973787827024e+00 5.906837945200497098e-01
1.155493336671299609e+00 9.420307910385744554e-01 4.282288177974946208e+00 4.929323953692621885e+00 2.137453531657518724e+00 1.784855624158793175e-02 1.487464883312806241e-01 2.932475732487266562e+00 6.000000000000000000e+00 1.200000000000000000e+01 3.000000000000000000e+00 -2.269932518254678598e+03 4.439999999999982094e+01 1.548328239091742198e+01 -2.287550420754292713e+00 5.807891518324773905e+00
6.693891258276484235e-01 2.796061222710743976e+00 4.309039908061395252e+00 3.933337677339268090e+00 1.946714618169143041e+00 2.560823421529037081e+00 6.819772657261370385e-01 2.365039396700770791e+00 9.000000000000000000e+00 1.500000000000000000e+01 2.000000000000000000e+00 -2.495760548893370469e+03 4.177499999999823217e+02 1.793034680583620855e+01 -1.387130402621248759e+00 1.314475153939535179e+00
4.756152336678303172e-01 4.925865218256249012e-01 2.192396273543531393e+00 3.948449531286655656e+00 2.944860115682052637e+00 1.139546944429374875e+00 2.702985732271613317e-01 2.679473514689630242e+00 8.000000000000000000e+00 5.000000000000000000e+00 5.000000000000000000e+00 -2.152630712692751331e+03 1.248499999999950489e+02 5.637857043297104909e+00 -3.077983830488910222e+00 1.450077797573334326e+00
1.442790422970723352e+00 2.367591187790292206e+00 5.689456247687088464e+00 1.368881957938681282e+00 9.071709510590023617e-01 1.159559785335616322e+00 6.035480682717218048e-01 4.033458989033453790e+00 4.000000000000000000e+00 1.300000000000000000e+01 2.000000000000000000e+00 -2.293064259139350270e+03 1.007499999999992610e+02 1.516807869620941496e+01 -1.544053687592959356e+00 6.102078775020909340e-01
2.402102739025553380e+00 1.524100224601154796e+00 7.667845454723243748e+00 5.445333139269714628e+00 8.516674858588972885e-01 2.382284884591415963e+00 5.663335063016698978e-01 2.973750965511301469e+00 4.000000000000000000e+00 1.300000000000000000e+01 4.000000000000000000e+00 -2.297441142500306796e+03 6.526000000000050250e+01 1.655069640626915373e+01 -6.307233517952863799e+00 3.353181757821089182e+00
1.646342100478321635e+00 1.009208444866795729e+00 2.867165861336456345e+00 1.737190682901013528e+00 4.827709266182999004e-01 9.782766674407556984e-01 3.393226416219374819e-01 3.387768164599527676e+00 1.000000000000000000e+01 9.000000000000000000e+00 3.000000000000000000e+00 -2.261892625562777539e+03 2.951999999999996049e+01 1.544578909767358255e+01 -2.324513002964276875e+00 3.300320508712444312e-01
2.856941306211963294e+00 3.263403611683197703e-01 3.369604594213696291e+00 1.976821637304023271e+00 2.634073468186103995e+00 6.186746755274222798e-01 5.393145235929697190e-01 2.721511288045556753e+00 4.000000000000000000e+00 7.000000000000000000e+00 3.000000000000000000e+00 -2.259420012127807240e+03 2.639000000000008583e+01 1.538906325798795471e+01 -5.655748385619757457e+00 2.349529926350258258e+00
2.764772350408470469e+00 1.900270040349810952e+00 3.178717176577397829e+00 1.529745701256890467e+00 1.535267322134689749e+00 6.536766470014327979e-01 9.593265842725238191e-01 3.142543140979435989e+00 5.000000000000000000e+00 2.000000000000000000e+00 3.000000000000000000e+00 -2.250790771178380055e+03 6.439999999999950653e+00 1.547317319864873753e+01 -2.814718924535350553e+00 1.123552129797565496e-01
3.877026091055070234e-01 2.459304669410570021e+00 9.463696005002741884e+00 6.392981892244389286e+00 3.459903071919135376e-01 8.976226552259621849e-01 5.774622502689540360e-01 3.630397157662578866e+00 7.000000000000000000e+00 3.000000000000000000e+00 4.000000000000000000e+00 -2.250323459241963519e+03 9.359999999999992326e+00 1.535271620262272840e+01 -1.948907604121971282e+00 6.146212369812144694e+00
8.362372444947462347e-01 1.226015512408109798e+00 7.961604375008589862e+00 4.244753102429871028e+00 2.530289595744848796e+00 1.690726221596861478e+00 1.610699915875878352e-01 3.258405144216751204e+00 6.000000000000000000e+00 7.000000000000000000e+00 4.000000000000000000e+00 -2.275690376536674648e+03 5.194000000000018957e+01 1.560752353354214605e+01 -2.061464489397806688e+00 9.117701397509521133e-01
2.140681849362277678e+00 1.784535975901798022e+00 4.192456808926237954e+00 8.285169397880713049e+00 1.737896199663627961e+00 1.636091008742342812e+00 7.801256306855580691e-01 3.353758323515354078e+00 6.000000000000000000e+00 1.400000000000000000e+01 2.000000000000000000e+00 -6.800631338106189787e+02 1.125600000000004144e+02 -7.188536412014792654e-03 -1.205427903785713717e+01 4.329768821097643716e+00
1.490939050730863968e+00 2.163539262982863143e+00 6.606502565952055761e+00 4.282764931186043178e+00 3.659972131463906653e-02 2.346887637150250339e-01 5.460503362801643057e-01 3.413559625392287522e+00 1.100000000000000000e+01 1.800000000000000000e+01 4.000000000000000000e+00 -2.273050105449051443e+03 5.345999999999992980e+01 1.539500659056574072e+01 -3.178913020539531953e+00 8.317045835268238596e-03
1.365809128663674432e+00 5.992711487179602781e-01 4.563152694189081870e+00 3.172793244369354060e+00 1.667476504562100947e+00 3.473541728718765320e-01 7.899642996270976880e-01 3.576566269580486068e+00 7.000000000000000000e+00 1.700000000000000000e+01 4.000000000000000000e+00 -2.143103731140009131e+03 1.084600000000009175e+02 5.554608196250540253e+00 -1.149367742352191080e+01 1.638534121878827188e+00
6.678463038606352598e-01 2.935019726061448342e+00 4.701481505680357387e+00 9.068376063610870119e+00 9.872363736793404732e-01 1.281330690868562661e+00 7.227191075043286617e-01 3.812261202373549818e+00 1.100000000000000000e+01 1.900000000000000000e+01 3.000000000000000000e+00 -2.154880478634010615e+03 6.687999999999968281e+01 7.590029914625682217e+00 -2.084921550317434935e+01 2.526243212482459644e+00
2.322472901392663047e+00 4.742672316931372256e-01 1.126404051363448566e+00 3.290173790300743750e+00 2.055174449058902120e+00 3.932930186824104002e-01 4.378563199397263461e-01 2.787389818743218228e+00 4.000000000000000000e+00 4.000000000000000000e+00 2.000000000000000000e+00 -1.377046176967055828e+02 6.107999999999887564e+01 1.559644904069589812e-02 -9.407017983648519044e-01 6.159432475370843818e+00
