1.332388512184422336e+00 1.482414260881768531e+00 4.293840191058239775e+00 4.893811774614242438e+00 2.514486432331157761e+00 1.275141687852896943e+00 3.876830704660781945e-01 2.857378890907057656e+00 5.000000000000000000e+00 9.000000000000000000e+00 4.000000000000000000e+00 -7.865328611854553174e+02 7.623000000000162402e+01 -1.348438511844976817e-01 -1.651474639141397915e+01 4.145431113064187656e+00
6.683356062147118859e-01 1.289722349719489847e+00 5.858902312502633158e+00 4.193707680309719521e+00 1.814040864371746498e+00 1.100598707468795290e+00 2.647684604792756580e-01 3.925080509069171164e+00 4.000000000000000000e+00 8.000000000000000000e+00 5.000000000000000000e+00 -2.268790545564897002e+03 4.183999999999946340e+01 1.549190909780608116e+01 -7.940841399960454794e+00 2.780414747693327637e+00
1.578745858121276324e+00 1.088234457392196486e+00 3.975406493527828378e+00 5.162703792732727948e+00 1.873025396243148011e+00 1.783180717610419463e-01 1.982606025249723236e-01 4.028799039668861326e+00 1.100000000000000000e+01 3.000000000000000000e+00 4.000000000000000000e+00 -2.249736974729335088e+03 7.890000000000020997e+00 1.536199842058342213e+01 -2.368189599287803482e+00 5.795210371243735281e+00
9.166441120469588366e-01 2.464096108352243686e+00 6.697602428158738519e+00 6.285206566878081880e+00 3.807767864183855266e-01 1.813264849372176801e+00 4.938579873744010640e-01 2.326742854261626636e+00 7.000000000000000000e+00 7.000000000000000000e+00 3.000000000000000000e+00 -2.121935159170470797e+03 6.677999999999997272e+01 5.534072448154415902e+00 -1.236000312882092667e+00 6.083469654892312839e+00
1.810254143828599616e-01 2.174544194668112773e+00 2.703985063912059061e+00 3.883364967212512120e+00 4.076231024912355672e-01 6.268569673144857024e-01 2.092890549782480403e-01 3.291761989863954074e+00 6.000000000000000000e+00 1.800000000000000000e+01 4.000000000000000000e+00 -2.229832411734243124e+03 1.297800000000023886e+02 1.030890073339012503e+01 -3.867847256542917833e+00 8.451203351378377970e-01
1.336355530439831796e+00 1.417285093563498855e+00 8.247290303061371119e+00 8.203857660194829649e+00 2.018570560012217463e+00 1.472314330702239937e+00 3.761484123341828356e-01 2.034183506541956010e+00 7.000000000000000000e+00 1.300000000000000000e+01 3.000000000000000000e+00 -2.331626436596678559e+03 1.663999999999969646e+02 1.552665228729249947e+01 -5.286900415710480416e+00 1.254002678500023782e+00
2.510530302613656506e+00 1.627555416187108861e+00 2.156760016253720824e+00 6.019175944986363547e+00 6.691114578780353872e-01 7.110054686481083186e-01 8.589947345053635663e-01 4.037598735719475584e+00 4.000000000000000000e+00 1.000000000000000000e+01 3.000000000000000000e+00 -2.190924186707080935e+03 5.340000000000048885e+01 1.026401166919255381e+01 -4.428172524139612598e+00 5.709593456887689378e+00
1.765335409715465542e-01 1.135588951274473235e+00 5.178339870051997806e+00 3.763822558016405750e+00 1.322184730641532635e+00 4.862496011015532416e-01 8.438892628660540907e-02 2.843164869000087247e+00 5.000000000000000000e+00 4.000000000000000000e+00 4.000000000000000000e+00 -2.181922320032184871e+03 2.743999999999959272e+01 1.051264500201157404e+01 -3.008885757689302998e-01 5.813458762218740028e-03
2.457437559108531566e+00 1.023861073337768435e+00 4.764477267377962733e+00 6.913284962107309362e+00 1.184508843540213574e+00 1.354115460946464067e+00 5.370281383679353926e-02 2.851425504749466100e+00 1.000000000000000000e+01 7.000000000000000000e+00 3.000000000000000000e+00 -2.113514571422354038e+03 5.446000000000019980e+01 5.392785713897107591e+00 -1.634739262923418757e+00 6.241588636933259160e+00
2.968249586967251830e+00 1.982999358155131508e+00 6.984241913518916434e+00 4.229515346910119433e+00 9.301144820271480818e-01 1.410710427130780431e+00 6.644781091324821753e-01 2.838696017556333384e+00 8.000000000000000000e+00 1.800000000000000000e+01 2.000000000000000000e+00 -2.312405831893496270e+03 1.306800000000024227e+02 1.544161449334342784e+01 -8.815472368490705479e-01 8.881534783100131225e-01
1.428229443612096805e+00 2.528007928785896752e+00 6.773147574314202224e+00 9.583633437169506664e+00 2.482037770385139286e-01 6.287680929997937485e-01 5.157583547560136150e-01 3.211359132069259825e+00 2.000000000000000000e+00 1.300000000000000000e+01 2.000000000000000000e+00 -2.151402359117014385e+03 1.433899999999977695e+02 4.981709944813484725e+00 -1.568882676206484028e+00 6.258939788513115943e+00
8.140861511282273533e-01 2.005085203172412012e+00 3.768921451500739650e+00 6.712010834142136062e+00 1.512567946774983962e+00 7.060504343190781018e-01 5.929204630747835214e-01 3.205693837606026886e+00 1.100000000000000000e+01 1.200000000000000000e+01 4.000000000000000000e+00 -2.161551011393033605e+03 1.434000000000023931e+02 5.615688212064513074e+00 -1.317267207052083444e+00 9.094986358458846398e-01
1.754585085969757152e+00 5.158343140612089428e-01 5.881515352154460530e+00 8.706611308116503523e+00 8.612497830292371592e-01 2.662171683167789737e+00 2.061830119163047259e-01 3.491583861385599175e+00 1.000000000000000000e+01 1.500000000000000000e+01 4.000000000000000000e+00 -2.269521792432215989e+03 4.109999999999978826e+01 1.556073702701350570e+01 -4.069392577429561619e+00 4.560064615925397136e-01
1.399424200606218083e+00 1.546636752520094138e-01 6.165954005414639560e+00 3.509495871792496224e+00 1.134247440238602689e+00 1.311125457708202102e+00 3.179413727166555126e-02 4.019203280538031109e+00 8.000000000000000000e+00 1.400000000000000000e+01 5.000000000000000000e+00 -2.198440186834655378e+03 6.650000000000022737e+01 1.032438667716596647e+01 -1.256953019391922588e+01 5.107525685150819506e+00
1.610539748440581898e+00 1.821899966792510650e+00 4.368265723653038002e+00 5.325684990365277649e+00 2.454216193455037054e+00 1.570753798462524831e+00 3.907811293758273186e-01 2.034129954220842418e+00 9.000000000000000000e+00 4.000000000000000000e+00 4.000000000000000000e+00 -2.141953555902628068e+03 1.102400000000060345e+02 5.427097243914068336e+00 -5.681412928820227526e-01 2.230684493670510860e-01
2.816885094622116892e-01 2.008211501153695622e+00 5.373270609209678028e+00 2.752340381615946630e+00 8.947345774386774586e-01 1.605967661768467725e+00 4.397668604029081885e-01 2.111008924615996207e+00 8.000000000000000000e+00 1.300000000000000000e+01 4.000000000000000000e+00 -3.179769171915225456e+02 3.504799999999905253e+02 1.003463662104342284e-02 -1.538621424725856723e+00 6.267185248642659801e+00
2.405106333974221799e-01 1.634631359217303626e+00 5.185487852231466022e+00 6.801885007923012871e+00 2.136616151749731962e+00 1.341569579663160150e+00 5.163560625491132594e-01 2.750839521630251028e+00 1.000000000000000000e+01 1.300000000000000000e+01 3.000000000000000000e+00 -2.309389939490005872e+03 2.566199999999938086e+02 1.131749621812557827e+01 -1.342146368149816027e+01 1.812062610673648599e+00
2.299327825856110508e+00 1.929666871353375557e+00 2.462697850930061882e+00 3.902000570042575500e+00 1.223007816007190662e+00 1.663039336720405270e+00 5.218844989552058333e-01 3.633403366178447502e+00 7.000000000000000000e+00 6.000000000000000000e+00 4.000000000000000000e+00 -2.106332307399866295e+03 3.635999999999986443e+01 5.509519212491658990e+00 -2.316432090465905258e+00 2.647220065014473378e-01
4.028128611849914886e-01 1.858410094575840832e+00 4.603552139309805113e+00 4.236342781427581805e+00 1.205132847746369862e+00 1.505216603797015162e+00 3.903965714272407128e-01 3.129011023495547938e+00 9.000000000000000000e+00 1.600000000000000000e+01 3.000000000000000000e+00 -2.231180016740778228e+03 1.299199999999979411e+02 1.038875104629870627e+01 -4.330497458406719957e+00 4.645497501829560782e+00
2.621951687474344261e-01 5.191677641865966031e-02 6.911248881362152652e+00 2.174477862377653281e+00 1.225618991254740386e+00 2.376500956269416986e-01 2.882172781766444980e-01 2.050545346431209559e+00 5.000000000000000000e+00 1.100000000000000000e+01 4.000000000000000000e+00 -1.155147283577519374e+03 1.408000000000009777e+02 -4.862317729350651430e-02 -2.224029716886978392e+01 3.168500619620073788e+00
2.757446948266073505e-01 1.989272557091329441e+00 4.417547323688125083e+00 9.641173835480062237e+00 3.551434691801758081e-01 4.609849736614046734e-01 7.275363142592564669e-01 2.206079484021460146e+00 7.000000000000000000e+00 9.000000000000000000e+00 3.000000000000000000e+00 -2.172271443960542001e+03 1.825200000000056377e+02 5.063215247533683794e+00 -4.948757825973825186e-01 6.048154049123362519e+00
1.851680665176644203e+00 1.295112153276257505e+00 4.598875948612006326e+00 3.414297640330779871e+00 1.040587100186842084e+00 8.511303880692683288e-02 3.561090429212219188e-01 2.756173850731541641e+00 7.000000000000000000e+00 1.300000000000000000e+01 2.000000000000000000e+00 -2.283175482616766658e+03 6.227000000000051472e+01 1.575253016354789715e+01 1.755301614872910310e-01 6.629919723036853396e-01
4.325801418975327994e-02 2.211841417881325267e+00 2.921414274296603164e+00 3.073741445982166809e+00 2.006838713166950505e+00 6.550596729949992314e-01 9.198576830158717854e-01 2.865831567092877119e+00 7.000000000000000000e+00 1.400000000000000000e+01 2.000000000000000000e+00 -2.312633545521933684e+03 8.862000000000031719e+01 1.677022159512083377e+01 -3.588414205206810426e+00 5.420211464822694225e+00
1.051488693978942290e+00 2.193202828293876472e+00 3.880886421740408210e+00 2.907145204207705724e+00 2.368862209706804833e+00 1.660958347559418069e+00 5.044885936690687300e-01 3.519732529246368369e+00 1.000000000000000000e+01 1.300000000000000000e+01 4.000000000000000000e+00 -2.252252036469830273e+03 1.908399999999961096e+02 9.802002279364494086e+00 -2.973836301873436838e+00 7.571744201471125590e-01
4.630907232306399890e-01 4.238846724800369170e-01 4.298306826520341239e+00 1.545391112124268052e+00 1.570501954645265652e+00 1.172083752193552764e+00 8.769870078221515541e-01 3.408273661548380851e+00 9.000000000000000000e+00 2.000000000000000000e+01 5.000000000000000000e+00 -2.278739824108466109e+03 5.740000000000027569e+01 1.562748900677913966e+01 -6.446705666656606937e+00 4.795340972876445562e+00
4.849387161505697152e-01 6.821610564501381369e-01 3.222613869675249987e+00 5.798598041710162576e+00 2.337920693985283405e-01 6.238138755062799801e-01 2.283232449506159556e-01 2.103255695372568290e+00 6.000000000000000000e+00 1.300000000000000000e+01 4.000000000000000000e+00 -2.058864099110121799e+02 1.978599999999958641e+02 1.085875289893461181e-02 -1.537715249498944559e+00 1.237054920196601349e-01
2.162743337086683759e+00 1.322388830226095990e+00 6.489234041873061187e+00 4.489584687202580859e+00 1.750222126415767354e+00 3.722595134262707273e-01 6.680165283968914069e-02 4.087493505235827662e+00 1.100000000000000000e+01 1.400000000000000000e+01 4.000000000000000000e+00 -2.169166335362592235e+03 1.622599999999971487e+02 5.502270960162096713e+00 -3.255557829659116997e+00 5.243056118909641405e+00
2.785232520095590747e-01 1.426454574492876937e+00 6.744373299131813937e+00 3.081427033506747293e+00 1.024298065625830922e+00 1.750109077295859961e-01 8.078113638588818590e-01 3.628642946824307103e+00 5.000000000000000000e+00 1.200000000000000000e+01 4.000000000000000000e+00 -4.603264149972667951e+02 3.601200000000105774e+02 1.751665093732884415e+01 -5.669050157064705608e-01 4.654930335752791026e-02
1.637113519142279427e+00 9.113757461465592513e-01 3.219688499290339401e+00 3.188730021516663626e+00 7.596668674217252892e-01 3.866376907116192418e-01 1.465799893992184022e-01 2.588455019066993490e+00 9.000000000000000000e+00 1.000000000000000000e+01 2.000000000000000000e+00 -2.213038439408964223e+03 9.349999999999896261e+01 1.039302746306029590e+01 -2.313811647481266720e-01 2.120500965595795151e-03
4.982098884859168519e-01 1.790031662374139909e+00 8.461165999577392682e+00 2.797150759142536636e+00 1.034952358301606257e+00 7.588120181214579318e-01 2.938733771758039737e-01 2.698154438388853826e+00 9.000000000000000000e+00 1.200000000000000000e+01 4.000000000000000000e+00 -2.231300231875889494e+03 1.420800000000023431e+02 1.001626449224302284e+01 -4.020298504094523828e+00 5.523104369111032641e-01
9.414044340378379117e-01 8.739780089601664193e-01 4.343495885373327425e+00 3.923046792783074999e+00 2.095637895419109054e+00 3.902340590580061219e-02 5.338047665821044063e-01 3.312208126414622811e+00 5.000000000000000000e+00 1.300000000000000000e+01 5.000000000000000000e+00 -2.353960565679190950e+03 2.125499999999953502e+02 1.548034785494956189e+01 -4.182823084948437575e+00 4.372905216746179491e+00
7.519835738511844170e-01 2.315304526848717792e+00 5.120078313595784358e+00 5.898762603711395158e+00 2.791795485070411309e-01 1.058533856313108812e+00 8.426008565535316741e-01 3.684494332228572588e+00 4.000000000000000000e+00 1.600000000000000000e+01 4.000000000000000000e+00 -2.202095362737904907e+03 6.399999999999933920e+01 1.063096017111909042e+01 -7.309509626954826089e+00 4.171364409926415107e+00
2.002489508426086751e+00 1.309644682964367313e+00 6.757260621425423608e+00 1.283007754875896911e+00 2.634693614797209094e+00 2.040269245094067652e-01 2.630744457541739356e-01 2.063755706088321595e+00 7.000000000000000000e+00 6.000000000000000000e+00 3.000000000000000000e+00 -2.174083293542978936e+03 1.746600000000050841e+02 5.422080846436028168e+00 -4.639497433251095759e-01 2.609134182714301434e-02
2.382220175985290955e-01 9.167993940602042757e-01 6.962823947897972765e+00 2.947597378618448172e+00 2.713639201048531735e+00 2.837344059577899813e-01 7.854821586427135349e-01 4.234845232072126819e+00 5.000000000000000000e+00 1.600000000000000000e+01 2.000000000000000000e+00 -2.270280918995896172e+03 5.199999999999959499e+01 1.526755743724352676e+01 -8.267267899737577252e+00 7.087128295303450898e-01
1.174511338809028249e+00 1.146254411616254520e+00 7.939583469388019843e+00 6.625237730342563580e+00 1.096157535529901583e+00 4.367396633494201041e-01 5.061718161960550022e-01 2.762970896284517863e+00 2.000000000000000000e+00 1.300000000000000000e+01 4.000000000000000000e+00 -2.360506418870541893e+03 2.209999999999950546e+02 1.562540117940900686e+01 -2.949487255357682081e+00 4.949756470382778772e+00
2.519508294783514124e+00 1.747070703941822956e+00 8.716378475652305724e+00 4.025767530735044453e+00 1.303100507823135690e+00 8.969074811875492603e-01 2.661891157947279818e-01 3.110798084275569586e+00 1.100000000000000000e+01 3.000000000000000000e+00 3.000000000000000000e+00 -2.254278564089931479e+03 1.016999999999997506e+01 1.557459775562071158e+01 -2.308950353614904749e+00 5.665550945361887081e+00
2.123556304124360583e+00 1.609674896688516599e-01 4.802092127426067947e+00 3.512138022178930008e+00 1.991959437823360046e+00 6.606772769787833122e-01 3.677530388281708973e-01 2.233077992729349148e+00 7.000000000000000000e+00 1.400000000000000000e+01 3.000000000000000000e+00 -2.280197872255959737e+03 7.084000000000024500e+01 1.529861701599747725e+01 -2.577721998435242856e+00 6.496165154074114989e-01
7.574908842968874900e-02 1.590675145080352237e+00 4.610058413430301094e+00 3.623752234935305960e+00 1.988539580035791676e+00 6.146625030227281794e-01 6.608681547143124835e-01 2.428217443898196048e+00 9.000000000000000000e+00 1.300000000000000000e+01 3.000000000000000000e+00 -2.275913328382414420e+03 5.681000000000040728e+01 1.546927052390089408e+01 -4.390027506651417610e+00 4.685483140875144947e+00
5.238892151698841815e-01 2.638891363730769601e+00 6.169981674180780473e+00 4.952080897114399249e+00 1.796695167549985594e+00 1.811229828364073313e+00 3.680037189884813875e-01 3.294961821577206518e+00 2.000000000000000000e+00 1.500000000000000000e+01 5.000000000000000000e+00 -2.425684580209669093e+03 4.285499999999806846e+02 1.321309876310490594e+01 -7.064219674685083383e+00 2.035905448749289359e+00
2.290941862268031315e+00 1.883486906483013978e-01 7.631317700876096843e+00 6.748710353954085583e+00 2.132556896698852178e+00 7.188202460626887946e-01 5.719030785340342149e-01 2.251159314900542441e+00 2.000000000000000000e+00 1.700000000000000000e+01 2.000000000000000000e+00 -2.310663765855249494e+03 1.327700000000007492e+02 1.526742286595307263e+01 -1.058032449289685317e+00 1.071365797292989974e+00
1.764215350598857146e+00 1.317280057691187833e+00 9.119987104053606686e+00 1.831193132637958687e+00 1.814815938234829229e+00 5.658118358964887573e-01 1.102810712782975322e-01 3.684643757034860023e+00 6.000000000000000000e+00 8.000000000000000000e+00 5.000000000000000000e+00 -2.157742405288066493e+03 1.393599999999993884e+02 5.503900330504160721e+00 -3.944963417913801340e+00 4.269074170181156092e+00
1.126142413373147216e-01 8.523720201706846966e-01 4.910557441697713799e+00 5.831782081311278176e+00 2.050963148855288409e+00 1.006723166721164908e+00 4.229960855494077632e-02 2.987981796287443981e+00 6.000000000000000000e+00 1.900000000000000000e+01 5.000000000000000000e+00 -2.210781658440494084e+03 8.511999999999946453e+01 1.051385365253089610e+01 -8.601922802041864102e+00 1.300697133923076620e+00
1.473803647636925174e+00 1.129970802304928190e+00 6.084805575222468121e+00 7.036801384041683427e+00 4.927632991094414994e-01 3.446831598653839479e-01 2.431140992327122108e-01 2.898864651684009974e+00 1.100000000000000000e+01 1.500000000000000000e+01 4.000000000000000000e+00 -2.282024311327132637e+03 6.749999999999970157e+01 1.551714445794578978e+01 -8.561816722642539013e-01 1.162076067528861611e-01
5.903156503493627305e-01 1.038513087669407753e+00 4.130520787936444727e+00 9.344371960797946741e+00 1.661155670238873450e+00 2.093331873313954983e-01 7.297711261427911600e-01 2.151690685069395759e+00 3.000000000000000000e+00 1.200000000000000000e+01 3.000000000000000000e+00 -2.373157713414939280e+03 2.580000000000067075e+02 1.525985708843350785e+01 -6.411596423347627471e+00 8.766931601062668555e-01
5.674349682048155374e-01 2.652196656321513135e+00 2.283495263779553142e+00 4.960665676287963066e+00 2.446974261554769325e-01 3.663861520632240576e-01 5.671812323613202311e-01 2.453374348418875694e+00 8.000000000000000000e+00 5.000000000000000000e+00 2.000000000000000000e+00 -2.259191801294688048e+03 2.170000000000017337e+01 1.552136258091799625e+01 -6.479332944287622409e-01 8.301265942235590278e-02
6.754745733705178612e-01 2.813196208569795687e+00 1.527535646494691868e+00 9.879202733391416302e+00 1.214346174671816270e+00 1.546091090692072401e+00 6.388024107732825918e-02 3.156490103021082572e+00 1.000000000000000000e+00 4.000000000000000000e+00 4.000000000000000000e+00 -2.090201255438175394e+03 2.619999999999961915e+01 4.818828464885991814e+00 -4.987334688710443054e+00 5.796848863370054339e-01
1.016909995996567284e+00 8.417714941641215587e-01 8.316692845698831604e+00 4.566018222187745224e+00 2.660891254506221326e-01 3.031498239046145904e-01 1.746446118860945917e-01 3.610430938565576398e+00 6.000000000000000000e+00 1.100000000000000000e+01 4.000000000000000000e+00 -2.122803271483660865e+03 7.039999999999969305e+01 5.475204467728823410e+00 -1.419337369408048666e+00 1.947174174919375222e-01
1.231658379716794371e+00 1.891201185993247380e+00 5.135915682197008891e+00 5.236556229010356667e+00 1.186393776763784436e+00 8.459718266528498676e-02 5.216327786601437921e-01 2.891584628681909130e+00 1.100000000000000000e+01 8.000000000000000000e+00 3.000000000000000000e+00 -5.790526927730316231e+01 1.151999999999978996e+02 1.907932983151334333e-02 -7.687481542015728309e-01 1.077841345922259109e-02
