2.628458986715468626e+00 2.645670346372486659e+00 9.194127703589096257e+00 4.779072434283838433e+00 5.483180050373621661e-01 6.301897826336699815e-01 9.261872164708047084e-01 2.242390611462419248e+00 2.000000000000000000e+00 1.800000000000000000e+01 3.000000000000000000e+00 -1.864480336051634310e+02
1.145069735525408694e+00 1.691997140087030393e-01 6.714178466850984073e+00 8.166831644812944546e+00 3.829030626602110132e-01 3.436804314088380830e-01 1.198604140324690537e-01 3.739424740142329728e+00 1.000000000000000000e+01 3.000000000000000000e+00 2.000000000000000000e+00 -1.286329271684224693e+02
2.197646973355789068e+00 2.063055548993420363e+00 5.342587950741896741e+00 3.689859770344470213e+00 2.872368714009358115e+00 2.626110590257937361e+00 8.021140491288145657e-01 3.742505101403410084e+00 9.000000000000000000e+00 2.000000000000000000e+01 3.000000000000000000e+00 -1.563956377326115330e+02
2.651695829250116265e+00 2.798102922264418702e+00 4.476117740079079255e+00 8.053882050968052653e+00 1.467265367764665429e+00 8.728834557159874663e-01 3.792896810887627090e-01 2.942778072699103742e+00 3.000000000000000000e+00 1.900000000000000000e+01 1.000000000000000000e+00 -1.731248856317325817e+02
1.780669947296469324e+00 1.870855784770099728e+00 8.548451484993375260e+00 2.758422619749726579e+00 1.055176399558719780e+00 2.235975383294806385e+00 5.385951678103640949e-01 3.067487292450991276e+00 4.000000000000000000e+00 2.000000000000000000e+00 5.000000000000000000e+00 -1.272650439651421976e+02
2.428065743193754678e+00 9.915381558095626158e-01 5.735836968568927219e+00 7.286610501272694940e+00 6.814592746275709434e-01 1.392858944564140389e+00 2.388426720760827293e-01 4.763936796605909407e+00 4.000000000000000000e+00 1.400000000000000000e+01 2.000000000000000000e+00 -1.484696926217890223e+02
1.804125323764032229e+00 2.037308627120743676e+00 2.963584604882064433e+00 6.995282156814795371e+00 2.075294243192016275e+00 2.605560926434014490e+00 3.722227773972263121e-01 3.523458121112712949e+00 4.000000000000000000e+00 1.900000000000000000e+01 4.000000000000000000e+00 -1.503396042375598824e+02
2.771835210165239705e+00 2.850629880429182972e+00 8.865377990999276037e+00 7.852792086211850986e+00 2.005473107325498550e+00 2.153086296078480455e+00 3.980293013581944761e-01 3.394499034761517819e+00 1.000000000000000000e+00 4.000000000000000000e+00 4.000000000000000000e+00 -1.010441783132331147e+04
1.160791584915874308e+00 9.795361966047101410e-01 6.619736261726627546e+00 2.157296437685308543e+00 5.418528007174254757e-01 6.845315724756457776e-01 7.170362862662800207e-01 4.328161250580528474e+00 4.000000000000000000e+00 3.000000000000000000e+00 4.000000000000000000e+00 -1.280500193989061870e+02
9.634007469625548437e-01 2.977320139979173330e+00 5.674096654252726246e+00 2.669659067386955797e+00 2.464735808015196206e+00 1.047546841143801810e+00 5.703944278470612916e-01 4.353783575904354386e+00 0.000000000000000000e+00 1.100000000000000000e+01 3.000000000000000000e+00 -1.552610072637725409e+02
2.020550500559822105e+00 1.554147858487499700e+00 6.796892994495332019e+00 3.840466002098830156e+00 1.927802482939152240e+00 2.725865273815658796e+00 1.658930295628218143e-01 2.726883151391616966e+00 7.000000000000000000e+00 1.400000000000000000e+01 2.000000000000000000e+00 -1.013580755080102062e+04
2.755511067079473797e+00 6.033071038300205635e-02 4.408085862981588221e+00 3.745713657497757865e+00 1.605523196146536602e+00 7.979105690861163502e-01 6.201964079939618069e-01 2.154838833259172581e+00 5.000000000000000000e+00 6.000000000000000000e+00 2.000000000000000000e+00 -1.006408915515051558e+04
2.072512199536200139e+00 3.666316323528886478e-01 1.437486333752872714e+00 2.386235902863548919e+00 2.123806388831359193e+00 1.219371216943784475e+00 1.996679044042185824e-01 4.126059999416338719e+00 9.000000000000000000e+00 1.100000000000000000e+01 1.000000000000000000e+00 -1.373743016825007430e+02
7.320524734969502401e-01 8.185782115423692051e-01 6.174658505445391299e+00 1.965782801291922066e+00 1.900296039226674338e+00 7.281979301227092805e-01 8.308945400125442582e-01 3.504373830186169769e+00 8.000000000000000000e+00 7.000000000000000000e+00 2.000000000000000000e+00 -1.005255215152084929e+04
1.860352093358796255e+00 4.815658532859143914e-01 4.599959946893951823e+00 4.164893192639440578e+00 1.132882341386820313e+00 2.631877575976431682e+00 2.713843376703384269e-02 2.572955970593041819e+00 5.000000000000000000e+00 1.200000000000000000e+01 2.000000000000000000e+00 -1.685102125786713714e+02
1.943499912532437257e+00 2.345777707473699625e+00 3.660710321062158101e+00 8.008335587285831281e+00 2.635527620274802363e+00 1.697818278292426486e+00 2.513015779923435389e-01 2.711090906589461280e+00 2.000000000000000000e+00 1.400000000000000000e+01 5.000000000000000000e+00 -1.514455065740041846e+02
2.198252445339552441e+00 2.715382640331059250e+00 6.434485628300665283e+00 4.822458995612329602e+00 3.125367613985874371e-02 9.793243376891175300e-01 7.240931856973251701e-01 3.514106278827350049e+00 9.000000000000000000e+00 8.000000000000000000e+00 5.000000000000000000e+00 -1.357403143220490449e+02
1.525442614560814203e+00 2.489749867771227976e+00 4.613739606556372053e+00 5.861828060898075954e+00 1.862491704752898380e+00 8.028928798300793979e-01 7.101406300096224644e-01 2.473610500115901889e+00 8.000000000000000000e+00 8.000000000000000000e+00 3.000000000000000000e+00 -1.333601289398467316e+02
4.178521793464060607e-01 1.971516099890191498e-01 1.534776416673565791e+00 2.230306170140853972e+00 1.458044757713894857e+00 2.557007936909739598e+00 1.768094276260530340e-01 3.384500042385089280e+00 1.000000000000000000e+01 1.100000000000000000e+01 1.000000000000000000e+00 -1.408726881319602171e+02
1.195755686939625750e-02 4.834532489309820713e-01 9.456357654045593364e+00 3.263109962378559992e+00 8.330765682399330352e-01 5.675649041785093551e-01 5.310513210896372627e-01 4.650992583840478645e+00 3.000000000000000000e+00 1.200000000000000000e+01 5.000000000000000000e+00 -1.101510528789566479e+02
1.226538131294798495e+00 8.098737570156695487e-01 2.728610534786290565e+00 6.340579602996696096e+00 1.568425492089341455e+00 4.323228413933951630e-01 4.559693570018341080e-01 3.315820856685793849e+00 1.100000000000000000e+01 1.600000000000000000e+01 5.000000000000000000e+00 -2.146810418748902975e+02
3.111134350429169970e-01 2.799485133123234881e+00 6.805612350340576100e+00 5.542569526616915709e+00 2.853339151463422318e+00 2.784439245196869361e+00 4.243494658219781890e-02 2.338258293219761086e+00 1.000000000000000000e+01 9.000000000000000000e+00 3.000000000000000000e+00 -1.504352702060754723e+02
1.765303690968579975e+00 9.284476124572542677e-01 4.504839578770168274e+00 9.931077446563181255e+00 8.830422458498365934e-01 1.655234917161956476e+00 2.943460948342880856e-01 3.415262640830311280e+00 1.000000000000000000e+00 1.000000000000000000e+01 3.000000000000000000e+00 -1.394060601392557999e+02
2.880985879452751863e+00 2.921991058083747816e+00 9.978577430280775928e+00 4.547002996409629461e+00 9.575968450850729230e-01 1.654673591658909704e+00 9.736098495395002494e-01 3.960349720281080010e+00 5.000000000000000000e+00 1.300000000000000000e+01 2.000000000000000000e+00 -1.016142333220394175e+04
1.751404041797717248e+00 1.059746701807556146e+00 2.961049831819884570e+00 4.103142628437352002e+00 2.230903270564270180e+00 8.516858626609780103e-01 3.484752042402644578e-01 4.917863668936814925e+00 2.000000000000000000e+00 6.000000000000000000e+00 1.000000000000000000e+00 -1.299344079754850725e+02
2.764783193344759304e+00 2.145088751712643571e+00 6.740038989369746325e+00 4.055619059268372517e+00 1.386040789723609112e+00 1.994816721593549058e+00 2.792607367925158957e-01 4.005765196998959610e+00 9.000000000000000000e+00 7.000000000000000000e+00 3.000000000000000000e+00 -1.356764156533675703e+02
2.590583392712609623e+00 1.526555721509007313e+00 6.357404100368366784e+00 5.735383138886559706e+00 2.796843252913358668e+00 2.144997037412631702e+00 3.051656581018036829e-01 3.919283471104427541e+00 5.000000000000000000e+00 7.000000000000000000e+00 3.000000000000000000e+00 -2.765910005258598403e+02
1.374063732326769482e+00 1.327625391592760939e+00 4.207830472424559431e+00 6.038632111243554590e+00 4.042486160430147635e-01 1.435454620578712204e+00 4.604163384276358517e-01 3.781780974317017652e+00 1.100000000000000000e+01 1.500000000000000000e+01 3.000000000000000000e+00 -1.423751365191800744e+02
7.310538615609578628e-01 1.240261252182194962e+00 2.203781308887386103e+00 6.288641930059165830e+00 1.635746397454656664e+00 1.342979842458565276e+00 4.070785218664894067e-01 3.076701678654433003e+00 1.000000000000000000e+01 1.700000000000000000e+01 5.000000000000000000e+00 -1.551081473481064847e+02
1.519642117881730536e+00 3.578137908644901666e-01 1.807943126894186570e+00 5.456493880130858898e+00 2.333825339060402460e+00 6.842476973938984575e-01 2.219595667573374120e-01 3.954626063200778141e+00 6.000000000000000000e+00 1.700000000000000000e+01 4.000000000000000000e+00 -1.473020515218688615e+02
1.133903316461827071e+00 8.990542712634668199e-01 8.230095702638090316e+00 3.185750273795690202e+00 1.373884187538039869e+00 1.484078925530622595e+00 4.114815989727295120e-01 2.741169512069471015e+00 9.000000000000000000e+00 1.700000000000000000e+01 5.000000000000000000e+00 -1.009466482308002742e+04
1.776164418462201411e+00 1.028306731981670996e+00 1.570475570317985570e+00 7.529115533055357190e+00 5.568416223510290752e-01 5.166106252870714677e-01 6.053266042633531629e-01 4.288138175642918881e+00 9.000000000000000000e+00 1.600000000000000000e+01 5.000000000000000000e+00 -1.174467886623560418e+02
1.661125711848766118e+00 2.033773681770196795e+00 6.319467276436643743e+00 3.700316352830123723e+00 1.225327459484927495e+00 2.133510580924284472e+00 2.810864154437546780e-01 4.302453228972509258e+00 7.000000000000000000e+00 1.800000000000000000e+01 3.000000000000000000e+00 -2.414689910827219421e+02
8.218512313913728384e-02 2.673345473398769379e-02 2.554994924704408810e+00 6.176452580603169373e+00 1.767444162395165996e+00 7.954067882083384333e-01 3.256060155218965524e-01 4.518670873933277932e+00 1.000000000000000000e+00 9.000000000000000000e+00 5.000000000000000000e+00 -1.356093637717567901e+02
5.858968138776385892e-01 2.937954915407391621e+00 2.489271644239829939e+00 7.022996613741664618e+00 1.248527172892697656e+00 1.750685910023742631e+00 2.599964530351318026e-01 4.053949812037266121e+00 7.000000000000000000e+00 8.000000000000000000e+00 4.000000000000000000e+00 -2.620319987525582519e+02
9.134669637542282006e-01 2.412775105963291811e+00 7.182070962846283990e+00 4.526274861506472291e+00 1.768683424209661181e+00 7.964850395656419835e-04 8.189795204518981464e-01 2.621842316877970980e+00 5.000000000000000000e+00 7.000000000000000000e+00 1.000000000000000000e+00 -1.403832907035896653e+02
2.739126620448768090e+00 5.207577368571607579e-01 2.649326629382127596e+00 9.508502780340656102e+00 1.508375837491739979e+00 1.213335416940907852e+00 7.068717142207049386e-01 2.421841472159469877e+00 6.000000000000000000e+00 1.000000000000000000e+01 5.000000000000000000e+00 -1.497787549115193144e+02
2.156529150396492511e+00 1.472296352039928591e+00 7.919568997194157411e+00 2.153875929942928202e+00 1.784745195372783977e+00 2.703686802021578295e+00 1.957215117731124499e-01 2.082433700774705798e+00 5.000000000000000000e+00 9.000000000000000000e+00 2.000000000000000000e+00 -1.767433752525649879e+02
1.206988712711511091e+00 1.748847888751843938e+00 7.440630466685892230e+00 1.477936265536585525e+00 1.325154727091080620e+00 2.405149330463740576e+00 5.894171245623045508e-01 3.982784994763703068e+00 2.000000000000000000e+00 1.400000000000000000e+01 2.000000000000000000e+00 -1.016920599345706978e+04
2.674477651388877941e+00 6.499312452809520302e-01 7.263228415511691516e+00 7.505469920936953088e+00 2.473082524968273521e+00 2.738259377723300858e+00 7.741645101593708223e-01 2.859781638696716755e+00 9.000000000000000000e+00 4.000000000000000000e+00 2.000000000000000000e+00 -1.015933499739294206e+02
2.662921132834561000e+00 1.722610755140188132e+00 9.125246516621709603e+00 1.218343685231285001e+00 1.420647083746005013e+00 7.855951401169728454e-01 2.132388924090436802e-02 2.112534335234956373e+00 2.000000000000000000e+00 7.000000000000000000e+00 1.000000000000000000e+00 -1.581531337569668949e+02
7.159621102726554387e-02 5.987777372689746525e-01 5.349709190367867961e+00 4.695153772281537741e+00 1.664033673166195548e+00 2.672023169204774895e+00 9.783241953889372233e-01 3.116660848897073510e+00 7.000000000000000000e+00 6.000000000000000000e+00 2.000000000000000000e+00 -1.015277388699279800e+04
2.836133967186560412e-01 9.682482098591855824e-01 4.463491602883806308e+00 2.426317099822866030e+00 1.962147153630040775e+00 1.438840160856923012e+00 6.805589070113671202e-02 3.461047551946847545e+00 9.000000000000000000e+00 1.600000000000000000e+01 4.000000000000000000e+00 -2.168958680184841228e+02
9.429537895204656017e-01 2.881695966544369103e+00 9.213165338973652752e+00 8.099736792832425536e+00 5.713933626310774283e-01 2.453056353555965963e+00 5.900839839064170311e-02 3.311538751046495754e+00 9.000000000000000000e+00 1.200000000000000000e+01 2.000000000000000000e+00 -1.222080893902090537e+02
2.193922161367097168e+00 2.479354366591826953e+00 6.650456041756608982e+00 1.676412763270227479e+00 8.923652273292135284e-01 1.560858081618104576e+00 5.037336988001271942e-01 3.470998313890483189e+00 1.000000000000000000e+00 8.000000000000000000e+00 3.000000000000000000e+00 -8.215167776612418038e+01
4.591660453701449374e-01 4.549347159846240940e-01 7.958656940305866456e+00 2.623463730433394758e+00 1.316266699292677034e+00 1.421215731249408254e+00 5.385306200780805019e-01 4.219111480506386513e+00 3.000000000000000000e+00 8.000000000000000000e+00 1.000000000000000000e+00 -1.375822206268969410e+02
2.668915065819708055e+00 1.280594524442179027e+00 9.744630355459085180e+00 8.721569564845975009e+00 2.230837907361251204e+00 8.545595770938962943e-01 8.186892209946303733e-01 3.194638059900317906e+00 6.000000000000000000e+00 9.000000000000000000e+00 3.000000000000000000e+00 -1.698965270154125733e+02
2.739126620448768090e+00 5.207577368571607579e-01 2.649326629382127596e+00 9.508502780340656102e+00 1.508375837491739979e+00 1.213335416940907852e+00 7.068717142207049386e-01 2.421841472159469877e+00 6.000000000000000000e+00 1.000000000000000000e+01 5.000000000000000000e+00 -1.497787549115193144e+02
