2.991221489839102077e-02 2.768078187171710169e+00 5.955109477704057852e+00 7.053412212401831027e+00 1.286440994234932855e+00 1.001140892266205729e+00 5.247672762062404184e-01 3.777064640491219816e+00 1.000000000000000000e+01 5.000000000000000000e+00 4.000000000000000000e+00 -8.104703965539687260e+01
2.086285312313572504e+00 1.417701471426380033e+00 9.056477773413309507e+00 3.959039158714411588e+00 2.339856419663405518e+00 1.535269650750749726e+00 6.016735286386145631e-01 2.519403170137247461e+00 6.000000000000000000e+00 1.000000000000000000e+01 4.000000000000000000e+00 -1.877227907627645322e+02
1.462331147288664646e-02 2.430962259788156832e+00 4.083833465069440116e+00 1.715735958491391600e+00 1.696478667562874687e+00 2.836228215059078295e+00 6.157660822360454533e-01 2.744112369853746625e+00 9.000000000000000000e+00 1.200000000000000000e+01 5.000000000000000000e+00 -3.200558385653027926e+02
2.232643873669437173e+00 7.556368536585066353e-01 2.575607625779082088e+00 6.726829876897495453e+00 1.010164387394319796e+00 9.220729383965462489e-01 6.672038672626930955e-01 4.982910718036193565e+00 6.000000000000000000e+00 1.600000000000000000e+01 3.000000000000000000e+00 -1.466075997903322445e+02
1.337077361956466426e+00 1.170902197263097300e+00 7.682902712533678624e+00 6.311467473254370297e+00 2.392029456366147500e+00 1.969132173625338211e+00 2.159351300407258423e-01 4.916996789743438789e+00 5.000000000000000000e+00 1.500000000000000000e+01 3.000000000000000000e+00 -1.601575377871745047e+02
9.600189908807736927e-01 1.308132254757879975e+00 4.538723232652762896e+00 7.069176469754587799e+00 8.364508801631159729e-01 2.708724492917300886e+00 6.355886249911637531e-01 3.050691465243761780e+00 9.000000000000000000e+00 4.000000000000000000e+00 1.000000000000000000e+00 -5.763172660316093499e+01
1.358362806082388241e+00 1.669447654752284738e+00 8.455965220518253389e+00 2.066594513646357711e+00 1.841528476485736476e+00 2.038189526306082744e+00 9.144106581852950999e-01 4.266570491393729014e+00 4.000000000000000000e+00 1.900000000000000000e+01 2.000000000000000000e+00 -1.014817311111191157e+04
6.920673836161745918e-01 2.853143944039119528e+00 1.957476369190388032e+00 4.093496008977757228e+00 1.506409880049249805e+00 2.014570932812810078e+00 4.828848985047849984e-01 4.777301016284792645e+00 8.000000000000000000e+00 1.300000000000000000e+01 2.000000000000000000e+00 -1.452492861915332298e+02
1.211909423165756561e+00 2.874716333680055858e+00 5.254806404975704837e+00 4.127052583024708454e+00 9.412247651860341513e-01 1.905755239766203868e+00 3.407225022420677374e-01 3.184738791557762738e+00 2.000000000000000000e+00 9.000000000000000000e+00 1.000000000000000000e+00 -1.014814736530024675e+04
2.247908595246378205e+00 2.502985679826871035e+00 5.998695178293037777e+00 5.658649388272937841e+00 2.861631643424475957e-01 1.635093472892893862e+00 5.912349930895106631e-01 3.103237687624438745e+00 1.000000000000000000e+00 1.700000000000000000e+01 2.000000000000000000e+00 -1.575821283773894095e+02
2.420750883208101278e+00 1.029467921027226396e+00 2.801015835859653968e+00 5.590951094081387573e+00 2.200453468354934383e+00 1.723574798843162004e+00 5.260365640941117027e-01 3.848337228702735313e+00 5.000000000000000000e+00 5.000000000000000000e+00 2.000000000000000000e+00 -1.010275944744681510e+04
1.876056997224228251e+00 1.718293754943869267e+00 3.698143970923655655e+00 4.139180216770220078e+00 2.611289719159758604e+00 5.078051122153142138e-01 3.228216812933926150e-01 3.328285454251065811e+00 5.000000000000000000e+00 1.000000000000000000e+01 5.000000000000000000e+00 -2.903161192774140318e+02
1.360313280352139165e+00 2.459775653902243953e+00 2.823565698784601175e+00 2.986866801219146161e+00 1.556571042064305299e+00 1.815614765949740583e+00 5.637203713254299586e-01 2.665517211515544549e+00 6.000000000000000000e+00 1.700000000000000000e+01 4.000000000000000000e+00 -2.231112795979422572e+02
1.768582253884046107e+00 2.805914291474167044e+00 5.490533933154731372e+00 9.146504688373983782e+00 2.084982427692599671e+00 2.970501740771702703e+00 1.809397002230775930e-01 2.742074767788223344e+00 7.000000000000000000e+00 1.000000000000000000e+01 3.000000000000000000e+00 -1.462553299996953911e+02
1.117895834267055744e+00 6.330864654882398801e-01 6.258909111960875293e+00 4.476475482212738832e+00 1.036253472933631681e+00 5.732950836598759148e-01 1.907807381705275973e-02 4.685168574544023024e+00 1.000000000000000000e+01 3.000000000000000000e+00 5.000000000000000000e+00 -5.116370482052033708e+01
2.798480341438319918e+00 1.949893658319044043e+00 1.259886171473364236e+00 1.707107342497982572e+00 1.946196305579578123e+00 5.326320953473917541e-01 3.878766489120508143e-01 4.374193431955237799e+00 8.000000000000000000e+00 8.000000000000000000e+00 4.000000000000000000e+00 -1.338644633803731097e+02
1.909520193287383094e+00 2.206475279818603141e+00 7.300957992746897496e+00 1.820414837135898800e+00 1.642086006818566091e+00 7.315153423465489135e-01 2.765883973388049699e-01 2.170753884577348636e+00 5.000000000000000000e+00 1.100000000000000000e+01 2.000000000000000000e+00 -1.018886277860945665e+04
1.842168614150887951e+00 2.089504242550763724e+00 6.708265192681992062e+00 7.196415498071702999e+00 2.056675229197235222e+00 1.655571910204766128e-01 3.061832257134349256e-01 4.558278913603635907e+00 1.100000000000000000e+01 1.800000000000000000e+01 5.000000000000000000e+00 -4.046822009522783219e+02
1.586934089539648873e+00 2.108372462614923393e+00 9.599247112137351934e+00 3.362304940283609600e+00 7.530011684167114971e-01 2.425920080465386430e+00 8.560641277994516241e-01 3.570251395702949360e+00 2.000000000000000000e+00 1.200000000000000000e+01 4.000000000000000000e+00 -1.014644498765535718e+04
2.661761354644405220e+00 6.268216072766872315e-01 1.101657303687207268e+00 7.218135017716504009e+00 1.772629893876728424e+00 4.337039246771896561e-01 6.131495267765536550e-01 2.167280706442834770e+00 2.000000000000000000e+00 3.000000000000000000e+00 2.000000000000000000e+00 -1.278692181340681486e+02
2.485912273172535158e+00 2.450919764265602652e+00 2.668269791082087838e+00 4.514459857968864398e+00 8.725827806066929204e-01 1.210865803589400436e-02 7.932546607866501898e-01 4.166132118126330219e+00 6.000000000000000000e+00 3.000000000000000000e+00 4.000000000000000000e+00 -1.275536528695043188e+02
1.314539875321203644e+00 1.786800027794611889e+00 3.220552448239370591e+00 1.513301656761544933e+00 2.640347550682584199e+00 5.608788311964860718e-01 4.504813790236918969e-01 4.014104883405559043e+00 5.000000000000000000e+00 3.000000000000000000e+00 4.000000000000000000e+00 -5.848040923184051110e+01
1.512518921758980284e+00 2.549009093913300994e+00 2.101586180505757184e+00 4.343516550177142221e+00 2.269940387653843317e+00 1.224424509485226853e+00 2.038231650106326343e-01 2.099396547805958413e+00 1.100000000000000000e+01 7.000000000000000000e+00 4.000000000000000000e+00 -1.143327522906035085e+02
1.479458100866410497e+00 2.763397558372542751e+00 6.786568697712336729e+00 2.102299609675116088e+00 2.104196888171342650e+00 1.919866304930008205e+00 2.563665436833968969e-01 2.266376277503320935e+00 5.000000000000000000e+00 1.600000000000000000e+01 2.000000000000000000e+00 -3.869817466549635014e+02
1.947708502091757721e+00 1.083706954146311130e+00 1.735096557201734280e+00 7.248916964236375549e+00 1.084827900897059605e+00 1.291925624466160771e+00 1.011025177353385013e-01 4.612674927952540749e+00 4.000000000000000000e+00 1.400000000000000000e+01 2.000000000000000000e+00 -1.009319522957969457e+04
1.178720111347404398e-01 2.300755854779038323e+00 7.962919034241446425e+00 3.650458755032267355e+00 1.979544204486907155e+00 8.264069809753138429e-02 2.430160951995501972e-01 2.571991680579647443e+00 4.000000000000000000e+00 3.000000000000000000e+00 5.000000000000000000e+00 -1.415505682360430058e+02
2.837168596729388259e+00 2.761962528292914776e+00 4.393569695541305720e+00 3.294462144836018513e+00 2.869392792702286421e+00 4.402240859817205809e-01 8.448032803183478379e-01 3.730925387445231500e+00 0.000000000000000000e+00 1.600000000000000000e+01 1.000000000000000000e+00 -1.803872065077661659e+02
2.591412077052256624e+00 2.732972502268302684e+00 1.849266795344402414e+00 1.581665155643497744e+00 1.648556440406457879e+00 6.604581717809088204e-03 5.477171543269352405e-01 2.328951212451907171e+00 7.000000000000000000e+00 8.000000000000000000e+00 5.000000000000000000e+00 -1.717527729907135097e+02
5.540226624051971527e-01 1.872431837632614560e+00 2.026317899931486810e+00 9.010271530568259024e+00 1.617175514122476176e+00 1.411922035411496523e+00 5.892315706509378970e-01 3.929504336427144473e+00 2.000000000000000000e+00 2.000000000000000000e+00 2.000000000000000000e+00 -8.556906732145621675e+01
1.256107451337791003e+00 2.445050690890244738e+00 2.645223987046711134e+00 5.310640344502588484e+00 1.873585342381016705e+00 2.281528059190960800e+00 3.544754588651162219e-01 3.659129969944461269e+00 1.100000000000000000e+01 1.200000000000000000e+01 4.000000000000000000e+00 -1.431898616554946670e+02
1.532144937198101964e+00 2.853862413101915241e-01 5.920857113338289679e+00 3.069684591985673450e+00 2.706885357608711296e+00 6.671431466192001558e-01 4.013179322401417837e-01 3.860085195149772552e+00 8.000000000000000000e+00 7.000000000000000000e+00 4.000000000000000000e+00 -1.366774987638200116e+02
2.899091557183409051e+00 1.701394467752918249e+00 7.999640246804066379e+00 8.398432526109610663e+00 2.562704021225067130e+00 1.618907311987221931e+00 2.572134742472805824e-01 3.785475713320089586e+00 7.000000000000000000e+00 1.200000000000000000e+01 1.000000000000000000e+00 -1.014434614968465758e+04
1.093153988047892433e+00 2.628364502250261747e+00 2.051032011618658224e+00 3.336156103167651210e+00 1.433200543644173486e+00 1.871662538754119254e+00 7.826549589141247321e-01 3.875415961346244664e+00 0.000000000000000000e+00 1.400000000000000000e+01 2.000000000000000000e+00 -1.620484888357098043e+02
2.935694155185915921e+00 1.524378500948841531e+00 6.222640262331266214e+00 7.893139624502172325e+00 3.919665230939883838e-01 1.436210609851788833e+00 6.430002847425440038e-01 4.505104472771179758e+00 6.000000000000000000e+00 1.200000000000000000e+01 4.000000000000000000e+00 -1.065977586947955871e+02
1.814714386432158655e+00 1.001731570975404217e+00 7.228950563251731687e+00 4.138562419978038420e+00 1.749370937908897083e+00 2.442866135144338813e+00 7.079559620566389100e-04 4.826562159855537715e+00 6.000000000000000000e+00 1.500000000000000000e+01 1.000000000000000000e+00 -1.443871780471624504e+02
2.750631657447657474e+00 2.164561676133767598e+00 4.596312528204309800e+00 2.285954732683711299e+00 9.519420598922352372e-01 1.812526551986096468e+00 6.262515324318012055e-01 3.442919627775514968e+00 4.000000000000000000e+00 1.000000000000000000e+01 4.000000000000000000e+00 -1.099455655025464154e+02
2.485940788450928807e+00 8.153553190550621999e-02 1.203721537831475175e+00 7.804512437792444857e+00 3.067029288566389678e-01 2.984489675916628393e-01 5.534238134281213028e-01 2.083961381995826923e+00 4.000000000000000000e+00 1.800000000000000000e+01 5.000000000000000000e+00 -2.746008050061586800e+02
2.920877977726302532e+00 2.547425009512500615e+00 5.297096199875459988e+00 6.640355129688656710e+00 2.323850295029870505e+00 2.911085008646096206e+00 9.133485820812716760e-01 3.504990022358523305e+00 3.000000000000000000e+00 1.700000000000000000e+01 2.000000000000000000e+00 -1.012632268001557895e+04
4.398136643351002739e-02 1.442944613445934943e+00 8.557227776063401237e+00 3.847664229921269996e+00 1.750832621584826221e+00 1.603473809723053867e+00 8.255063899122376814e-01 3.634154852304555039e+00 1.000000000000000000e+00 4.000000000000000000e+00 2.000000000000000000e+00 -1.015492957566019140e+04
1.822244468438153353e+00 2.426589343665629617e+00 7.415258563029354377e+00 7.101627296528894462e+00 2.303910229594097636e+00 2.455486901716667614e+00 6.437766471169593663e-01 4.901923803883054376e+00 1.000000000000000000e+01 9.000000000000000000e+00 4.000000000000000000e+00 -2.129817997657168860e+02
1.646692886900619879e+00 2.401820528727428794e+00 7.328886370982638176e+00 5.377958450473089513e+00 2.870960199224350529e+00 1.613579288333685913e+00 6.904922753548018433e-01 3.871099849548649718e+00 7.000000000000000000e+00 7.000000000000000000e+00 4.000000000000000000e+00 -1.224596854783124371e+02
1.444180373311621191e+00 2.310442796761721151e+00 4.324572645655364589e+00 3.099603053551076126e+00 1.981055769577501069e-01 1.243566920861609804e+00 5.916275037162734840e-01 2.762406906191519518e+00 8.000000000000000000e+00 1.700000000000000000e+01 1.000000000000000000e+00 -1.574358073450045765e+02
7.618814053013323040e-01 1.012664779272997695e+00 7.441163413973429286e+00 4.923487798523705550e+00 2.147568450528455131e+00 2.762794743209781245e+00 6.166155287335158830e-01 4.475042271432183583e+00 8.000000000000000000e+00 4.000000000000000000e+00 5.000000000000000000e+00 -8.871744219722637581e+01
2.355948334052560877e+00 1.302071092709520261e+00 9.485263085055724019e+00 7.150868241201635556e+00 1.926809232060642696e+00 2.664544998804792009e+00 7.098961008034532227e-01 2.181453983080754000e+00 1.000000000000000000e+01 2.000000000000000000e+01 1.000000000000000000e+00 -1.018856386836846832e+04
6.622567243422258221e-01 2.294531829682349588e+00 1.598320831487622495e+00 8.488296381948101654e+00 2.967885053965278797e+00 1.121155375416756916e+00 3.277753394063168124e-02 2.877874064836549728e+00 9.000000000000000000e+00 6.000000000000000000e+00 2.000000000000000000e+00 -1.390594157080977027e+02
1.757812546469749382e+00 1.489611695710515882e+00 5.246865961279033819e+00 3.418902563752779677e+00 8.540220954017769817e-01 1.766190287391044000e+00 2.992913331667640953e-01 3.665181040359638764e+00 8.000000000000000000e+00 2.000000000000000000e+01 2.000000000000000000e+00 -1.010411193076996824e+04
2.543700454223435159e+00 5.776634151077397750e-01 1.777311858762525620e+00 1.697244305786489438e+00 7.687779317097459542e-01 8.110257837830749938e-01 4.864610572434511782e-01 4.318445737666540829e+00 7.000000000000000000e+00 3.000000000000000000e+00 3.000000000000000000e+00 -1.281583667452952398e+02
2.920877977726302532e+00 2.547425009512500615e+00 5.297096199875459988e+00 6.640355129688656710e+00 2.323850295029870505e+00 2.911085008646096206e+00 9.133485820812716760e-01 3.504990022358523305e+00 3.000000000000000000e+00 1.700000000000000000e+01 2.000000000000000000e+00 -1.012632268001557895e+04
