2.637735015929250970e+00 2.788945406601694987e-01 4.863789364284816230e+00 2.186853135692623074e+00 1.129408087339054623e+00 2.506920891336821278e-01 8.950951683792502944e-01 2.499690496876332269e+00 2.000000000000000000e+00 1.100000000000000000e+01 3.000000000000000000e+00 -3.876154190385216225e+02
2.574640970174617571e+00 7.004734096521199049e-01 6.372414433540327217e+00 7.464703562207011700e+00 1.640070235753776640e+00 1.760554738634256156e+00 7.309664752686514388e-01 2.922420221144651720e+00 8.000000000000000000e+00 1.500000000000000000e+01 4.000000000000000000e+00 -1.886861056849292595e+02
1.726825767308464155e+00 2.252377359316938943e+00 2.113161351591254622e+00 4.471945596041607907e+00 2.278892207626260102e+00 1.161609694621423161e+00 7.792234872212574492e-01 4.111086248113944741e+00 1.100000000000000000e+01 6.000000000000000000e+00 4.000000000000000000e+00 -2.067948656198771857e+02
2.339649495009914038e+00 1.077662094712533269e+00 3.240333314456927738e+00 8.587453488470265128e+00 1.625370261094233770e+00 1.025920219837503922e+00 7.774387221270367965e-01 3.248999863071023064e+00 1.000000000000000000e+01 2.000000000000000000e+01 2.000000000000000000e+00 -2.371449308399171514e+02
1.699696334929433839e+00 2.892171634088195553e+00 1.530764958539433174e+00 6.569944100342162585e+00 1.206455122642369204e-01 2.804888832959226974e-01 8.817252819842316125e-01 2.184545820660653614e+00 7.000000000000000000e+00 6.000000000000000000e+00 2.000000000000000000e+00 -1.378009032947735761e+02
9.138588330009936866e-01 1.892352159562662006e+00 6.274557337071136054e+00 2.970151698881627667e+00 2.414587432400898681e+00 1.412122614151708477e-01 3.631256068860772013e-01 4.960264873707707522e+00 9.000000000000000000e+00 8.000000000000000000e+00 1.000000000000000000e+00 -1.012415282583951193e+04
2.799560621450830400e+00 1.404280121833911377e+00 8.378379090007243235e+00 5.950469460690081647e+00 1.543947549349454107e+00 1.340108268590414431e+00 2.513591708250506596e-01 4.778034665037578677e+00 7.000000000000000000e+00 9.000000000000000000e+00 4.000000000000000000e+00 -1.376153406593683428e+02
3.171425945669743562e-01 1.406067672420770798e+00 7.414700783907205661e+00 7.696996752529954300e+00 1.708766352915673581e+00 2.436156268220904586e+00 2.907146915794932007e-01 4.348616825109583139e+00 7.000000000000000000e+00 8.000000000000000000e+00 2.000000000000000000e+00 -1.326995012530820475e+02
2.857023359316029243e+00 2.271165195279653215e+00 8.462068718705477721e+00 3.435710978231314883e+00 9.415098151817179462e-01 1.461140427465176916e+00 8.744936164836352166e-01 2.912470119089028753e+00 5.000000000000000000e+00 1.300000000000000000e+01 3.000000000000000000e+00 -1.262026272118493182e+02
1.848309934268144827e+00 2.344218528019504255e+00 1.679321218266470517e+00 9.933492379026684915e+00 2.367359850426147716e+00 4.584080181823771971e-01 7.813861757191531421e-01 2.422533238034091152e+00 6.000000000000000000e+00 5.000000000000000000e+00 1.000000000000000000e+00 -1.420709045661556615e+02
1.419536193392291201e+00 9.314354150018659961e-01 3.224952563469889455e+00 2.788412785943914507e+00 6.088896893497860452e-01 2.131438165163893395e+00 5.656401031039060001e-01 2.069489605856791314e+00 2.000000000000000000e+00 1.500000000000000000e+01 5.000000000000000000e+00 -2.284441169423051292e+02
2.132463107259517709e+00 1.292368757966154025e+00 3.196739280257650861e+00 9.702309445879544469e+00 8.865818706580099740e-01 5.882622815240434733e-03 5.303347298601570614e-01 2.085847176277860093e+00 0.000000000000000000e+00 1.200000000000000000e+01 4.000000000000000000e+00 -2.436198883934201262e+02
1.844868911739733441e+00 2.993067067890806232e+00 6.023410791198236858e+00 9.668776738994056430e+00 1.556223408555754251e+00 1.411256983423457845e+00 2.802104823988282867e-02 4.628090449996157041e+00 6.000000000000000000e+00 8.000000000000000000e+00 2.000000000000000000e+00 -1.080972963047704951e+02
2.442410324002445954e+00 2.423814792953619346e+00 6.082528686764365311e+00 6.547205358087360594e+00 1.421265698501373853e+00 2.611033857421885873e+00 5.554252999692882442e-01 4.987903148473115778e+00 1.000000000000000000e+01 1.000000000000000000e+01 4.000000000000000000e+00 -1.354599005497258872e+02
1.857558543066567758e+00 2.312986527597681530e+00 9.505930399715555978e+00 3.712564773330575552e+00 1.570898477221872591e+00 2.043601117234063569e+00 4.525912795230618846e-01 2.796094929381875538e+00 5.000000000000000000e+00 2.000000000000000000e+00 2.000000000000000000e+00 -1.277422282621729295e+02
2.691634642943205868e+00 3.002047497256632447e-03 2.811001157123217187e+00 7.436481818786359277e+00 7.318192582388858280e-01 1.565856332179166088e+00 6.612077920098126116e-01 2.491556057717620121e+00 5.000000000000000000e+00 1.700000000000000000e+01 3.000000000000000000e+00 -1.557042086138432069e+02
2.503275228638796701e+00 2.315049245887794260e+00 7.639427866899218600e+00 1.805735026986583280e+00 2.899673334285566284e+00 2.688851822856856977e-01 5.585895429287160985e-01 3.215274737248917436e+00 5.000000000000000000e+00 1.900000000000000000e+01 1.000000000000000000e+00 -1.017079133818652008e+04
7.206047177480745525e-01 8.845763016098366904e-01 7.515122512301576130e+00 9.583681401918486387e+00 2.696143525848911260e+00 6.061776247128269901e-02 1.304068641290530850e-01 2.740559207997240954e+00 2.000000000000000000e+00 1.800000000000000000e+01 4.000000000000000000e+00 -4.390604234533670365e+02
2.355706330712673768e+00 5.531064291090143081e-01 4.055836265577331901e+00 2.156886837935264367e+00 1.985074700390578428e+00 1.309226757268306951e+00 8.193920838679173979e-01 4.369978301744766647e+00 4.000000000000000000e+00 9.000000000000000000e+00 4.000000000000000000e+00 -1.502319257341520142e+02
1.320399326074459090e+00 2.166423291285528130e+00 5.380317531103948170e+00 5.462394412184147896e+00 7.744875280809506712e-01 1.150338797681708991e+00 8.581478832977760263e-01 2.487147974686987784e+00 0.000000000000000000e+00 1.000000000000000000e+01 4.000000000000000000e+00 -1.485558070743306587e+02
1.974204583971018945e+00 7.077822037684677881e-02 6.211968922523269931e+00 7.257500890390982562e+00 1.475043699993638047e+00 1.591997440387165508e+00 3.226848672240831273e-01 4.170172731224026208e+00 0.000000000000000000e+00 1.700000000000000000e+01 1.000000000000000000e+00 -1.016280968852027036e+04
3.090691585565781274e-01 1.933674399244295072e+00 8.006874385728954380e+00 9.760749314207792793e+00 4.249088605828565957e-01 5.359925456674585753e-01 8.399523905353787345e-01 3.530084992144296940e+00 9.000000000000000000e+00 1.500000000000000000e+01 4.000000000000000000e+00 -1.855991828930173142e+02
3.903460036956778456e-01 3.912324712032599905e-02 6.476677823187316996e+00 8.157095421978247884e+00 2.619200352497608186e+00 2.879097047595202241e+00 6.794795601674586960e-01 3.108135778032699470e+00 3.000000000000000000e+00 1.100000000000000000e+01 4.000000000000000000e+00 -1.015642290703647268e+04
3.571991897609911870e-01 2.037965166563783903e+00 6.587009823165486111e+00 2.734030015057834717e+00 6.020317014670104605e-01 1.980296949189079392e+00 6.041929736360416303e-01 3.889750067913997800e+00 1.000000000000000000e+00 1.200000000000000000e+01 5.000000000000000000e+00 -1.537866046508010527e+02
1.647745203519513923e+00 8.025236126436974260e-01 4.154564883322849234e+00 3.398459739091249876e+00 1.212688876946362848e-01 2.477466719407720674e+00 2.668658226041852322e-01 4.901808658194727997e+00 1.100000000000000000e+01 7.000000000000000000e+00 4.000000000000000000e+00 -1.295649467394291037e+02
1.097165886005757596e+00 2.979546924857197521e+00 7.443674477648401400e+00 1.539990268514605187e+00 1.036926532589925065e+00 1.583380371543604781e+00 5.400827158878898082e-01 3.789907164067956469e+00 0.000000000000000000e+00 9.000000000000000000e+00 2.000000000000000000e+00 -2.162115703772226425e+02
1.811418283349568448e+00 1.814345877198983992e-01 2.475414198836467516e+00 4.646366051734149849e+00 2.212132581221104011e-01 2.507838443768796388e+00 6.311130425648913134e-01 3.704059194075596917e+00 1.000000000000000000e+00 3.000000000000000000e+00 3.000000000000000000e+00 -8.455382285473235981e+01
2.189148300595316510e+00 1.945449559027944586e+00 7.005710927586823900e+00 3.842732360600472852e+00 1.580289458115512247e+00 1.569446732346234663e+00 6.182633213398212035e-01 4.217169510181096648e+00 9.000000000000000000e+00 1.200000000000000000e+01 1.000000000000000000e+00 -1.404498241279862611e+02
2.100730079973125441e+00 2.798360371326841900e+00 1.921807019388506177e+00 5.156480886328839830e+00 1.462739643576247195e+00 1.546144386026773843e+00 8.514500740154172798e-01 3.732987829740531005e+00 7.000000000000000000e+00 1.600000000000000000e+01 5.000000000000000000e+00 -1.643792948067096802e+02
2.242282326534386527e+00 1.672690052346025080e+00 3.157127587474165331e+00 7.679510592132055891e+00 6.769909840307647420e-01 2.584973026168342791e+00 4.214742420885708718e-02 4.043019161596193456e+00 1.000000000000000000e+01 4.000000000000000000e+00 5.000000000000000000e+00 -1.294319452300352964e+02
1.324712830669034558e+00 7.882235117573683780e-01 9.169206445958781870e+00 6.800313815598288514e+00 1.107774831827630813e+00 1.085028683387731174e+00 2.002778343077251111e-01 3.666409608397925179e+00 9.000000000000000000e+00 4.000000000000000000e+00 5.000000000000000000e+00 -1.305433588784466963e+02
1.998267186086406078e+00 7.625967612170465593e-01 4.626586198032789810e+00 1.065485993825253219e+00 1.161018219466710688e+00 2.045173270276103850e+00 3.599923412670731349e-01 2.842656896452599113e+00 7.000000000000000000e+00 2.000000000000000000e+00 3.000000000000000000e+00 -1.269053168780182972e+02
2.552902070223580289e+00 1.570202744100966052e+00 3.551599472508208954e+00 6.068862204567653684e+00 2.062480047451656695e+00 2.586785180143925000e+00 8.635833456456958324e-01 2.409140191217195692e+00 0.000000000000000000e+00 1.400000000000000000e+01 1.000000000000000000e+00 -1.015425384578353078e+04
2.597291309672600246e+00 1.310016612030821870e+00 4.527582779813713820e+00 2.824846096847121402e+00 1.873715555799408294e+00 3.522468095940244348e-01 5.532262782532191281e-01 2.735041221814542123e+00 2.000000000000000000e+00 1.300000000000000000e+01 2.000000000000000000e+00 -1.015375492719216527e+04
1.589652820498245189e+00 1.967603028910240637e+00 1.057195621053854451e+00 6.096857208947952245e+00 1.619715969673946265e+00 1.834382888096758535e+00 9.455701488061295512e-01 3.360630589882656949e+00 8.000000000000000000e+00 1.700000000000000000e+01 2.000000000000000000e+00 -1.596415555703910911e+02
1.074181689109706461e+00 2.946339689701689579e+00 1.818943077347497272e+00 4.982226138530839954e+00 2.548825572149387764e+00 1.139858574863120477e+00 5.779238824227695970e-01 3.804347634287693847e+00 0.000000000000000000e+00 4.000000000000000000e+00 5.000000000000000000e+00 -1.297872496340896475e+02
2.983343646643066727e+00 1.555720081366527952e+00 1.174709181498363009e+00 5.372770083269058361e+00 1.889576930355547080e-01 2.774434851145046288e+00 8.842599755085919222e-01 2.801616662930150436e+00 7.000000000000000000e+00 3.000000000000000000e+00 2.000000000000000000e+00 -1.293950141484279186e+02
3.748098002434236964e-01 4.316574787477833741e-01 5.338895623916066313e+00 6.043927444883381739e+00 1.240395727008150262e+00 2.927188303398994051e+00 9.443011717478740907e-01 3.824449765431213955e+00 6.000000000000000000e+00 7.000000000000000000e+00 2.000000000000000000e+00 -1.014545968264002113e+04
1.401800067722768883e+00 1.651829708494623628e+00 3.845246688307757843e+00 4.085850035228187238e+00 1.800812919811066948e+00 2.523987785020939345e+00 8.081273677178495429e-01 4.150147908509119965e+00 7.000000000000000000e+00 1.400000000000000000e+01 2.000000000000000000e+00 -1.303278301804995181e+02
5.801610098272429461e-01 2.807132515736283196e+00 5.680592666826175474e+00 3.829456960103971852e+00 4.408358220682428996e-01 1.055548209087768141e+00 3.447417655347989607e-01 4.872248696396665579e+00 6.000000000000000000e+00 7.000000000000000000e+00 3.000000000000000000e+00 -9.590284185094290592e+01
1.658095854632197330e+00 2.128746046946234927e+00 4.617007700819561578e+00 5.959645298528769786e+00 2.634706022437134365e-01 2.611786988410476518e+00 5.287848578111610243e-01 4.956674817784132436e+00 4.000000000000000000e+00 8.000000000000000000e+00 2.000000000000000000e+00 -1.335102229840748009e+02
1.326029530691754665e+00 6.824435866300553322e-01 1.798722007301677639e+00 1.753928519285238963e+00 2.324234350037387653e+00 1.303428046749683045e+00 1.839303451325484673e-01 4.808980791895648643e+00 3.000000000000000000e+00 1.500000000000000000e+01 4.000000000000000000e+00 -1.418013543468637749e+02
2.440586903810018971e+00 1.061904017471936523e+00 8.890460325189332380e+00 2.013008261125847298e+00 1.970619342107324368e+00 6.714220819158474018e-01 5.388161825945821937e-01 2.682293338890622714e+00 9.000000000000000000e+00 1.000000000000000000e+01 5.000000000000000000e+00 -1.246889451341547783e+02
2.600111030293068115e+00 2.118774031957268988e+00 1.559159957260631835e+00 3.202234487919905170e+00 9.013636108563871652e-01 1.711696417786823243e+00 3.720471633174396442e-01 2.698537551196636741e+00 6.000000000000000000e+00 9.000000000000000000e+00 5.000000000000000000e+00 -1.437288408920574909e+02
1.828153724209957698e+00 2.085433289301843907e+00 1.827089291558241513e+00 3.901424482960480944e+00 1.385889963097279853e+00 2.288966516573774257e+00 8.610366429708563030e-02 4.681721832170164355e+00 8.000000000000000000e+00 1.700000000000000000e+01 4.000000000000000000e+00 -1.126079213609610861e+02
1.471439249313839293e+00 4.042130877614757978e-02 8.846279176151323753e+00 8.608082912078517168e+00 2.236019746259814145e+00 2.491628711616657110e+00 2.992713334753916432e-01 4.302031780488201562e+00 0.000000000000000000e+00 1.400000000000000000e+01 5.000000000000000000e+00 -1.485522147191375382e+02
1.190008293344569923e-01 1.081050027537223457e+00 3.550715280446539168e+00 3.235171245835117837e+00 5.623441882658402058e-01 2.372696742298745054e+00 8.267455999744617312e-01 2.767705794621248661e+00 7.000000000000000000e+00 2.000000000000000000e+00 5.000000000000000000e+00 -1.277810932466911851e+02
2.455277684961351792e+00 2.251103623667052744e+00 7.047874138627276075e+00 1.298377546208525413e+00 2.689074666025389249e+00 1.032895399433072292e+00 7.519982708168627683e-01 2.948194681211010693e+00 0.000000000000000000e+00 2.000000000000000000e+00 4.000000000000000000e+00 -4.914354554522284246e+01
