7.669094910870252191e-01 1.389360679569299428e+00 4.183229609437846719e+00 3.384785676206388594e+00 2.353678125121942966e+00 1.151782028483701259e+00 1.218350601907909336e-01 4.578644323033557839e+00 0.000000000000000000e+00 2.000000000000000000e+00 2.000000000000000000e+00 -1.272116071703040632e+02
2.808160609548964182e+00 1.350927470463937574e+00 9.973030422928570005e+00 9.043530959653972801e+00 9.311288422415298083e-02 2.137605084815053402e+00 4.562484613827135771e-01 3.572868436788900315e+00 4.000000000000000000e+00 1.500000000000000000e+01 2.000000000000000000e+00 -1.478098091184140515e+02
2.541328710692928095e+00 5.591395967506241904e-01 4.026348516903468067e+00 1.024055309247327017e+00 1.865330009154988034e+00 1.607687119939920528e+00 7.214455019061336571e-01 2.874102956825607347e+00 4.000000000000000000e+00 3.000000000000000000e+00 3.000000000000000000e+00 -9.095920491141143316e+01
5.211082851707820041e-01 3.960427694576980073e-01 8.247082775552241785e+00 8.082220412899673079e+00 1.018457070356500349e+00 2.113318187854859254e+00 1.667003630348342647e-01 3.398684802831049012e+00 1.000000000000000000e+01 1.400000000000000000e+01 2.000000000000000000e+00 -1.201125219503870767e+02
1.989588441676220842e+00 1.080209491897454965e+00 6.685915038255776821e+00 3.020291620492028706e+00 1.834867533510573967e+00 2.356126184444406135e+00 4.606636971185085194e-02 4.605135136674451957e+00 9.000000000000000000e+00 9.000000000000000000e+00 1.000000000000000000e+00 -1.348502603387534293e+02
1.833986057163722094e+00 2.605340247572154766e+00 3.056116573953501003e+00 2.144186064696969041e+00 1.730422122578056054e+00 2.283726777463840563e+00 1.293689159014071721e-01 2.638373666245944271e+00 4.000000000000000000e+00 1.900000000000000000e+01 4.000000000000000000e+00 -3.463219796542214794e+02
2.829268342386476842e+00 2.422282300131311850e+00 3.399168395926050579e+00 2.254962187847806554e+00 6.860649525862252407e-01 1.371691798863643452e+00 6.436844857837774603e-01 3.310299431159154260e+00 4.000000000000000000e+00 9.000000000000000000e+00 4.000000000000000000e+00 -1.641383973278414885e+02
1.686244325053256388e+00 7.983977958318775325e-01 2.905277038171049764e+00 9.038619167259087206e+00 3.790272961948766284e-01 1.187312394410758865e+00 4.583836529662198567e-01 2.466782831257576802e+00 1.100000000000000000e+01 1.900000000000000000e+01 3.000000000000000000e+00 -1.374454226191293742e+02
5.813681711161855503e-01 2.249587714893497736e+00 6.719669091075240352e+00 8.855492081784014147e+00 2.600946620695523404e+00 1.194666322851797746e+00 7.163593327911820241e-01 3.821490456028574734e+00 1.000000000000000000e+01 1.400000000000000000e+01 1.000000000000000000e+00 -1.012461398570168603e+04
2.333157577145956729e+00 2.655006312876311725e+00 1.205639741833024914e+00 8.364373242121079244e+00 2.491268451903454029e+00 2.173343163144348722e+00 9.537098714085937567e-01 2.110511688046359691e+00 1.100000000000000000e+01 1.400000000000000000e+01 1.000000000000000000e+00 -1.845596326070823352e+02
1.247721673688641619e+00 1.108236509167307204e+00 6.308958258045172407e+00 2.093844873541780949e+00 1.043337835081203480e+00 2.357212864868154512e+00 9.956078642555853397e-01 3.807953257019778714e+00 3.000000000000000000e+00 1.500000000000000000e+01 1.000000000000000000e+00 -1.008539938423496096e+04
1.605081694770897238e+00 1.636723930166591234e+00 7.120566028832646666e+00 8.030638746512121173e+00 1.874361966672015711e+00 8.016917767661120298e-01 5.149668538311624744e-02 4.025305670364585531e+00 9.000000000000000000e+00 1.400000000000000000e+01 4.000000000000000000e+00 -2.006127097419178256e+02
2.414682917892075675e+00 7.371756055992022549e-01 9.351229484458208674e+00 8.221194969881045367e+00 1.680925019925185282e+00 7.381574936330664860e-01 3.033889725367474588e-01 4.692344167872319005e+00 9.000000000000000000e+00 1.700000000000000000e+01 3.000000000000000000e+00 -1.614176226511176253e+02
1.362400924152012305e+00 2.062788794991727848e+00 6.752908818604510088e+00 2.150822556397033569e+00 2.796323299521578321e+00 1.572025363508579687e+00 7.278933161777766392e-01 4.343802164863413751e+00 9.000000000000000000e+00 4.000000000000000000e+00 4.000000000000000000e+00 -9.245572535078201781e+01
1.879089249201526313e+00 5.877057831047083347e-03 2.886929231942093388e+00 9.748866399856991549e+00 2.101809044903975909e+00 1.806974337554005716e+00 6.939927596607939897e-01 2.894242106129497394e+00 8.000000000000000000e+00 3.000000000000000000e+00 5.000000000000000000e+00 -1.305302066749891878e+02
2.065237152856400638e-01 1.460604832176941592e-01 5.960984055988971519e+00 8.499867519250845049e+00 1.940400433224144683e+00 6.160613490603183973e-01 6.317149321917290283e-01 3.209108507842168834e+00 5.000000000000000000e+00 1.000000000000000000e+01 2.000000000000000000e+00 -2.500979242119028925e+02
2.781537015161430926e+00 1.973429901074414961e+00 7.026559764792535745e+00 3.017164707520846534e+00 1.678370632700845633e+00 2.086091048951801863e+00 9.256392881096917602e-01 3.684278869269537626e+00 6.000000000000000000e+00 1.900000000000000000e+01 5.000000000000000000e+00 -2.583523374721758046e+02
2.216833274799776987e+00 2.728686536551699682e+00 9.521528800825389993e+00 3.201272218414171533e+00 1.110284322441947413e+00 2.403124193898635408e+00 9.126280191254609875e-01 4.949353981359529975e+00 8.000000000000000000e+00 4.000000000000000000e+00 2.000000000000000000e+00 -1.293957455859456047e+02
4.787671846496199812e-02 9.790473944031770070e-01 1.045272567064035929e+00 6.406434490834088002e+00 1.500605918675572248e+00 5.867510317425767008e-01 2.798920492898139267e-01 4.723101738500345093e+00 2.000000000000000000e+00 7.000000000000000000e+00 2.000000000000000000e+00 -1.324712355099704837e+02
1.294277922221824362e+00 5.955097358225999171e-01 9.327111267533521044e+00 3.186698668365281151e+00 1.259467464639365097e+00 1.174631599619328171e+00 4.158323856143650299e-01 4.545277284688108210e+00 1.000000000000000000e+01 1.700000000000000000e+01 3.000000000000000000e+00 -7.554644644414932486e+01
9.963694956519540957e-01 1.832930070147926749e-01 9.871855287335883133e+00 7.158239746021776817e+00 7.940156509341766977e-01 1.111750386510869548e+00 6.243213957456630325e-01 2.650796148303531830e+00 1.100000000000000000e+01 1.500000000000000000e+01 4.000000000000000000e+00 -3.684359957655144626e+02
3.903678953593470169e-02 2.198086723818127197e+00 9.444287227358307391e+00 9.090660714791017227e+00 2.946019664967477247e+00 2.789477430880952902e+00 3.911359305285891375e-01 3.540086073064680150e+00 1.100000000000000000e+01 1.000000000000000000e+01 5.000000000000000000e+00 -1.013775923735972719e+04
1.200365512333317897e+00 7.856061128367020086e-02 8.772106338085849941e+00 4.976370714854666311e+00 2.864663856774668727e+00 1.761674285409256413e+00 1.360019045532663284e-01 2.682448308378924118e+00 1.000000000000000000e+00 1.000000000000000000e+01 3.000000000000000000e+00 -1.018631889285654506e+04
1.439837927235033899e+00 1.159939088775101546e+00 5.392746656216736767e+00 2.157103676394206637e+00 1.235818615169204104e+00 8.224436360129367962e-01 4.864845573756126917e-02 2.466218378936531952e+00 5.000000000000000000e+00 1.000000000000000000e+01 4.000000000000000000e+00 -1.618300561488644860e+02
1.286633292136922790e+00 1.937237006933439032e+00 7.451683934117802721e+00 5.911540634726732080e+00 1.426562064569583121e-01 7.210177258051437832e-01 6.768181600688907285e-01 4.694438433618203455e+00 1.000000000000000000e+00 1.700000000000000000e+01 4.000000000000000000e+00 -1.458922935270550170e+02
2.831695429813544607e+00 2.973886483410322246e+00 3.194889204771519609e+00 3.654921085956240212e+00 7.247329192085454341e-01 4.319270729960800193e-01 3.673586852231968680e-01 3.758524110720125488e+00 5.000000000000000000e+00 9.000000000000000000e+00 4.000000000000000000e+00 -1.386755631885633306e+02
7.398817205270282749e-01 1.617597338787429617e+00 3.273795880107950307e+00 7.842467110369605976e+00 9.513652509025898318e-01 2.799314087244647808e+00 3.214004462534819084e-01 3.403510248025209517e+00 1.000000000000000000e+01 3.000000000000000000e+00 3.000000000000000000e+00 -1.296547475849939133e+02
2.288701897025609000e+00 6.076394882128853814e-01 5.353646857170803131e+00 3.914032855208088524e+00 1.857468599196316239e+00 5.980637589176087676e-01 5.941372081923882442e-01 2.564537035251833519e+00 1.100000000000000000e+01 2.000000000000000000e+00 2.000000000000000000e+00 -9.012991221185727397e+01
2.421404061896916815e+00 9.674056243552726642e-01 6.633468812727103980e+00 9.453911996614861479e+00 2.506380494262215652e+00 1.183822493099951689e+00 8.747627882794450915e-01 4.437526723490056391e+00 9.000000000000000000e+00 7.000000000000000000e+00 2.000000000000000000e+00 -1.014237701396424745e+04
2.909458865321286947e+00 2.055323376484152753e+00 7.000719400182968677e+00 6.506317108236648217e+00 1.177150415691450069e+00 2.616563892245599821e+00 8.463506459890584033e-01 2.779572771562061728e+00 4.000000000000000000e+00 1.500000000000000000e+01 3.000000000000000000e+00 -1.533882701073659689e+02
8.495951296070407555e-01 2.557428973208396350e+00 4.131476541963101212e+00 7.091385194626281141e+00 6.938565001777698971e-01 2.508608653571217761e+00 6.807240730252210881e-01 2.637886323293351154e+00 5.000000000000000000e+00 3.000000000000000000e+00 5.000000000000000000e+00 -3.864078034441747889e+01
1.574915176241409087e+00 2.734657367907855630e-02 9.266312315680472977e+00 1.731991839656431331e+00 1.596881926834856635e+00 8.909734673757199186e-01 4.325910465621575218e-01 2.032657350420702169e+00 1.000000000000000000e+01 1.700000000000000000e+01 1.000000000000000000e+00 -1.030656218380052269e+04
2.378053660868689967e+00 2.305710801923638087e+00 6.406878838232882956e+00 5.428314137127403072e+00 1.431597913415591172e+00 4.154167137398689924e-02 4.897857219636661541e-01 3.886690860588796426e+00 5.000000000000000000e+00 1.300000000000000000e+01 3.000000000000000000e+00 -3.292058853322884033e+02
3.899637823462975827e-01 1.355382699410318192e+00 4.739635668181058747e+00 2.092129363528648422e+00 2.136785088815222444e+00 2.132502155002023780e+00 3.081403547861493730e-01 4.969322822248903648e+00 4.000000000000000000e+00 1.000000000000000000e+01 5.000000000000000000e+00 -2.962725913310234205e+02
1.060195714273903356e+00 3.678319876255328191e-01 6.873474539953178919e+00 1.634649128474790380e+00 2.834426561558737401e+00 1.272859255870874673e+00 6.224782091376211968e-01 2.890521511442642577e+00 1.000000000000000000e+00 1.700000000000000000e+01 2.000000000000000000e+00 -1.026257630251992305e+04
2.079728102280318680e+00 5.938349702327119228e-01 5.412337095962740818e+00 1.486440521918381386e+00 6.983302431461566595e-01 2.170892522740276664e+00 3.721711553076262335e-02 2.248881144311310809e+00 1.000000000000000000e+01 1.300000000000000000e+01 3.000000000000000000e+00 -1.266590675372789150e+02
7.966399872477172295e-01 2.438239235559113816e+00 7.225694987649393219e+00 4.110241005303103101e+00 9.498083477615677506e-01 2.776467577360534289e+00 1.798530787443892720e-01 3.478010471009363336e+00 1.000000000000000000e+01 2.000000000000000000e+01 5.000000000000000000e+00 -1.331113075753382304e+02
1.767500160766526385e+00 1.881647685483858856e+00 4.201014204419343478e+00 2.836337905499982437e+00 2.697014531017649652e+00 2.919142734376094062e+00 4.377498897013440415e-01 4.610819619584789919e+00 2.000000000000000000e+00 6.000000000000000000e+00 1.000000000000000000e+00 -1.326239254328038726e+02
2.480316340638701433e+00 5.902663577436413345e-01 7.229234076611772863e+00 5.117276862919274194e+00 1.190372125562161321e+00 1.871996821207470685e+00 3.712539696209534723e-01 3.933674227774729193e+00 7.000000000000000000e+00 2.000000000000000000e+00 5.000000000000000000e+00 -1.265569880852648055e+02
7.184720788700991179e-01 5.152669467281509874e-01 1.641944539857545182e+00 6.690034967891285156e+00 7.778061559999329688e-01 4.870096156738878967e-02 8.029092395455740272e-01 2.846390688377295586e+00 5.000000000000000000e+00 8.000000000000000000e+00 5.000000000000000000e+00 -1.361773267176305353e+02
1.503785317649329212e+00 1.235445126707429120e+00 1.412706566004430009e+00 5.859921528615732456e+00 9.651331850780413557e-01 2.351604645681494521e+00 8.359002779129433014e-01 2.481462920852582688e+00 1.000000000000000000e+00 3.000000000000000000e+00 3.000000000000000000e+00 -9.270566226103335339e+01
1.057060981955524337e-01 7.774451649226723493e-01 3.216103447420997075e+00 5.267332144878929867e+00 1.591340690098432376e+00 9.262557315202954999e-01 2.426707685938676029e-01 4.682788864056426803e+00 5.000000000000000000e+00 1.800000000000000000e+01 3.000000000000000000e+00 -1.014123881248703401e+04
1.123550427917004768e+00 1.477146818402496509e+00 6.725892350047260493e+00 6.769339006786538881e+00 1.090985729170413698e+00 6.238276640825382025e-01 2.051445139608507329e-01 4.423353911740592892e+00 9.000000000000000000e+00 8.000000000000000000e+00 5.000000000000000000e+00 -9.865523222275253090e+01
1.616502591675906153e+00 9.877884119203739210e-01 3.415683163053947258e+00 2.526846905326181059e+00 2.912607035189116456e+00 2.357084827903643376e+00 4.307878070948701899e-01 4.779457292143715286e+00 1.100000000000000000e+01 1.500000000000000000e+01 4.000000000000000000e+00 -3.565408067583003913e+02
2.212666026964589694e+00 4.869228577625579479e-01 2.002080604078407156e+00 4.018483274538592553e+00 2.488503989144926543e+00 1.725470603507020195e+00 5.703854464950959269e-01 2.704444142147940155e+00 9.000000000000000000e+00 1.300000000000000000e+01 1.000000000000000000e+00 -1.009836581928113446e+04
1.814382547213151398e-01 1.204457611320979060e+00 2.794490689259808924e+00 9.701445064531062812e+00 2.487459639928858657e+00 3.496928786256465749e-01 5.460132297222308750e-03 2.000465678024872407e+00 8.000000000000000000e+00 1.100000000000000000e+01 4.000000000000000000e+00 -1.587222157964606879e+02
3.646529305350419969e-01 3.402276394463783493e-01 3.045009544111509037e+00 3.783147913756218728e+00 1.125863853763775957e+00 2.425465354668487450e+00 7.209921170432266324e-01 3.785929425805325543e+00 3.000000000000000000e+00 2.000000000000000000e+00 5.000000000000000000e+00 -1.264095860962881090e+02
7.184720788700991179e-01 5.152669467281509874e-01 1.641944539857545182e+00 6.690034967891285156e+00 7.778061559999329688e-01 4.870096156738878967e-02 8.029092395455740272e-01 2.846390688377295586e+00 5.000000000000000000e+00 8.000000000000000000e+00 5.000000000000000000e+00 -1.361773267176305353e+02
