1.019283878120622822e+00 1.349935403343633489e+00 5.887414438906683145e+00 8.166300880185323408e+00 2.191648915840709311e+00 1.289777502674453125e+00 5.095011883448673506e-01 2.275213018039170976e+00 2.000000000000000000e+00 5.000000000000000000e+00 4.000000000000000000e+00 -1.108360331677530581e+02
2.482563796459942296e-01 1.280537200745600401e+00 4.308709995140795890e+00 7.993990933226717388e+00 2.333090209399799164e+00 2.548338019311191971e+00 6.756795990276107666e-01 3.565410128969737524e+00 4.000000000000000000e+00 1.300000000000000000e+01 2.000000000000000000e+00 -1.012081300595368702e+04
1.904826806139801931e+00 2.170739490167341579e+00 3.306781748487885864e+00 1.870387697438910202e+00 1.096198407007543452e+00 1.163478143088598316e+00 6.788974024116415373e-01 4.169003697891440652e+00 4.000000000000000000e+00 1.400000000000000000e+01 5.000000000000000000e+00 -1.008314618486088148e+04
8.706465591119194602e-01 2.075764745985712256e+00 7.937374273857674467e+00 6.115975253264339884e+00 2.469185238212330269e+00 9.609139124022689771e-01 1.549843155162602959e-01 3.832324992971460453e+00 1.000000000000000000e+01 1.500000000000000000e+01 5.000000000000000000e+00 -4.912881487021164730e+02
5.465702687078795030e-01 2.667097047727648995e-01 9.187968525574497392e+00 7.405675827936056166e+00 1.062544680955241239e+00 1.863542424063757252e+00 7.708515395282841132e-01 3.368166590405219818e+00 1.000000000000000000e+01 1.100000000000000000e+01 2.000000000000000000e+00 -1.013691735557626453e+04
1.788337640306346676e+00 1.224359794853698835e+00 1.622317846964473453e+00 7.016882691527370319e+00 1.451733578893021015e+00 1.269315778911423331e+00 3.659117838360933517e-01 4.029129442455340104e+00 9.000000000000000000e+00 1.100000000000000000e+01 3.000000000000000000e+00 -1.016907143516363021e+02
1.027101819836377272e+00 1.168606509994522202e+00 4.118215379315384617e+00 4.300798861275656471e+00 1.465030029054737781e+00 2.304176493174416862e+00 1.750511654999565292e-01 3.430947075739035235e+00 6.000000000000000000e+00 1.200000000000000000e+01 3.000000000000000000e+00 -1.424362107329075684e+02
1.644947880392055639e+00 7.231175899192834322e-01 2.902843786975327411e+00 7.703901867584547425e+00 5.959208942929555830e-01 2.505270892314400477e+00 1.017558551465359007e-01 4.526562029809855225e+00 6.000000000000000000e+00 2.000000000000000000e+00 4.000000000000000000e+00 -1.250622842191172737e+02
2.695673264040468808e+00 1.705503961594431850e+00 3.287622772260559323e+00 3.061436578839579870e+00 2.418044770934498544e+00 1.081508482786899261e+00 1.403539181526193835e-01 3.155376779766157380e+00 1.000000000000000000e+01 1.700000000000000000e+01 4.000000000000000000e+00 -1.360649735787503118e+02
9.853683966535852212e-01 1.263033906086098002e+00 4.317497204137073830e+00 9.953148277769946262e+00 1.820087396481326225e+00 1.915410456880769274e+00 4.857457840174839170e-02 3.377032866109212161e+00 3.000000000000000000e+00 4.000000000000000000e+00 1.000000000000000000e+00 -1.278489764176956669e+02
2.731563778631768358e+00 2.228287096287765223e+00 9.979190261434780496e+00 5.044747402548106052e+00 1.731845492341466564e+00 9.875951597683698679e-01 9.299335390916039223e-01 2.180809337079915977e+00 9.000000000000000000e+00 1.800000000000000000e+01 2.000000000000000000e+00 -1.924933790347938043e+02
4.658549644055077765e-01 2.260903773154475438e+00 4.955062009210936758e+00 5.461348636136519552e+00 1.832774088233095844e+00 1.973044025009608848e+00 1.866574066036703061e-01 4.769366215365929307e+00 5.000000000000000000e+00 1.300000000000000000e+01 2.000000000000000000e+00 -1.015709798539082840e+04
2.048582303988049080e+00 2.333396415860647721e+00 3.281661059964349203e+00 7.949986914833971241e+00 2.114843133599134006e+00 2.661739211167656993e+00 9.162289862403305563e-01 4.685064326846297256e+00 6.000000000000000000e+00 1.600000000000000000e+01 2.000000000000000000e+00 -1.583469867713354233e+02
3.575076840702433589e-01 2.523960281919996884e+00 3.836233662007539902e+00 2.263458916929396381e+00 2.803385712257030260e+00 2.531113626521039883e-01 7.852475654818277251e-01 4.363301438778345087e+00 0.000000000000000000e+00 4.000000000000000000e+00 3.000000000000000000e+00 -2.031169897874836465e+02
2.327217400399817393e+00 1.115678867942166974e+00 2.644338697036212160e+00 7.564172031442266686e+00 2.094467628568704498e+00 9.379598770255360707e-01 3.343268339203264716e-02 2.783798858936509912e+00 0.000000000000000000e+00 9.000000000000000000e+00 3.000000000000000000e+00 -1.420566123292996963e+02
1.227293904370452715e+00 4.983434664374344347e-01 2.743869144857042031e+00 2.851433240817532244e+00 1.863506196833789819e+00 1.049859766348262724e+00 9.707636141829989462e-01 3.452556979596831610e+00 8.000000000000000000e+00 7.000000000000000000e+00 1.000000000000000000e+00 -1.393056171051692047e+02
2.076569492364162439e+00 1.824707846828997670e+00 7.323590216426118182e+00 7.161014752577104403e+00 1.731507840349364002e+00 2.773964304410112547e+00 7.977103870488345683e-01 2.691130023604537680e+00 5.000000000000000000e+00 1.700000000000000000e+01 4.000000000000000000e+00 -1.015557964910106057e+04
7.635478611627299905e-01 2.578327647057335525e+00 1.858823227320967941e+00 9.519028429485491216e+00 3.468815631819330836e-01 1.207474335076903715e+00 6.168070290786398235e-01 3.714778673145804788e+00 1.000000000000000000e+01 2.000000000000000000e+00 4.000000000000000000e+00 -1.258387793989208774e+02
6.574891124081898575e-01 1.599326209262763809e+00 7.424117915897870290e+00 6.628771367801615355e+00 1.342654600112346941e+00 5.191997992648862414e-01 7.889463267244911648e-01 2.439917775184012427e+00 1.000000000000000000e+01 1.200000000000000000e+01 2.000000000000000000e+00 -1.018005773115679767e+04
2.293846869842851799e+00 5.687952127002238178e-01 5.877085812063862491e+00 9.801936718577035634e+00 2.789779833403484011e-01 2.135506662828800195e+00 6.351120374662188039e-01 4.067267237044196904e+00 0.000000000000000000e+00 3.000000000000000000e+00 2.000000000000000000e+00 -1.547219226780940460e+02
1.098358827288381079e+00 2.066783298926959667e+00 5.876824448705626480e+00 5.216335196540039298e+00 2.327300865837232724e+00 1.695366615867732296e+00 3.679023375157121079e-01 4.295366433848466947e+00 8.000000000000000000e+00 1.600000000000000000e+01 2.000000000000000000e+00 -1.017281280885530032e+04
1.271462573296404219e+00 2.001889713621944011e+00 4.627545179554033439e+00 3.723364019802382963e+00 1.406950374396053416e+00 3.538205049602971553e-01 7.230753512113863302e-02 4.517349022601438335e+00 8.000000000000000000e+00 1.200000000000000000e+01 2.000000000000000000e+00 -1.015151170258804814e+04
2.832529556965979189e-01 1.914133563582094855e+00 1.686196092634531851e+00 7.116005107036450283e+00 1.469459501557413006e-03 2.188573061480186599e+00 8.971855015648997345e-01 3.766086042588169924e+00 1.000000000000000000e+01 5.000000000000000000e+00 2.000000000000000000e+00 -1.300903649181015851e+02
1.165454780065028562e+00 1.716835164692205762e+00 6.132184143388694331e+00 5.565760509667469158e+00 2.869479356848096963e+00 1.533620675593727389e+00 7.555478675936755373e-01 4.407090391625351877e+00 9.000000000000000000e+00 1.400000000000000000e+01 5.000000000000000000e+00 -1.092166026387145337e+02
6.028689206106019327e-02 2.058562440098595570e+00 1.575502654626975252e+00 9.154302035120883474e+00 5.593280030970690930e-01 8.617531268197270444e-01 8.576868603100074040e-01 3.334806792515382590e+00 3.000000000000000000e+00 1.300000000000000000e+01 5.000000000000000000e+00 -1.004886721987808596e+04
2.071447616131233183e+00 1.289152840845084524e+00 7.634353596863508784e+00 2.559432774263175503e+00 8.569501754370691948e-01 2.394153464364646045e+00 1.283837418173749967e-02 3.170154095398165062e+00 3.000000000000000000e+00 1.700000000000000000e+01 4.000000000000000000e+00 -1.722976873185087356e+02
2.547665695200818980e+00 1.848147433786416327e+00 5.449368548803370516e+00 6.110937259862137871e+00 1.666590858008996090e+00 6.993671354326479461e-01 3.573834382891373229e-01 3.303886741682295458e+00 9.000000000000000000e+00 7.000000000000000000e+00 1.000000000000000000e+00 -1.013845845701159124e+04
1.453693548164562310e+00 1.424855540095926187e-01 3.022340683939111372e+00 2.717702990218514802e+00 2.061945255490778006e-01 2.014302174260308664e+00 7.726199617797763208e-02 2.438648372322884228e+00 9.000000000000000000e+00 1.700000000000000000e+01 3.000000000000000000e+00 -1.353921403324890491e+02
2.205666145692786628e+00 1.539965488998202403e+00 4.699965768412504019e+00 6.881353974241761762e+00 9.928195425709410715e-01 1.725070191642211759e+00 4.947135295272450106e-01 2.366368811338140699e+00 5.000000000000000000e+00 6.000000000000000000e+00 3.000000000000000000e+00 -1.034766629764938983e+02
2.780351476805600353e+00 2.272952369027412711e+00 5.397068854761655210e+00 2.739570695403731992e+00 1.111251318120995091e+00 4.602049290985339991e-01 7.345344061514141876e-02 3.670909079234108141e+00 1.100000000000000000e+01 3.000000000000000000e+00 4.000000000000000000e+00 -1.278088847088488791e+02
1.524675666403933594e+00 5.148229747714180293e-01 9.166712429886583635e+00 8.013770401251978370e+00 1.063706023750325969e+00 2.600545437550314976e+00 4.685476310611971229e-01 2.405427946825701380e+00 1.000000000000000000e+00 6.000000000000000000e+00 5.000000000000000000e+00 -1.383709568307284599e+02
3.705302706604224339e-01 2.011210277166286975e+00 7.166407113372051718e+00 7.149458657636186487e+00 7.396704599757155663e-01 3.230551241390301476e-01 7.910585371325185022e-01 2.921318068404813673e+00 5.000000000000000000e+00 1.800000000000000000e+01 2.000000000000000000e+00 -1.016369630226859954e+04
1.704217719790293906e+00 2.798061776584231941e-01 8.986207741097928192e+00 5.323007070836172971e+00 1.614192239784487004e+00 7.544858427186813543e-01 5.732562881411347178e-01 3.271263245960642774e+00 9.000000000000000000e+00 1.200000000000000000e+01 2.000000000000000000e+00 -1.472404806914846915e+02
1.664971906340328545e+00 1.654430443452423516e+00 4.428947928671665757e+00 6.735510891878420558e+00 2.535267052994460535e+00 3.603968043319263903e-01 1.718026311119732474e-01 3.656784555516142010e+00 7.000000000000000000e+00 1.800000000000000000e+01 3.000000000000000000e+00 -4.115364733815692944e+02
1.927445679281671431e+00 2.257918630005134375e+00 8.329878259902077531e+00 1.178006697106894318e+00 2.378260722457040011e+00 9.890572572749078972e-01 7.246301085859002677e-01 3.047629742950917375e+00 1.100000000000000000e+01 1.000000000000000000e+01 1.000000000000000000e+00 -1.009415515737110036e+04
1.664366173140699789e+00 1.777403161637717499e+00 6.130989555193506746e+00 8.747265629865191627e+00 2.788697647922262490e+00 1.245281543460410312e+00 8.654243204127410882e-01 2.875984597831321210e+00 8.000000000000000000e+00 9.000000000000000000e+00 2.000000000000000000e+00 -1.014821880942747703e+04
1.637915569178161057e+00 1.618429423894762076e+00 9.194482913172416616e+00 8.901473629560708645e+00 1.158512415232798576e+00 1.241954772989034561e+00 4.159289938479082127e-01 3.509945806884954500e+00 1.100000000000000000e+01 1.700000000000000000e+01 4.000000000000000000e+00 -1.485210461951175773e+02
9.044197422844381107e-01 2.171123293386618691e-01 4.099861512213323955e+00 1.647094848332440797e+00 1.737073292790894952e+00 1.198782258544596191e+00 1.441713310300462292e-01 4.388283760061844063e+00 2.000000000000000000e+00 1.800000000000000000e+01 1.000000000000000000e+00 -1.703257604897711417e+02
7.727015096197087374e-01 1.868763598738580445e+00 4.453327479854032767e+00 4.955406103534238937e+00 2.772678446841087219e+00 1.046476976864629149e+00 3.052418949821990579e-01 2.993189570465904392e+00 3.000000000000000000e+00 1.100000000000000000e+01 3.000000000000000000e+00 -2.613936230853080360e+02
9.971781234678288586e-01 1.226968776564057784e+00 9.799537783573166294e+00 6.468486830407438326e+00 1.371784094749055161e+00 1.931853423183939045e+00 6.077475965843106565e-01 3.094725343177544108e+00 1.000000000000000000e+01 7.000000000000000000e+00 2.000000000000000000e+00 -1.071349668156498751e+02
4.472689393141654479e-01 2.176427892822197396e+00 5.073812327970401270e+00 7.408474788701369995e+00 2.743190372115924092e+00 2.988258468094421083e+00 5.266861456209753767e-01 4.305439776439263788e+00 6.000000000000000000e+00 1.500000000000000000e+01 5.000000000000000000e+00 -1.455838120656672743e+02
1.729611930580814860e+00 1.707745167402149100e+00 3.967019641251306350e+00 4.632739996289193307e+00 2.356721792380790381e-01 8.333511213511826110e-01 7.927862062983997982e-01 2.934473742783406891e+00 4.000000000000000000e+00 6.000000000000000000e+00 3.000000000000000000e+00 -6.661195713705340893e+01
1.017718454749847012e+00 1.415251758365651868e+00 3.511050736721381238e+00 3.662909183750278075e+00 5.907013575932766880e-01 2.571625497924747261e+00 2.710134918791383130e-01 4.466814137925232409e+00 1.000000000000000000e+01 2.000000000000000000e+01 4.000000000000000000e+00 -1.509202985729726834e+02
6.947948391124216805e-01 2.708113748502810392e+00 2.393046352488703121e+00 8.085028063139949595e+00 1.916746884956723962e+00 6.976888580973499288e-01 4.083057286880773518e-01 4.942254415935199319e+00 6.000000000000000000e+00 2.000000000000000000e+00 1.000000000000000000e+00 -1.949597749548290722e+02
8.244250369312482452e-01 8.857346288208576279e-01 7.595908405352826520e+00 8.798608200679380431e+00 1.898916222093367079e+00 2.384123351285461379e+00 7.617193049279348260e-01 2.459288293761038968e+00 7.000000000000000000e+00 1.000000000000000000e+01 1.000000000000000000e+00 -1.014755297260502266e+04
2.338703726289159235e+00 9.011059384661365135e-01 2.479909558153044813e+00 7.730384569426023589e+00 2.306358982628746723e+00 1.609301706306989210e-01 2.546147656282885530e-01 3.884451237234829435e+00 2.000000000000000000e+00 8.000000000000000000e+00 2.000000000000000000e+00 -1.514553773725578196e+02
1.365641915083973146e+00 9.184484178126564036e-01 6.285474070385587808e+00 1.815055384939636252e+00 1.733509954086780880e+00 2.520943856904808378e+00 2.697137631025068316e-01 3.262653298170638205e+00 8.000000000000000000e+00 1.200000000000000000e+01 4.000000000000000000e+00 -1.571971596112780105e+02
2.461104993236424843e-01 2.059095575037269477e+00 6.139488145162983024e+00 3.611144481826416452e+00 2.427604886115557470e+00 6.559503240076413055e-01 3.618036319198779660e-01 3.057111243677013590e+00 5.000000000000000000e+00 9.000000000000000000e+00 5.000000000000000000e+00 -1.499833938653947314e+02
