2.298719886164324322e+00 2.765865870435924911e+00 1.564022513925700686e+00 6.418670530107696948e+00 2.177273896944798004e+00 1.924137293067681442e+00 2.901598884818042956e-01 3.410237734983473601e+00 6.000000000000000000e+00 5.000000000000000000e+00 3.000000000000000000e+00 -9.445686701663908025e+01
3.884093664892374065e-02 2.335810604157935177e+00 2.148238978117789078e+00 8.246409950607008099e+00 1.304823278406023190e+00 1.847274883170458182e+00 8.405338070770504988e-01 3.555153019125206093e+00 2.000000000000000000e+00 1.100000000000000000e+01 3.000000000000000000e+00 -1.388801256381358655e+02
5.513443571315701508e-02 2.436953009351113586e+00 7.682905246521386289e+00 4.408911994254750333e+00 2.049550281003507557e+00 2.212690970223880615e-01 2.539427599730501028e-01 2.623609879007119616e+00 9.000000000000000000e+00 1.800000000000000000e+01 4.000000000000000000e+00 -4.131210626429602257e+02
1.209394753455511617e+00 2.856894160738534083e+00 8.971599034491978486e+00 1.968540906750822383e+00 1.692480111480577643e+00 3.409662389249699110e-01 9.056652047727400401e-01 4.948429777543211117e+00 2.000000000000000000e+00 1.600000000000000000e+01 3.000000000000000000e+00 -2.636566195093532770e+02
2.459597112201544533e+00 1.493136578536221837e+00 1.012939945857433521e+00 9.466762045806014214e+00 2.297882558232261729e+00 1.596614900740205734e+00 2.160194101329310223e-01 2.482101541067218697e+00 9.000000000000000000e+00 2.000000000000000000e+01 1.000000000000000000e+00 -3.660863412770484615e+02
1.339690013194363427e-01 6.492249984995459577e-01 8.472435777005435042e+00 9.070020179554937556e+00 1.773897824582249427e+00 1.257842508373442580e+00 1.515588426457270543e-01 4.103824924489649639e+00 5.000000000000000000e+00 1.400000000000000000e+01 2.000000000000000000e+00 -1.463574779035570259e+02
3.649801166680770592e-01 5.176204273980000714e-02 8.119281521751419817e+00 1.690668841066508277e+00 4.958956911668207512e-01 7.024257079990784414e-01 1.282880752849264727e-01 3.883025831393905669e+00 2.000000000000000000e+00 3.000000000000000000e+00 3.000000000000000000e+00 -2.698577165876843651e+02
2.842247773884750917e+00 7.394986873879940692e-01 2.784881010343886576e+00 2.960868043592763232e+00 6.789296737314360897e-01 1.281512460611835547e-01 9.250402398980198670e-01 4.088674789852175806e+00 7.000000000000000000e+00 1.000000000000000000e+01 2.000000000000000000e+00 -1.005022335089856642e+04
1.762653662987082814e+00 1.825750809939276742e+00 1.159359123028744110e+00 7.459817204022689552e+00 2.388643376360170656e+00 2.114374758262214105e-01 7.499680544160737261e-01 3.893074242257002826e+00 2.000000000000000000e+00 2.000000000000000000e+01 4.000000000000000000e+00 -3.636699696162635291e+02
2.658285535530073407e+00 1.488181941596048885e+00 6.316467200696598283e+00 3.752301322285447327e+00 1.538150590976053778e+00 1.789361238369957086e+00 8.992277024298970245e-01 4.685145105206059313e+00 1.000000000000000000e+01 1.600000000000000000e+01 3.000000000000000000e+00 -1.011711271718830722e+04
1.657655046340892113e+00 4.320726926118609867e-01 4.125482742160088812e+00 1.449094984003590714e+00 1.055719681744529126e+00 2.727281788944444507e+00 7.114349566152111670e-01 2.959028239436057195e+00 8.000000000000000000e+00 1.400000000000000000e+01 4.000000000000000000e+00 -1.014426581828441158e+04
1.444901777123157594e+00 1.517788978083340679e+00 1.236305838689230718e+00 1.290921851288838074e+00 2.092129707483719736e-01 2.297193546066726544e+00 5.717721672837684510e-01 2.191099426637623360e+00 8.000000000000000000e+00 7.000000000000000000e+00 2.000000000000000000e+00 -1.393892850137742130e+02
1.832386133974007514e+00 8.129296582902463264e-01 6.430959220574406388e+00 5.721521687338600337e+00 1.925972607706010642e+00 1.857234034150526236e+00 7.114357880435528969e-01 2.419131652596952176e+00 1.100000000000000000e+01 2.000000000000000000e+00 3.000000000000000000e+00 -1.302392792923476748e+02
2.187370472544095001e+00 8.843468035296453422e-03 2.889669799103714354e+00 2.848960542741260316e+00 1.905266959842754737e+00 3.877621610897044047e-01 4.305071541920784672e-01 2.506634218366718070e+00 1.000000000000000000e+00 1.400000000000000000e+01 5.000000000000000000e+00 -2.163216994055643454e+02
1.102081132511275152e+00 4.221658943929000873e-01 7.038411178716432737e+00 7.593702656208201063e+00 1.685832833836697020e+00 3.651498880833825567e-02 8.672450431938878435e-01 2.011050086821855931e+00 8.000000000000000000e+00 1.000000000000000000e+01 5.000000000000000000e+00 -1.983174241517830581e+02
3.894898232448786302e-01 9.692105531191868018e-01 3.826531169324801862e+00 5.456817315080876085e+00 3.016888752070039370e-01 1.388046959537216685e+00 4.801087240808546430e-01 2.091640824061096193e+00 5.000000000000000000e+00 2.000000000000000000e+00 4.000000000000000000e+00 -1.278973706811528928e+02
1.762964564328372674e+00 5.606417090340309883e-02 9.161083059938258444e+00 2.583318345275396499e+00 4.040945399837279073e-01 5.087646028491663586e-01 8.537960008843219484e-01 2.975196482867835890e+00 1.000000000000000000e+00 1.300000000000000000e+01 4.000000000000000000e+00 -1.885302241241730030e+02
1.449374326151095183e+00 1.231892703280045076e+00 7.277899034449177407e+00 5.763669432043163177e+00 1.128647977122457124e+00 1.038119699306470078e+00 8.861503391202674162e-01 4.703910033508862831e+00 1.000000000000000000e+00 1.400000000000000000e+01 5.000000000000000000e+00 -1.007060734281704208e+04
2.262088187133731942e+00 9.309052899570495754e-01 2.801208889372271749e+00 8.182512995422763780e+00 8.268888327088745882e-01 2.224131512387080623e+00 3.573028680770429233e-02 2.448629983193300053e+00 1.000000000000000000e+00 6.000000000000000000e+00 3.000000000000000000e+00 -2.359783996999079818e+02
1.802812452838598478e+00 9.520981556307375193e-01 8.634077047599436838e+00 1.041346763354306759e+00 7.318339998016609727e-01 1.489410744179499035e+00 3.006310976455405237e-01 2.841019938714832715e+00 8.000000000000000000e+00 1.400000000000000000e+01 2.000000000000000000e+00 -1.392138658787256986e+02
2.484042921610329913e-02 9.111644408870985812e-01 9.940160851503231143e+00 4.316228832560286222e+00 2.163120561426853605e+00 1.620108592014724680e+00 3.903691397169328781e-01 3.836200106903140838e+00 2.000000000000000000e+00 1.000000000000000000e+01 3.000000000000000000e+00 -3.127318661053797086e+02
4.842371291187859139e-01 9.335905626408738112e-01 5.041381084524254597e+00 9.549963211137642460e+00 1.763006746162466110e+00 1.689744388180744350e+00 7.595348160747297239e-01 4.774005030817629169e+00 6.000000000000000000e+00 6.000000000000000000e+00 2.000000000000000000e+00 -1.001488823640629704e+02
1.657830978222004870e+00 2.618015574051754335e+00 4.049313907251167244e+00 9.441183805974898036e+00 2.668501890373935925e+00 2.277948030590105422e+00 9.666619160853171522e-01 4.110377369043897389e+00 7.000000000000000000e+00 9.000000000000000000e+00 3.000000000000000000e+00 -1.304367766276265002e+02
7.186787420900422330e-01 2.767585155818961695e+00 6.265647645179769576e+00 8.366928520662005653e+00 9.741265661592675151e-01 2.168848732656012857e+00 5.520986276464557863e-01 4.214738268125534759e+00 9.000000000000000000e+00 1.700000000000000000e+01 2.000000000000000000e+00 -1.596940750889080221e+02
1.506790036805014443e+00 9.699002826423043233e-01 2.583150371490174901e+00 8.644452269096538188e+00 2.405619988501653594e+00 6.610588149300116179e-01 4.293674991225449045e-02 4.348936890176744008e+00 5.000000000000000000e+00 9.000000000000000000e+00 4.000000000000000000e+00 -3.155717556921186997e+02
2.543584838668849990e+00 1.155052106729798966e+00 4.797700168235611962e+00 4.234980392826289908e+00 7.568158670353891671e-01 2.853957552400864905e+00 3.812232190971325263e-01 2.454226676201266333e+00 1.000000000000000000e+01 1.700000000000000000e+01 1.000000000000000000e+00 -1.493197577851679512e+02
2.715705643164324723e+00 2.937131025399163597e+00 1.446898126474172042e+00 5.115479719629920652e+00 2.904201631294785813e+00 4.596874952370437750e-01 3.193348018043701275e-01 4.371032508387501458e+00 8.000000000000000000e+00 8.000000000000000000e+00 5.000000000000000000e+00 -1.346146248345724814e+02
2.003565421919381695e+00 1.602450456947280388e+00 1.370797162164328675e+00 7.059073823121250868e+00 2.342542709302636084e+00 2.831840778331387920e+00 4.574888274577827429e-01 3.097629083856547894e+00 7.000000000000000000e+00 6.000000000000000000e+00 3.000000000000000000e+00 -1.291121002157060502e+02
1.940320374985557983e+00 1.180545385380412871e+00 7.379053524567151356e+00 2.385235589390347855e+00 1.609999424081015595e+00 9.094137811776108471e-01 4.729723108582861713e-01 3.249908661308091418e+00 5.000000000000000000e+00 7.000000000000000000e+00 5.000000000000000000e+00 -1.369537383419578305e+02
4.882875335712482112e-01 8.224906122683907084e-01 3.603214988897380788e+00 8.595903865267114696e+00 1.466722629974394732e+00 2.199799523615506569e+00 5.603303633598636369e-01 3.754919400706014265e+00 8.000000000000000000e+00 1.500000000000000000e+01 4.000000000000000000e+00 -1.013687277446274675e+04
2.802959842967638338e+00 1.373085765643920375e+00 1.689501830890310474e+00 9.213760060517707018e+00 1.360595884526585975e+00 9.671759264652557420e-02 8.540191355215634994e-01 3.335914148946521607e+00 1.000000000000000000e+01 1.000000000000000000e+01 3.000000000000000000e+00 -8.964132840588764850e+01
2.179419770222958519e+00 8.061697725117423774e-01 5.945982740958546842e+00 2.020781967249538624e+00 2.125923686378756727e+00 2.098431506079153408e+00 4.118982681398073442e-01 4.945336194761395632e+00 1.100000000000000000e+01 1.000000000000000000e+01 5.000000000000000000e+00 -1.039067877495367327e+02
1.262666135579086024e+00 5.045705593389155919e-01 5.521197670962532555e+00 3.985064257681257160e+00 1.388444807583025797e+00 1.464781038117547229e+00 4.394236578712545915e-02 2.914844546925707380e+00 4.000000000000000000e+00 9.000000000000000000e+00 2.000000000000000000e+00 -1.014450488280519676e+04
2.064055021395087230e+00 1.690073538212828907e+00 5.203310416413229333e+00 2.809166821543750636e+00 7.217365652530831621e-01 2.629271528222295373e+00 8.101211612384777716e-01 2.614360155326925117e+00 2.000000000000000000e+00 7.000000000000000000e+00 3.000000000000000000e+00 -1.390052743397131962e+02
5.427694461247656310e-01 1.371109233561842444e-01 3.736651719249226566e+00 2.699216253037906021e+00 7.279400040898966751e-01 8.187508052030034733e-02 8.671143970928884004e-01 4.880081385588399101e+00 1.100000000000000000e+01 5.000000000000000000e+00 4.000000000000000000e+00 -1.300730096699814169e+02
8.361178042316739223e-01 1.203246667036542261e+00 8.519729396693854540e+00 1.605579796104179557e+00 4.597075002388382181e-01 1.933010231947058122e+00 7.170101171310008237e-01 4.886674367999522595e+00 6.000000000000000000e+00 1.300000000000000000e+01 4.000000000000000000e+00 -1.437787314279385669e+02
2.250413813679796871e+00 1.921138939766183218e-01 7.808196840500444935e+00 4.713837877974973445e+00 2.620238281507616396e-01 2.418993730303331091e+00 8.635883879467083357e-01 3.473185027597829766e+00 2.000000000000000000e+00 7.000000000000000000e+00 3.000000000000000000e+00 -1.347997301419902954e+02
2.448884520859142988e+00 2.114526915353406977e+00 1.918684453446672489e+00 4.291187155269140518e+00 6.213686421356103828e-01 7.106344148470232769e-01 3.048430794008037958e-01 2.424621126476572908e+00 1.000000000000000000e+01 7.000000000000000000e+00 1.000000000000000000e+00 -1.359960527558662307e+02
1.526897494535687905e+00 1.708428595824490248e+00 4.461898921929984496e+00 2.085768174998982705e+00 1.659306668964217524e+00 1.649234685001835343e+00 2.645598523352779008e-01 2.353854038883504973e+00 1.000000000000000000e+01 4.000000000000000000e+00 4.000000000000000000e+00 -1.324397231563202126e+02
2.443580058171296088e+00 2.981513022920926570e+00 8.987765048629695386e+00 8.178915371021405534e+00 2.770277309366088403e+00 4.084150099910237586e-01 1.581287254180532287e-01 3.021644240514507196e+00 4.000000000000000000e+00 7.000000000000000000e+00 3.000000000000000000e+00 -1.405025843663791534e+02
2.554103837652496267e+00 2.071446330849229689e+00 4.938051708831877384e+00 1.019421532459332980e+00 2.554556914285733615e+00 1.508592801324450505e+00 3.606030680645013753e-01 2.445356292807966181e+00 1.000000000000000000e+00 9.000000000000000000e+00 4.000000000000000000e+00 -2.033128030006092786e+02
1.404257553103705813e+00 1.874164630148795530e+00 1.759817797563796749e+00 8.489848096740001182e+00 1.102581047222552346e+00 2.772426715673388831e+00 8.686707796733084130e-01 4.015367447337989226e+00 7.000000000000000000e+00 7.000000000000000000e+00 3.000000000000000000e+00 -9.619841917215929072e+01
4.587996671468403953e-01 1.861493377927651238e+00 2.061809591231600347e+00 5.435345748520171050e+00 1.139157161625817594e+00 2.301335589111026536e+00 7.714831138777317188e-01 2.117167536052645183e+00 4.000000000000000000e+00 1.000000000000000000e+01 4.000000000000000000e+00 -1.144432338864570511e+02
2.093971460740561952e+00 1.329708450182804480e+00 6.247012516078777722e+00 8.563624865743346248e+00 1.331000449530324703e+00 2.887641362791716348e-01 5.930689732305126638e-01 4.793366110285017356e+00 3.000000000000000000e+00 1.600000000000000000e+01 2.000000000000000000e+00 -1.019710002102623184e+04
2.130319079255722059e+00 2.628250994581187161e+00 7.215875009429415954e+00 4.226538503626507293e+00 5.799171131414038172e-02 9.225928369674024632e-01 4.493610459162219462e-01 3.666734250582864618e+00 5.000000000000000000e+00 6.000000000000000000e+00 3.000000000000000000e+00 -1.331010034673258531e+02
2.229976340097542309e+00 5.070489549119721051e-01 7.890819314849637500e+00 6.411271325572423407e+00 2.907529931101604070e+00 9.277528180426264370e-01 6.885234834423838990e-01 4.527982717766567688e+00 4.000000000000000000e+00 4.000000000000000000e+00 5.000000000000000000e+00 -9.547439863798922488e+01
2.508083759228912690e+00 7.012298951712581108e-01 4.297041646258777270e+00 2.829689913044328264e+00 1.635019728382500759e-01 1.735691649816217375e+00 8.268136285922645934e-01 3.589212379007080678e+00 6.000000000000000000e+00 3.000000000000000000e+00 3.000000000000000000e+00 -1.271003557094676637e+02
2.229976340097542309e+00 5.070489549119721051e-01 7.890819314849637500e+00 6.411271325572423407e+00 2.907529931101604070e+00 9.277528180426264370e-01 6.885234834423838990e-01 4.527982717766567688e+00 4.000000000000000000e+00 4.000000000000000000e+00 5.000000000000000000e+00 -9.547439863798922488e+01
