1.586268887282567874e+00 1.464881100898781652e+00 2.349032075708056055e+00 2.722800253124078473e+00 2.238347601234383255e+00 1.563459459473009350e+00 9.586000198796227334e-01 3.723184005358969095e+00 8.000000000000000000e+00 1.600000000000000000e+01 2.000000000000000000e+00 -1.748384836890834890e+02
2.257035356864609099e+00 9.827948327221058822e-02 8.695791410911395403e+00 2.166206169735758635e+00 1.798487375441530700e+00 1.444403506540006044e+00 2.980147425438256503e-01 2.205760225086613957e+00 2.000000000000000000e+00 7.000000000000000000e+00 5.000000000000000000e+00 -1.903823687559586801e+02
1.548431839141579447e+00 2.796028799397075382e+00 3.304899852761033596e+00 8.501540988782920749e+00 1.247399435304548998e+00 9.989768733870677542e-01 5.303739018819132456e-01 3.919342371953339121e+00 8.000000000000000000e+00 5.000000000000000000e+00 2.000000000000000000e+00 -6.015479394135883240e+01
2.309358502349557529e+00 4.627353303119252637e-01 5.955357796255167813e+00 7.750495250834140037e+00 1.059450528219774368e+00 2.404637962135484752e+00 4.456271823919799591e-02 4.611940339771201991e+00 8.000000000000000000e+00 2.000000000000000000e+01 3.000000000000000000e+00 -1.490076642112105105e+02
1.295344685915814864e+00 1.217916269319194278e+00 8.342071588861283971e+00 8.128971202295538490e+00 1.925775499300507843e+00 9.227958543611972653e-01 2.048264844080082692e-01 4.477142492060382395e+00 1.000000000000000000e+00 1.700000000000000000e+01 2.000000000000000000e+00 -1.016461146413240931e+04
2.345437032268203881e-01 2.394420652434133157e+00 2.728702796022555166e+00 7.747428704940069188e+00 1.360852981731698552e+00 1.890751716812764105e+00 1.130393014836009180e-01 2.290998463070478941e+00 2.000000000000000000e+00 1.700000000000000000e+01 3.000000000000000000e+00 -3.672750923049102312e+02
2.794621893649120281e+00 6.015749192746865370e-01 5.056330741280242513e+00 1.684182241884098596e+00 1.631260412014306382e+00 1.267616253757671618e+00 1.055744857663424296e-01 3.693155939418707678e+00 3.000000000000000000e+00 1.200000000000000000e+01 1.000000000000000000e+00 -2.149083466917084309e+02
1.132436901496685522e+00 6.837451598258035279e-01 5.419085156534745984e+00 7.309349728238066390e+00 1.449062434048810299e+00 1.806687916248842951e+00 2.961972604185083568e-01 4.360143494336454317e+00 9.000000000000000000e+00 6.000000000000000000e+00 4.000000000000000000e+00 -9.438495196135858123e+01
1.525310059618500080e+00 1.122572996264492140e+00 8.138544889791921477e+00 9.567651444411414019e+00 3.698558589290907306e-01 1.302332281861961372e+00 3.942156885838148939e-01 4.377175089370700434e+00 8.000000000000000000e+00 5.000000000000000000e+00 2.000000000000000000e+00 -5.634533295799730013e+01
1.050147092155259365e+00 1.942655752840701577e+00 3.007360201337692551e+00 3.493709866864791458e+00 1.442737456217676240e+00 1.306572126074648343e+00 8.158620786790963253e-01 3.216487894092670885e+00 1.000000000000000000e+01 1.500000000000000000e+01 2.000000000000000000e+00 -2.156846829026273156e+02
1.592791816419121265e+00 1.484834275391747616e+00 1.466516781209824316e+00 2.120913661648433646e+00 1.550533757156838277e+00 1.838622665785578647e-01 4.086336919720334748e-01 3.203394896489337285e+00 8.000000000000000000e+00 1.100000000000000000e+01 1.000000000000000000e+00 -2.027775019672365886e+02
1.741836769789573136e+00 2.016993614425857118e+00 1.813003473827889511e+00 6.650912660007415766e+00 2.256444890528698455e+00 2.883045331679716217e+00 6.383587217559331117e-01 2.006177459576159006e+00 1.100000000000000000e+01 2.000000000000000000e+00 3.000000000000000000e+00 -1.285107525322671336e+02
1.499851384104007757e+00 1.321926491045410046e+00 6.011983974431996280e+00 9.103013951245142010e+00 2.109966315279364402e+00 2.252284794942423396e+00 6.432651242058584629e-01 2.577455162779775932e+00 0.000000000000000000e+00 1.600000000000000000e+01 2.000000000000000000e+00 -1.607869897715463878e+02
1.498303077391415661e+00 2.715898885779732375e+00 7.600701852105686385e+00 7.343668023248933530e+00 1.195620365695760912e-01 4.577378108478789009e-01 9.763957808151301210e-01 3.901903480588009288e+00 6.000000000000000000e+00 1.100000000000000000e+01 5.000000000000000000e+00 -1.399320367505422666e+02
1.969123821690936804e-01 7.328491088680684218e-01 2.136955658970898675e+00 4.788949880995247099e+00 7.771349866829841968e-01 2.776219573254750106e-01 7.368983600644130050e-02 3.241021107492076947e+00 5.000000000000000000e+00 1.700000000000000000e+01 3.000000000000000000e+00 -1.503573636377478238e+02
8.295120638020978543e-01 1.645460432878631529e+00 6.185693790765545153e+00 6.234188865516724576e+00 2.416843984071117113e+00 8.322410626914994447e-02 4.186000344927192085e-01 3.344768774679601986e+00 1.100000000000000000e+01 1.700000000000000000e+01 5.000000000000000000e+00 -1.480414361278198498e+02
1.826182174729286789e+00 1.449442141667144801e+00 8.665917299570846666e+00 2.645411774578197317e+00 1.601974753153317943e+00 1.412256642065360834e+00 1.795419106656464536e-01 4.911406576916048650e+00 1.100000000000000000e+01 6.000000000000000000e+00 2.000000000000000000e+00 -9.548475983152683000e+01
1.457724634547994391e+00 8.944011304535912643e-01 3.894632715189501049e+00 3.954666112034791237e+00 2.339554613796543947e+00 2.063642606650952338e+00 3.409030838319118684e-01 2.549085278526424858e+00 6.000000000000000000e+00 1.000000000000000000e+01 3.000000000000000000e+00 -1.493113660824129738e+02
4.709614410583976563e-01 1.705550946623777486e+00 6.724353218962439982e+00 6.437642589845529173e+00 1.600073679637863844e+00 9.100456621472661212e-01 2.126675908186749786e-01 4.362301450908857348e+00 1.000000000000000000e+00 1.800000000000000000e+01 2.000000000000000000e+00 -1.014524378907935170e+04
1.463434162208074207e+00 2.151835299321450679e-01 4.903095920044735934e+00 7.348160903533737631e+00 1.793753881711834808e+00 1.506563622922882040e+00 3.155641139906405490e-01 4.105084850603529567e+00 2.000000000000000000e+00 1.200000000000000000e+01 1.000000000000000000e+00 -1.406450538507450290e+02
2.861279651371376964e+00 9.892257953544203453e-03 3.746114668562582573e+00 7.274035924220576987e+00 2.224818351685488693e+00 6.204411795586239897e-02 9.245516901616870342e-01 3.400078157880138008e+00 3.000000000000000000e+00 2.000000000000000000e+00 4.000000000000000000e+00 -1.265441453633214763e+02
9.062801432469957952e-01 2.977362936660791881e+00 5.201142693052167587e+00 8.272764813170105924e+00 1.627632157884518538e+00 8.605304890111052929e-01 5.447383840433932534e-01 4.155761030148870105e+00 7.000000000000000000e+00 1.400000000000000000e+01 1.000000000000000000e+00 -1.012352694541301025e+04
2.474290646198112897e-01 1.022527077240087401e-01 9.345013692647793135e+00 5.689884189625767696e+00 1.423137858072328843e+00 1.624448237953585616e+00 8.808231998962638976e-01 2.774799092680131807e+00 6.000000000000000000e+00 1.300000000000000000e+01 2.000000000000000000e+00 -1.016392489246150035e+04
1.089690715412642064e+00 2.897966409344712169e+00 5.644874970307619755e+00 8.126280380587351360e+00 2.591339725516457637e+00 1.895456226485678242e+00 6.434142112631350274e-01 2.489701920671687052e+00 1.100000000000000000e+01 2.000000000000000000e+01 3.000000000000000000e+00 -1.902578041345483371e+02
2.608680389626718110e+00 2.784192806679089749e+00 9.098298873324246472e+00 5.834519711433566513e+00 1.306080496432640903e+00 1.692802445963751845e+00 8.913250799962054716e-01 2.686236233003462814e+00 7.000000000000000000e+00 1.200000000000000000e+01 5.000000000000000000e+00 -1.579966911805882432e+02
2.377117204569371811e+00 9.201571502252612333e-01 8.098900455208189797e+00 1.236525190379326400e+00 1.747932435549081953e+00 1.779942707591481099e+00 3.994826984173603934e-01 4.190493900404034022e+00 3.000000000000000000e+00 8.000000000000000000e+00 1.000000000000000000e+00 -1.354796196087391706e+02
1.830822018206012869e+00 1.719784231437123445e+00 9.091537180828524356e+00 3.540760802527830098e+00 2.980826875093997685e+00 1.948943614511455369e+00 6.581739199484241132e-01 3.818050546216663399e+00 8.000000000000000000e+00 1.900000000000000000e+01 1.000000000000000000e+00 -1.019624883687539477e+04
7.262726586785506200e-02 1.703561465974249067e+00 7.048211935275588758e+00 8.368743807543928881e+00 7.557975257844824490e-01 7.459257316543754790e-02 5.068261914837830506e-01 3.421504152746960958e+00 3.000000000000000000e+00 7.000000000000000000e+00 5.000000000000000000e+00 -1.443072815155935871e+02
1.474333159140358784e+00 6.569846210542342746e-01 6.577043197455288315e+00 7.554221099411045692e+00 2.643662809051518181e+00 3.523742987579965846e-01 7.659265649460995640e-01 3.861992599031428774e+00 6.000000000000000000e+00 1.100000000000000000e+01 2.000000000000000000e+00 -1.019536830006793389e+04
2.365256602223333005e+00 1.311469425014036627e+00 2.256403390550276722e+00 6.526295717091137760e+00 2.858597493013430579e+00 8.473659580420780379e-01 7.941229506423180817e-01 2.351064719617527388e+00 6.000000000000000000e+00 2.000000000000000000e+00 1.000000000000000000e+00 -9.006527163011698178e+01
1.747441300645984574e+00 2.345771549349457974e-01 4.992053689862872901e+00 4.535888658990336886e+00 1.247806020472039368e+00 8.331028599213239350e-01 7.546725978988504391e-01 4.564798025057419828e+00 4.000000000000000000e+00 1.000000000000000000e+01 4.000000000000000000e+00 -1.012383229534348902e+04
2.712231630628979762e+00 3.579367322071146384e-01 8.005870475532116615e+00 3.925775650113916271e+00 1.319010172533714886e+00 3.547499110359514374e-01 8.923020208103880080e-01 3.071862860693796993e+00 4.000000000000000000e+00 2.000000000000000000e+01 5.000000000000000000e+00 -4.590772657540769046e+02
4.956942416641425542e-01 1.985858779684994690e-01 5.037784294129065366e+00 8.346809800076243846e+00 2.674362516782213817e+00 8.915053592369897029e-01 3.303655477510634153e-01 3.927901046580966060e+00 0.000000000000000000e+00 1.200000000000000000e+01 4.000000000000000000e+00 -1.453619575350681998e+02
1.886707795037206425e+00 2.056590800978642442e+00 8.081182998757885372e+00 8.677981498386898807e+00 2.171012683452489433e+00 1.810041852416308661e+00 6.201315727511386156e-01 4.194187966737862538e+00 5.000000000000000000e+00 9.000000000000000000e+00 2.000000000000000000e+00 -1.014196576195351918e+04
1.019630526167313311e+00 2.202571147374156268e+00 6.472762738639513458e+00 9.535525780238142346e+00 1.996102489936297575e+00 1.698888007503908781e+00 3.386354864890663841e-01 4.566756624738311565e+00 5.000000000000000000e+00 8.000000000000000000e+00 1.000000000000000000e+00 -1.333034476263837860e+02
4.203445641210687422e-02 1.451625882001961187e-01 2.603001381757246158e+00 5.754433696798448850e+00 1.379123944324446294e+00 1.418284153683599724e+00 6.992319628929770658e-01 2.585423000641899449e+00 5.000000000000000000e+00 2.000000000000000000e+01 3.000000000000000000e+00 -1.013665200582835314e+04
2.597237128115144067e+00 2.293931268215939401e+00 5.629019016585255386e+00 8.535468960563735052e+00 1.074144790482051581e+00 4.074048684712848201e-01 7.501064327044915103e-01 2.217319302470006637e+00 0.000000000000000000e+00 1.100000000000000000e+01 5.000000000000000000e+00 -1.010256055986289539e+04
1.966119102581330935e+00 1.106152085134846086e+00 7.367337875036660044e+00 7.929101673285519958e+00 2.176905685296373072e+00 2.756430781579076061e+00 6.142706495958671908e-01 2.025170236022176606e+00 7.000000000000000000e+00 1.900000000000000000e+01 3.000000000000000000e+00 -2.107892336193722542e+02
2.939270396879376523e+00 2.504539444128111025e-01 4.571865925216337168e+00 2.084159486876238088e+00 1.817638577055959548e+00 2.991250944076765172e+00 5.165685891924833850e-01 4.022695783351978527e+00 1.000000000000000000e+01 4.000000000000000000e+00 2.000000000000000000e+00 -1.298011406701197643e+02
1.261128774290306787e+00 1.139616645130461681e+00 8.519780421177822305e+00 8.194548425112035517e+00 2.127323715889371414e+00 1.021662054731171221e+00 5.699959946159537383e-01 4.074527338511122920e+00 4.000000000000000000e+00 2.000000000000000000e+01 4.000000000000000000e+00 -1.112593348658943455e+02
9.642825022319034822e-02 6.695813530733545349e-01 5.524722993309532981e+00 2.494232658471682296e+00 1.219092818900357145e+00 1.148907290486559596e+00 7.291439610920094072e-01 2.212320798662886112e+00 1.000000000000000000e+01 1.800000000000000000e+01 3.000000000000000000e+00 -4.077806767503224137e+02
2.727007933611421686e-01 2.369555788459503098e+00 3.921714544734665076e+00 7.615616893114547814e+00 7.968488889669693709e-01 7.070875865372634461e-01 5.003831013827232388e-01 3.986283120201238983e+00 9.000000000000000000e+00 4.000000000000000000e+00 2.000000000000000000e+00 -6.084688970579958323e+01
1.423845255989126368e+00 2.427699290199526683e+00 1.032056286505596887e+00 9.894398547476221495e+00 1.907929584787952493e+00 1.072260355153587641e+00 3.737231528882590803e-01 3.685610510729875777e+00 8.000000000000000000e+00 3.000000000000000000e+00 4.000000000000000000e+00 -1.276055800201377650e+02
6.422498570664988415e-01 1.382884620489711835e+00 9.565823730190587071e+00 5.881709063657602599e+00 1.292890590103602078e+00 1.079422113930140537e+00 7.632062562473898026e-01 3.715742982153895202e+00 7.000000000000000000e+00 7.000000000000000000e+00 3.000000000000000000e+00 -1.362557251851150966e+02
9.620382899250181641e-01 2.134019098024911187e+00 5.566519347276394747e+00 7.999446371149078416e+00 1.834607117522720099e+00 1.169855916356877135e+00 1.291299518533360891e-01 3.756627017171418004e+00 2.000000000000000000e+00 3.000000000000000000e+00 5.000000000000000000e+00 -1.288850545150519054e+02
1.180470354557347834e+00 2.365632846459167382e+00 7.459349764270993610e+00 7.128339342035860504e+00 1.083108814688213739e+00 1.391056087972583288e+00 1.178910866553496417e-01 2.953730959573742876e+00 8.000000000000000000e+00 1.100000000000000000e+01 3.000000000000000000e+00 -1.227106209784705868e+02
3.712234075002993627e-01 6.243986884240859681e-02 4.944319895378098906e+00 1.598543677049469203e+00 9.112800618632521665e-02 1.745140359302668642e+00 1.988223478867187088e-01 3.353964286900344760e+00 5.000000000000000000e+00 1.300000000000000000e+01 5.000000000000000000e+00 -1.150415775902539082e+02
9.620382899250181641e-01 2.134019098024911187e+00 5.566519347276394747e+00 7.999446371149078416e+00 1.834607117522720099e+00 1.169855916356877135e+00 1.291299518533360891e-01 3.756627017171418004e+00 2.000000000000000000e+00 3.000000000000000000e+00 5.000000000000000000e+00 -1.288850545150519054e+02
