7.668644640404937984e-01 1.959618718088656175e+00 8.255350212597697634e+00 7.884010835206709977e+00 1.723520072590985164e+00 2.670082209109951865e+00 4.113926391434999941e-01 3.634046331346131087e+00 3.000000000000000000e+00 1.600000000000000000e+01 5.000000000000000000e+00 -1.017018942097325089e+04
1.741315848131608446e+00 1.234622426877481249e+00 7.414975220304649284e+00 8.691875055208942769e+00 1.824854928760605510e+00 7.659927775341608402e-01 2.522255521535026745e-01 2.398220185167617480e+00 9.000000000000000000e+00 1.700000000000000000e+01 4.000000000000000000e+00 -3.795694777869144332e+02
2.733433309362385266e+00 8.163446844467612262e-01 4.410716981579225759e+00 3.949636042364402577e+00 2.940393065977234599e+00 1.440519702417559333e+00 8.320087527321647913e-01 3.358483856971496095e+00 0.000000000000000000e+00 1.400000000000000000e+01 1.000000000000000000e+00 -1.018429248370386995e+04
1.781318256708787295e+00 2.745887041223582514e-01 1.305062130239405205e+00 6.130083881881125407e+00 3.493180381404328294e-01 1.757652569390580677e+00 5.403633949696469152e-01 3.908680801684699890e+00 2.000000000000000000e+00 1.500000000000000000e+01 3.000000000000000000e+00 -1.448216501407085275e+02
2.504520590105490108e+00 9.486963763862585886e-01 5.852365314807517649e+00 5.943542891315149568e+00 1.878278449922670568e+00 7.504060564237713393e-02 7.551786576908909865e-01 3.544409470132508400e+00 9.000000000000000000e+00 1.100000000000000000e+01 3.000000000000000000e+00 -1.421684684332291226e+02
2.212162298847974995e-02 5.324770322797121036e-01 4.209345437374365950e+00 4.284141240496230907e+00 8.174503647760807956e-01 2.270469931457692603e-01 1.985083366116182635e-01 2.935704389184750518e+00 3.000000000000000000e+00 1.600000000000000000e+01 3.000000000000000000e+00 -3.435388904739058376e+02
6.164620643363747376e-01 5.624403673180027319e-01 2.295998849982583856e+00 4.962821191513722141e+00 2.649853844086631494e-01 1.199611837266286063e+00 4.918860536371134629e-01 3.469506017293311650e+00 5.000000000000000000e+00 1.800000000000000000e+01 2.000000000000000000e+00 -1.559349685632526530e+02
1.012689445532721777e-01 2.788931271884351748e+00 5.636517898603564447e+00 4.696956212509034501e+00 6.538585396198377531e-01 1.823084550952702720e+00 6.092680862449265655e-01 3.627866173073764244e+00 2.000000000000000000e+00 2.000000000000000000e+01 5.000000000000000000e+00 -1.266128138866513950e+02
2.653435700873906455e+00 2.706966986051304147e+00 3.694774073558076299e+00 6.491330880591845265e+00 1.714553580351045881e+00 4.591698168784963396e-01 6.273590816300870232e-01 3.543998536580724057e+00 6.000000000000000000e+00 4.000000000000000000e+00 3.000000000000000000e+00 -9.397052074534320809e+01
1.308601046236912202e+00 1.777101035355465264e+00 7.303426356696069988e+00 9.395918010454186842e+00 1.359736944259430924e+00 2.143578558121311151e+00 9.760598420476307435e-01 3.401573620682452503e+00 1.100000000000000000e+01 1.700000000000000000e+01 1.000000000000000000e+00 -1.438763364542577960e+02
7.421885342200259528e-01 1.289360673515331568e+00 3.319121600967542385e+00 8.571737140292945867e+00 7.159744835928436579e-01 1.972039188052898684e+00 4.597993594519318439e-01 3.614638018055936985e+00 9.000000000000000000e+00 1.700000000000000000e+01 1.000000000000000000e+00 -1.016011430615574136e+04
4.637254963651287198e-01 3.366546206453977508e-01 3.996485295871718080e+00 4.364166080188230268e+00 1.198653736626404509e+00 2.325008583335879120e+00 7.719555756025431315e-01 3.809798316007742436e+00 7.000000000000000000e+00 1.800000000000000000e+01 4.000000000000000000e+00 -1.013480149099090886e+04
9.629788285708658080e-01 2.869316201371268082e+00 7.217913277287735241e+00 8.373195043676144422e+00 9.008124452172154850e-01 2.905127932914900235e+00 6.780585462186647927e-01 4.263737125783528370e+00 1.000000000000000000e+01 1.600000000000000000e+01 1.000000000000000000e+00 -1.429182506263911705e+02
1.453149456941056128e+00 5.043182793620977211e-01 1.511980699191197708e+00 1.988484721913912789e+00 1.812228810905812004e+00 1.251622444898186970e+00 2.436408010174602179e-01 4.917338110854284849e+00 0.000000000000000000e+00 1.100000000000000000e+01 4.000000000000000000e+00 -1.351021841454702042e+02
8.388570889451054668e-01 2.442320494831785815e+00 1.495104988709316629e+00 7.847196356972885312e+00 1.475859791571496604e+00 1.501159219750769935e+00 7.648822716346301842e-01 3.259019074486505296e+00 3.000000000000000000e+00 1.100000000000000000e+01 2.000000000000000000e+00 -1.016152981623703636e+04
2.063203464936275378e+00 1.037166039902114534e+00 7.386798399497672030e+00 2.108373647567304943e+00 6.223904564178874832e-01 9.261339139142411581e-01 6.852782976457035824e-01 2.990104408434006711e+00 2.000000000000000000e+00 1.100000000000000000e+01 5.000000000000000000e+00 -1.562524439311200695e+02
2.624320748498387701e+00 2.251375030475379901e+00 2.799427629544755547e+00 7.200199526769702985e+00 2.628873037515136346e+00 4.634688417845576058e-01 5.649717551502774215e-01 3.488653289940923052e+00 1.000000000000000000e+01 6.000000000000000000e+00 1.000000000000000000e+00 -9.825523533370432006e+01
1.019636814222858234e+00 2.196055027292005413e+00 2.768874943913995246e+00 2.572113099585187079e+00 2.352456243106673561e+00 2.799984920656050313e+00 5.171916189999240521e-01 4.399617997262236457e+00 6.000000000000000000e+00 1.400000000000000000e+01 3.000000000000000000e+00 -1.368055637077404185e+02
2.123045297212460714e+00 4.446866614716031840e-01 5.388309804513821355e+00 7.923755880955007491e+00 2.661889741575894419e+00 6.782296404620431485e-01 7.308699191640816162e-01 4.142671970846699026e+00 5.000000000000000000e+00 9.000000000000000000e+00 4.000000000000000000e+00 -1.494094304838191647e+02
8.646561316769831862e-01 1.612684554911457235e+00 5.961181952217264879e+00 3.109598070591352403e+00 8.626950765397971566e-01 2.802086058779647004e+00 2.320460502262371716e-01 3.626190880848528586e+00 3.000000000000000000e+00 1.400000000000000000e+01 4.000000000000000000e+00 -1.586268533140450927e+02
1.598083709409989783e+00 6.158147663864845800e-01 4.008009064131424104e+00 5.598222454944233206e+00 2.808848872369288152e+00 1.871431209593719558e+00 5.190129235744905811e-01 2.604060167594016040e+00 1.000000000000000000e+00 1.000000000000000000e+01 3.000000000000000000e+00 -1.008989566060480865e+04
1.810758970193449002e-03 2.641893826041821214e+00 1.725985258951260981e+00 9.981925669770289389e+00 1.968804618106363424e-01 1.743179223588483318e+00 3.028019340777600710e-01 4.268189574212420290e+00 9.000000000000000000e+00 8.000000000000000000e+00 4.000000000000000000e+00 -1.337548662115594595e+02
8.316230076830890550e-01 2.733970652995326045e+00 2.693690569125959389e+00 8.690587695319702988e+00 1.491627315372328733e+00 9.286811342724223817e-01 7.759024386434876241e-01 4.018449632432935736e+00 4.000000000000000000e+00 1.000000000000000000e+01 4.000000000000000000e+00 -1.585337152022480041e+02
1.339591276634043648e+00 1.846406917385057689e+00 3.575764386348841750e+00 5.313672987077742604e+00 2.679595372481637039e+00 2.352132043395031014e-01 3.998821897907557377e-01 4.871524450777495296e+00 0.000000000000000000e+00 4.000000000000000000e+00 2.000000000000000000e+00 -1.290780948367267627e+02
5.964253840774891291e-01 1.687486135573712076e+00 3.445303637798425189e+00 1.930405717572886815e+00 8.862210268774903810e-01 1.635494008994641035e+00 1.653434420179946684e-01 3.212082064386908353e+00 8.000000000000000000e+00 6.000000000000000000e+00 4.000000000000000000e+00 -6.823206553025417520e+01
2.327938140837424896e+00 1.736172767908454206e+00 2.683895852326016573e+00 4.458191103196451621e+00 2.700981284141878991e+00 2.346290656605098945e+00 5.625255312192560808e-01 2.495171825506383723e+00 1.000000000000000000e+01 1.500000000000000000e+01 1.000000000000000000e+00 -1.019824140604139575e+04
2.994065305825617251e+00 1.989553603731607945e+00 5.687490391523548183e+00 2.675478727557062619e+00 2.504731586071685001e+00 2.116655640843144504e+00 3.236333119950348669e-01 4.010894492871404537e+00 1.000000000000000000e+00 1.100000000000000000e+01 2.000000000000000000e+00 -1.008684777944078814e+04
1.318687836146085424e+00 2.019030579213588972e+00 4.486047292830181554e+00 9.639520400021627466e+00 2.302795884724184727e-01 1.902928945385059079e+00 5.261662365651876838e-01 3.214508787538568058e+00 9.000000000000000000e+00 2.000000000000000000e+00 2.000000000000000000e+00 -1.274135980042297973e+02
2.515695211038921020e+00 3.400469862874668237e-01 4.228635037655013917e+00 6.511545120305557433e+00 1.494481204847557088e+00 2.035238580675894138e+00 4.333262681043281717e-04 2.904704665964913168e+00 1.000000000000000000e+00 5.000000000000000000e+00 3.000000000000000000e+00 -1.296146749935168998e+02
1.783378246992467275e+00 1.440789312134699074e+00 2.827003809319386551e+00 9.539442638044722145e+00 8.863176722330783353e-01 8.276937043732890409e-01 5.189458575289177533e-01 4.065662412577887963e+00 8.000000000000000000e+00 9.000000000000000000e+00 1.000000000000000000e+00 -1.011427576808167214e+04
2.555435067397648474e+00 1.752248938413262902e+00 5.789561380904185484e+00 1.509340664233496554e+00 2.375008026212611867e+00 2.949934906575366611e+00 4.805580195232426743e-01 4.123467036323913426e+00 0.000000000000000000e+00 1.000000000000000000e+01 2.000000000000000000e+00 -1.989929493708564792e+02
3.395755749267372892e-01 3.046218708669323760e-02 8.583158465194685505e+00 9.668129076733681160e+00 6.671712542581360594e-01 6.160997517756894304e-03 6.481195456744516248e-01 3.686343911390849382e+00 0.000000000000000000e+00 1.100000000000000000e+01 3.000000000000000000e+00 -1.116633554103891157e+02
2.758177521978967039e+00 1.401284364411917949e+00 8.717633168676666600e+00 4.668776449032710829e+00 1.003944272338805010e+00 2.648735029574289079e+00 1.557353083371972868e-01 4.520916631032713795e+00 1.000000000000000000e+00 3.000000000000000000e+00 5.000000000000000000e+00 -1.277918768344194973e+02
2.255554792834091327e+00 4.348185082217037589e-01 9.350937630926829058e+00 2.354742083296256006e+00 2.201313778632782991e-01 3.945272842110392197e-01 9.550270207248360288e-01 3.705283818346573277e+00 1.100000000000000000e+01 1.200000000000000000e+01 1.000000000000000000e+00 -1.411419068343412277e+02
1.757517599410082676e+00 1.547470346819496578e+00 6.162353655814007958e+00 3.093738087052661179e+00 1.226795272130676295e-02 1.164221704473694885e+00 3.893995411519564076e-01 3.709080191624094969e+00 0.000000000000000000e+00 1.200000000000000000e+01 1.000000000000000000e+00 -1.389191362708237136e+02
3.583732189085273578e-01 2.165702492669808077e+00 2.713824208362160650e+00 2.150408936799241832e+00 6.862798514978858400e-01 8.382009338599688553e-01 4.873464012642977350e-01 2.738984308769848219e+00 9.000000000000000000e+00 8.000000000000000000e+00 2.000000000000000000e+00 -1.466141412300099205e+02
3.415003830899701054e-01 1.963196396825437118e+00 2.125048592872603948e+00 1.306766778015889585e+00 2.240736625515370672e+00 1.072641442184312455e+00 9.417957092308232303e-01 4.154189110827720022e+00 2.000000000000000000e+00 7.000000000000000000e+00 2.000000000000000000e+00 -1.525679065310738736e+02
3.085086840597425772e-02 2.222582041545061671e+00 6.917748004012100438e+00 7.363543817008719294e+00 1.677868222284126798e-01 2.360453754675493343e-01 8.331187564517827937e-01 3.482619542310744443e+00 3.000000000000000000e+00 1.800000000000000000e+01 5.000000000000000000e+00 -1.394017951831344533e+02
2.649776668957185777e+00 7.888344916512446403e-02 9.899550414424975742e+00 4.741597642056672335e+00 7.026640968885056182e-01 1.087397257116653471e+00 6.022377979450020957e-01 2.514164802773939833e+00 9.000000000000000000e+00 1.500000000000000000e+01 3.000000000000000000e+00 -1.544157789517061019e+02
1.263872702749278876e+00 2.982130878237490457e+00 8.536758680648638631e+00 1.285230873654538364e+00 2.043093832892433070e+00 1.037881671794804284e+00 4.076783206743050947e-01 4.683265705045771554e+00 1.100000000000000000e+01 8.000000000000000000e+00 1.000000000000000000e+00 -1.352862596308247021e+02
1.698619892648415508e+00 2.176192602508055352e+00 7.582725136401486488e+00 1.793730639581548214e+00 2.631389985706860113e+00 2.788560069454453672e+00 6.355553314208954863e-01 4.158718469336180057e+00 1.000000000000000000e+01 1.100000000000000000e+01 3.000000000000000000e+00 -1.499611897858672762e+02
5.869918385334154110e-01 2.632621538849714948e+00 6.197009488768435048e+00 5.128935228864807350e+00 1.327817827477390855e+00 7.299827868536832298e-01 2.681140848938987076e-01 2.915757532830451915e+00 4.000000000000000000e+00 1.500000000000000000e+01 3.000000000000000000e+00 -1.023517237257945999e+04
1.229578501711382277e+00 2.793792881186536459e+00 4.319666735875827612e+00 9.751713907551494032e+00 1.582661357608325936e+00 1.248988124384031062e+00 4.471565250926329282e-01 4.073455849143519103e+00 1.000000000000000000e+00 8.000000000000000000e+00 3.000000000000000000e+00 -1.011936209940250228e+04
3.415003830899701054e-01 1.963196396825437118e+00 2.125048592872603948e+00 1.306766778015889585e+00 2.240736625515370672e+00 1.072641442184312455e+00 9.417957092308232303e-01 4.154189110827720022e+00 2.000000000000000000e+00 7.000000000000000000e+00 2.000000000000000000e+00 -1.525679065310738736e+02
1.941715314446093243e+00 2.836724963753098905e+00 2.255209065075098884e+00 3.496650851744932176e+00 2.192435738739386686e+00 6.148634967811816843e-02 9.662973491089074107e-01 4.391386681217166910e+00 1.000000000000000000e+01 1.300000000000000000e+01 1.000000000000000000e+00 -1.404666010446372297e+02
8.686427152347053759e-01 9.764515754761740052e-01 9.419337974645010547e+00 8.572310154166618901e+00 1.151543142694182675e+00 2.118474688854732335e+00 8.651468696043238538e-01 3.245224731270517360e+00 2.000000000000000000e+00 1.300000000000000000e+01 4.000000000000000000e+00 -1.555954282847874310e+02
1.815593872427436750e-01 1.727434914482245620e+00 3.221429454510925883e+00 7.449699546767442726e+00 2.825636954986512350e+00 7.556508818670102379e-01 9.576925087519123636e-01 3.569745589621701853e+00 3.000000000000000000e+00 7.000000000000000000e+00 1.000000000000000000e+00 -1.336094177254877877e+02
3.415003830899701054e-01 1.963196396825437118e+00 2.125048592872603948e+00 1.306766778015889585e+00 2.240736625515370672e+00 1.072641442184312455e+00 9.417957092308232303e-01 4.154189110827720022e+00 2.000000000000000000e+00 7.000000000000000000e+00 2.000000000000000000e+00 -1.525679065310738736e+02
