9.260401700257381297e-01 2.048631066410275814e+00 7.501491354665863476e+00 5.962844866591698434e+00 1.810202762024547107e+00 1.681162146026467852e+00 7.062894747250952898e-01 2.917865551551508396e+00 7.000000000000000000e+00 1.500000000000000000e+01 4.000000000000000000e+00 -6.427695182893357924e+02 4.501499999999774104e+02 2.610590739308419117e+01 5.028693614941123768e-02 8.258766213696701677e-03
1.415378682672708832e-01 1.831624873359649186e+00 6.428113970223161111e+00 3.279344509214432879e+00 1.990551912869655382e+00 1.446424368214533462e+00 4.509800284100586865e-01 3.101136694426633422e+00 2.000000000000000000e+00 1.000000000000000000e+01 2.000000000000000000e+00 -5.827433737098122037e+02 3.000999999999997385e+02 2.704333585686326913e+01 -1.065052360980198697e-02 6.277289277176472559e+00
1.077988317612476488e+00 1.122606407121169658e+00 4.711627441807886285e+00 3.446707572997420144e+00 1.985971061610877664e+00 1.048750544167141641e+00 1.736387103348965288e-01 2.539506179217072557e+00 5.000000000000000000e+00 1.100000000000000000e+01 4.000000000000000000e+00 -4.394853797844631913e+02 3.301100000000244563e+02 1.715189873652818520e+01 -4.081360103438445019e-01 1.919774730633157511e-01
4.139239013744583917e-01 7.505246085940461276e-01 7.744794284095652515e+00 3.927690674363244039e+00 1.181535933938061333e+00 4.897608903107504852e-01 1.119332764971089911e-01 2.695130551986811618e+00 7.000000000000000000e+00 1.200000000000000000e+01 5.000000000000000000e+00 -2.732209957412002268e+02 3.601200000000105774e+02 5.822562233824683631e+00 -1.136759209713513519e+00 6.215645132177846754e+00
1.078649480336705047e+00 1.325967344733181230e+00 4.965351397614072404e+00 3.480911180894899815e+00 1.843286450419176603e+00 1.917695462684967378e+00 3.198376822847659451e-01 3.092823849844795525e+00 7.000000000000000000e+00 1.100000000000000000e+01 3.000000000000000000e+00 -2.307106606212844326e+03 1.175899999999994492e+02 1.551947538830279960e+01 -3.069572834208985412e+00 5.199449673957603935e+00
8.977222459124114540e-01 1.856077968209894014e+00 4.465872588272473465e+00 4.659409118621304025e+00 2.780025831743869524e+00 4.896748431371864552e-01 4.672901679407401310e-01 2.825680618523732424e+00 2.000000000000000000e+00 1.200000000000000000e+01 2.000000000000000000e+00 -6.030759226077354924e+02 3.601200000000105774e+02 2.643849516298313418e+01 4.104799623491734994e-01 6.221716387459483855e+00
5.897307422137554322e-01 1.473870111726901300e+00 5.473511835761335043e+00 2.169056718835638886e+00 1.361176375304190111e+00 3.736569112588772335e-02 1.814696986648821064e-01 3.044135875011875214e+00 4.000000000000000000e+00 1.000000000000000000e+01 3.000000000000000000e+00 -5.514925832554100680e+02 3.000999999999997385e+02 2.509016145346313920e+01 7.965525003509238422e-02 2.645200672791503393e-03
3.496773287303454603e-01 9.489075714082638724e-01 9.906397234175685185e+00 3.705920745238814540e+00 1.654363247346692489e+00 5.324533031078196865e-01 1.270262186326669152e-01 3.339886454866417775e+00 1.100000000000000000e+01 1.100000000000000000e+01 5.000000000000000000e+00 -2.636317577992152792e+02 3.117400000000221780e+02 2.339890553125390654e-02 -1.094143713179237309e+00 1.021523722001268092e-01
1.092995804546428307e-01 1.865732544497420209e+00 7.579976186904655577e+00 3.980707982497615927e+00 1.286213826956237316e+00 1.298589199668293226e+00 3.093197131693412039e-01 3.168004647350418423e+00 7.000000000000000000e+00 1.000000000000000000e+01 5.000000000000000000e+00 -2.298484230764539006e+03 1.944999999999932356e+02 1.257713942278388508e+01 -6.371717789821549793e+00 5.047021791070561036e+00
1.146394798718685104e+00 1.497192806493551798e+00 6.036886454926098544e+00 3.784419143501871474e+00 2.000405017815082065e+00 6.670461947917475376e-01 2.846680713927072781e-01 3.333849093715169687e+00 5.000000000000000000e+00 1.000000000000000000e+01 4.000000000000000000e+00 -4.359964486380173412e+02 3.000999999999997385e+02 1.787165303987609022e+01 -8.361492058245875714e-02 6.277779211944569226e+00
8.052526603986970288e-02 1.406869044646145817e+00 5.937494603150509143e+00 4.092670350398940116e+00 1.658623600443860813e+00 5.061536464142393221e-01 9.509300198107339952e-02 3.358571167456970930e+00 8.000000000000000000e+00 8.000000000000000000e+00 4.000000000000000000e+00 -1.724361241173673989e+02 2.400800000000151329e+02 3.274757757334989083e+00 -4.794094357053330091e-01 6.273904517567320482e+00
7.307270779162287067e-01 4.205242938890170201e-01 6.817668252175663746e+00 1.175699102042747191e+00 1.904762247954710830e+00 2.050565630824263685e-01 2.113426180774982677e-01 2.392492990987222790e+00 6.000000000000000000e+00 8.000000000000000000e+00 3.000000000000000000e+00 -4.133866395299892815e+02 2.400800000000151329e+02 1.833416497062385631e+01 -7.949146644505940273e-02 6.257381205389893175e+00
1.462482139108810086e+00 1.639929340749039843e+00 9.908926376037195283e+00 2.978582294549767528e+00 2.044375667761073156e+00 1.051582350094913298e+00 4.201714446085870747e-01 3.248981673695777062e+00 6.000000000000000000e+00 1.100000000000000000e+01 4.000000000000000000e+00 -5.109164138172867524e+02 3.301100000000244563e+02 2.161633836357965777e+01 -2.808458402714320012e-03 3.416647598972311073e-03
1.499737938018459005e+00 2.143165433207551818e+00 6.767523776490546261e+00 5.786987285382949153e+00 1.811988609810026185e+00 1.099991338090012816e+00 2.898290637619759247e-01 2.670599731692584466e+00 5.000000000000000000e+00 7.000000000000000000e+00 5.000000000000000000e+00 -1.669175833693762172e+02 2.100699999999860097e+02 3.867661460586450328e+00 -9.359000302051770914e-01 8.575508798943852484e-02
1.507015499807665471e+00 2.022342287653675630e+00 4.343919249397202975e+00 5.184179219741455569e+00 1.362143856206421644e+00 1.451226667053606256e+00 6.481621811726068216e-01 2.529810173352082803e+00 6.000000000000000000e+00 1.500000000000000000e+01 5.000000000000000000e+00 -2.481318101629429748e+03 4.249499999999812303e+02 1.680269385183995112e+01 -3.783044370013329605e+00 7.685175603705072245e-01
1.198245812499420193e+00 2.092310930855050710e+00 6.284359777549733295e+00 3.587302668324444888e+00 1.250446182070375833e+00 1.489747566527861222e+00 3.374213022608467116e-01 2.458777666908722459e+00 6.000000000000000000e+00 1.500000000000000000e+01 3.000000000000000000e+00 -2.325043269477593640e+03 2.731500000000042405e+02 1.177926684234946286e+01 -1.361745635346467864e+01 2.056174325382253976e+00
1.312156705616295937e+00 1.357117871610139304e+00 7.665871215188772680e+00 3.995171639462801849e+00 2.363084655409445567e+00 1.208463454099777623e+00 2.627387861003439573e-01 3.076790524434334539e+00 6.000000000000000000e+00 1.700000000000000000e+01 2.000000000000000000e+00 -6.601901627267787944e+02 5.101700000000154773e+02 2.531907267042319276e+01 -1.398202667734819438e-01 3.798839585170050992e-02
1.183745556805978705e+00 1.883235926645379088e+00 6.896883407883506401e+00 1.475043561695593031e+00 1.317058590124045248e+00 1.034205401704397342e+00 5.255170278637013581e-01 2.469178951180062143e+00 7.000000000000000000e+00 1.300000000000000000e+01 4.000000000000000000e+00 -4.015610725743357534e+02 3.901299999999891384e+02 1.290600453589632579e+01 -8.685861286409198023e-02 6.275012015032678470e+00
1.952813904577306303e+00 1.193115818951570040e+00 6.393123342446641821e+00 3.533950748354455662e+00 1.421039264983839701e+00 7.032590249509238500e-01 4.860122080702730663e-01 2.185032227983722208e+00 4.000000000000000000e+00 1.300000000000000000e+01 3.000000000000000000e+00 -5.039818117135540660e+02 3.901299999999891384e+02 1.930730073209746678e+01 -7.257022877311504472e-02 2.240319520272397377e-02
5.284608399393774247e-01 1.873069196540922743e+00 8.208357707180077512e+00 3.006914896241523305e+00 1.559357715894622354e+00 7.277337619680926961e-01 2.088250422007735807e-01 3.312453213895586668e+00 5.000000000000000000e+00 1.000000000000000000e+01 3.000000000000000000e+00 -4.264256739126713001e+02 3.000999999999997385e+02 1.727347961954196265e+01 2.724957573517496068e-02 2.587450339917648709e-02
7.569324942551275415e-01 9.529535036661545000e-01 7.473194485731731618e+00 6.297906892754624231e+00 2.043363643143024433e+00 1.929662246136661041e+00 9.962736111522596527e-02 3.647564574316682684e+00 7.000000000000000000e+00 5.000000000000000000e+00 5.000000000000000000e+00 -2.360346840661120950e+03 1.515000000000008029e+01 2.204824004132006010e+01 -1.934625674859702160e+00 4.492867331099104078e+00
6.032946350734686991e-01 1.335744237484007613e+00 4.048182355569062807e+00 3.378498607729797154e+00 1.106618007661132053e+00 9.761975261010276128e-01 4.077463466028025119e-01 2.166242113429538652e+00 5.000000000000000000e+00 1.200000000000000000e+01 4.000000000000000000e+00 -4.570608934150737923e+02 3.601200000000105774e+02 1.731255583844178148e+01 -1.479039318711072581e-01 9.559053442156406621e-03
1.405571196618526475e+00 2.186676324187168952e+00 7.161555547131414734e+00 3.521232591705309556e+00 1.933798448363533762e+00 1.371935399059068361e+00 3.058067793685775859e-01 2.459485305184193837e+00 7.000000000000000000e+00 1.400000000000000000e+01 5.000000000000000000e+00 -4.973266869161238333e+02 4.201399999999720194e+02 1.795354293225861397e+01 -1.481678561667793825e-01 1.749445180382655507e-01
1.275508233455055374e+00 2.350037856189470364e+00 7.571858633215748924e+00 4.006798598487904428e+00 2.548132048172145225e+00 7.494169087432409615e-01 4.800018051043283274e-01 2.460021845857071288e+00 7.000000000000000000e+00 1.000000000000000000e+01 4.000000000000000000e+00 -4.315053074364697068e+02 3.000999999999997385e+02 1.759095671477936662e+01 1.205596584252075498e-01 4.644966597694200061e-03
2.031265293108197034e-01 1.174939165653104967e+00 8.858579206920488502e+00 5.312107224181371379e+00 2.152451753680297397e+00 1.202969680305509215e+00 4.303533469346267903e-01 2.827464925290049447e+00 4.000000000000000000e+00 1.200000000000000000e+01 3.000000000000000000e+00 -6.042872370247672507e+02 3.601200000000105774e+02 2.651420231404762262e+01 -3.195652104277160177e-01 6.698667406381808576e-03
1.593322387590093925e+00 1.610179620656678301e+00 9.180630318214509700e+00 3.073128315127417576e+00 1.347644762914485206e+00 1.066907433865261767e+00 6.669866098918179054e-01 3.691483351976623695e+00 5.000000000000000000e+00 1.000000000000000000e+01 3.000000000000000000e+00 -2.239295363467749667e+03 2.263999999999914223e+02 7.880960216734621326e+00 -3.913822007439577533e+00 4.942969110987911030e+00
1.125741305384266200e+00 1.115716898571398552e+00 7.141162291261108130e+00 4.743327782968924211e+00 2.873630846937529348e+00 1.144993980328081973e+00 2.413526815625504640e-01 2.333574647332707919e+00 3.000000000000000000e+00 1.300000000000000000e+01 4.000000000000000000e+00 -6.266957509908781958e+02 3.901299999999891384e+02 2.697692193693022489e+01 -3.352730492258077649e-02 1.155190462009444800e-02
1.098017431016568901e+00 1.893901388520661699e+00 7.742365819183583575e+00 1.719116616143296916e+00 1.158838444790172728e+00 2.578445944653733335e+00 2.758356243474978098e-01 2.181554191917308483e+00 1.000000000000000000e+00 1.000000000000000000e+01 3.000000000000000000e+00 -5.632071654704911907e+02 3.000999999999997385e+02 2.582232284190570581e+01 -5.620984345287929201e-02 4.723644299347405304e-03
2.192897089828255708e-01 1.415803772544544259e+00 5.950632174171009758e+00 1.606318913495057066e+00 1.238718768208465493e+00 1.154721458435515657e+00 2.588271913406350322e-01 2.568318098570546049e+00 7.000000000000000000e+00 1.100000000000000000e+01 3.000000000000000000e+00 -3.673542702517681846e+02 3.301100000000244563e+02 1.264370439073474905e+01 5.474767003671343613e-02 6.275390516906792726e+00
1.095268920964477477e+00 2.176264332681494551e+00 6.769239951660845911e+00 5.971310939144895080e+00 1.712967524154172860e+00 7.344748028298826448e-01 5.311542183867908884e-01 2.395639462624700844e+00 9.000000000000000000e+00 1.300000000000000000e+01 3.000000000000000000e+00 -4.867415036584692416e+02 3.901299999999891384e+02 1.822978147865466525e+01 4.521345421106855861e-02 6.262016259035973142e+00
7.535814969486750448e-01 6.764077811969655407e-01 8.432952375049220350e+00 2.056992755103558501e+00 2.700484753184469344e+00 3.567519319621846874e-01 5.316816200145728644e-01 2.808808096300898338e+00 4.000000000000000000e+00 1.100000000000000000e+01 3.000000000000000000e+00 -6.082345884032047252e+02 3.301100000000244563e+02 2.769872427519953462e+01 -9.244068735067219322e-02 6.183960923197189333e-03
3.219512183488236756e-01 1.341034438814690422e+00 5.031173260755949173e+00 4.043159899523137035e+00 1.851509445491136052e+00 4.645365682919146977e-01 9.943309982467005148e-02 3.107055381064183663e+00 7.000000000000000000e+00 1.500000000000000000e+01 5.000000000000000000e+00 -4.999710144684341913e+02 4.501499999999774104e+02 1.718100090427784110e+01 7.110793175570950808e-02 9.712838659314899231e-03
5.940150006303794861e-01 1.968517438459874924e+00 5.200608121678658158e+00 4.028909214077973644e+00 7.887358365991075093e-01 1.127852268086015686e+00 6.219802135150282602e-02 2.501624516710476254e+00 8.000000000000000000e+00 1.200000000000000000e+01 4.000000000000000000e+00 -2.832217432602230360e+02 2.870400000000078080e+02 1.735561792008253126e-02 -1.065608480529439683e+00 5.797373256661991769e-04
1.503053730569744451e+00 1.409357132340830265e+00 4.819040784809446976e+00 2.941615627736490879e+00 2.588631636993770080e+00 4.603180568027070985e-01 4.592307818036824307e-01 3.198921692538917672e+00 6.000000000000000000e+00 9.000000000000000000e+00 4.000000000000000000e+00 -5.329326048023924614e+02 2.700900000000045225e+02 2.486797530014938928e+01 1.302294008338243381e-01 6.280825141312838866e+00
4.291550305665683407e-01 1.969090197428340128e+00 7.045189809108725498e+00 3.754685558227072839e+00 3.890817738334491072e-01 1.486807965406196530e+00 8.968621538265023063e-02 2.555017280363995891e+00 9.000000000000000000e+00 1.100000000000000000e+01 4.000000000000000000e+00 -2.245479398941648469e+03 1.057099999999995106e+02 1.203902493385306194e+01 -2.080933896708621944e+00 6.023449753596237244e+00
4.641663121376474188e-01 6.247883617158132008e-01 7.621862448158116976e+00 3.910226165146412747e+00 2.058712889716230343e+00 1.160377555130428728e+00 3.134864774891893413e-01 3.258460152973035928e+00 2.000000000000000000e+00 1.700000000000000000e+01 3.000000000000000000e+00 -7.021200177672938025e+02 5.101700000000154773e+02 2.793968861045538077e+01 -8.755840857149327361e-02 7.509057056945546427e-02
9.774027479740745594e-01 1.933293814390708354e+00 3.544635225741692430e+00 2.108763628650706323e+00 2.704592681526039488e+00 1.509798014013861600e+00 4.117018244158414664e-01 2.196217116110221301e+00 7.000000000000000000e+00 1.300000000000000000e+01 3.000000000000000000e+00 -6.128546770264490533e+02 3.901299999999891384e+02 2.611185481415340348e+01 -3.058727345511155077e-02 3.486999888423218414e-03
6.405796910447519865e-01 1.387118565857778041e+00 5.037582338436171092e+00 3.333350556703325029e+00 1.964493314624675913e+00 5.985816314410835615e-01 4.122196440930119277e-01 2.317791136285425768e+00 6.000000000000000000e+00 1.000000000000000000e+01 4.000000000000000000e+00 -4.949602268038208877e+02 3.000999999999997385e+02 2.155688917523881187e+01 -3.538374318420638431e-01 6.267076604738699430e+00
1.329538659416667490e-01 1.684981160951974921e-01 5.485821644195303826e+00 2.978499967707818552e+00 1.294185606379146591e+00 4.235870485185088130e-01 4.511200076601145081e-01 2.200800386448777957e+00 7.000000000000000000e+00 1.200000000000000000e+01 2.000000000000000000e+00 -5.863544139596707510e+02 3.601200000000105774e+02 2.539340087247909139e+01 -8.338854458287597859e-02 6.281054101406800427e+00
8.856037682363681052e-01 1.677792373710948137e+00 7.136640418555748155e+00 4.944996082978959429e+00 1.569280046775257897e+00 7.295108155114629067e-01 5.679099576019841500e-02 2.861705136786882875e+00 1.100000000000000000e+01 1.100000000000000000e+01 4.000000000000000000e+00 -2.774523218493399099e+02 2.888600000000193404e+02 2.433553642181530974e-02 -1.058025839101754739e+00 2.158968929452077454e-02
1.530407563688682915e+00 1.451932285516879251e+00 1.673591640871374242e+00 2.358256882959635536e+00 1.358136337801758131e+00 9.720626571350903244e-01 1.725904344557909476e-01 3.026764186665505285e+00 7.000000000000000000e+00 1.000000000000000000e+01 4.000000000000000000e+00 -2.206693029553932774e+02 1.748999999999943498e+02 1.458602125587738635e-02 -1.096038831991034579e+00 2.175255769652524596e-02
1.143398078945838892e+00 3.927774488388731111e-01 9.142756545151716097e+00 8.017206955483445086e+00 2.870158749301887191e+00 1.104678348074266125e+00 5.762877039823373071e-01 3.071589324739045335e+00 1.000000000000000000e+00 1.400000000000000000e+01 5.000000000000000000e+00 -2.444990021614736179e+03 2.512999999999884722e+02 1.995875135092136077e+01 -9.472588252204294790e+00 4.756269537241347045e+00
8.160815572529225292e-01 1.142163542256318998e+00 6.025522459272056430e+00 4.855453640396152792e+00 1.755781301979689291e+00 6.754624525313048800e-01 6.918981471432843477e-01 2.854604601435521971e+00 9.000000000000000000e+00 1.300000000000000000e+01 2.000000000000000000e+00 -4.832503298262430462e+02 3.901299999999891384e+02 1.801158311414052804e+01 -2.200036792840524280e-01 6.268872387487688158e+00
7.561351564337911446e-01 2.291832999505054147e+00 7.060506633546733468e+00 5.313501729123423445e+00 1.715885832563689428e+00 4.133207662410495198e-01 2.096521949522449635e-01 2.217424307695642138e+00 8.000000000000000000e+00 1.300000000000000000e+01 4.000000000000000000e+00 -4.715561291337056673e+02 3.901299999999891384e+02 1.728069557085694541e+01 -5.543905844794026760e-02 1.093793571313383950e-02
1.569794587500435989e-01 2.102292823559759327e+00 6.085883325900685925e+00 2.780656590431748398e+00 1.374460624328027514e+00 9.303221060464401670e-01 1.033925983279664618e-01 2.308186253990324843e+00 4.000000000000000000e+00 1.200000000000000000e+01 2.000000000000000000e+00 -5.336997755782598460e+02 3.601200000000105774e+02 2.210248597364090983e+01 -1.141903687909010812e-01 5.366493445158828160e-03
2.051274023969492100e-01 1.877599051491241289e+00 4.941611188565524060e+00 1.145859371372579538e+00 1.730749128866293507e+00 1.530607176629502630e+00 2.062103970410313070e-01 3.007005625613553335e+00 8.000000000000000000e+00 7.000000000000000000e+00 4.000000000000000000e+00 -2.063095754941696782e+02 1.446199999999923875e+02 2.329666144779158135e-02 -1.057892560374859237e+00 1.837389983938806856e-02
7.582265923047373235e-01 1.725362432056470219e+00 3.525215792634217138e+00 2.771202836722496343e+00 2.007874006620727680e+00 1.587352162501214359e+00 3.937222850950167774e-01 3.743126767601602012e+00 3.000000000000000000e+00 1.300000000000000000e+01 3.000000000000000000e+00 -2.337652931549293498e+03 4.641000000000020265e+01 1.965299572183082333e+01 -8.744629078504731368e+00 3.936332504808882859e+00
3.658108666610204729e-01 5.952779886066190684e-01 8.815051489244099869e+00 6.055232365798273619e+00 8.171805626877983730e-01 7.664727800963863080e-01 2.123470088223873287e-01 3.452183414931333516e+00 1.000000000000000000e+01 5.000000000000000000e+00 5.000000000000000000e+00 -3.381880083219118660e+01 6.684999999999834586e+01 2.461255201200067064e-02 -9.001764514340498957e-01 1.395639837768225533e-02
