4.652846432064381976e-01 2.145651053436733235e+00 6.088529830593019554e+00 7.909435824961153827e+00 1.620742224248609142e+00 9.186483267526999175e-01 2.565482500428919455e-01 3.309097442871539840e+00 5.000000000000000000e+00 7.000000000000000000e+00 4.000000000000000000e+00 -3.712573823967284170e+02 2.100699999999860097e+02 1.663889889979596148e+01 -2.206239106485993473e-01 1.440251167309308626e-02
1.966891697973375930e+00 2.114642172560925903e+00 7.279310974356324238e+00 4.137346142024610707e+00 7.249991168529763552e-01 1.947149843164075467e-02 1.902320275296236762e-01 2.489482005544743082e+00 8.000000000000000000e+00 1.300000000000000000e+01 4.000000000000000000e+00 -2.369182318315388329e+03 7.319000000000022510e+01 2.078670739471176887e+01 -3.440254941237362862e-01 4.541109145007911699e-03
6.562297926638860357e-01 1.492275304666355051e+00 8.335863838408842597e+00 5.588837999631066644e+00 2.884131221234745635e+00 1.287681488572541832e+00 4.442198435348755359e-01 2.755196288008811667e+00 9.000000000000000000e+00 1.100000000000000000e+01 3.000000000000000000e+00 -5.764218912228237741e+02 3.301100000000244563e+02 2.571043070142572162e+01 2.231467935224107357e-01 2.355760000529747919e-02
6.714612843615053173e-01 1.181406778858494322e+00 6.736489053567260576e+00 6.830699957112564391e+00 2.352542206322373097e+00 4.688479993889476116e-01 3.995328621939046587e-01 2.605001389226028863e+00 1.100000000000000000e+01 1.700000000000000000e+01 5.000000000000000000e+00 -5.939205665625544270e+02 5.101700000000154773e+02 2.117722291015916625e+01 2.142727832350452277e-01 6.246411071452520503e+00
5.187004732196976997e-01 2.602654298879379269e+00 5.555700354410803676e+00 7.359339964782575905e+00 1.475964884329919569e+00 4.488591737154203343e-01 4.076878450359024963e-01 2.835330407889889770e+00 6.000000000000000000e+00 1.300000000000000000e+01 5.000000000000000000e+00 -4.757190393085930964e+02 3.901299999999891384e+02 1.754087745678740617e+01 1.466481880742278587e-01 3.030453749606080993e-02
1.383942090993745877e+00 2.140270149408660227e+00 4.815803183426027090e+00 7.301829248346255241e+00 2.213579738009672226e+00 6.349730268604206751e-01 3.387529104392926760e-01 3.062963694239398738e+00 5.000000000000000000e+00 1.300000000000000000e+01 4.000000000000000000e+00 -6.019469058864950739e+02 3.901299999999891384e+02 2.543011911790628332e+01 1.099338029073552714e-01 1.252809223598561061e-02
4.128568554053687056e-01 9.619022867218229855e-01 6.559230625355991329e+00 5.971138895511089117e+00 2.079038049547663469e+00 9.419461469623291450e-02 2.900587564003648255e-01 2.868147127641271776e+00 4.000000000000000000e+00 1.400000000000000000e+01 4.000000000000000000e+00 -6.220251977297330086e+02 4.201399999999720194e+02 2.574719985810918388e+01 1.405127978278465362e-01 4.746353396604341413e-03
4.612896502440241853e-01 2.405517263735920341e+00 6.449011848352609100e+00 4.733969232132110960e+00 9.724420588849285174e-01 3.709389374328508904e-02 2.696917410195465159e-01 2.321258805567248729e+00 4.000000000000000000e+00 1.500000000000000000e+01 4.000000000000000000e+00 -5.800706681325887075e+02 4.501499999999774104e+02 2.218722925828749837e+01 6.340530606560812465e-02 7.459410070967287254e-03
7.717893319299176103e-01 1.495501871542097572e+00 4.834239252688261601e+00 7.038618432891039944e+00 1.820242646413608334e+00 1.111518686604995976e+00 2.673015442485391913e-01 2.772792801734656365e+00 1.000000000000000000e+01 1.600000000000000000e+01 5.000000000000000000e+00 -3.753383475515472583e+02 4.801600000000302657e+02 8.453646721970759614e+00 -4.910674846776911795e-01 6.082221059447133482e-02
1.455830479405636702e+00 3.909759250295864463e-01 6.602211246487689422e+00 5.405430431962789939e+00 2.242754151959125863e+00 3.227270551471611570e-02 2.069429565092709700e-01 3.049473403749515033e+00 8.000000000000000000e+00 1.000000000000000000e+01 5.000000000000000000e+00 -4.449989790047192173e+02 3.000999999999997385e+02 1.843431118779496103e+01 1.869210488699765138e-01 2.722690640106328885e-02
4.702416444098475035e-01 1.521281308381388531e+00 9.097464460014048626e+00 6.436306213277566357e+00 1.651589329466398581e+00 6.639901087911230793e-01 4.443026625057444057e-01 2.320321013514056840e+00 7.000000000000000000e+00 1.400000000000000000e+01 5.000000000000000000e+00 -5.124271367395347170e+02 4.201399999999720194e+02 1.889732104622179421e+01 -5.631218692130293690e-02 1.731746653418568885e-02
1.433541477058569047e+00 5.775023915796512197e-01 4.808081090909445798e+00 4.434346155980086301e+00 1.799606248443137213e+00 4.183318343540731732e-01 4.698820147138550452e-01 3.143438699404194736e+00 4.000000000000000000e+00 1.300000000000000000e+01 4.000000000000000000e+00 -6.031471826177361208e+02 3.901299999999891384e+02 2.550513641360884876e+01 -9.104753551606913076e-03 1.342703225907636994e-02
9.050500693424130549e-01 2.101097600013109634e+00 6.265356957984769437e+00 3.180330492903941320e+00 1.778297312668896790e+00 1.216114929188111038e+00 1.908261795683135753e-01 2.296266565577754992e+00 5.000000000000000000e+00 1.300000000000000000e+01 3.000000000000000000e+00 -6.039695830327817703e+02 3.901299999999891384e+02 2.555653643954919829e+01 -1.726729653378660800e-01 6.267397938577091487e+00
7.505471417120714861e-01 5.637875790872421966e-01 7.578909940145707402e+00 2.226209465170065904e+00 1.970396129693296139e+00 5.133975785068263242e-01 4.603957863471697110e-01 3.204207679473036308e+00 8.000000000000000000e+00 1.200000000000000000e+01 5.000000000000000000e+00 -5.800438848931895564e+02 3.601200000000105774e+02 2.499899280582401673e+01 3.112036975247101794e-02 6.266371564567934982e+00
8.639327682497274230e-01 1.558347186852057531e+00 8.926884887850373929e+00 2.866906439895777314e+00 1.502350204367173259e+00 6.118404596008413243e-01 3.289766867526697225e-01 2.061697636254410604e+00 2.000000000000000000e+00 1.200000000000000000e+01 3.000000000000000000e+00 -6.120421321247515607e+02 3.601200000000105774e+02 2.699888325779663845e+01 2.276701074733045171e-03 6.280392838075498751e+00
8.202855930719015198e-01 1.392999961823048860e+00 6.749410665382909791e+00 6.517722948352341561e+00 1.585580012296714525e+00 4.886298622308986594e-01 3.752649549136527485e-01 2.590446094323195059e+00 7.000000000000000000e+00 1.000000000000000000e+01 4.000000000000000000e+00 -4.075075261366680479e+02 3.000999999999997385e+02 1.609109538354175939e+01 1.513817216101018270e-01 1.491709538675775604e-02
1.823045396956675557e+00 2.081561625206939325e+00 7.875820573519833445e+00 5.769406707719332950e+00 1.914930717436251095e+00 8.856859055880703657e-01 1.377433211462334162e-01 2.927886221542934209e+00 5.000000000000000000e+00 1.300000000000000000e+01 4.000000000000000000e+00 -4.606335649122070208e+02 3.901299999999891384e+02 1.659803530701327645e+01 -1.349897570214521059e-01 6.277153683915498661e+00
4.764665067072230142e-01 1.956398094973119672e+00 6.153043546398833996e+00 5.354605765037408815e+00 1.841198155252556479e+00 5.764628048160453933e-01 2.283504469722612007e-01 2.725979939498116345e+00 8.000000000000000000e+00 1.100000000000000000e+01 3.000000000000000000e+00 -5.574549630034819074e+02 3.301100000000244563e+02 2.452499768771685495e+01 -4.581850316230402509e-01 3.895183293330223978e-02
9.791654546625009337e-01 1.263708253809267434e+00 6.820141569209939192e+00 5.378216874954089732e+00 2.522513629048620309e+00 5.162465775731360784e-01 2.028751394619293102e-01 3.253500643719648089e+00 6.000000000000000000e+00 9.000000000000000000e+00 2.000000000000000000e+00 -5.361581561805936644e+02 2.700900000000045225e+02 2.506957226128696448e+01 -6.017233389114026720e-02 6.282478371732863387e+00
5.098806662498568398e-01 1.884617784261368945e+00 7.089538441936275248e+00 8.186437167837098627e+00 2.384795066459167501e+00 1.170380432130638804e+00 2.034169141373747824e-01 2.423037100025730695e+00 8.000000000000000000e+00 9.000000000000000000e+00 4.000000000000000000e+00 -4.329840611788234810e+02 2.700900000000045225e+02 1.862119132367632446e+01 -3.078123982339269760e-01 6.232564046289110316e+00
1.798885416115052927e+00 7.506647662032093216e-01 6.638585279587935872e+00 1.358455867834027053e+00 1.516136339779368347e+00 9.022564033709785658e-01 7.524144653107818215e-01 2.965466875874545494e+00 9.000000000000000000e+00 1.400000000000000000e+01 5.000000000000000000e+00 -2.540490932604212446e+02 4.201399999999720194e+02 2.748693328777202627e+00 3.506923328004742102e-02 6.276623242453727158e+00
5.073035162290673306e-01 1.768770101229173219e+00 7.986697485429190557e+00 7.615072126476290393e+00 1.841340785339298680e+00 6.075638388561128700e-01 5.876129923254610476e-01 2.668007906034794097e+00 7.000000000000000000e+00 1.000000000000000000e+01 5.000000000000000000e+00 -4.908747314719232691e+02 3.000999999999997385e+02 2.130154571699521071e+01 1.253909625107103298e-01 7.796126759306964971e-03
1.022464972063140243e+00 1.546675445270172533e+00 9.746971674674176356e+00 4.108685190316260893e+00 2.025618578456525043e+00 1.458639927397842317e-01 3.510498543524457893e-01 3.278600256069903907e+00 4.000000000000000000e+00 1.400000000000000000e+01 2.000000000000000000e+00 -6.292265416527691286e+02 4.201399999999720194e+02 2.619728385329894138e+01 9.206689525379195549e-02 5.729838543276244422e-03
1.583839995199295414e-01 1.687512204724824105e+00 5.620290422734793623e+00 4.909306544834362462e+00 1.047001908674176640e+00 6.847259384581025898e-01 4.848802596405162313e-01 3.461528678151812422e+00 7.000000000000000000e+00 1.100000000000000000e+01 4.000000000000000000e+00 -2.162756614459146363e+02 3.301100000000244563e+02 3.201291340368900062e+00 -2.442551389487702951e-02 1.312663986563966829e-02
5.135105963436015220e-01 1.450505577452288808e+00 7.063362305757716619e+00 8.979295768805835465e+00 1.171170036589096020e+00 3.615818275849341790e-01 2.023719830499217109e-01 3.052357534172499332e+00 1.100000000000000000e+01 5.000000000000000000e+00 4.000000000000000000e+00 -1.779070149884517775e+02 7.739999999999774616e+01 1.876388829929266644e-02 -1.006468513444666701e+00 1.475589293358225973e-04
5.044575116599234743e-01 1.339774306682144145e+00 7.087759013751952608e+00 6.891503408127597652e+00 1.227204006904204725e+00 6.639564531483470589e-01 4.071887503994460200e-01 3.482861665095127179e+00 1.000000000000000000e+01 1.700000000000000000e+01 5.000000000000000000e+00 -5.108835088984646973e+02 5.101700000000154773e+02 1.598740680615355991e+01 1.753301124750570594e-01 4.039109767307839938e-02
1.111552891352359795e+00 1.027908864222709440e+00 5.213037885167375762e+00 5.804428529848019380e+00 4.409915290817489897e-01 4.922846509153361305e-01 2.860261424540226916e-01 3.599100115586353343e+00 8.000000000000000000e+00 7.000000000000000000e+00 4.000000000000000000e+00 -2.297649132454394476e+03 2.786000000000009180e+01 1.773244577839964720e+01 -9.062783754458483276e-01 6.065594648065685490e+00
8.055713452867671043e-01 1.319120855023365069e+00 6.101748902048964140e+00 5.605986568237081968e+00 1.995327306207148599e+00 8.386566084169586599e-01 8.810594017274267498e-02 2.790051582541479114e+00 6.000000000000000000e+00 1.000000000000000000e+01 4.000000000000000000e+00 -3.842145947804183379e+02 3.000999999999997385e+02 1.463528717377615429e+01 -2.799809470325787419e+00 8.077534442889472421e-02
1.019856755944601012e+00 1.406121364962964027e+00 4.792781481233361340e+00 6.615167873590204195e+00 2.150382328053320080e+00 1.275050413334301247e+00 3.556342889450329059e-01 2.502747179739252203e+00 9.000000000000000000e+00 9.000000000000000000e+00 3.000000000000000000e+00 -2.766478375047393570e+02 2.700900000000045225e+02 8.850177344046068484e+00 -2.566082845070507101e+00 6.770955520118393522e-02
2.388783329131139443e-01 7.823504188467811371e-01 6.328443740540617313e+00 6.883342059972772375e+00 1.940112743619796798e-01 2.721005058651255748e-01 4.574789161843984542e-01 2.816244300193596395e+00 6.000000000000000000e+00 9.000000000000000000e+00 5.000000000000000000e+00 -1.603906845355387816e+02 1.456200000000042394e+02 1.497373837235852975e-02 -1.095388382277428407e+00 1.649496095871278711e-01
8.940411263500647188e-01 1.858559535415162944e+00 7.951990397260484400e+00 7.688293834417341266e+00 1.710864583075940804e+00 1.351388518050476106e+00 3.716615108772902132e-01 2.099952391660634188e+00 1.000000000000000000e+01 8.000000000000000000e+00 4.000000000000000000e+00 -2.273729594054205165e+02 1.817600000000060163e+02 1.676674372215776823e-02 -1.071488291134808257e+00 1.085898286795963091e-02
9.542688570594228814e-01 9.600737544814832436e-01 6.953104264280064228e+00 4.625667349217271074e+00 1.642451342663681535e+00 1.157710219775963445e+00 4.589777080737097448e-01 2.544689082188064777e+00 7.000000000000000000e+00 9.000000000000000000e+00 4.000000000000000000e+00 -1.900313403111973685e+02 2.700900000000045225e+02 3.436646269449693314e+00 -5.809027749032673604e-01 6.185977203758119991e+00
6.565649646221253244e-01 1.478342410737977897e+00 6.422816451212542965e+00 5.439958359891404527e+00 2.107730308622607573e+00 1.466463879135889048e+00 4.443426748315558172e-01 2.831921234248224728e+00 4.000000000000000000e+00 9.000000000000000000e+00 4.000000000000000000e+00 -4.581093520702252135e+02 2.700900000000045225e+02 2.019152200438893630e+01 -2.955819510978752174e-02 3.939904797564841576e-03
4.031828164376308754e-01 4.812759166163330105e-01 6.167791026523896214e+00 5.817476564966525210e+00 9.492337543643178943e-01 2.761437362969079157e-01 2.385183783141899549e-01 3.372317227744391577e+00 1.000000000000000000e+01 4.000000000000000000e+00 5.000000000000000000e+00 -2.388002822806836775e+03 8.679999999999990834e+00 2.397892642542728936e+01 -8.883698516095412945e-01 5.746906066115879952e+00
1.311520361179895344e+00 1.098950609895181341e+00 5.453400022395589630e+00 5.599358062226579946e+00 2.315113051962804480e+00 6.773167196066088858e-01 2.825285473993681684e-01 3.315008183708924250e+00 1.000000000000000000e+01 1.100000000000000000e+01 5.000000000000000000e+00 -2.164454237162530035e+02 3.301100000000244563e+02 3.211901482265047569e+00 1.313845629617125046e-02 6.279888257162537180e+00
8.571634292427694479e-01 3.508975500845110673e-01 4.477245687309428845e+00 5.353899707118471518e+00 1.941030857330535708e+00 1.113360808177454198e+00 3.959867121598433792e-01 2.737627026835281363e+00 7.000000000000000000e+00 1.600000000000000000e+01 4.000000000000000000e+00 -2.383873277753546972e+03 2.574399999999954503e+02 1.594707985959684748e+01 -9.343018921272168154e-01 1.009859900680555977e+00
5.962403391683508413e-01 5.610933934315642801e-01 6.646400501982036246e+00 6.764091422447050306e+00 4.669375842718324621e-01 1.022064047133119491e+00 1.957011338458413963e-01 3.092459188870846809e+00 1.100000000000000000e+01 4.000000000000000000e+00 5.000000000000000000e+00 -2.262226111263129496e+03 2.071999999999973596e+01 1.574163195394559267e+01 -2.145094359523320282e+00 6.220528881096762497e+00
6.601032130061208480e-01 1.106270127360229338e+00 3.272020133580723300e+00 8.077824802845858798e+00 1.834672046341676577e+00 5.505927719889048833e-01 3.917186538660530903e-01 2.727631604466536963e+00 9.000000000000000000e+00 9.000000000000000000e+00 3.000000000000000000e+00 -2.665900990313075454e+02 2.700900000000045225e+02 8.221568689456580259e+00 1.103965158133390217e-01 1.270129740895661885e-02
9.040294178853635065e-01 1.034555606829042684e+00 3.358082746558999965e+00 5.904715403685612429e+00 2.488209142474099966e+00 1.084001828988165439e+00 7.236394043688287869e-01 2.429595769942181960e+00 1.100000000000000000e+01 1.600000000000000000e+01 5.000000000000000000e+00 -5.667857435581156551e+02 4.801600000000302657e+02 2.041910897238128086e+01 -2.039304095154441665e+00 1.801033157454248745e-02
8.271539290597793581e-01 1.487709340717948692e+00 8.348461797911305382e+00 6.955569929889924730e+00 2.224708846140138530e+00 1.322449811115025131e-01 1.341552973460626297e-01 4.613220212888150762e+00 6.000000000000000000e+00 1.400000000000000000e+01 4.000000000000000000e+00 -6.078986510852178071e+02 4.201399999999720194e+02 2.486429069282699089e+01 -5.077943084634074095e-02 6.279944501041146765e+00
1.442678542537918274e+00 2.524716261681998475e-01 4.842788316362049095e+00 4.116805393982019723e+00 1.821234919405105401e+00 7.751398807714605654e-01 1.705129827510668827e-01 2.652197426267452585e+00 8.000000000000000000e+00 1.000000000000000000e+01 4.000000000000000000e+00 -2.268168543350840991e+03 1.345999999999966406e+02 1.255428395942766784e+01 -4.472248849422478800e-01 3.778989533353238062e-01
1.712298345857550474e+00 8.573075292387535296e-01 6.154061399249491693e+00 3.830813893770823153e+00 1.585956504460960925e+00 1.992823909404700666e-02 3.682614912358370685e-01 2.614253321807149533e+00 2.000000000000000000e+00 1.600000000000000000e+01 5.000000000000000000e+00 -6.541125934672128324e+02 4.801600000000302657e+02 2.587703709169985800e+01 -1.860428923062421025e-02 3.131038572568969891e-02
4.081371139380745583e-01 5.871005038929515418e-01 4.001568876592267898e+00 9.023887953628840108e+00 1.148706026183925033e+00 1.510367171075820192e+00 4.520881318850343833e-01 2.743466046634658539e+00 8.000000000000000000e+00 9.000000000000000000e+00 4.000000000000000000e+00 -9.411449632600822497e+02 1.225800000000033805e+02 -4.369799768837047405e-02 -1.026090734828547646e+01 2.910070505633197691e+00
8.010331838246111946e-01 1.820608864824083906e+00 5.127991859421767273e+00 5.833286410174231662e+00 2.573613412450409754e+00 6.887975264166258382e-01 1.193458210839050959e-01 2.985548118151358121e+00 5.000000000000000000e+00 7.000000000000000000e+00 3.000000000000000000e+00 -2.897020412041928239e+02 2.100699999999860097e+02 1.154169007526249047e+01 -2.146831991038595788e-01 4.696438009125003532e-03
7.571713819231258302e-01 2.132047077737539986e+00 4.902251254936921043e+00 4.238794634763840108e+00 1.762104115005095784e+00 5.033053233879770660e-01 2.469506903369255157e-01 2.800416939420857343e+00 4.000000000000000000e+00 9.000000000000000000e+00 5.000000000000000000e+00 -4.121433593726101208e+02 2.700900000000045225e+02 1.731864746078799300e+01 3.518415894573723862e-02 3.071549419471381048e-03
4.584408324146362901e-01 1.903592283278304986e+00 3.886378298996472580e+00 7.070613467449893719e+00 2.430238906514347708e+00 1.295063370581959861e+00 2.196022878296489123e-01 2.930383977792391459e+00 9.000000000000000000e+00 1.000000000000000000e+01 5.000000000000000000e+00 -4.148077531543519854e+02 3.000999999999997385e+02 1.654735957214700548e+01 2.457073694984605872e-02 6.250628166096364069e+00
3.297687630916574797e-01 1.253504119479799783e+00 8.041878679062751445e+00 9.132323003850231657e+00 6.953343944761731787e-01 1.148124347440427240e+00 6.105631761991819895e-01 3.289272342696610618e+00 7.000000000000000000e+00 1.000000000000000000e+01 4.000000000000000000e+00 -2.291411755805897883e+03 5.670000000000053575e+01 1.644135973786860561e+01 -5.949074727835408360e+00 1.646850809593036091e+00
2.049092304363018535e-01 2.760417178248334991e-01 7.739120252452576842e+00 6.478080488115462998e+00 4.291452383844968077e-01 8.571974071454498967e-01 3.852902610277331719e-01 3.552333239739612569e+00 1.000000000000000000e+01 5.000000000000000000e+00 5.000000000000000000e+00 -3.042469954801567766e+01 6.009999999999872244e+01 2.341872175101988515e-02 -7.580093578957560752e-01 6.252302652624853074e+00
