8.265940140639916889e-01 1.343337522145866991e+00 5.555904423007357096e+00 2.216434146184215859e+00 2.734526950172506687e+00 1.587160601778754287e+00 3.692285282637693955e-01 2.338858065319451285e+00 5.000000000000000000e+00 1.200000000000000000e+01 3.000000000000000000e+00 -5.965225675754868462e+02 3.601200000000105774e+02 2.602891047346759379e+01 2.321357790977049418e-02 6.210948077370498588e+00
1.131191042466096697e+00 1.611013439026984795e+00 6.612554799961833041e+00 4.499075227817019851e+00 1.313391845890483189e+00 2.084792428861534930e-01 1.036199920416838727e-01 2.586507119226706841e+00 8.000000000000000000e+00 8.000000000000000000e+00 4.000000000000000000e+00 -2.366251332408341113e+03 6.679999999999893134e+01 2.080320827552134233e+01 -4.513152169112576995e-01 6.281608383252259564e+00
8.090871419279979104e-01 1.661474914087512023e+00 5.073133218525808452e+00 2.624476794045513373e+00 7.264058272657847315e-01 6.977728319572344962e-01 2.092394000473055682e-01 2.159875495210640040e+00 5.000000000000000000e+00 1.100000000000000000e+01 3.000000000000000000e+00 -3.023798671481897600e+02 3.281300000000242107e+02 1.591316756253985387e-02 -1.025270568929843362e+00 3.559880171901594597e-03
9.717887117478432035e-01 1.700892316757729672e+00 7.646077874426522314e+00 3.538141438692377960e+00 2.529892571059316086e+00 1.559059466403319050e+00 3.774178794236504042e-01 2.925684022151096464e+00 3.000000000000000000e+00 9.000000000000000000e+00 3.000000000000000000e+00 -2.396224388915075451e+03 2.521800000000082775e+02 1.688339930719194015e+01 -8.705805075204700927e+00 3.147824966802617475e+00
4.458040313526343557e-01 1.933649761277800083e+00 4.519637954267336610e+00 3.553702351135033854e+00 2.001989207095806300e+00 4.532028171342207257e-01 2.314872803875105967e-01 2.616894680947758456e+00 5.000000000000000000e+00 8.000000000000000000e+00 5.000000000000000000e+00 -3.984494725189196629e+02 2.400800000000151329e+02 1.740059203243200514e+01 6.039912827926084693e-02 6.244363221347012605e+00
1.404353590467173563e+00 1.605133535433275194e+00 8.371284055545132219e+00 2.751124511003794293e+00 2.449244892248046757e+00 1.000228609299669724e+00 6.702519094120471532e-01 2.676441664512874130e+00 7.000000000000000000e+00 7.000000000000000000e+00 4.000000000000000000e+00 -3.868166562787744169e+02 2.100699999999860097e+02 1.761135351742383648e+01 -6.556087326706844243e-03 5.377988387191834363e-04
1.325420743242089028e+00 1.637760869357359761e+00 7.697600368602926402e+00 3.213242893727695115e+00 1.323562435108919244e+00 3.355343648643212551e-01 2.907311207270591447e-01 2.638498882084258312e+00 3.000000000000000000e+00 1.500000000000000000e+01 4.000000000000000000e+00 -5.625236237092964302e+02 4.501499999999774104e+02 2.109053898183173104e+01 1.880768033532177058e-02 1.446361895126280217e-02
1.716619663727662282e+00 1.719296818196099030e+00 6.474727797905202920e+00 2.941747531305920482e+00 1.738541942663711204e+00 9.792331056726559790e-01 3.474221209818650902e-01 3.394491374097085234e+00 8.000000000000000000e+00 1.300000000000000000e+01 4.000000000000000000e+00 -2.255439675073638227e+03 1.914899999999960869e+02 9.980917192102515045e+00 -2.426149649759581362e+00 5.311362586036355360e+00
2.479537050124158148e-01 4.046794685895088728e-01 8.512200009948113433e+00 4.705058968523978535e+00 1.232649087440299107e+00 1.295869622246555775e+00 2.475134692826564120e-01 3.522907181408327482e+00 9.000000000000000000e+00 1.200000000000000000e+01 5.000000000000000000e+00 -2.208415532476342833e+03 1.180800000000014478e+02 9.335970779771377792e+00 -1.348971034512628187e+01 1.066738541552513020e+00
5.865570839443693396e-01 1.237034816398109749e+00 8.542211448345909730e+00 2.534433306940071517e+00 2.012926603281759430e+00 8.974047627527982351e-01 3.374048041189156022e-01 2.695417891109298303e+00 8.000000000000000000e+00 1.100000000000000000e+01 3.000000000000000000e+00 -4.389574801607531640e+02 3.301100000000244563e+02 1.711890501004630849e+01 2.431886787858034138e-01 6.883878559365896876e-03
1.431616280586651024e+00 1.605466735715326054e+00 6.660191660791149104e+00 5.579741306714641524e+00 1.404239901012121372e+00 6.796604242883295122e-01 4.952391737611347433e-01 2.768690391691758901e+00 3.000000000000000000e+00 7.000000000000000000e+00 4.000000000000000000e+00 -2.763159004943079253e+02 2.100699999999860097e+02 1.070505628089468075e+01 -3.224355771098513790e-02 6.281402154102592839e+00
1.870157602191372614e+00 1.098314621339256725e+00 6.681981094905734331e+00 3.051572010072142405e+00 2.203219023028851531e+00 1.178685074914252118e+00 2.436261260885672908e-01 2.613513283981096613e+00 7.000000000000000000e+00 1.300000000000000000e+01 5.000000000000000000e+00 -4.764836505284833947e+02 3.901299999999891384e+02 1.758866565803055337e+01 8.522582580881228609e-02 6.154721167800079051e+00
1.377145764516295001e+00 1.248799213358591009e+00 6.035118686716338665e+00 4.578927465157538457e+00 1.950020812848352492e+00 7.968409843633792455e-01 4.294898108076639076e-01 2.529157248525788493e+00 2.000000000000000000e+00 1.400000000000000000e+01 4.000000000000000000e+00 -5.935917066485172882e+02 4.201399999999720194e+02 2.397010666553320490e+01 -7.387865787544703466e-02 5.278051277680186754e-03
8.827120312795384560e-01 2.226560572847472663e+00 5.661132298855557465e+00 3.933782322329701930e+00 1.371241398986975391e+00 8.692258270124230135e-01 3.231417224977299330e-01 2.622151731056013180e+00 8.000000000000000000e+00 1.400000000000000000e+01 3.000000000000000000e+00 -6.130289003381774364e+02 4.201399999999720194e+02 2.518493127113696062e+01 -2.570989321173965392e-01 6.279889109132556158e+00
8.172129724543955032e-01 9.768411197629396359e-01 6.118598120269353124e+00 4.877846016432862086e+00 2.192841734341142157e+00 8.927267364437820873e-01 2.243975188574031943e-01 2.023777159830134842e+00 6.000000000000000000e+00 1.200000000000000000e+01 2.000000000000000000e+00 -5.676147170597978402e+02 3.601200000000105774e+02 2.422216981623703447e+01 -3.627575558787170529e-01 6.275081523452266552e+00
6.963838644281579171e-01 2.476441201380733759e+00 5.607231024375620265e+00 3.577653644179252801e+00 2.636735585706067919e+00 1.482893837433666206e+00 3.302700990847189932e-01 2.135840070286469050e+00 5.000000000000000000e+00 1.200000000000000000e+01 5.000000000000000000e+00 -5.962806715705933129e+02 3.601200000000105774e+02 2.601379197316175507e+01 5.201174119210055791e-02 6.280452167433033139e+00
7.039957648379724375e-01 1.870371590687429864e+00 6.865369730684929728e+00 4.336192456105784743e+00 1.471632294029734833e+00 9.249587315465938042e-01 7.168877052470462585e-02 2.646934252719042480e+00 5.000000000000000000e+00 8.000000000000000000e+00 5.000000000000000000e+00 -2.864218916727079431e+02 2.400800000000151329e+02 1.039886822954377266e+01 -3.633443369954043878e-02 6.272335197128472650e+00
1.060228588230089919e+00 1.639605012006176699e+00 7.157620635468133763e+00 3.855070468816799156e+00 2.577456088240468901e+00 1.737752255516459066e+00 4.837801105602251850e-03 2.418059914626306206e+00 7.000000000000000000e+00 1.300000000000000000e+01 3.000000000000000000e+00 -4.607047535215145899e+02 3.901299999999891384e+02 1.660248459509499952e+01 -1.243553716112383994e-01 6.254374492154428644e+00
8.307790569560493665e-01 1.061203654840949806e+00 7.612907164045027208e+00 5.452888329242905563e+00 1.806656871456856939e+00 4.882524292070947181e-01 4.170939408388635306e-01 3.848015210957786536e+00 8.000000000000000000e+00 9.000000000000000000e+00 5.000000000000000000e+00 -4.253655643709724927e+02 2.700900000000045225e+02 1.814503527318564124e+01 -4.822590599044934701e-02 6.279720420946405035e+00
1.492279968739677720e+00 1.939086105110765290e+00 7.048020418610249749e+00 3.599565301077098933e+00 2.202469896697264229e+00 1.543947130584170768e+00 5.915795045891887316e-01 2.556572090330483604e+00 7.000000000000000000e+00 1.200000000000000000e+01 5.000000000000000000e+00 -5.201920445188825397e+02 3.601200000000105774e+02 2.125825278242983174e+01 -7.215734027450847188e-02 6.275044734990823159e+00
1.390745048376259563e+00 1.913164518733358577e+00 7.020284118734751999e+00 5.311588692395223354e+00 1.866046031638755487e+00 1.031201886501259768e+00 3.160575942382651826e-01 2.760240074520631026e+00 8.000000000000000000e+00 1.400000000000000000e+01 5.000000000000000000e+00 -5.059292503110258963e+02 4.201399999999720194e+02 1.849120314443999291e+01 9.218629259121526032e-02 5.066311308148385706e-04
1.499750595475833226e+00 1.971218545113777587e+00 8.174654519864150259e+00 5.278353556591746099e+00 2.004141213875928251e+00 1.947118746695249314e+00 2.133108683211318302e-01 2.531377401957592088e+00 6.000000000000000000e+00 1.600000000000000000e+01 4.000000000000000000e+00 -2.458446910740478415e+03 2.646399999999965758e+02 2.038293192128001508e+01 -2.603771821276397169e+00 8.467380896344895991e-01
1.041825702828064193e+00 6.250165566705888631e-01 3.087838984882338877e+00 1.116789727186639158e+00 1.645208973476376624e+00 7.006234892072266129e-01 2.504753466108297633e-02 3.171072459756621331e+00 4.000000000000000000e+00 6.000000000000000000e+00 5.000000000000000000e+00 -1.317512141450962702e+02 1.622400000000046134e+02 2.341187185469005561e-02 -1.116100888979394634e+00 3.297390825200962050e-01
2.133366822021873777e-01 1.485355975695049402e+00 5.149577664484910500e+00 2.379251624892886330e+00 2.191754438172508035e+00 2.036881253467483610e+00 2.289234060676388349e-01 2.451772250647489937e+00 6.000000000000000000e+00 1.500000000000000000e+01 5.000000000000000000e+00 -2.454368588678988999e+03 3.989999999999851639e+02 1.592928679243730272e+01 -6.963731587046527949e+00 2.421698216259611680e+00
4.450227426385044982e-01 7.468528122841462391e-01 7.508297371331321912e+00 3.211503198343397703e+00 1.791462319658643221e+00 7.299109844795728663e-02 3.285522843640266699e-01 3.320546040947083277e+00 8.000000000000000000e+00 8.000000000000000000e+00 3.000000000000000000e+00 -5.189702707396940013e+02 2.400800000000151329e+02 2.493314192123040129e+01 -4.476442303453082028e-02 6.049478232052586668e-02
7.402427230815663561e-01 1.098412612174916703e+00 9.024369442679098796e+00 5.379713539814763301e+00 2.825584757840613914e+00 1.269990067867401429e+00 1.164069191953967519e-01 2.748433110506971921e+00 5.000000000000000000e+00 1.800000000000000000e+01 3.000000000000000000e+00 -6.921721613105589768e+02 5.401800000000090449e+02 2.638013508190964984e+01 9.649272175033651866e-02 2.201316270013146600e-02
1.015151294943745786e+00 1.306190262965050364e+00 4.508658393395601038e+00 2.268230102729843711e+00 2.115579906919528241e+00 1.131072149675908189e+00 3.838664118766711431e-01 2.600717984995775556e+00 4.000000000000000000e+00 6.000000000000000000e+00 4.000000000000000000e+00 -3.267495423411926367e+02 1.800600000000052887e+02 1.479497139632437630e+01 -4.236291856048768345e-02 6.283079354033999309e+00
1.108678943197381805e+00 9.738467823220584574e-01 6.925600981039311321e+00 4.037414047049828092e+00 1.651684828592371312e+00 8.283558568966131741e-01 2.788595740951181345e-01 2.395997571915407853e+00 3.000000000000000000e+00 1.600000000000000000e+01 5.000000000000000000e+00 -6.492621705005714148e+02 4.801600000000302657e+02 2.557388565628476584e+01 4.280117192972758278e-01 6.141086002135774713e+00
1.144064499639415367e+00 1.297963272239128774e+00 6.849679909583199944e+00 4.622149698623376324e+00 2.181166720418588945e+00 6.137813832388735458e-01 1.328329050337696549e-01 3.353070117654889160e+00 7.000000000000000000e+00 1.700000000000000000e+01 3.000000000000000000e+00 -5.557412478339863355e+02 5.101700000000154773e+02 1.879101548962366053e+01 6.043664076624845338e-02 3.238219906738670772e-03
5.439505196866947223e-01 1.586586144204973348e+00 7.582783016820139999e+00 2.362426442996252707e+00 2.110511539836799066e+00 6.414279856157905080e-01 4.258997498435487250e-01 2.833971413656611649e+00 1.000000000000000000e+00 4.000000000000000000e+00 5.000000000000000000e+00 -3.695723463179181749e+02 1.200400000000075664e+02 1.934702164486964904e+01 -2.201290502067883292e-02 4.856397669135012474e-02
7.295069499567152782e-01 3.779910342621739527e-01 5.846679809524956362e+00 1.437842572659218554e+00 1.136320192087429959e+00 8.218590822206028879e-02 1.648936945471743687e-01 3.246937982487625884e+00 5.000000000000000000e+00 8.000000000000000000e+00 2.000000000000000000e+00 -2.132499194520834465e+02 2.400800000000151329e+02 5.825619965754742502e+00 -2.386231575852313824e+00 1.028775994221560464e-01
4.650892203584970352e-01 1.779152439680715903e+00 7.083052932175347038e+00 3.388830468786748984e+00 2.304354825846186117e+00 1.374696114804409230e+00 4.387498251180139142e-01 3.005898791349673527e+00 4.000000000000000000e+00 1.200000000000000000e+01 4.000000000000000000e+00 -5.979697021271647372e+02 3.601200000000105774e+02 2.611935638294746198e+01 -7.366846774309655788e-02 6.273304816382652582e+00
8.682956673918829082e-01 9.617505483235511132e-01 5.726966650118249902e+00 1.208375259140022973e+00 1.438959238969096832e+00 1.094705135741209090e-01 9.889865455335031252e-02 3.574663187487460370e+00 7.000000000000000000e+00 9.000000000000000000e+00 4.000000000000000000e+00 -1.646238899534004645e+02 2.700900000000045225e+02 1.848680622087387926e+00 -1.588848494691684765e-01 6.278282780894526738e+00
1.838650906256682926e+00 1.873871796456297867e+00 7.197371297442881399e+00 2.919594501610908388e+00 1.400180887987977574e+00 1.197305274765746441e+00 4.445348431995606031e-01 2.951019618250300791e+00 6.000000000000000000e+00 1.500000000000000000e+01 3.000000000000000000e+00 -5.253880371908768439e+02 4.501499999999774104e+02 1.876956482443050689e+01 -8.958290385693459812e-02 6.282851207849946995e+00
2.962372538603513794e-03 1.927528417939132099e+00 5.026713458010327429e+00 3.413802377893036422e+00 1.571529166392822585e+00 1.266731225442579323e+00 2.148762351396950876e-01 2.592192200341259856e+00 8.000000000000000000e+00 1.000000000000000000e+01 3.000000000000000000e+00 -2.298797803934447984e+03 2.695999999999928036e+02 1.024986274590321145e+01 -2.502448701640630269e+00 1.496001004398221701e+00
7.294799796391406854e-01 1.090163105043846503e+00 1.429862331464834213e+00 1.342953620822698424e+00 1.303667657701704119e+00 1.124232691364789760e+00 1.410217836994538676e-01 2.035457927976593417e+00 4.000000000000000000e+00 1.000000000000000000e+01 4.000000000000000000e+00 -2.644598748725184123e+02 2.519999999999899671e+02 2.077060238570904716e-02 -9.475509005022377806e-01 6.280142272959331251e+00
2.111125799661183189e-01 8.536929673864090962e-01 7.067965320964827214e+00 6.415827144060083143e+00 2.368533396426418136e+00 6.401151661304791407e-01 3.091590127856860826e-01 3.534227577546982246e+00 5.000000000000000000e+00 1.400000000000000000e+01 4.000000000000000000e+00 -6.100653384744025516e+02 4.201399999999720194e+02 2.499970865465103032e+01 -1.372551697382033697e-03 6.278891688077264277e+00
2.049092304363018535e-01 2.760417178248334991e-01 7.739120252452576842e+00 6.478080488115462998e+00 4.291452383844968077e-01 8.571974071454498967e-01 3.852902610277331719e-01 3.552333239739612569e+00 1.000000000000000000e+01 5.000000000000000000e+00 5.000000000000000000e+00 -3.042469954801567766e+01 6.009999999999872244e+01 2.341872175101988515e-02 -7.580093578957560752e-01 6.252302652624853074e+00
1.163310794970856321e+00 8.578535820448193183e-01 7.143283729234902069e+00 3.931959521003357771e+00 2.505608387785992708e+00 6.480748343733938599e-01 5.312104026014374814e-01 2.748060203376169852e+00 4.000000000000000000e+00 1.100000000000000000e+01 2.000000000000000000e+00 -6.098681783137340062e+02 3.301100000000244563e+02 2.780082364460761113e+01 -2.728037120107519309e-01 1.329272534576232505e-02
9.841624151050174518e-01 8.808701631020150469e-01 6.004490529419301836e+00 7.273201851351694280e+00 2.619668843358759602e+00 1.693071952936601177e+00 4.286975623250182665e-01 2.285174968620551361e+00 3.000000000000000000e+00 1.300000000000000000e+01 4.000000000000000000e+00 -6.310973762012665702e+02 3.901299999999891384e+02 2.725202351257950184e+01 7.577276205211114224e-02 6.279881085756213288e+00
1.092747566707079621e+00 1.563400101738908976e+00 4.749908377551395056e+00 2.010639973069483943e+00 2.095186240549107293e+00 1.134860688290422415e+00 3.951652533859049132e-01 2.637954481328737000e+00 8.000000000000000000e+00 1.200000000000000000e+01 4.000000000000000000e+00 -4.411591596452859108e+02 3.601200000000105774e+02 1.631869747783003888e+01 -7.051110997556689353e-03 6.266636357129350188e+00
7.199497417349923767e-01 1.879999917380780650e+00 6.910529232214130957e+00 2.662181003115940303e+00 1.842855655546819627e+00 3.321224353873675206e-01 5.974581151263778089e-01 2.601915701546011483e+00 7.000000000000000000e+00 8.000000000000000000e+00 5.000000000000000000e+00 -4.102353476066913345e+02 2.400800000000151329e+02 1.813720922541773461e+01 -7.516320992338758333e-02 3.487039974379033819e-02
1.723268204203606491e+00 2.508379563262456813e+00 7.584015306769982701e+00 2.935788529655817491e+00 1.780085854000735823e+00 1.782154848512617296e+00 4.093832383374181871e-01 3.107775366953385632e+00 5.000000000000000000e+00 6.000000000000000000e+00 4.000000000000000000e+00 -2.237663543423511499e+02 1.709400000000049431e+02 2.394539211299382547e-02 -1.025933028784253187e+00 3.920964980526844487e-03
7.402330062272909350e-01 1.735981816437305980e+00 4.386235862908562488e+00 6.060784550203718091e+00 1.769487448102919247e+00 1.903316078954795376e+00 1.370803884036754794e-01 3.264701663773916795e+00 1.100000000000000000e+01 1.100000000000000000e+01 5.000000000000000000e+00 -9.607397415932881586e+02 2.981000000000204864e+02 -4.551789556329542685e-02 -9.733646040157863055e+00 3.651766654217052821e+00
2.231208499724520067e+00 1.558165192705263102e+00 8.973499594374143129e+00 2.045466687790645999e+00 2.460034138412733107e+00 1.926669892332744105e-01 6.786653758896865618e-01 3.749944570236891650e+00 6.000000000000000000e+00 1.600000000000000000e+01 4.000000000000000000e+00 -6.556666773662537935e+02 4.801600000000302657e+02 2.597416733538991807e+01 -3.650449684284014229e-02 6.267743822589920910e+00
1.405345578085145153e+00 8.386001630549662078e-01 6.324372413907269674e+00 2.524032233359521982e+00 1.546887875497643838e+00 7.426776583674277177e-01 1.528457547052435306e-01 3.075053471374896485e+00 5.000000000000000000e+00 1.400000000000000000e+01 3.000000000000000000e+00 -2.376748105807493175e+03 2.886799999999848296e+02 1.452550661296878864e+01 -2.333781659379446705e+00 5.884445928585403607e+00
1.756558693220941492e-01 7.394053729800449393e-01 4.423496916221525410e+00 3.929267618049626432e+00 1.330068167708141402e+00 7.503423792299992456e-01 3.518919328500964838e-02 3.169693474414099654e+00 4.000000000000000000e+00 5.000000000000000000e+00 4.000000000000000000e+00 -1.835890830097645221e+02 9.584999999999669740e+01 1.530704389826329469e-02 -1.064745411239404804e+00 1.310961762261485773e-02
3.658108666610204729e-01 5.952779886066190684e-01 8.815051489244099869e+00 6.055232365798273619e+00 8.171805626877983730e-01 7.664727800963863080e-01 2.123470088223873287e-01 3.452183414931333516e+00 1.000000000000000000e+01 5.000000000000000000e+00 5.000000000000000000e+00 -3.381880083219118660e+01 6.684999999999834586e+01 2.461255201200067064e-02 -9.001764514340498957e-01 1.395639837768225533e-02
