7.521255877608146179e-01 1.669645027577473906e+00 5.728876207407355814e+00 3.781887533693446102e+00 1.752199670940692178e+00 5.657728033512896548e-01 4.245984561246368694e-01 2.292998520841392995e+00 5.000000000000000000e+00 7.000000000000000000e+00 5.000000000000000000e+00 -3.795896072132327390e+02 2.100699999999860097e+02 1.715966295082748516e+01 3.539766425359792135e-01 6.232480053405322629e+00
1.072385831381302612e+00 7.488041322160230440e-01 2.405312055050677245e+00 3.203876480562829698e+00 8.592547513610567789e-01 7.797758692700995642e-01 1.781506314151327930e-01 2.185876682824687833e+00 4.000000000000000000e+00 7.000000000000000000e+00 4.000000000000000000e+00 -2.035187713140054484e+02 1.382499999999930083e+02 2.428306153140861318e-02 -1.081717586248509555e+00 1.810161525381379435e-02
1.733124735177003828e+00 1.738907935835867224e+00 4.513894316219865033e+00 2.204974835112741616e+00 1.728008329217944672e+00 5.570493437296736294e-01 3.811606098289164191e-01 3.142274122492782151e+00 7.000000000000000000e+00 1.000000000000000000e+01 3.000000000000000000e+00 -1.709655154298215223e+02 3.000999999999997385e+02 1.307219714363853313e+00 -3.524227974626133464e-01 2.195767072268819953e-02
9.508141444418186650e-01 1.082381849980763366e+00 6.564001991419027071e+00 6.639526398819429964e+00 1.440679261022727253e+00 1.312491697764214482e+00 3.735393512080046330e-01 2.961413853402738550e+00 5.000000000000000000e+00 7.000000000000000000e+00 4.000000000000000000e+00 -9.719302588924293786e+02 1.770299999999892293e+02 -1.937623240008956582e-03 -9.464484065687525316e+00 3.339694529451346039e+00
2.623997232124627987e-01 6.701725871127001133e-01 6.303158416254289520e+00 6.083034060597606540e+00 1.534724891505396371e+00 9.080091892914086138e-01 4.462351413752700946e-01 2.942125295177699051e+00 7.000000000000000000e+00 4.000000000000000000e+00 5.000000000000000000e+00 -2.390312923925089763e+03 1.235999999999991239e+01 2.400830774531810974e+01 -3.969215394093710825e-01 2.693028280751861292e-01
7.457190148796941642e-01 1.286005821239026847e+00 7.091634086779755819e+00 2.906837647881926223e+00 1.960475617921791480e+00 8.042464039285128763e-01 5.101559642755297830e-01 2.068622817520461510e+00 9.000000000000000000e+00 8.000000000000000000e+00 4.000000000000000000e+00 -3.851709157090530198e+02 2.400800000000151329e+02 1.657068223181533995e+01 5.409372836788901157e-02 9.503756217479342183e-03
1.144213565186465109e+00 1.237446907986367473e+00 7.509381658222352485e+00 3.073546622562717712e+00 2.263527072155022690e+00 2.532126369602340499e-01 3.396327747880421577e-01 2.741344561486420695e+00 9.000000000000000000e+00 8.000000000000000000e+00 5.000000000000000000e+00 -3.301232404286463407e+02 2.400800000000151329e+02 1.313020252678992428e+01 5.158462046225288644e-02 6.272565117672493251e+00
6.876823141562944386e-01 1.595039898109888332e+00 2.633106316544093328e+00 2.276183501134089404e+00 1.322674641135754392e+00 4.398104785602046651e-01 1.008149736587735379e-01 3.136896915407280773e+00 6.000000000000000000e+00 1.000000000000000000e+01 3.000000000000000000e+00 -2.409372094920924212e+02 2.055999999999926047e+02 2.399490320063371249e-02 -9.980471502264016692e-01 6.279549036563121689e+00
7.368680676653424078e-01 1.918156236836277451e+00 3.408639462449266855e+00 4.218106233135223704e+00 1.087890126722904416e+00 1.605539646237771567e+00 2.644834598839100326e-01 2.860049414235379839e+00 8.000000000000000000e+00 9.000000000000000000e+00 4.000000000000000000e+00 -2.296740358160994901e+02 1.836900000000056821e+02 2.120894289005809466e-02 -1.026443748346716589e+00 5.333581834916240744e-03
5.822298966493199002e-01 1.938496970528071239e+00 7.020038751055206028e+00 2.231888153918021089e+00 1.558667505945319887e+00 1.511886001504887833e+00 2.844651259584662917e-01 2.181273147897719866e+00 6.000000000000000000e+00 1.300000000000000000e+01 4.000000000000000000e+00 -4.827631330367975124e+02 3.901299999999891384e+02 1.798113331480018573e+01 -9.332142228283277219e-02 8.900631802651659541e-03
1.317581846297581905e+00 2.139665952735687604e+00 8.936652892542824134e+00 3.126093690899943045e+00 1.764384105045570639e+00 1.190331164799120378e+00 9.182943314271066471e-03 2.468682161648217743e+00 7.000000000000000000e+00 1.000000000000000000e+01 4.000000000000000000e+00 -2.837483998262389946e+02 2.904999999999975557e+02 2.184750988192205035e-02 -1.063470749322058095e+00 6.278864068262111964e+00
4.955878593358141737e-01 1.219516874894367886e+00 5.778389194966727871e+00 2.345360391158842539e+00 1.991348740007221618e+00 4.706356764247000557e-01 1.498968891375764001e-01 3.088194740639281122e+00 5.000000000000000000e+00 8.000000000000000000e+00 2.000000000000000000e+00 -3.757575418625266934e+02 2.400800000000151329e+02 1.598234636640744455e+01 -4.966869385543424276e-01 2.622336101911085585e-02
1.085701704848677229e+00 1.346184247444719206e+00 7.822621760850844375e+00 4.547267533673287510e+00 1.500673902448284691e+00 4.854567314352087326e-01 2.892813086353634433e-01 3.509715455397244721e+00 7.000000000000000000e+00 7.000000000000000000e+00 2.000000000000000000e+00 -2.383702775061323337e+03 2.443000000000007788e+01 2.321798594133270655e+01 -3.561641670733178167e+00 7.997054282578441864e-01
6.880801580196240774e-01 1.047367203632338040e+00 3.496500397060719578e+00 1.681492060632231667e+00 1.843493769825646167e+00 1.228898847419444662e+00 4.331287611848092522e-01 2.740554388095054694e+00 6.000000000000000000e+00 1.200000000000000000e+01 3.000000000000000000e+00 -4.803731891724080469e+02 3.601200000000105774e+02 1.876957432327517239e+01 3.080315205620163255e-01 2.563908716523677356e-03
5.772137289234002822e-02 1.499193457658746231e+00 1.421164104963938524e+00 4.094553388352026424e+00 1.817024925735466923e+00 3.063727508220902007e-01 2.419152474123369700e-01 3.133917308067378116e+00 3.000000000000000000e+00 4.000000000000000000e+00 4.000000000000000000e+00 -4.434074832850263306e+02 1.200400000000075664e+02 2.396171770531390877e+01 -3.689281308059725872e-01 4.272621864849959761e-03
1.149628961388968751e+00 1.119316382822141742e+00 8.518087506960050348e+00 2.583648047565265671e+00 1.528181871232732192e+00 4.209593938861098117e-01 4.106039824547709216e-01 4.402965582666095834e+00 7.000000000000000000e+00 1.200000000000000000e+01 4.000000000000000000e+00 -2.247203511166573662e+03 1.785600000000037255e+02 9.870219447910740129e+00 -3.397559428055220820e+00 5.106354796179712885e+00
9.358702227935224993e-01 8.673578236896508642e-01 9.054819205937874926e+00 5.892017232199712851e+00 1.602163651817452017e-01 8.909553595297584616e-01 4.377262176603781141e-01 2.973006249556281677e+00 1.100000000000000000e+01 5.000000000000000000e+00 4.000000000000000000e+00 -2.324221239672970114e+03 1.850000000000012790e+01 1.968570247956062857e+01 -2.503957033209533112e+00 6.205921807559828807e+00
7.637479671187631380e-01 2.740581984283624317e-01 9.376338317400245259e+00 6.446074688218445203e+00 1.655662879779964847e+00 5.856447903855916959e-01 4.008374186288152785e-01 4.074079141767475321e+00 1.000000000000000000e+01 1.100000000000000000e+01 5.000000000000000000e+00 -2.353344058828328343e+03 3.673999999999986699e+01 2.093587867677054248e+01 -3.439539855801470036e+00 4.529970720063614564e+00
1.224214334385742120e+00 1.385722111799815526e+00 6.773462488116097191e+00 2.163541211727862734e+00 2.316657025449520901e+00 8.833244147843258842e-01 7.498983270650606547e-01 3.308382210386815903e+00 6.000000000000000000e+00 1.200000000000000000e+01 4.000000000000000000e+00 -6.013197052806913234e+02 3.601200000000105774e+02 2.632873158004287362e+01 -5.039890003747551916e-02 6.276477760714245235e+00
1.030831077655396388e+00 3.909646738203298444e-01 6.724989799334385232e+00 3.014736464334288435e+00 1.583985147618897082e+00 6.448989220801704114e-01 1.476387456681335641e-01 2.416163379106740727e+00 3.000000000000000000e+00 8.000000000000000000e+00 3.000000000000000000e+00 -4.021205958392563389e+02 2.400800000000151329e+02 1.763003723995304739e+01 9.221653419067199486e-02 6.260318855189667353e+00
1.185864559459290479e+00 1.119082126429465474e+00 8.920548450249947692e+00 3.925916760106377801e+00 2.108543545621152759e+00 4.947793322569444263e-01 4.269857800719124019e-01 3.809581336379509242e+00 6.000000000000000000e+00 9.000000000000000000e+00 5.000000000000000000e+00 -4.230632738358665392e+02 2.700900000000045225e+02 1.800114211474151560e+01 -8.406439399079081165e-02 4.206925386964492641e-02
7.812654577327448058e-01 8.649655475668094340e-01 5.966150020135183141e+00 1.069226315485808820e+00 2.109935092299024539e+00 6.075207301304546004e-01 1.396565831632833321e-01 2.739992634629536017e+00 2.000000000000000000e+00 8.000000000000000000e+00 5.000000000000000000e+00 -4.995896798705183528e+02 2.400800000000151329e+02 2.372185499190692326e+01 -1.365854856961237207e+00 6.263886662157648111e+00
2.072767290112374483e-01 1.056408275886296710e+00 8.078063238166112825e+00 4.963273564273105620e+00 4.117219958198330421e-01 6.475911134927307966e-01 3.235873074574745489e-01 3.020526338014881240e+00 6.000000000000000000e+00 7.000000000000000000e+00 5.000000000000000000e+00 -1.211367815716548506e+02 1.458099999999922716e+02 2.461448667865472062e-02 -1.186486027634299667e+00 3.000500808187940849e-01
1.754128851570420089e-01 1.199892707616437182e+00 7.229138603619229997e+00 4.936699311448556671e+00 1.404781046964430402e+00 1.415111251378919910e-01 1.424918444591506406e-01 3.949343486652471924e+00 8.000000000000000000e+00 8.000000000000000000e+00 4.000000000000000000e+00 -1.668920159103804508e+02 2.400800000000151329e+02 2.928250994398304830e+00 -4.812515044399408304e-02 8.143196245906219113e-03
1.041992271176601648e+00 1.355893234399625058e+00 9.721003258487280974e+00 3.513613978743626909e+00 1.973853970418997905e+00 1.156979967613608551e+00 3.015760976216511069e-01 2.327730173526954882e+00 7.000000000000000000e+00 1.200000000000000000e+01 4.000000000000000000e+00 -4.572730284035519617e+02 3.601200000000105774e+02 1.732581427522166706e+01 -1.692410126597706371e-02 6.270903725121028671e+00
1.054947693767170680e+00 1.639260986906582396e+00 6.883992645215561978e+00 4.627250259380726760e+00 2.753375513049591383e+00 5.795586462986919152e-01 3.669326590086384177e-01 2.990205806497888030e+00 5.000000000000000000e+00 1.300000000000000000e+01 4.000000000000000000e+00 -6.067474749989993370e+02 3.901299999999891384e+02 2.573015468743779621e+01 7.294496343791533055e-02 5.656758412179920849e-03
1.287154738017769029e+00 1.028389337130271253e+00 4.276717636636351294e+00 4.572870691336843763e+00 2.010894228539932715e+00 1.017785429622966253e+00 2.985062675466327309e-01 2.682868013410571351e+00 2.000000000000000000e+00 1.500000000000000000e+01 3.000000000000000000e+00 -5.970389522182065321e+02 4.501499999999774104e+02 2.324774701363861240e+01 2.571347731673660417e-02 1.271510247039007481e-02
8.714726820468132740e-01 5.299491477301228048e-01 6.420749363275128019e+00 2.030991726747014336e+00 1.318200436949484633e+00 1.484895617195465700e+00 1.906057308175178600e-01 3.044492031879762806e+00 7.000000000000000000e+00 8.000000000000000000e+00 4.000000000000000000e+00 -2.353797948042458756e+03 3.799999999999954525e+01 2.092487175265367938e+01 -3.197233421506123108e+00 4.677061780078195952e+00
8.626134262954492371e-01 1.805499106049780922e+00 5.487418325381862694e+00 3.447634791561240863e+00 2.023507256242170982e+00 4.366822092781927900e-01 4.949419242524771834e-01 2.495469203601968999e+00 3.000000000000000000e+00 6.000000000000000000e+00 4.000000000000000000e+00 -3.725955752104185308e+02 1.800600000000052887e+02 1.766034845065099290e+01 -4.750404248796184781e-03 1.726180988708136965e-04
9.334311079379364884e-01 9.546347364507301592e-01 6.051900457240339648e+00 4.395870975067478703e+00 2.906427475356172074e+00 1.429154276032614579e+00 2.666315426483388262e-01 2.994587455701939849e+00 4.000000000000000000e+00 1.300000000000000000e+01 4.000000000000000000e+00 -6.140790999656597933e+02 3.901299999999891384e+02 2.618838124785407828e+01 -6.006558926856793434e-02 8.297554824147110319e-03
8.838179211329406648e-01 1.414592550575652252e+00 3.932647816216320091e+00 3.455978823617831264e+00 2.409437113399365060e+00 7.596789610608478682e-01 3.320969075962257877e-01 3.245279152352682939e+00 6.000000000000000000e+00 5.000000000000000000e+00 5.000000000000000000e+00 -2.156679386482125665e+03 7.654999999999779448e+01 7.400274155132911424e+00 -3.323527301693879998e+00 1.232199429773971788e+00
1.111482136929202724e+00 7.799067288204760695e-01 6.118542623761026533e+00 2.653228931447319638e+00 2.535707918888240542e+00 7.067984823097919200e-01 2.731510569740914773e-01 2.950966322768632022e+00 8.000000000000000000e+00 1.000000000000000000e+01 4.000000000000000000e+00 -4.250576173390037411e+02 3.000999999999997385e+02 1.718797608368774377e+01 1.176246856685498471e-02 1.317867286054912740e-02
8.926659980031597108e-01 8.546250055666270162e-01 4.374235267557089024e+00 4.555606781211986700e+00 1.908929073018672984e+00 2.486355690607604529e-01 1.312161293754033342e-01 2.042009272816278198e+00 5.000000000000000000e+00 1.100000000000000000e+01 4.000000000000000000e+00 -4.981227043073976688e+02 3.301100000000244563e+02 2.081673151921159004e+01 -1.193234126713869914e-03 6.271260756770895561e+00
9.561034729173193414e-01 1.333962201823947202e+00 4.438012826948424916e+00 6.050645703488401139e+00 1.994278626834200985e+00 4.564032182803416382e-01 2.626860444967634156e-01 2.662533169442016234e+00 5.000000000000000000e+00 1.300000000000000000e+01 4.000000000000000000e+00 -5.493530240454889508e+02 3.901299999999891384e+02 2.214300150284340063e+01 -3.197384945791521133e-02 6.282328171065194589e+00
2.161415904186587689e-01 1.007022799742339991e+00 6.278797115868007594e+00 4.320051098895445030e+00 1.112449468415784182e+00 6.308393493684666398e-01 2.879139165868834227e-01 3.020556129288856528e+00 4.000000000000000000e+00 8.000000000000000000e+00 4.000000000000000000e+00 -3.784566457768741543e+02 2.400800000000151329e+02 1.615104036105416085e+01 -7.711840223222174995e-01 4.099998653920154668e-02
1.140183882749269184e+00 1.295792230325496064e+00 3.763613055869563517e+00 2.595437428137767455e+00 7.275602838953401097e-01 6.128898762860790494e-02 3.950482831080783241e-01 3.194292726823535045e+00 6.000000000000000000e+00 6.000000000000000000e+00 3.000000000000000000e+00 -2.391178369105648926e+03 1.554000000000004000e+01 2.396302306910307323e+01 -9.775489986039205270e-01 2.582303463748604477e-02
1.858992242252811122e+00 1.915689614843795630e+00 7.547460771418979419e+00 2.137861848944605736e+00 1.917028522758300824e+00 6.254738972805757857e-01 4.363317864145677683e-01 3.086766744122642958e+00 8.000000000000000000e+00 1.900000000000000000e+01 3.000000000000000000e+00 -5.799042970075956873e+02 5.701900000000110822e+02 1.842558106297438769e+01 -8.852955420677141585e-02 2.972530073712320239e-02
1.878464277501024515e+00 1.226063957896791123e+00 7.820162845998858359e+00 2.238409115574119923e+00 2.029577041094927203e+00 4.391006691326260203e-01 5.211371619892845031e-01 3.231289857586509662e+00 4.000000000000000000e+00 1.600000000000000000e+01 3.000000000000000000e+00 -6.673870484251121979e+02 4.801600000000302657e+02 2.670669052656856479e+01 2.142458228050001245e-01 6.274912065060783029e+00
1.058590089845793836e+00 1.388154868174184209e+00 4.321228934898064367e+00 2.868173397176561501e+00 1.926112609515018281e+00 8.144097315785994162e-01 1.006376448388390243e-01 2.195069664652985253e+00 7.000000000000000000e+00 1.500000000000000000e+01 4.000000000000000000e+00 -4.916780512618962575e+02 4.501499999999774104e+02 1.666269070386922380e+01 -1.477758086370841273e+00 6.209953479437896329e-03
2.952055705418261677e-01 3.947897268897299083e-01 7.407279981840474647e+00 6.583869208712947341e+00 9.716139313385200316e-01 6.649671132627857917e-01 2.278709862558420951e-01 4.145594240999502134e+00 9.000000000000000000e+00 7.000000000000000000e+00 5.000000000000000000e+00 -2.269430282149772665e+03 3.150000000000010658e+01 1.585501763436078804e+01 -1.147689629241965381e+00 2.421545289097337128e-01
1.469980646829933457e+00 1.489789748479410481e+00 6.411391655788066579e+00 7.249793465657091929e+00 1.695693594067305465e+00 4.323374835587591170e-01 5.683912504935495491e-01 2.517610465855431912e+00 3.000000000000000000e+00 9.000000000000000000e+00 4.000000000000000000e+00 -4.617625112320661174e+02 2.700900000000045225e+02 2.041984445200398923e+01 -2.113696940029612392e+00 6.278963305699777564e+00
4.324187934808232381e-02 8.139237332005314629e-01 6.272690562788911350e+00 2.843533392521548908e+00 2.001295117744066321e+00 5.376231641468890432e-01 3.870477570946053159e-01 2.706580783875027763e+00 9.000000000000000000e+00 1.000000000000000000e+01 3.000000000000000000e+00 -5.560673799739839751e+02 3.000999999999997385e+02 2.537608624837400839e+01 1.812471680023372000e-01 6.265577238648821989e+00
2.005655572182962310e+00 1.835814390813287567e+00 9.605311704031983311e+00 3.663975468597339802e+00 2.047445345510106041e+00 6.827528691077328071e-01 2.653065179883066227e-01 2.769936688887037146e+00 4.000000000000000000e+00 1.700000000000000000e+01 5.000000000000000000e+00 -6.830287488504890234e+02 5.101700000000154773e+02 2.674648430315508207e+01 1.239282436693095735e-01 6.239259776549533676e+00
1.383636234072226356e+00 7.345068629213191702e-01 6.174828782377271175e+00 5.130650204040287932e+00 1.812702527834161303e+00 6.639249899890393714e-01 4.074357451263871388e-01 2.163489700627374557e+00 4.000000000000000000e+00 1.500000000000000000e+01 4.000000000000000000e+00 -5.940959838103598258e+02 4.501499999999774104e+02 2.306381148814819326e+01 -7.716135387530619061e-02 1.047087519661701535e-02
6.734897583486367800e-01 1.622639610316275682e+00 6.305898783569777066e+00 1.150452484606113490e+00 2.840063116785091157e+00 1.617128927492516244e+00 1.011387239058701148e-01 2.597804357561187327e+00 9.000000000000000000e+00 1.300000000000000000e+01 3.000000000000000000e+00 -5.947285772902749841e+02 3.901299999999891384e+02 2.497897358064252415e+01 -5.712294578132231029e-03 1.703385493850730070e-02
5.783971613261005285e-01 1.358336713825556430e+00 1.747303830382273659e+00 2.468217219891450931e+00 1.472228997435031550e+00 4.334344715195366793e-01 1.620802950480436655e-01 3.554840670402353187e+00 3.000000000000000000e+00 6.000000000000000000e+00 4.000000000000000000e+00 -1.924787025151942430e+02 1.140000000000027995e+02 2.393955306758370483e-02 -1.028618540451617491e+00 1.301422934209463603e-02
3.884575926753877084e-01 1.433781446738135568e+00 7.845307054266437596e+00 4.412408571458995787e+00 2.379796348295954544e+00 4.450917336873130847e-01 3.474060855028905381e-01 3.228785515418120866e+00 8.000000000000000000e+00 1.200000000000000000e+01 5.000000000000000000e+00 -5.140735083206112677e+02 3.601200000000105774e+02 2.087584427003787368e+01 6.586978110500345263e-02 2.053673316041247296e-02
2.049092304363018535e-01 2.760417178248334991e-01 7.739120252452576842e+00 6.478080488115462998e+00 4.291452383844968077e-01 8.571974071454498967e-01 3.852902610277331719e-01 3.552333239739612569e+00 1.000000000000000000e+01 5.000000000000000000e+00 5.000000000000000000e+00 -3.042469954801567766e+01 6.009999999999872244e+01 2.341872175101988515e-02 -7.580093578957560752e-01 6.252302652624853074e+00
