4.190346490139435498e-01 2.010572098474373348e+00 5.076363730000855945e+00 7.875545394957226719e+00 2.080136519363856351e+00 4.284012439982942677e-02 3.625155730065177107e-01 3.055010456085006432e+00 4.000000000000000000e+00 1.300000000000000000e+01 5.000000000000000000e+00 -6.092124349607996692e+02 3.901299999999891384e+02 2.588421468505031697e+01 -2.994500140818260325e-01 6.281997006236557546e+00
7.351609518356069239e-01 1.827642089421997129e+00 7.643959755870577411e+00 5.057877293804996732e+00 2.488655773783998271e+00 4.453834359548719535e-01 4.665860708835094517e-01 2.035199796313800213e+00 1.100000000000000000e+01 9.000000000000000000e+00 5.000000000000000000e+00 -5.100034778337249008e+02 2.700900000000045225e+02 2.343490486460766320e+01 4.757815136720359300e-02 6.247223811888571454e+00
1.010825778187157242e+00 1.471802617021184201e+00 6.719307798780295826e+00 8.258915661692720178e+00 1.318917093608336533e+00 5.432140015323760895e-01 2.890318036327200191e-01 3.158937707913445525e+00 9.000000000000000000e+00 1.400000000000000000e+01 5.000000000000000000e+00 -2.510181997372387173e+02 4.201399999999720194e+02 2.559262483578294667e+00 -6.916797517387235361e-02 1.130040487540351010e-02
3.943036495798302177e-02 1.139585296970122119e+00 6.901300897147804925e+00 6.573658019368149752e+00 1.807657765036212894e+00 3.872081982793026400e-01 4.431260952625771243e-01 3.294014823029292494e+00 6.000000000000000000e+00 1.700000000000000000e+01 4.000000000000000000e+00 -6.753001798182619950e+02 5.101700000000154773e+02 2.626344873864089280e+01 -1.883754229532407787e-01 1.301399802310137729e-02
6.801021481550785230e-01 2.770122765391969999e+00 4.595101026842360881e+00 4.944645500412804040e+00 2.568143958419276451e+00 3.007482949439392872e-01 4.172720274568872956e-01 3.164541682321766913e+00 7.000000000000000000e+00 1.200000000000000000e+01 4.000000000000000000e+00 -5.883670867320163325e+02 3.601200000000105774e+02 2.551919292075069379e+01 3.963456641088466265e-02 1.000534110257156328e-02
8.672690302369745474e-01 1.071012703795032550e+00 9.984291385816051800e+00 4.855024168265581253e+00 1.326984219422097766e+00 1.041257571215398747e-01 3.938416136697279746e-01 2.934604023439176146e+00 1.000000000000000000e+01 1.500000000000000000e+01 5.000000000000000000e+00 -4.875684222923129028e+02 4.501499999999774104e+02 1.640583889327026057e+01 -5.517149366606443478e-02 7.497634072776794556e-02
1.795116921689896561e-01 1.208973540165585892e+00 9.098991394513904041e+00 7.195150480901199685e+00 1.948929099044169222e+00 6.298236137694444015e-01 1.450823061213870613e-01 3.002859074569141917e+00 9.000000000000000000e+00 1.400000000000000000e+01 3.000000000000000000e+00 -6.056432761441312778e+02 4.201399999999720194e+02 2.472332975900907570e+01 4.909429490088478704e-02 6.278114382779424574e+00
9.604629974581073704e-01 1.959121188506539823e+00 5.439316122041924828e+00 6.045122090723211272e+00 1.833093689192414555e+00 8.424188695264223092e-01 4.912589347552162033e-01 2.687211714602899093e+00 1.000000000000000000e+01 1.100000000000000000e+01 4.000000000000000000e+00 -2.299416695241415596e+02 3.301100000000244563e+02 4.055416845258084102e+00 -1.628582169160915472e+00 6.247345032155763533e+00
4.233006618379524522e-01 1.136428996150804061e+00 8.218298190721824881e+00 5.290480594435263306e+00 1.501406055780362570e+00 2.899146041670490614e-01 3.578914253421193736e-01 2.889169283845400393e+00 9.000000000000000000e+00 1.200000000000000000e+01 4.000000000000000000e+00 -2.936145569353998326e+02 3.601200000000105774e+02 7.097159808462158992e+00 -2.046192413450712788e+00 1.003047709683563271e-01
5.556803565717431947e-01 4.585647152377052560e-01 7.201125140621398302e+00 4.842415543998164651e+00 1.220115975986346246e+00 8.445794171204062950e-01 3.691803371275281243e-01 3.422386402802565897e+00 8.000000000000000000e+00 7.000000000000000000e+00 4.000000000000000000e+00 -2.227332050448559130e+03 4.515000000000016200e+01 1.279731565303491791e+01 -5.588252920115855948e-01 5.190432374673306093e-01
5.244271201637541457e-01 1.109126847151787887e-01 6.391177461903813750e+00 6.499069551137875322e+00 2.015645162058144813e+00 1.393106752728046516e+00 3.476136700937201840e-01 2.238301037255348902e+00 8.000000000000000000e+00 1.700000000000000000e+01 4.000000000000000000e+00 -2.349222640408869665e+03 4.817800000000128193e+02 6.770790025553967695e+00 -1.774578947307947185e+00 5.230767239975756766e+00
7.843746459077864941e-01 1.392944588087706492e+00 6.012258428145207390e+00 7.209387340647214870e+00 1.817945357636773451e+00 2.090134415609681273e-01 4.512499380298820029e-01 2.798490551621000577e+00 5.000000000000000000e+00 4.000000000000000000e+00 2.000000000000000000e+00 -4.380642243184788640e+02 1.200400000000075664e+02 2.362776401990469211e+01 7.344059946838327191e-02 9.054485194825545591e-03
4.811359720832550924e-01 1.619224893238758511e+00 5.629314000589292988e+00 3.781790069905772267e+00 2.351730592212828874e+00 8.524735718568150489e-01 1.491607773353964550e-01 2.732376227247401701e+00 5.000000000000000000e+00 1.100000000000000000e+01 3.000000000000000000e+00 -5.174005336422487744e+02 3.301100000000244563e+02 2.202159585263978059e+01 1.361329507825134386e-02 6.263768349393729729e+00
2.941504816815875278e-01 1.298836060123052194e+00 7.601339682322800329e+00 7.426631611944342737e+00 2.520791354261621819e+00 1.000902864780389478e+00 2.169983672067628544e-01 2.215956980330134662e+00 8.000000000000000000e+00 1.500000000000000000e+01 5.000000000000000000e+00 -5.965430506949393248e+02 4.501499999999774104e+02 2.321675316843441550e+01 -6.661696913327104508e-02 6.241430302349703751e+00
8.037546236736867744e-01 1.659819627060081348e+00 5.920292953036397243e+00 3.441440874314058096e+00 1.836977904475495249e+00 4.604943939072509984e-01 3.248617585023661491e-01 2.283835943790220924e+00 6.000000000000000000e+00 1.200000000000000000e+01 3.000000000000000000e+00 -5.851804715342682357e+02 3.601200000000105774e+02 2.532002947089143063e+01 2.639835643671600840e-01 1.486854796551284608e-02
2.616518581082507566e-01 1.212069882317468261e+00 5.510097772446989062e+00 1.422988872615700728e+00 2.586021368639503937e+00 2.707328145105799555e-01 7.296350653402938757e-01 2.780146961023081342e+00 8.000000000000000000e+00 1.500000000000000000e+01 5.000000000000000000e+00 -6.447768802700692277e+02 4.501499999999774104e+02 2.623136751688003088e+01 2.178892398259016927e-01 6.173234323582785343e+00
7.892135442591645678e-01 1.398960951609199865e+00 4.181528383735372500e+00 7.488039478722816611e+00 2.563591810497205969e+00 1.201178397001314790e+00 2.781935986514201820e-01 2.780866736082656665e+00 1.000000000000000000e+01 1.000000000000000000e+01 4.000000000000000000e+00 -2.822818968481231536e+02 2.867999999999967145e+02 1.485503499769703049e-02 -1.052195695083855354e+00 2.451641810942993376e-03
1.091219447143826127e+00 1.177645014934824097e+00 9.822709243374683652e+00 5.921440722760507036e+00 1.590331827412703625e+00 4.231539605031472417e-01 2.204846716398483342e-01 3.323249485042108819e+00 1.000000000000000000e+01 1.700000000000000000e+01 5.000000000000000000e+00 -3.130266317274399626e+02 5.101700000000154773e+02 3.621351982964512661e+00 -2.073874613463136674e-01 4.600981359883224431e-03
7.466860422560783750e-01 2.543378656263720838e+00 7.463789587052212404e+00 5.921457928060403830e+00 1.201093706077689172e+00 4.714120561142493004e-01 3.054316686827753813e-01 3.242820072991944080e+00 9.000000000000000000e+00 1.000000000000000000e+01 4.000000000000000000e+00 -2.663767861776136670e+02 3.000999999999997385e+02 7.270424136100862356e+00 3.010666816193872941e-02 6.270763802120131736e+00
2.499777011934664062e-01 1.644334768525578250e+00 3.382421606136811310e+00 6.978326395815614092e+00 1.767575054909045651e+00 7.534530698840780083e-01 5.709849971164677740e-01 2.385907321987290608e+00 8.000000000000000000e+00 9.000000000000000000e+00 5.000000000000000000e+00 -4.094919832496236722e+02 2.700900000000045225e+02 1.715293645310133996e+01 2.543825043525916457e-02 6.282678885209171504e+00
1.290097537366186042e+00 1.347987194378181375e+00 8.009267141797726808e+00 9.473545359891220485e+00 1.984780368150325103e+00 9.208295834724908868e-01 4.693829948105661676e-01 2.292375820224489491e+00 3.000000000000000000e+00 7.000000000000000000e+00 4.000000000000000000e+00 -4.110649908920353255e+02 2.100699999999860097e+02 1.912687443075264682e+01 -9.438513285141711395e-03 6.277132970360376873e+00
6.660260191267874941e-01 1.975929348029566546e+00 6.583134013397480722e+00 3.867741303181322365e+00 2.123741673693031906e+00 3.751735438576585535e-01 3.119420541817596870e-01 2.426297173116505057e+00 4.000000000000000000e+00 1.500000000000000000e+01 4.000000000000000000e+00 -6.408785994884997308e+02 4.501499999999774104e+02 2.598772496803194088e+01 -4.598237544426473505e-02 6.282496339685083697e+00
6.966569273118379257e-01 1.651878223745268048e+00 5.231938016179435103e+00 3.624104522402829431e+00 2.810919403473725708e+00 3.105108974994426063e-01 5.070410214374597713e-01 2.997334214343483794e+00 6.000000000000000000e+00 1.900000000000000000e+01 4.000000000000000000e+00 -7.108438745385690254e+02 5.701900000000110822e+02 2.660930465866021422e+01 -1.230164941632660019e-01 2.635145851637580097e-03
1.130881211574763512e+00 1.161854733664201333e+00 8.247371368039511097e+00 4.927163248218544567e+00 2.250100364727673607e+00 7.407303552228663435e-01 6.563560772796321885e-01 2.323076274794954266e+00 5.000000000000000000e+00 1.800000000000000000e+01 4.000000000000000000e+00 -7.144272004209969964e+02 5.401800000000090449e+02 2.777107502631202607e+01 1.043704312968192771e-01 9.367523382186604408e-03
2.033971760280918195e-01 1.031855744188634016e+00 4.628961478271600427e+00 7.828739815454102136e+00 2.505054143336771677e+00 5.040772036119189892e-01 1.263694244580418902e-01 2.264252291718800159e+00 9.000000000000000000e+00 1.300000000000000000e+01 3.000000000000000000e+00 -5.993912261600944476e+02 3.901299999999891384e+02 2.527038913500624062e+01 5.881945723526674913e-02 3.514533749277671398e-02
5.723716066406843161e-01 2.039878801817368359e+00 7.166735201084499352e+00 5.989003531859887985e+00 1.850333599443951593e+00 2.154418843455648824e-01 2.874516844766624724e-01 3.141949373120755507e+00 5.000000000000000000e+00 1.400000000000000000e+01 5.000000000000000000e+00 -6.203862215128095841e+02 4.201399999999720194e+02 2.564476384455147340e+01 -1.025064703389664822e-01 6.278499735771240431e+00
3.447932708879419827e-01 1.275948153099790927e+00 6.279338276719325762e+00 4.801535844222269311e+00 2.402333489418128742e+00 3.433994242989140133e-01 5.399758456695181730e-01 2.949981937933348064e+00 9.000000000000000000e+00 1.400000000000000000e+01 4.000000000000000000e+00 -6.024502967434596030e+02 4.201399999999720194e+02 2.452376854646710314e+01 -3.883509096774420688e-02 6.280318832489292902e+00
2.934291960092206830e-01 1.826472985697660700e+00 5.736052348865368522e+00 4.681545687460544336e+00 2.871891861045352101e+00 2.940584327056931513e-01 5.462349366966252617e-01 2.037679323030074485e+00 7.000000000000000000e+00 1.100000000000000000e+01 5.000000000000000000e+00 -5.713424922033797202e+02 3.301100000000244563e+02 2.539296826271046825e+01 6.921198720434704188e-02 6.248339363915469846e+00
7.664420994266167853e-01 1.685189163590620431e+00 6.123408271988127538e+00 4.814159375370255844e+00 1.866396264574434971e+00 1.075199070089645659e+00 3.816781704286068555e-01 2.591743027117354714e+00 7.000000000000000000e+00 1.300000000000000000e+01 4.000000000000000000e+00 -4.946691175172828707e+02 3.901299999999891384e+02 1.872525734483052062e+01 2.726692366430684134e-01 6.279929413768423174e+00
1.230670570058036484e+00 1.975186495726857894e+00 7.621374743490262560e+00 5.787013654113031258e+00 1.158662437253166200e+00 6.351164411786044406e-01 4.171524912984850841e-01 2.792933708924171032e+00 8.000000000000000000e+00 1.100000000000000000e+01 5.000000000000000000e+00 -2.937717305508969616e+02 3.118500000000221917e+02 1.927740879470880853e-02 -1.004960381827549210e+00 6.278782964874617178e+00
2.161361444439480195e-01 2.298016287331572371e+00 6.317424038115137641e+00 3.088776351639949347e+00 2.151603507258383452e+00 2.189613366985050935e-01 3.284914804548175749e-01 3.347881578391357138e+00 5.000000000000000000e+00 1.400000000000000000e+01 3.000000000000000000e+00 -6.296741462823174516e+02 4.201399999999720194e+02 2.622525914264571867e+01 -1.935665221578139472e-02 1.772386152095162259e-02
3.658568600452057895e-01 1.186705503220675695e+00 5.876891734714647875e+00 7.273034450609391577e+00 1.616275168228751058e+00 7.369639114216706144e-01 3.748949746393340221e-01 2.761558790065473445e+00 5.000000000000000000e+00 1.400000000000000000e+01 4.000000000000000000e+00 -5.764060512727279502e+02 4.201399999999720194e+02 2.289600320454637128e+01 7.566576091735971454e-02 3.226104017183040185e-03
7.818383586615528236e-01 5.923219538199556711e-01 6.030004847215370667e+00 6.227817568963605055e+00 1.923314124889003773e+00 3.711721337553106626e-01 4.789284914273932436e-01 3.488971633176483067e+00 8.000000000000000000e+00 1.500000000000000000e+01 4.000000000000000000e+00 -5.207610703692165544e+02 4.501499999999774104e+02 1.848037939807674235e+01 1.428170605388500575e-02 4.005559945379136635e-03
6.197995037767396465e-01 1.253655778039427515e+00 5.209965981250200606e+00 8.939984189952982163e+00 2.516851323058151735e+00 4.205440279988839070e-01 4.368299309457621127e-01 2.929872746399598604e+00 5.000000000000000000e+00 9.000000000000000000e+00 3.000000000000000000e+00 -5.401929184563540502e+02 2.700900000000045225e+02 2.532174490352198504e+01 1.090660143934253645e-03 1.230985933814503566e-03
9.735200619876954731e-01 2.062266451519523258e+00 5.148059761747417973e+00 4.707967096784782868e+00 2.082305019646387478e+00 6.904713344688778731e-01 4.449492055800963186e-01 2.323010787666933474e+00 6.000000000000000000e+00 1.400000000000000000e+01 4.000000000000000000e+00 -5.668937618269939094e+02 4.201399999999720194e+02 2.230148511418799373e+01 1.056701841318707369e-01 6.273824059083167981e+00
1.574282358406457361e+00 2.511446733629290051e+00 5.952282256028604834e+00 7.677340644952873383e+00 2.177203076225627587e+00 5.908276000861727439e-01 7.579408007685903836e-01 2.243730853704200001e+00 8.000000000000000000e+00 1.500000000000000000e+01 5.000000000000000000e+00 -5.600389890542480771e+02 4.501499999999774104e+02 2.093524931589120897e+01 -2.419059344922487864e-01 6.264156407574010821e+00
8.123055512686192525e-01 9.114645919263208995e-01 6.126384956250391589e+00 9.360081786946501836e+00 2.775162302384547974e+00 8.418552097303098058e-01 2.366627023878632996e-01 2.275212039305237965e+00 6.000000000000000000e+00 1.100000000000000000e+01 5.000000000000000000e+00 -5.866285872749467671e+02 3.301100000000244563e+02 2.634834920468341224e+01 -3.551607995367447868e-02 6.260624706588088451e+00
6.157411526505865984e-01 2.162882291829040682e+00 1.524460152176796424e+00 3.835908002295282060e+00 1.652065101556929871e+00 9.734890496974573093e-01 4.516014058931309139e-01 3.835668725908143895e+00 1.000000000000000000e+01 9.000000000000000000e+00 5.000000000000000000e+00 -2.089895830183702117e+02 1.559700000000046316e+02 1.893686712980213391e-02 -1.017925564105026215e+00 2.645770091639403770e-02
1.316024642341587780e-01 7.021603502458235724e-01 5.835069803468180716e+00 5.264716003331706418e+00 1.884575514074296354e+00 2.117948655618481779e-01 5.884034078001502133e-01 2.832250872407759523e+00 7.000000000000000000e+00 9.000000000000000000e+00 5.000000000000000000e+00 -4.417074749018821649e+02 2.700900000000045225e+02 1.916640468136749220e+01 1.819252508095319520e-01 1.681882087481511787e-02
1.609542047335533299e+00 1.516907611135251965e-01 7.103579850640054261e+00 7.234896895948231155e+00 1.961686256608857315e+00 9.822254590767964810e-01 3.713519010372281492e-01 2.184455339221116343e+00 5.000000000000000000e+00 1.300000000000000000e+01 5.000000000000000000e+00 -2.336174763281323067e+03 3.460599999999906800e+02 1.019654770508298647e+01 -2.140163783195820102e+01 2.960633133292346120e+00
6.674621780645296765e-01 1.246088362623342105e+00 5.386846294686761460e+00 4.018767159165439473e+00 1.829837680261363619e+00 5.329195979342584710e-01 3.941271263503663413e-01 2.506362936726919344e+00 5.000000000000000000e+00 7.000000000000000000e+00 5.000000000000000000e+00 -4.364090132082176297e+02 2.100699999999860097e+02 2.071087582551404083e+01 3.182694564925647035e-02 6.281093227875540919e+00
1.374801799509517863e+00 2.455243102842044500e+00 8.752327781877383472e+00 7.908160035445781055e+00 2.227349931704930786e+00 4.818683924041478051e-01 6.400987822057664367e-01 2.015307380139544247e+00 1.100000000000000000e+01 1.700000000000000000e+01 5.000000000000000000e+00 -6.503612339310569723e+02 5.101700000000154773e+02 2.470476462069057888e+01 -5.790401358866335002e-01 6.274352306645319288e+00
7.180559200872700387e-01 1.706977119814729438e+00 5.234535897517252678e+00 4.039626095400577377e+00 2.578197382366713253e+00 1.360489222904546214e+00 5.927289419476595711e-01 2.637299184898726168e+00 1.000000000000000000e+01 1.100000000000000000e+01 4.000000000000000000e+00 -4.737062499310433736e+02 3.301100000000244563e+02 1.929070312068944659e+01 7.027194311065680654e-03 3.224971928820458134e-03
4.288899990105546900e-01 7.018478522379697493e-01 9.388754980193061428e+00 5.176427389478654995e+00 1.995464980428051316e+00 4.755891451480623311e-02 7.120650524526394021e-01 2.331073093876754321e+00 1.000000000000000000e+00 2.000000000000000000e+01 5.000000000000000000e+00 -8.046896724393043314e+02 6.001999999999994770e+02 3.153685452745653350e+01 -1.252209363392715047e-01 9.872182776048731012e-02
1.110285551984512953e+00 9.695342584788879670e-01 8.934129300707837729e+00 4.602862395873502876e+00 1.408494427335968302e+00 1.361874408476805964e+00 5.186892792746791159e-01 2.524933658874133346e+00 9.000000000000000000e+00 1.200000000000000000e+01 4.000000000000000000e+00 -2.795157548754381196e+02 2.840400000000076943e+02 2.049529564706855517e-02 -1.056081846270136460e+00 6.275699950257327409e+00
1.003637769490092424e+00 1.753964492295955413e+00 5.723708952828449270e+00 4.024342458147747159e+00 1.359747980499243170e+00 3.996885639116029010e-01 1.897040642151588685e-02 3.056362666659556027e+00 7.000000000000000000e+00 7.000000000000000000e+00 3.000000000000000000e+00 -2.318160356134897484e+03 7.622999999999905185e+01 1.750283475843110637e+01 -1.419065339912237711e+00 1.739791720186581736e-01
2.377331008949357116e-02 1.832704827257532365e+00 7.272355238507356212e+00 3.676407247529991817e+00 1.206579085972346421e+00 4.589073568071511122e-01 4.250948052290234314e-01 2.321697861296112553e+00 6.000000000000000000e+00 9.000000000000000000e+00 3.000000000000000000e+00 -5.061064232221312977e+02 2.700900000000045225e+02 2.319133895138306656e+01 -2.246909746972499122e-01 3.396399376824479205e-03
2.049092304363018535e-01 2.760417178248334991e-01 7.739120252452576842e+00 6.478080488115462998e+00 4.291452383844968077e-01 8.571974071454498967e-01 3.852902610277331719e-01 3.552333239739612569e+00 1.000000000000000000e+01 5.000000000000000000e+00 5.000000000000000000e+00 -3.042469954801567766e+01 6.009999999999872244e+01 2.341872175101988515e-02 -7.580093578957560752e-01 6.252302652624853074e+00
