1.483405713469373444e+00 1.566028099084359804e+00 4.953578297351643123e+00 6.530283590009793748e+00 1.371080436572867489e+00 4.692162783804600945e-01 3.515512810771089791e-01 3.475728498493360075e+00 6.000000000000000000e+00 1.300000000000000000e+01 5.000000000000000000e+00 -2.249667128013901220e+03 1.790099999999965235e+02 1.001013300086893665e+01 -1.708712122488293739e+00 3.253191005242980771e-01
1.818186978174138657e+00 2.229030282185009870e+00 8.332700260699883898e+00 5.796447261258675709e+00 1.380539479889323573e+00 5.667814600525591384e-01 3.513706920748302931e-01 4.418348597369774922e+00 6.000000000000000000e+00 1.200000000000000000e+01 5.000000000000000000e+00 -2.291483547924777213e+03 1.104000000000011568e+02 1.476772174529852499e+01 -5.655610533807831963e+00 1.126315152123280594e+00
3.680644931164874789e-01 1.428618313507931337e+00 3.573019075568917291e+00 5.857558796471758811e+00 2.675869279572766768e+00 1.412341320207511686e+00 3.541740019438746057e-01 2.615868413665107362e+00 9.000000000000000000e+00 1.100000000000000000e+01 5.000000000000000000e+00 -4.662005344392935626e+02 3.301100000000244563e+02 1.882159590245508340e+01 -1.431831987283645469e-01 1.949266661553584676e-02
5.106188833880727085e-01 2.530107231558590963e-01 6.506213340466547201e+00 7.254919200892790521e+00 1.567291481046426682e+00 7.501310037262007846e-01 3.659972871588557108e-01 2.761941397358708361e+00 8.000000000000000000e+00 1.100000000000000000e+01 5.000000000000000000e+00 -3.475443577753782165e+02 3.301100000000244563e+02 1.140558486096037427e+01 -4.265294439415193706e-01 6.263324662051617864e+00
1.306278976230181854e+00 6.328119873180044763e-01 7.072131291578402923e+00 3.572291609921529165e+00 2.278432723253337677e+00 5.959534597800812961e-01 2.389047395143370500e-01 2.014203330950534276e+00 6.000000000000000000e+00 7.000000000000000000e+00 4.000000000000000000e+00 -4.031295576718194980e+02 2.100699999999860097e+02 1.863090985448915404e+01 7.085682311119623211e-02 5.783659845889346438e-05
7.762515877648208384e-01 1.005724769446641131e+00 5.556093094172279478e+00 8.091334260808617174e+00 1.764938124936693553e+00 8.957674913641794356e-01 4.242147560502732562e-01 3.466948999281545873e+00 5.000000000000000000e+00 1.000000000000000000e+01 5.000000000000000000e+00 -4.309436120952133251e+02 3.000999999999997385e+02 1.755585075595084277e+01 3.662861179093947206e-02 9.923416752091113180e-02
6.954326387090381534e-01 1.970484489932623484e+00 7.885320995263366051e+00 3.311448963440156490e+00 1.724898699235819066e+00 1.244863683918825847e+00 6.475043275304614987e-02 3.383322297328425599e+00 5.000000000000000000e+00 9.000000000000000000e+00 3.000000000000000000e+00 -2.973807672725170050e+02 2.700900000000045225e+02 1.014598545453216971e+01 -8.126305105145593954e-02 6.278619253164587022e+00
1.719561429789841611e+00 1.562052035779893711e+00 9.183845283996644682e+00 7.771099515925473433e+00 2.111303459482284151e+00 1.107154034038237977e-02 6.464883574790215581e-01 3.142563812924608513e+00 4.000000000000000000e+00 7.000000000000000000e+00 4.000000000000000000e+00 -4.857730093498201995e+02 2.100699999999860097e+02 2.379612558436419789e+01 -1.277987623849721643e+00 2.138092622860245928e-01
5.398499997726733390e-01 5.141098109989501452e-01 7.336514084881038400e+00 8.493654395579925520e+00 1.737374005695542234e+00 8.862700551858170295e-01 3.263118303374789031e-01 4.206407171927848410e+00 8.000000000000000000e+00 1.300000000000000000e+01 4.000000000000000000e+00 -2.284140279347619071e+03 1.166099999999987062e+02 1.411470495922622703e+01 -4.515443051591773838e+00 1.670752228214081425e+00
1.648049220616485622e+00 2.140779943637099336e+00 4.974459782849043776e+00 4.936548022499016142e+00 2.115061644005906238e+00 6.618904674996777260e-01 5.368123993349266376e-01 2.789019307007367665e+00 7.000000000000000000e+00 1.600000000000000000e+01 5.000000000000000000e+00 -5.469067232809887855e+02 4.801600000000302657e+02 1.917667020506085152e+01 4.896633041573933420e-01 6.166686654003234125e+00
1.270167597382802160e+00 1.378080893759205283e+00 5.770222752418910694e+00 6.481021423041816831e+00 2.580297191225452202e+00 8.974403448050898291e-01 1.901283005394026615e-01 3.412665576147809521e+00 9.000000000000000000e+00 8.000000000000000000e+00 4.000000000000000000e+00 -2.557210887670912882e+02 2.329600000000140199e+02 1.955250657452649310e-02 -1.038075264837630129e+00 6.281987585489653192e+00
9.084056943981071441e-01 6.657097700660175033e-02 7.540599381418052083e+00 6.698781894750175603e+00 9.899490303315068296e-01 1.221929398857181326e+00 7.582082676832495594e-01 2.718583075688714601e+00 7.000000000000000000e+00 6.000000000000000000e+00 5.000000000000000000e+00 -2.229250270619195362e+03 5.472000000000056019e+01 1.261814191369969151e+01 -3.194414430573510710e+00 1.245940799999752269e+00
8.400150812180904314e-01 1.422299210397885316e+00 5.392014182288647817e+00 6.855853265246965478e+00 1.977968177684653606e+00 4.770660422572857162e-01 3.755458265544725505e-01 2.485677778499966628e+00 5.000000000000000000e+00 8.000000000000000000e+00 5.000000000000000000e+00 -4.124175277210030686e+02 2.400800000000151329e+02 1.827359548256221800e+01 6.482848151209336107e-02 3.091320958464498919e-02
2.579951883467114238e-01 2.556277600652659299e+00 5.221693496354287589e+00 5.712087370036097234e+00 2.040121272284816989e+00 8.387017470422610810e-01 4.534118186746970425e-01 2.897871720673419471e+00 7.000000000000000000e+00 1.400000000000000000e+01 5.000000000000000000e+00 -5.643149117680362679e+02 4.201399999999720194e+02 2.214030698550314114e+01 -1.946793745238346307e-01 7.256499890486060866e-02
1.109421271625842254e-01 1.737101918979141457e+00 6.709908904968429511e+00 5.223003020140705388e+00 1.782703025380325546e+00 4.303306365553786206e-01 2.497148751756229357e-01 2.891774602472441114e+00 6.000000000000000000e+00 1.200000000000000000e+01 4.000000000000000000e+00 -5.208080261357704330e+02 3.601200000000105774e+02 2.129675163348531797e+01 -4.908110579862266093e-02 1.227328409636600434e-03
1.124088619228726271e+00 2.354130500334750131e+00 8.284767283032522300e+00 4.934972729955332760e+00 2.285260840165395990e+00 6.897122240055374442e-01 1.497624038073460673e-01 3.484660163975564995e+00 1.000000000000000000e+01 7.000000000000000000e+00 3.000000000000000000e+00 -2.391881525302428599e+03 1.673000000000004661e+01 2.396978283140180110e+01 -1.051288774929511227e+00 5.830634795532064985e+00
1.184973874636397806e+00 1.830934140549608014e+00 8.274402373528774390e+00 4.408191177677409200e+00 1.311804938162289158e+00 1.497529731889752025e+00 2.574040127454564342e-01 2.529122960191551250e+00 3.000000000000000000e+00 7.000000000000000000e+00 2.000000000000000000e+00 -3.264719757859062383e+02 2.100699999999860097e+02 1.383981098661957532e+01 -1.287862944653304087e-01 4.764666738888655856e-03
1.103784084006684152e+00 1.873857549263264755e+00 7.794041816318014071e+00 6.865541879030148564e+00 1.594830867014123132e+00 6.156067259642599154e-01 3.670318834113527329e-01 3.124305580970784035e+00 8.000000000000000000e+00 1.000000000000000000e+01 4.000000000000000000e+00 -1.890353495897925029e+02 3.000999999999997385e+02 2.436584349362039603e+00 -2.213467713024591110e-01 6.270002082487361683e+00
3.454348807762293583e-01 1.963131401442675505e+00 4.626334615332033273e+00 4.428066435377408183e+00 2.663029540547972474e+00 8.494802859267113204e-01 5.467992170929333873e-02 2.602763568864623789e+00 6.000000000000000000e+00 1.100000000000000000e+01 4.000000000000000000e+00 -4.546957010452216537e+02 3.301100000000244563e+02 1.810254381532558909e+01 -9.197683127323613705e-02 4.861795610543926532e-03
1.794695121885399036e-01 1.169119755000092020e+00 6.285399063143477072e+00 7.713664410915388459e+00 1.695034020207747183e+00 6.560101422181167097e-01 3.265114626115814822e-01 3.273670559467285912e+00 1.100000000000000000e+01 7.000000000000000000e+00 5.000000000000000000e+00 -2.862803802506198281e+02 2.100699999999860097e+02 1.132783626566417823e+01 -4.499723763480413530e-02 2.444479352735425340e-02
1.106244889254954344e+00 1.195382390531576577e+00 4.065905491555672491e+00 2.578275403570287949e+00 2.155188193715208200e+00 1.956210889742256986e-01 2.314685754411893170e-01 2.344344412161950331e+00 7.000000000000000000e+00 1.000000000000000000e+01 5.000000000000000000e+00 -4.210301747120075788e+02 3.000999999999997385e+02 1.693626091950048007e+01 -5.303151424848760731e-02 6.266965409686307886e+00
1.372713702519456902e+00 1.940688079279186518e+00 6.629770576959902684e+00 6.627344200576756883e+00 1.662842861046815335e+00 1.018074055581174697e+00 3.755842850882322725e-01 2.779342805509654735e+00 7.000000000000000000e+00 6.000000000000000000e+00 4.000000000000000000e+00 -2.178781166021648005e+03 1.275000000000033111e+02 7.189447876352883959e+00 -7.906864651211717998e-01 1.745350289686407597e-01
1.006171860634819781e+00 1.955608479168809311e+00 3.927398263000499767e+00 4.931067695236288628e+00 1.884762127892571915e+00 1.132370902277005875e+00 2.542732726022099987e-01 3.392497680291486351e+00 8.000000000000000000e+00 1.200000000000000000e+01 4.000000000000000000e+00 -2.262510621086805259e+03 2.160000000000051443e+02 9.656913817925159904e+00 -1.991650210559014367e+00 5.560862158793914212e+00
8.046825112064688312e-01 1.960373382077529536e+00 4.844249746470899787e+00 6.677730722796312968e+00 1.865761563691662683e+00 1.177363029697924279e+00 4.862564706060175101e-01 4.003332028964855738e+00 7.000000000000000000e+00 1.600000000000000000e+01 4.000000000000000000e+00 -2.351416907943285423e+03 1.313599999999979104e+02 1.785855674645540248e+01 -2.680937500451902267e+00 1.416585470449024386e+00
5.848685446234930252e-01 2.105492039879769184e+00 9.290262608516108855e+00 5.759885502023490034e+00 2.160681071369253470e+00 2.886183155755214780e-01 4.617643752077731922e-01 2.812619078411071172e+00 5.000000000000000000e+00 9.000000000000000000e+00 4.000000000000000000e+00 -5.389074034822162957e+02 2.700900000000045225e+02 2.524140021763837538e+01 1.518339160670227617e-02 6.279894199349438821e+00
1.743861361994976544e+00 2.139062530980795351e+00 5.542448433047013623e+00 7.233824498744350961e+00 1.185890715998787481e+00 4.941802664823764513e-01 3.949939414877892685e-01 3.365137743170174556e+00 8.000000000000000000e+00 1.100000000000000000e+01 3.000000000000000000e+00 -2.181390514144771714e+03 1.316699999999998454e+02 7.222219634048268055e+00 -1.980326535495604778e+00 2.481343527592551890e-01
9.658151855090476579e-01 1.046151757029774476e+00 5.333345222523440121e+00 2.015784798285067403e+00 1.046147950482076094e+00 6.418447951340170432e-01 4.029366895037224672e-01 2.798483937550889422e+00 6.000000000000000000e+00 1.100000000000000000e+01 4.000000000000000000e+00 -2.007302498641765851e+02 3.301100000000244563e+02 2.229703116510272309e+00 -2.772760501446012715e-01 6.271059591491284557e+00
1.490808426942697995e+00 1.216482308727046435e+00 6.349900008618272196e+00 4.558537934101423161e+00 2.233553021871660160e+00 6.160533335069938721e-01 4.342534562525327546e-01 2.845800223211227831e+00 8.000000000000000000e+00 1.400000000000000000e+01 5.000000000000000000e+00 -4.827728946389422617e+02 4.201399999999720194e+02 1.704393091493476575e+01 1.343429814008425260e-01 6.081331775270371054e-03
7.375480456733396473e-01 5.155290281197918434e-01 3.621195665236078831e+00 8.221003983811817406e+00 2.048452151075879080e+00 1.590963785584845969e+00 8.568960912286849307e-02 2.505743416940584112e+00 6.000000000000000000e+00 1.300000000000000000e+01 5.000000000000000000e+00 -2.293113346289731453e+03 9.749999999999937472e+01 1.527270914310824246e+01 -6.918406736432628712e+00 1.322366644893823162e+00
1.596861235125688339e-01 1.877356629368239771e+00 7.935865785102420134e+00 6.165751783109776341e+00 2.015322197001494064e+00 1.039547241560837332e+00 2.488366625828065948e-01 3.193353306241873746e+00 1.000000000000000000e+01 8.000000000000000000e+00 4.000000000000000000e+00 -1.734867167316559176e+02 2.400800000000151329e+02 3.340419795728022834e+00 -3.946062881823682034e-01 6.282626796883285181e+00
8.075165259313739075e-01 1.914692560235114138e+00 8.856429555589626190e+00 3.925818916766366407e+00 2.664981645862556814e+00 4.622848446461290672e-01 1.416274313058736578e-01 2.728802943461107411e+00 7.000000000000000000e+00 1.100000000000000000e+01 5.000000000000000000e+00 -4.862867290778629012e+02 3.301100000000244563e+02 2.007698306736566707e+01 -8.758622988911102247e-01 8.127704196552477944e-02
2.011089389756333112e+00 2.182537381187832359e+00 7.153900759959894273e+00 4.037214791271362735e+00 1.809576495030152055e+00 2.643430800435616068e-01 6.528529237826106169e-01 3.405220040590252850e+00 8.000000000000000000e+00 1.200000000000000000e+01 5.000000000000000000e+00 -2.552022176023835982e+02 3.601200000000105774e+02 4.696388600148643455e+00 -1.918291490161202484e+00 1.082446394372578967e-02
1.439484767648971930e-01 1.208472030171896305e+00 7.622344076587479478e+00 7.176111818588545077e+00 1.139255668438003299e+00 7.850921568523826499e-01 1.494635547729779024e-01 3.086178001457905218e+00 8.000000000000000000e+00 9.000000000000000000e+00 4.000000000000000000e+00 -2.686012898458081963e+02 2.634300000000063733e+02 1.732765543577451106e-02 -1.009569925394599776e+00 6.275620605569925736e+00
1.200255075514885750e+00 1.389782589983668881e+00 6.345496602323394519e+00 9.361189904892377456e+00 2.320651584428158998e+00 5.623635218103910649e-01 2.106762413156952896e-01 2.185698488480981361e+00 8.000000000000000000e+00 1.200000000000000000e+01 4.000000000000000000e+00 -4.468626677705825614e+02 3.601200000000105774e+02 1.667516673566107954e+01 9.270816615098256830e-02 8.430600040568335049e-03
1.671724654332928939e+00 2.693163864023554233e+00 6.452135988920433718e+00 3.710181590103958538e+00 2.306994275143337880e+00 6.922560577296312800e-01 1.499416460485183400e-01 2.909817702722542698e+00 1.000000000000000000e+01 1.800000000000000000e+01 5.000000000000000000e+00 -6.043429369479640627e+02 5.401800000000090449e+02 2.089080855924747482e+01 6.621833088568800096e-02 6.251559693270605678e+00
9.359236639630748034e-01 1.054269795574245272e+00 6.835522952052365042e+00 1.588807797904689290e+00 2.408169484019528017e+00 9.209342466459628784e-02 2.751047062344133542e-01 3.914273002570499926e+00 8.000000000000000000e+00 1.300000000000000000e+01 4.000000000000000000e+00 -5.936116410866399065e+02 3.901299999999891384e+02 2.490916506791533180e+01 6.899931245958337844e-02 6.203334167922847087e-03
9.090158767343116120e-01 9.044435894075169013e-01 4.719878128407994922e+00 9.416197097749524403e+00 2.355223141534846132e+00 2.949134414848395558e-01 1.828937025817202189e-01 4.011989137775496594e+00 5.000000000000000000e+00 1.000000000000000000e+01 5.000000000000000000e+00 -4.297337187107166301e+02 3.000999999999997385e+02 1.748023241941979578e+01 -1.782277612158376101e-01 1.095413504666497076e-02
2.159837871285881672e+00 1.488574771447807477e+00 5.350385912773957031e+00 3.501635386828690244e+00 1.831408039987717951e+00 2.873090733466066027e-02 4.874741090267464272e-01 4.070295269170777885e+00 1.000000000000000000e+01 2.000000000000000000e+01 4.000000000000000000e+00 -6.877897272335446814e+02 6.001999999999994770e+02 2.423060795209655538e+01 9.254042492026319511e-02 8.496196728021487843e-03
9.405932071148292994e-02 1.009358390919625759e+00 6.975198230734887872e+00 2.133186562586819157e+00 2.506994971161086827e+00 6.505533625893388239e-01 1.431346044025636477e-01 2.635875890573193381e+00 9.000000000000000000e+00 8.000000000000000000e+00 4.000000000000000000e+00 -3.298219422803140333e+02 2.400800000000151329e+02 1.311137139251915507e+01 7.823087466917813537e-02 6.273103813021815967e+00
5.994021075795239462e-01 2.601512478132897321e+00 7.678837665790688938e+00 6.085863903482289672e+00 2.019701322966269252e+00 3.871080232913423624e-01 2.817837550815871506e-01 3.666156762825421023e+00 1.000000000000000000e+01 9.000000000000000000e+00 4.000000000000000000e+00 -2.651327615228287868e+02 2.700900000000045225e+02 8.130485095176659627e+00 -2.482605100312737512e-02 6.275789744495201994e+00
1.493327466790237867e+00 1.702330677283106608e+00 9.268189044034931712e+00 4.963505189322264144e+00 2.964258380400064397e+00 3.778156689311347738e-01 4.844809280444837274e-01 2.890506011096240169e+00 1.000000000000000000e+01 1.500000000000000000e+01 3.000000000000000000e+00 -2.328910924295105360e+03 4.387499999999791385e+02 6.845995268444740489e+00 -2.129680565906159284e+00 6.556632898759532369e-01
1.160147981634254144e-01 1.696575413018560630e+00 4.214162021812446923e+00 1.343673380169356335e+00 2.927878479224991448e+00 3.773991033244378235e-01 3.856717029702486643e-01 3.442280940459531369e+00 4.000000000000000000e+00 6.000000000000000000e+00 4.000000000000000000e+00 -4.941507461184453405e+02 1.800600000000052887e+02 2.525754663240266851e+01 1.031772257093217099e-01 1.352178453736740948e-02
1.917026315363572486e+00 1.498143031462316310e+00 8.108187936363790982e+00 3.581343511672467450e+00 1.948850961176822771e+00 7.889700882503642987e-01 3.237734796065749876e-01 3.250570441749237371e+00 9.000000000000000000e+00 8.000000000000000000e+00 4.000000000000000000e+00 -2.306148668627290135e+03 4.839999999999932356e+01 1.762179178920564837e+01 -8.264897164310304190e-01 6.210447163815543625e+00
1.059993098170626924e+00 1.471717037645907666e+00 7.603431452262036316e+00 6.304194386616750023e+00 9.633365958463411260e-01 5.754123354909279620e-01 2.030220363706177755e-01 3.631465056651172141e+00 6.000000000000000000e+00 1.800000000000000000e+01 5.000000000000000000e+00 -2.177853012694188692e+03 1.744200000000040802e+02 5.665188293386664853e+00 -8.744271689085564958e+00 5.164288039090331850e+00
1.625823982273489898e+00 1.635890426247788687e+00 5.780183355672334322e+00 6.397059115576054111e+00 1.887621554434459670e+00 7.861198599164443968e-01 9.371235015564102766e-02 2.260849192223854054e+00 1.100000000000000000e+01 1.200000000000000000e+01 5.000000000000000000e+00 -1.967225192619699214e+02 3.601200000000105774e+02 1.041407453872789546e+00 -5.165018503619787094e-01 6.250583822376109211e+00
3.294372383962638207e-01 9.113091752716173666e-01 8.240240268074323637e+00 6.021081840752067649e+00 1.274344745091420927e+00 6.666563278651862490e-01 5.345789617331007104e-01 2.048867438283863862e+00 5.000000000000000000e+00 1.300000000000000000e+01 5.000000000000000000e+00 -5.595817421748979541e+02 3.901299999999891384e+02 2.278229638593145978e+01 -1.076007982447288805e-02 8.240379392641550282e-03
8.322601204485226001e-01 8.857899073484385433e-01 3.199731605956293023e+00 5.322150102821271211e+00 2.653106742818884811e+00 1.203921964063221495e+00 4.473296085259700350e-01 2.845754377693064274e+00 7.000000000000000000e+00 1.100000000000000000e+01 5.000000000000000000e+00 -2.252296396974490108e+03 3.056900000000214277e+02 6.215712310904949689e+00 -1.641198188705496008e+01 1.890322092305577906e+00
2.049092304363018535e-01 2.760417178248334991e-01 7.739120252452576842e+00 6.478080488115462998e+00 4.291452383844968077e-01 8.571974071454498967e-01 3.852902610277331719e-01 3.552333239739612569e+00 1.000000000000000000e+01 5.000000000000000000e+00 5.000000000000000000e+00 -3.042469954801567766e+01 6.009999999999872244e+01 2.341872175101988515e-02 -7.580093578957560752e-01 6.252302652624853074e+00
