1.243894234656758524e+00 9.927543941719902953e-01 4.957972721836409136e+00 3.519052742240653231e+00 1.317988072362305418e+00 7.901711876512429455e-01 2.824306644256253662e-01 3.121662921065119445e+00 7.000000000000000000e+00 7.000000000000000000e+00 3.000000000000000000e+00 -7.344438333183919099e+01 1.460899999999922443e+02 2.496145824019136913e-02 -9.287484911698885570e-01 6.278111873670589205e+00
1.525493811046629566e-01 1.471366555925868180e+00 7.389278472779215790e+00 5.571754206306231083e+00 1.546402619485986563e+00 1.276004834823397882e+00 4.946753218897304016e-02 2.629171975182432064e+00 5.000000000000000000e+00 9.000000000000000000e+00 5.000000000000000000e+00 -4.389827923894198420e+02 2.700900000000045225e+02 1.899611202433860058e+01 6.508101383845935062e-02 6.255513524622905663e+00
3.427249921593589765e-01 1.098682833978912754e+00 7.945542372062562642e+00 4.630331845538149693e+00 2.479472383083344278e-01 9.323180736482851172e-01 4.332377051348676456e-01 2.773004842644591683e+00 9.000000000000000000e+00 9.000000000000000000e+00 5.000000000000000000e+00 -2.364810812078634626e+03 3.311999999999999744e+01 2.176567575491466044e+01 -7.804840432968529473e-01 6.083204968690450798e+00
1.150576982748914068e+00 1.641574772040963914e+00 6.055457540236747427e+00 6.923713189383790656e+00 2.328420392338883982e+00 4.425257878606490003e-01 4.489524362260564061e-01 3.082344041732389517e+00 9.000000000000000000e+00 1.300000000000000000e+01 3.000000000000000000e+00 -4.615092866655345460e+02 3.901299999999891384e+02 1.665276791659625033e+01 -7.445811793576273541e-01 7.084666525496091660e-02
1.030950896766943847e+00 8.882266695383357336e-01 6.783864001952904843e+00 4.115736403275199073e+00 2.397310795050776377e+00 4.566442023522654381e-01 2.262152337714056771e-01 3.031570545765078784e+00 6.000000000000000000e+00 1.100000000000000000e+01 4.000000000000000000e+00 -4.562605258121109273e+02 3.301100000000244563e+02 1.820034536325616870e+01 5.845088298212204603e-02 5.562925737268150858e-03
9.199910604277820037e-01 1.799463517139761937e+00 6.336805028966170816e+00 4.544660526600017292e+00 1.208723407913274484e+00 1.806799308293129958e-01 4.413548793132970882e-01 2.237257186289433264e+00 8.000000000000000000e+00 1.100000000000000000e+01 3.000000000000000000e+00 -5.255810702008410544e+02 3.301100000000244563e+02 2.253287938755180164e+01 6.628290405364323234e-02 1.036671626096308252e-02
7.573112680256899321e-01 1.014526764654254176e+00 9.424013039957468862e+00 8.672498948365836569e+00 2.588641867114710671e+00 9.458131520706667406e-01 3.894813558985767976e-01 2.525328253835938952e+00 7.000000000000000000e+00 1.000000000000000000e+01 5.000000000000000000e+00 -4.439433511626610880e+02 3.000999999999997385e+02 1.836833444766632795e+01 -2.053987930535322359e+00 6.263973323505635626e+00
2.109458936272217144e-01 1.463140674158373677e+00 5.799894309893343092e+00 3.114734441209719762e+00 2.626030995441019922e+00 2.864151884063442233e-01 6.286539047352783793e-01 2.232192015502576510e+00 9.000000000000000000e+00 1.400000000000000000e+01 5.000000000000000000e+00 -6.275812459732371735e+02 4.201399999999720194e+02 2.609445287332819419e+01 6.629082089872728734e-02 1.300139591526120950e-02
4.339942157555274349e-01 1.678964297058470612e+00 4.384014436990991470e+00 7.726521621548257279e+00 2.685462267666299585e+00 9.771627974741216027e-01 1.568482654514412600e-01 3.569822841168812211e+00 9.000000000000000000e+00 1.200000000000000000e+01 4.000000000000000000e+00 -4.511378310521146204e+02 3.601200000000105774e+02 1.694236444075683323e+01 -1.895387652364297626e-01 2.507527500996134528e-02
9.119101708895538394e-02 2.766604931418880087e-01 8.427136125353028362e+00 8.542281967304711898e+00 1.326192441214244511e+00 1.551846156988237357e+00 1.906099721323075424e-01 2.793271694424649620e+00 1.100000000000000000e+01 4.000000000000000000e+00 5.000000000000000000e+00 -3.314059801660955884e+01 6.551999999999904389e+01 2.378737603812738216e-02 -8.688707531770971659e-01 6.085809074065839583e-03
1.581209204565290349e-01 1.684594367918015312e+00 4.159603444540020512e+00 3.194131696735079906e+00 1.898134478651930968e+00 1.151431250674403550e+00 5.603990999310758392e-01 2.651894578202676378e+00 8.000000000000000000e+00 1.100000000000000000e+01 5.000000000000000000e+00 -5.172090488361884582e+02 3.301100000000244563e+02 2.200962805226101793e+01 -3.173626151776476334e-01 1.445111505093054638e-01
9.653947755827957389e-01 1.014549769850255689e+00 5.637557336745496528e+00 4.403322031266287517e+00 2.098580326346989988e+00 6.208582038631057509e-01 4.773520458554244561e-01 2.288312224643430870e+00 3.000000000000000000e+00 1.500000000000000000e+01 4.000000000000000000e+00 -6.473890386735121183e+02 4.501499999999774104e+02 2.639462741709521509e+01 -3.155390543395508729e-02 8.403081542306622964e-03
1.508885387033376713e+00 1.741765811446655210e+00 7.079882302390438475e+00 6.448486647345542444e+00 2.179205995761071435e+00 3.045226051826077640e-01 1.373903365526710219e-01 2.789180447939893170e+00 7.000000000000000000e+00 1.500000000000000000e+01 3.000000000000000000e+00 -6.126601515576511474e+02 4.501499999999774104e+02 2.422407197235390441e+01 -1.284500270326218718e-01 6.252374860156091785e+00
8.361324010385007277e-01 1.396875841718026923e+00 5.913460591059215510e+00 5.974578128511443431e+00 2.432675668583740070e+00 1.872334371950774567e+00 3.412553263903800316e-01 2.158767013605134899e+00 6.000000000000000000e+00 1.100000000000000000e+01 4.000000000000000000e+00 -9.363073874164397239e+02 2.747800000000175942e+02 -1.575392590677763272e-01 -2.545625122695769704e+01 2.181730489401179085e+00
3.106338917462830862e-01 2.257139200110677812e+00 7.638986129809351766e+00 5.927979835596449476e+00 1.443472431947755652e+00 1.299778354297685290e+00 3.358080966601019179e-01 3.054390006646753530e+00 7.000000000000000000e+00 8.000000000000000000e+00 4.000000000000000000e+00 -5.151687016659177516e+02 2.400800000000151329e+02 2.469554385411938568e+01 -3.507211251827797860e-02 6.273775178112222406e+00
1.279636384639965430e+00 8.295300582682880730e-01 3.278116311422816676e+00 5.378106661645567499e+00 1.810228601555601058e+00 6.694921336937877943e-01 1.541790549680244204e-01 3.105622680015872383e+00 6.000000000000000000e+00 1.400000000000000000e+01 5.000000000000000000e+00 -5.074986778159987466e+02 4.201399999999720194e+02 1.858929236350079606e+01 -6.713385689771950160e-02 5.209618644181801539e-02
1.158662686794404983e-01 1.629717041804858324e+00 3.390285873070811640e+00 6.278991441897885828e+00 2.110195915073001860e+00 5.916466261012907069e-01 5.140344918335371105e-01 3.462547774271884649e+00 8.000000000000000000e+00 1.200000000000000000e+01 5.000000000000000000e+00 -4.594516754398661647e+02 3.601200000000105774e+02 1.746197971499130475e+01 1.336394897708828855e-01 6.251349547085157887e+00
4.896798000213217206e-01 1.508081198726499039e+00 5.577595571811945874e+00 7.239233440920694207e+00 1.456866758936499640e+00 1.083446991140424087e+00 2.459425982754376017e-01 2.899692837170066539e+00 9.000000000000000000e+00 1.200000000000000000e+01 5.000000000000000000e+00 -2.301819037776908772e+03 1.417200000000023294e+02 1.443493986105674765e+01 -3.468353618917595860e+00 1.402801124101818564e+00
1.727829164614539614e+00 1.220489889477046841e+00 8.499728130227774514e+00 4.717747408502130035e+00 1.421053181619853278e+00 1.029342772993544930e+00 4.609331338703063219e-01 2.633990911502570142e+00 7.000000000000000000e+00 1.300000000000000000e+01 3.000000000000000000e+00 -2.186700155224871196e+03 3.693299999999898660e+02 1.271972015547695734e-01 -2.056094320033623912e+00 5.180624466397775407e+00
1.138058458742413626e+00 1.501140427477123840e+00 7.337420379882459542e+00 6.494913128872072505e+00 1.166481333240366292e+00 1.195648098224917133e+00 5.905377242093714507e-01 3.214634115904135836e+00 5.000000000000000000e+00 1.300000000000000000e+01 3.000000000000000000e+00 -2.292098836858271170e+03 1.345499999999980787e+02 1.405148980364200817e+01 -4.689895322787455356e+00 4.611105532536659446e+00
5.510686795068485688e-01 1.885835268396499620e+00 6.125253952405603997e+00 7.217378281029784404e+00 1.676604602462575144e+00 1.332497307549230126e+00 3.952155255503272402e-01 2.112776596517126571e+00 1.000000000000000000e+01 1.500000000000000000e+01 5.000000000000000000e+00 -5.813665393540002242e+02 4.501499999999774104e+02 2.226822120962572171e+01 -2.357171118901830731e-01 8.069464927867209258e-02
5.275786738021537303e-01 5.859068085160328287e-01 7.032466801302773796e+00 4.263541311829374791e+00 1.700880681574286069e+00 1.551416507386677690e+00 4.512132784652555517e-01 3.428154300505454888e+00 6.000000000000000000e+00 1.300000000000000000e+01 3.000000000000000000e+00 -2.254844426899303926e+03 1.751099999999966599e+02 1.045558918120659087e+01 -1.833533540128823702e+01 2.546696312301668819e+00
3.856919825829017157e-01 2.187183968610932006e+00 4.461979924577395451e+00 4.699085461170897204e+00 1.558105649909195867e+00 1.675777598198493479e-01 3.221872893084598011e-01 2.813424941994982831e+00 4.000000000000000000e+00 1.100000000000000000e+01 5.000000000000000000e+00 -5.053612382638666531e+02 3.301100000000244563e+02 2.126913989149090156e+01 2.464980633700580848e-02 2.698623426488952134e-02
5.726524911115137284e-01 6.637687501195377315e-01 5.599515415892390990e+00 4.862387239007646578e+00 1.395392147274422401e+00 3.622585225162421319e-01 3.804714286435009196e-01 2.651359310737740227e+00 9.000000000000000000e+00 6.000000000000000000e+00 5.000000000000000000e+00 -2.105044975606749915e+02 1.470000000000040359e+02 1.493647494929691705e-02 -1.016765965159221574e+00 6.275879884540914055e+00
1.061247684794657475e+00 9.421625525010564051e-01 5.734107609820020990e+00 5.880916938937227556e+00 2.098037424784660043e+00 4.934054087064930760e-01 2.202234438753309931e-01 2.273982155378509784e+00 8.000000000000000000e+00 7.000000000000000000e+00 4.000000000000000000e+00 -2.361443096095697456e+03 6.216000000000023107e+01 2.064769350598107778e+01 -8.050571046881095372e-01 6.271702338118291919e+00
8.717774692953930149e-01 9.074229182186741571e-01 6.872946423240488656e+00 7.254631461411004345e+00 1.744674398655471803e+00 7.589719969075117145e-01 4.872090529218099930e-01 3.972801831759447122e+00 1.100000000000000000e+01 1.200000000000000000e+01 5.000000000000000000e+00 -2.287349055986358962e+03 6.671999999999950148e+01 1.587431599914746805e+01 -2.443586349975808147e+00 4.819562660852218627e+00
9.167690087856422698e-01 7.371947722171809936e-01 6.998856470200987445e+00 6.187885723292870566e+00 2.527002394953671960e+00 5.587484510799062276e-01 2.903279627888288306e-01 3.821769852573808190e+00 9.000000000000000000e+00 1.200000000000000000e+01 4.000000000000000000e+00 -3.573271527124767886e+02 3.601200000000105774e+02 1.107919704452946874e+01 -8.660423808225288234e-01 1.141869267104995145e-01
6.073631769854834772e-01 1.749288614929487062e+00 7.177168046976800220e+00 5.574050615750255844e+00 9.526704520551112498e-01 3.046019959019629075e-01 4.128080693720113659e-01 2.646316987342169025e+00 6.000000000000000000e+00 1.300000000000000000e+01 5.000000000000000000e+00 -5.262075484934667884e+02 3.901299999999891384e+02 2.069640928084201192e+01 8.536645070577733585e-02 6.258079539178257988e+00
1.600022477634323037e-01 1.661514172656563648e+00 3.368330439716185953e+00 4.647011847604233914e+00 1.117058911092241313e+00 9.366038525307509577e-01 2.955272644590369868e-01 2.555015556826775835e+00 7.000000000000000000e+00 1.300000000000000000e+01 5.000000000000000000e+00 -4.625857773854785364e+02 3.901299999999891384e+02 1.672004858659274618e+01 -2.492143266228688536e-02 3.596591090668862373e-02
3.659491384902980315e-01 1.354281571084849034e+00 4.709716559360022536e+00 4.671642600058207861e+00 2.012632734007359314e+00 1.069830544557439200e+00 3.434482141672002276e-01 2.340252405909718725e+00 7.000000000000000000e+00 1.100000000000000000e+01 3.000000000000000000e+00 -5.591900822441684795e+02 3.301100000000244563e+02 2.463344264025976216e+01 -2.822158411716690907e-02 6.276895548561737925e+00
6.799625123159251938e-01 2.065419895704107667e+00 6.348481182612493612e+00 3.975949906411740287e+00 1.232293377980985261e+00 7.606422100505029205e-01 5.632102654234197869e-01 2.505238004751319636e+00 1.000000000000000000e+01 6.000000000000000000e+00 4.000000000000000000e+00 -2.142067224583156531e+03 7.644000000000137618e+01 6.490451536447233494e+00 -1.031280897853097178e+00 1.140720959713645288e-01
7.460968986564733285e-01 1.345240378258148350e+00 6.112300364071828085e+00 4.549964331305301535e+00 7.768094238539737795e-01 8.876573991949954223e-02 6.599675607488262319e-01 2.696379917993251496e+00 2.000000000000000000e+00 1.300000000000000000e+01 5.000000000000000000e+00 -5.724225041134474168e+02 3.901299999999891384e+02 2.358484400709080475e+01 -4.890133138904968757e-02 3.814164059784599936e-02
9.359440097691134053e-01 1.984430950830190055e+00 6.070409810613191404e+00 3.926952115926653164e+00 2.339534657150206698e+00 7.130581716987121066e-01 3.626990880982394194e-01 2.842175330467668459e+00 4.000000000000000000e+00 1.200000000000000000e+01 3.000000000000000000e+00 -6.051976988257289349e+02 3.601200000000105774e+02 2.657110617660772789e+01 6.952453202312727787e-02 1.236128709102675242e-02
6.972210007422996458e-01 1.276592413524456182e+00 7.569519058335188788e+00 7.043736038982691738e+00 2.347135179613250688e+00 1.352540636306527322e+00 5.704148779742531650e-01 2.495227960067133210e+00 7.000000000000000000e+00 9.000000000000000000e+00 5.000000000000000000e+00 -4.879258453948217493e+02 2.700900000000045225e+02 2.205505283717621978e+01 3.628381699942200278e-01 6.267026855666014917e+00
6.641655181823215015e-01 8.546005083606441621e-01 7.700562109172828684e+00 6.181240392241079462e+00 1.576897821695085300e+00 4.480908052897879523e-01 1.886236219650944124e-01 2.649500437264934671e+00 1.000000000000000000e+01 1.100000000000000000e+01 4.000000000000000000e+00 -2.979629020764839993e+02 3.192200000000231057e+02 2.047424390181696099e-02 -1.002667801162708150e+00 2.863539233021716087e-03
6.775002599273287629e-01 1.533628034012962882e+00 6.954188992662726498e+00 4.683615597446640244e+00 2.344979958848788293e+00 1.296048082716934502e+00 4.589656100567405805e-01 2.650755628425959465e+00 9.000000000000000000e+00 1.100000000000000000e+01 5.000000000000000000e+00 -2.716289725764292484e+02 3.301100000000244563e+02 6.660873286026064655e+00 -1.717764383739654122e+00 6.270454077426914630e+00
9.353865666743672591e-01 2.099027022572387047e+00 9.194596424609356333e+00 8.223697747819301185e+00 1.690393990832623317e+00 3.653899905977147089e-01 5.450089549066253758e-01 2.043656920417121992e+00 8.000000000000000000e+00 1.200000000000000000e+01 5.000000000000000000e+00 -5.201491454637643983e+02 3.601200000000105774e+02 2.125557159148494790e+01 2.967843314521859677e-01 6.279058532594720354e+00
3.243022499579222284e-01 1.559090089544873603e+00 7.070725793063175502e+00 4.836029448925550867e+00 1.152573340583870509e+00 1.175848228653360694e+00 2.494859410641454556e-01 2.159585791395389975e+00 1.100000000000000000e+01 1.000000000000000000e+01 3.000000000000000000e+00 -2.381650542119829197e+02 2.200999999999917804e+02 2.347946145110241939e-02 -1.007693750579719438e+00 3.562683180239875624e-02
3.786561961206539872e-01 4.925476997709709037e-01 3.828892190096139014e+00 4.791874156615340219e+00 1.490240338992904423e+00 2.841478938722643566e-01 3.227713942805169323e-01 2.676224361687605136e+00 6.000000000000000000e+00 1.100000000000000000e+01 5.000000000000000000e+00 -4.983854498758472005e+02 3.301100000000244563e+02 2.083315311723968577e+01 4.961798406047400745e-01 6.135574303953029940e+00
2.894525496140638587e-01 2.375535318369796034e+00 6.174901548533999751e+00 4.699379915160751153e+00 6.524510070388942484e-01 1.115400996116031163e+00 5.254949005543260165e-01 2.274816007135512130e+00 7.000000000000000000e+00 1.800000000000000000e+01 5.000000000000000000e+00 -5.691090243642556743e+02 5.401800000000090449e+02 1.868868902276569699e+01 1.212701002792999777e-01 1.518478029730818690e-02
8.875741073912628565e-01 1.808021564914212176e+00 6.546774219025992103e+00 5.804388965918801269e+00 2.900077146382095350e+00 1.789869320600656621e-01 3.831902750128485802e-01 3.715181879709527735e+00 1.100000000000000000e+01 1.000000000000000000e+01 4.000000000000000000e+00 -5.180568175595178673e+02 3.000999999999997385e+02 2.300042609746987665e+01 1.303400954527294264e-01 6.279800890473285158e+00
8.410777704182235137e-01 8.289745190147825848e-01 7.249352331638600155e+00 6.395459182614942506e+00 1.411494693102404607e+00 2.547409593761844171e+00 2.295779684646456209e-01 2.166391978778769545e+00 3.000000000000000000e+00 1.100000000000000000e+01 5.000000000000000000e+00 -2.370370826164807113e+03 1.109899999999994833e+02 1.967973913530049046e+01 -3.935354244893035869e+00 4.929364332895670664e+00
1.036583838740570584e+00 1.783369299582436174e+00 5.025127411988487225e+00 7.919208264070624281e+00 2.326683443266109652e+00 1.361691858431256730e+00 2.598758505188091261e-01 3.428195456527205032e+00 8.000000000000000000e+00 1.800000000000000000e+01 5.000000000000000000e+00 -2.503982909977485633e+03 4.780800000000155592e+02 1.655893187359235341e+01 -3.723446529230854285e+00 2.440280456931835928e+00
1.080700394529182873e+00 1.728629096635298623e+00 6.523229821082111357e+00 4.934626343063135856e+00 1.552216368991200524e+00 5.098462577959342878e-01 7.068460448233704341e-02 3.347186998264920277e+00 8.000000000000000000e+00 1.500000000000000000e+01 3.000000000000000000e+00 -2.877341746467886878e+02 4.501499999999774104e+02 3.916198415424998025e+00 -2.332838973959479589e-01 6.274098218703263896e+00
1.056054510001949831e+00 2.292753463254272539e+00 5.971607915162424618e+00 8.702854391656115851e+00 2.341337655557488073e+00 5.331324795874996525e-01 2.804127501439392933e-01 2.501855073836730892e+00 4.000000000000000000e+00 7.000000000000000000e+00 4.000000000000000000e+00 -4.519453098433889409e+02 2.100699999999860097e+02 2.168189436521224778e+01 4.040908684142961727e-02 1.199850841013815408e-02
2.605213803636506897e-01 1.637346350954627772e+00 7.611468523028432465e+00 5.013747059138017548e+00 1.137197638582764236e+00 5.876580624418166199e-01 2.997295282942923911e-01 2.935406685170016239e+00 7.000000000000000000e+00 9.000000000000000000e+00 5.000000000000000000e+00 -2.662326675457671854e+02 2.700900000000045225e+02 8.199229221610309537e+00 1.321414617337502984e-01 6.256875042613120996e+00
5.649003461990208530e-01 1.013072056781590735e+00 7.472086861980049122e+00 4.426370479930206159e+00 9.958716862107931389e-01 7.880775989586157326e-01 4.820205190934623296e-01 3.918474013869476025e+00 3.000000000000000000e+00 4.000000000000000000e+00 4.000000000000000000e+00 -2.333553121595270113e+03 1.447999999999986720e+01 2.039457009970437085e+01 -3.313922296136583956e+00 5.704248031132107322e+00
2.049092304363018535e-01 2.760417178248334991e-01 7.739120252452576842e+00 6.478080488115462998e+00 4.291452383844968077e-01 8.571974071454498967e-01 3.852902610277331719e-01 3.552333239739612569e+00 1.000000000000000000e+01 5.000000000000000000e+00 5.000000000000000000e+00 -3.042469954801567766e+01 6.009999999999872244e+01 2.341872175101988515e-02 -7.580093578957560752e-01 6.252302652624853074e+00
