1.396685660307471322e+00 1.661379537182134492e+00 3.965355748427290994e+00 3.034088462618600879e+00 1.738042785108418142e+00 1.175334011276878199e+00 4.936542010358540566e-01 2.047237147992362338e+00 6.000000000000000000e+00 1.300000000000000000e+01 4.000000000000000000e+00 -4.696379145792375311e+02 3.901299999999891384e+02 1.716080716120268690e+01 1.397882975378344772e-01 6.155022753815682535e+00
2.110429925493745529e+00 2.576775201388667558e+00 3.498783924823002600e+00 6.447937804360948988e+00 8.278945160945184734e-01 6.633871468593580678e-01 9.059093106547054797e-01 2.266610533339293188e+00 6.000000000000000000e+00 1.400000000000000000e+01 3.000000000000000000e+00 -2.148949599548739570e+03 1.258600000000004684e+02 5.376224971796216501e+00 -2.666807416593417912e+00 4.865457524666412681e+00
8.418913702255867992e-01 2.022246880229421784e+00 6.616822598840590430e+00 6.903118979392537824e+00 2.076695489516303450e+00 8.142744361024970567e-01 1.482550643684394931e-01 3.649291265628585190e+00 7.000000000000000000e+00 8.000000000000000000e+00 4.000000000000000000e+00 -2.264959171002358744e+03 3.711999999999956401e+01 1.539994818764743556e+01 -2.947856929243688917e+00 5.539436214696006333e-01
1.880957399137398012e+00 2.096110875751585390e+00 4.753511954393652594e+00 5.519530886576063722e+00 9.785290789021587887e-01 2.039098556917172123e-01 7.803824973640809404e-01 2.760132717219460741e+00 8.000000000000000000e+00 1.300000000000000000e+01 4.000000000000000000e+00 -2.258303168157759956e+03 1.953899999999959505e+02 1.003801050986012555e+01 -1.324431301169670672e+00 6.244661812041890414e+00
1.818086359227248039e+00 2.103486463770782411e+00 2.241345071480081774e+00 2.335784466076165078e+00 1.766556623664856218e+00 9.893668248396190190e-01 7.954332071091591017e-01 2.134640619998902089e+00 1.000000000000000000e+01 1.000000000000000000e+01 4.000000000000000000e+00 -2.370358137879170783e+02 2.325999999999910699e+02 1.524846406658403146e-02 -1.271732905145662507e+00 6.648474779238332244e-02
1.480502156714146977e+00 1.554289820010119172e+00 2.986515996972721965e+00 5.108286393470960363e+00 1.507637568117669691e+00 3.265617610695857320e-01 9.712236320661303823e-01 2.060743190832701188e+00 9.000000000000000000e+00 1.100000000000000000e+01 4.000000000000000000e+00 -2.285485843979053698e+03 7.787999999999965439e+01 1.540911524869086513e+01 -8.915217803168744293e-02 6.167408722823193301e+00
1.069881577022244956e+00 1.621939385700500891e+00 3.582907257459802430e+00 6.068957819818741051e+00 1.403189832875523457e+00 4.504431086128998785e-01 7.752430924141335833e-01 2.587101420190906165e+00 9.000000000000000000e+00 9.000000000000000000e+00 5.000000000000000000e+00 -2.145064946031744967e+03 1.168200000000031622e+02 5.415934126983946939e+00 -2.238015128481022131e+00 1.508112828248816095e+00
1.690451710436248645e+00 2.440732864075709330e+00 2.900887562839477241e+00 8.944728772885374823e+00 1.579302228386709306e+00 2.862949563389340923e-01 9.307524922979244497e-01 2.661597721204585820e+00 1.100000000000000000e+01 1.000000000000000000e+01 4.000000000000000000e+00 -2.609336032145207582e+02 3.000999999999997385e+02 6.930225200907555561e+00 1.903107712613233971e-01 9.263369884449250413e-03
2.644966967818693337e+00 8.918040396959135974e-01 4.443414948272819132e+00 6.087963177315132590e+00 6.141728990164301294e-01 2.932639457178360942e-01 7.520326942347720367e-01 2.005635420843919547e+00 1.000000000000000000e+01 1.300000000000000000e+01 4.000000000000000000e+00 -2.289082566189028512e+03 8.319999999999987494e+01 1.546766038681429301e+01 -7.094410093166847453e-01 6.228089834160269511e+00
4.751734441520351071e-01 1.434879437822786041e+00 4.622547628024851640e+00 3.701050472137329184e+00 1.202880505175456083e+00 6.305990233775424780e-01 7.515397323247899886e-01 2.192582455330933211e+00 1.100000000000000000e+01 1.000000000000000000e+01 4.000000000000000000e+00 -2.596846558877477946e+02 3.000999999999997385e+02 6.852165992984244447e+00 -1.019637356497255232e-01 2.239025984927709712e-01
2.056526992206159310e+00 1.213225415134904672e+00 3.290488953434084873e+00 7.233881024112563729e+00 1.889134530640146581e+00 2.019987953163047412e-01 8.729564766765383066e-01 2.329350546356735663e+00 4.000000000000000000e+00 1.400000000000000000e+01 4.000000000000000000e+00 -4.866924253855697771e+02 4.201399999999720194e+02 1.728890158659898546e+01 -4.836914982591446477e-01 6.010012267418369802e+00
1.798692958231251637e+00 2.191790817094204424e+00 3.723138384957582314e+00 5.007881090487661169e+00 2.216129299419431931e+00 4.574028296417382844e-01 4.814986444013325539e-01 2.806319586447458825e+00 1.100000000000000000e+01 1.100000000000000000e+01 4.000000000000000000e+00 -2.250947332107404293e+02 2.014100000000084947e+02 2.490507107035404288e-02 -1.196344336594278523e+00 5.443757517149016428e-02
1.014158546669768679e+00 8.248613198728077522e-01 2.521749038205420845e+00 4.707979920781077077e+00 1.435134672295018232e+00 5.639174039372907288e-01 7.537500683085868181e-01 2.121245700016424873e+00 1.000000000000000000e+01 1.100000000000000000e+01 5.000000000000000000e+00 -2.225607501251427493e+03 1.176999999999994486e+02 1.042234382821425420e+01 -4.296622732255546140e+00 1.654676021913225048e+00
1.775344210629254738e+00 1.163742916334658206e+00 6.410629089386979729e+00 3.912213311193897702e+00 1.857718756040412922e+00 8.357015030329316696e-01 4.806332238882396468e-01 2.306977879633124839e+00 1.000000000000000000e+01 1.500000000000000000e+01 3.000000000000000000e+00 -2.280658363243015629e+03 6.719999999999969020e+01 1.544114770268849490e+01 -6.457053083817470451e+00 3.657648823624669365e+00
1.166352565586238121e+00 2.590905185322598392e+00 3.810207463331191757e+00 3.642860798013263235e+00 1.310316603362285282e+00 3.218414451500534734e-01 4.689701918596300700e-01 2.533842692916381978e+00 7.000000000000000000e+00 1.500000000000000000e+01 4.000000000000000000e+00 -4.135637270942810915e+02 4.501499999999774104e+02 1.178054544339327414e+01 -6.009947632985560007e-02 6.204366124516666581e+00
1.930344585295290072e+00 2.134131510371780394e+00 2.806991414647669103e+00 7.242531305923471052e+00 8.395063839001053463e-01 1.307683505691463077e+00 6.540749414128055328e-01 2.229977597466246575e+00 1.000000000000000000e+01 1.200000000000000000e+01 3.000000000000000000e+00 -2.151656379260145968e+03 1.314000000000019384e+02 5.372273703759087304e+00 -1.214976052632807280e+00 5.342879907778678161e-01
8.582770247295827826e-01 2.237529702617971683e+00 4.198393677735753116e+00 2.102212605613983598e+00 1.248698228745672711e+00 8.067526949629663102e-01 5.732236282853445664e-01 2.883736104140095513e+00 9.000000000000000000e+00 1.300000000000000000e+01 4.000000000000000000e+00 -2.249335495439083843e+03 6.344000000000053774e+01 1.360096846494273670e+01 1.546009233134185701e+00 4.904078293686438883e+00
1.498617648340717423e+00 2.050930441586214403e+00 2.423778427036146432e+00 7.425267684905746179e+00 1.080437243417121440e+00 3.007669015526626133e-03 3.512477143603204288e-01 2.442093386553754186e+00 9.000000000000000000e+00 1.600000000000000000e+01 4.000000000000000000e+00 -3.455431227344248555e+02 4.801600000000302657e+02 6.591445170900607664e+00 -3.699891371762272785e-01 6.254666417767982267e+00
1.426835989464716681e+00 2.838352207463026744e+00 4.251772970123570694e+00 4.683544115624068027e+00 1.649768857256130206e+00 4.973298777200949039e-01 5.241237439086595673e-01 2.107128832129268492e+00 8.000000000000000000e+00 1.100000000000000000e+01 4.000000000000000000e+00 -2.869028847270577671e+02 3.301100000000244563e+02 7.615492795440347962e+00 -1.263780915167695751e+00 6.158825306269215538e+00
1.918466997727840795e+00 2.298138970439451256e+00 3.978343352310924175e+00 2.604073444105620361e+00 7.467224119863922205e-01 1.189332455416495515e-01 8.565540508212597937e-01 3.078000606129687178e+00 7.000000000000000000e+00 1.300000000000000000e+01 5.000000000000000000e+00 -7.606001665078188125e+02 2.735199999999932174e+02 -7.159716348336968295e-02 -1.131867556456291979e+01 4.359702818679099146e+00
2.152606925531206361e+00 2.323629142254998836e+00 3.246937149049750282e+00 5.515359053333961370e+00 1.388608313222343682e+00 2.289815921570142465e-01 8.292305159202703058e-01 3.211324158725321176e+00 8.000000000000000000e+00 1.100000000000000000e+01 4.000000000000000000e+00 -2.787555055717872960e+02 3.301100000000244563e+02 7.106281598235941743e+00 6.777582891120792485e-02 7.121182336729300899e-02
2.552135274389160990e+00 2.210109776218027733e+00 1.678039490415411450e+00 5.445416844712217319e+00 9.428634923066883111e-01 5.221979719541882670e-01 8.070181544308284716e-01 2.203114511966020928e+00 6.000000000000000000e+00 1.500000000000000000e+01 3.000000000000000000e+00 -2.158445580731133305e+03 1.416000000000024954e+02 5.477848795695761552e+00 -4.018038065073790577e+00 1.759171316975456589e+00
1.436566210934489218e+00 2.385938327198557474e+00 3.980876807051232369e+00 4.208250526212282239e+00 1.614697318911199719e+00 6.087003231872281095e-01 3.044756114751398512e-01 2.123327364700834607e+00 9.000000000000000000e+00 1.100000000000000000e+01 3.000000000000000000e+00 -4.251620052204352760e+02 3.301100000000244563e+02 1.625668782627644049e+01 -1.469398348418490263e-01 5.559390623394792896e-02
2.352898541123101150e+00 1.494935778435836582e+00 1.670327057426118200e+00 3.091838795553287333e+00 2.724946371506973719e+00 4.511783435427335620e-01 7.073424259115366208e-01 2.374680151126431937e+00 8.000000000000000000e+00 1.100000000000000000e+01 4.000000000000000000e+00 -2.085966470715914511e+03 1.242999999999994145e+02 1.488529419744692328e+00 -3.562160928982774699e+00 9.630481235076833180e-01
1.616742322820176270e+00 2.327264413290580869e+00 5.040039465331781265e+00 5.433488740733262823e+00 1.450513234018556918e+00 5.196629840850693904e-01 7.303970212803458928e-01 2.932992857328224456e+00 1.000000000000000000e+01 1.100000000000000000e+01 4.000000000000000000e+00 -2.663178541067671858e+02 3.301100000000244563e+02 6.328928381672184855e+00 2.074142377757222100e-01 3.829937570062474234e-02
2.294883099333795418e+00 2.238749343281848159e+00 4.450607129441684684e+00 7.444403963147613545e+00 8.101952331843202959e-01 4.296148702466383584e-01 8.885708797442390949e-01 3.356698644131562048e+00 9.000000000000000000e+00 1.400000000000000000e+01 3.000000000000000000e+00 -2.137641133698616613e+03 1.075200000000003939e+02 5.242570856163530912e+00 -5.398145322298798732e+00 2.357419705146221567e+00
2.382399339765569835e+00 1.343231311178737730e+00 3.425796136559577487e+00 6.244907066233847281e+00 2.014531835113241520e+00 1.225962213240044729e+00 7.596535376839593789e-01 2.858566960342062035e+00 9.000000000000000000e+00 7.000000000000000000e+00 3.000000000000000000e+00 -2.120650507512330478e+03 6.573000000000007503e+01 5.486594219520664950e+00 -4.388003710506557908e+00 3.271229439419032214e+00
2.519869188541551175e+00 1.638581581169566315e+00 3.753080998345064589e+00 4.195334004897397939e+00 2.023172993552199372e+00 4.184362776521740601e-01 6.312654382783507989e-01 2.037140589245830746e+00 1.000000000000000000e+01 1.800000000000000000e+01 4.000000000000000000e+00 -5.447521235652934593e+02 5.401800000000090449e+02 1.716638272283056210e+01 5.174758549916148864e-03 6.231537922153749243e+00
2.226164158641154245e+00 1.355466892814102264e+00 4.178840332369736288e+00 5.507093489151295707e+00 2.475594589706787918e+00 5.025826683980164633e-01 5.777985813512077629e-01 2.764949811131192980e+00 1.100000000000000000e+01 1.200000000000000000e+01 4.000000000000000000e+00 -2.196175009278322534e+02 1.878000000000040757e+02 2.375377849931017277e-02 -9.830522392011064037e-01 4.593112879109012558e-02
2.120532411393169170e+00 1.906461754331889802e+00 4.563717734302116469e+00 7.014641640457554672e+00 2.056576544731910872e+00 1.319824898535983393e-01 4.547960657290678332e-01 2.989618451098461360e+00 6.000000000000000000e+00 1.100000000000000000e+01 3.000000000000000000e+00 -2.195647334347341257e+03 5.455999999999977490e+01 1.052295839670883204e+01 -1.489724873492423329e+00 6.467832469687506691e-02
1.923362284947263134e+00 1.678590646062377401e+00 3.028351551018634957e+00 5.521805194284963747e+00 1.830318749146061075e+00 5.774537026831254583e-01 7.216530812941558404e-01 2.313451661355380384e+00 9.000000000000000000e+00 1.000000000000000000e+01 3.000000000000000000e+00 -2.271806452349504070e+03 4.500000000000036948e+01 1.558165327184399729e+01 -2.404832333924814769e+00 7.501205669477479798e-01
1.510770817846344150e+00 2.335531724804167819e+00 2.325627861145788788e+00 4.340965824368545611e+00 2.098893955929296062e+00 8.653765424141247609e-01 6.812072766445738115e-01 2.465338652805125097e+00 1.000000000000000000e+01 9.000000000000000000e+00 3.000000000000000000e+00 -2.212148683740623710e+03 8.829000000000208104e+01 1.050023023378892439e+01 -7.473337135209017212e-01 4.597065315184439283e-01
1.741674066751722538e+00 1.303146163683721603e+00 5.174479043362328667e+00 7.939249252196460382e+00 1.971462758705542440e+00 2.217029604720643921e-02 8.350798219499505626e-01 2.312121623648144553e+00 1.100000000000000000e+01 9.000000000000000000e+00 3.000000000000000000e+00 -2.628531420800752585e+02 2.465100000000080627e+02 1.442710592030774404e-02 -1.153571838315151643e+00 3.356103553133839984e-03
1.142689861121168660e+00 1.465037661511240819e+00 5.489894896544503133e+00 2.098135883944379110e+00 1.571672693992829384e+00 6.824806836009232880e-01 6.773771208069407912e-01 2.833414303764006270e+00 6.000000000000000000e+00 1.000000000000000000e+01 4.000000000000000000e+00 -2.255617478350818146e+03 1.711999999999945601e+02 1.062609239692629082e+01 -3.259134089961984504e+00 9.326387658016102034e-01
7.516437707820589065e-01 8.972985440157760229e-01 4.229100841168476954e+00 2.555333941500355532e+00 1.030133626002662339e+00 1.139584000108069040e+00 6.192106766505587334e-01 2.225906257111728515e+00 9.000000000000000000e+00 8.000000000000000000e+00 4.000000000000000000e+00 -2.138834726597383906e+03 1.028799999999981623e+02 5.462170412336541325e+00 -4.812893186717127625e-01 5.495714063265315641e-01
7.597707039486520930e-01 4.479943025213422025e-01 3.189535762851653633e+00 7.584406984727704248e+00 1.543780378705107204e+00 5.569108065409842379e-01 6.915491791626556806e-01 2.748704303654929681e+00 9.000000000000000000e+00 1.600000000000000000e+01 5.000000000000000000e+00 -2.330463796885509055e+03 1.046399999999984800e+02 1.738398730534437320e+01 -1.896420595010510635e+00 2.159634970474299198e+00
2.137750207332197672e+00 1.946406481532701571e+00 2.430902110358294621e+00 5.972051657935359081e+00 7.065523749321670488e-01 1.648063903139407316e+00 9.117278476867634041e-01 2.304918023163321283e+00 9.000000000000000000e+00 1.300000000000000000e+01 5.000000000000000000e+00 -2.289289390445579556e+03 7.956000000000000227e+01 1.559433690284872043e+01 -2.058915709297470809e+00 4.606744346686393321e+00
2.990013050726319843e+00 1.962215460644144871e+00 4.061158630578462159e+00 5.690663868630347899e+00 1.551078098476609712e+00 9.651471675162455188e-01 6.773846898456269416e-01 2.038441119323345152e+00 9.000000000000000000e+00 1.200000000000000000e+01 5.000000000000000000e+00 -2.309201870320202033e+03 1.200000000000015206e+02 1.557511689501258267e+01 -4.881475503755417833e+00 3.986336283408051351e+00
2.162576600039741059e+00 2.287696307228000325e+00 2.173808791004418595e+00 8.501698756926172607e+00 1.208090431082510241e+00 1.355202980896383358e-01 9.383613664263045218e-01 2.507298398713920129e+00 5.000000000000000000e+00 1.000000000000000000e+01 3.000000000000000000e+00 -2.265857491353728165e+03 4.260000000000033538e+01 1.528484320960800069e+01 -3.685331780817818093e+00 1.629686299967736396e+00
1.081694266538919980e+00 1.438827224789275494e+00 4.442930648966271434e+00 4.344302980311171680e+00 1.966682365137269795e+00 1.703542278802471499e-01 3.035825871008215326e-01 2.242559491519925174e+00 7.000000000000000000e+00 1.300000000000000000e+01 4.000000000000000000e+00 -4.738516694501689699e+02 3.901299999999891384e+02 1.742416684063589827e+01 2.841932771466180729e-01 1.720822905532115310e-01
1.036535116557025349e+00 2.207773093880495363e+00 2.338805526805256552e+00 1.005711337826775909e+00 1.454221695988315410e+00 7.833624374634027276e-01 6.723019389730863216e-01 3.114870679523524366e+00 1.100000000000000000e+01 1.400000000000000000e+01 4.000000000000000000e+00 -2.140612030822097950e+03 1.034600000000003774e+02 5.555126926381078967e+00 -4.662224576430645806e-01 7.119891831132845184e-01
8.169072157045567106e-01 1.568173976592719399e+00 1.950488399965541131e+00 2.551872949170239657e+00 1.824201513368775895e+00 3.099242785442227754e-01 7.583151587891988621e-01 2.228487936804663949e+00 1.000000000000000000e+01 1.400000000000000000e+01 4.000000000000000000e+00 -4.830495270511085550e+02 4.201399999999720194e+02 1.706122044069515908e+01 -5.238652331213221325e-02 2.064487004805188597e-01
2.588923505592610752e+00 1.797533402333965302e+00 3.210995515023604252e+00 4.973478156920466020e+00 1.043891720101667975e+00 1.728365073673882035e-02 9.520541088906329108e-01 2.898358849475480614e+00 1.100000000000000000e+01 9.000000000000000000e+00 3.000000000000000000e+00 -2.264902075238821453e+03 3.906000000000022254e+01 1.533575470242632832e+01 -8.797389382575823147e-01 6.180588915041490772e+00
1.955781816297333053e+00 1.391867833849863567e+00 4.692393029314083641e+00 7.119238002865333037e+00 6.389840098356365239e-01 2.171741431724837357e-01 4.933148352010557902e-01 2.639868348907063567e+00 1.100000000000000000e+01 1.900000000000000000e+01 5.000000000000000000e+00 -3.805472759205350144e+02 5.701900000000110822e+02 5.965767245033092081e+00 1.291569058415719118e-01 4.334651626914301503e-02
8.627168037220684926e-01 2.943215986324092537e+00 5.798526834498629157e+00 4.845931426034631784e+00 1.229898988854045694e+00 2.758035214173237271e-01 2.829419632106213722e-01 2.140578983403730984e+00 9.000000000000000000e+00 1.400000000000000000e+01 3.000000000000000000e+00 -4.806524302068104930e+02 4.201399999999720194e+02 1.691140188792653021e+01 -2.261571915804629629e-01 2.038797690101711579e-01
1.591840411519198195e+00 2.181513968101370882e+00 5.544062497434270043e+00 3.072189974274964541e+00 1.594348646487308008e+00 5.591274858790119540e-01 1.176959884479560348e-01 3.619817129852497040e+00 9.000000000000000000e+00 1.400000000000000000e+01 5.000000000000000000e+00 -7.068297934553476125e+02 3.053399999999832062e+02 2.382254408804139467e-02 -9.533967430778531593e+00 1.906610393858514385e+00
1.030911990400655176e+00 1.141463520861413228e-01 1.624199118398284902e+00 3.011968574222160466e+00 2.074995272253346901e+00 6.213685606152211660e-01 6.726003835588447721e-01 3.107039616823846551e+00 1.100000000000000000e+01 7.000000000000000000e+00 4.000000000000000000e+00 -2.188857434977795037e+03 4.123000000000014609e+01 1.051515218611216440e+01 -1.287744498953332872e+00 6.215825328341038514e+00
2.081999368366032055e+00 2.042199383480656660e+00 1.503115284689892750e+00 5.804165418717769143e+00 6.779595960944359012e-01 1.027959655507201475e+00 5.991033258431270880e-01 2.183860315154304121e+00 1.000000000000000000e+01 1.300000000000000000e+01 5.000000000000000000e+00 -1.458577132817892448e+02 1.888899999999961778e+02 2.060314295127960854e-02 -7.505486923613156058e-01 5.999254397135282524e+00
