2.245517229650014102e+00 1.454212265342943899e+00 7.144952644639382733e+00 2.718311312663502122e+00 5.880565052882746890e-01 1.241971869274069551e+00 4.783088364416841487e-01 2.960231224196246291e+00 7.000000000000000000e+00 1.600000000000000000e+01 4.000000000000000000e+00 -2.153607477333123825e+03 1.395199999999977365e+02 5.240467333320318666e+00 -9.216302632875414957e+00 1.998877101345388763e+00
1.810008506667938555e+00 2.157898333359205001e+00 4.576071615814602644e+00 4.291196701032634842e+00 1.239856722327191241e+00 1.198347292714893708e+00 7.321095008204304699e-01 2.227156798886852140e+00 9.000000000000000000e+00 1.900000000000000000e+01 4.000000000000000000e+00 -2.319693873218311182e+03 3.081799999999968236e+02 1.035024207614456415e+01 -1.401601158265641578e+00 2.600883277639942093e-01
2.268147495753042975e+00 1.698662738007191919e+00 2.331713612469806129e+00 5.776927063571019261e+00 9.551615968534533652e-01 6.023862219245906813e-01 4.543509070070288480e-01 2.442504811183716651e+00 9.000000000000000000e+00 1.700000000000000000e+01 4.000000000000000000e+00 -2.215763187182118600e+03 3.561500000000010573e+02 2.355511698882352789e+00 -1.363017544759371535e+00 1.376620687555812628e-01
1.379707158811906531e+00 1.977587751041177011e+00 6.734312056192592877e+00 3.810846890903781592e+00 7.981018956233780770e-01 6.093057053440502635e-01 6.147647597423634425e-01 2.283806798746919497e+00 8.000000000000000000e+00 9.000000000000000000e+00 3.000000000000000000e+00 -2.268896910345916922e+02 2.700900000000045225e+02 5.740293189661839435e+00 -8.604589676232891060e-01 3.954197093883970449e-01
2.162520760983777546e+00 2.555142919546620206e+00 2.630727504199552147e+00 2.529800433004870452e+00 8.092865923085443836e-01 4.739873080925771642e-02 5.441352258062954750e-01 2.916496127231842816e+00 8.000000000000000000e+00 1.400000000000000000e+01 4.000000000000000000e+00 -2.171183379531782521e+03 1.709399999999963029e+02 5.357086220736499094e+00 -7.275320806472131974e-01 6.180774431791242335e-02
1.061944478183306284e+00 2.587286658133408412e+00 4.482606288472541500e+00 2.534744827478179197e+00 6.670679144415330164e-01 4.001416426238905144e-01 6.013396105511035206e-01 2.393156997730297331e+00 8.000000000000000000e+00 1.500000000000000000e+01 5.000000000000000000e+00 -3.354939180121049276e+02 4.501499999999774104e+02 6.901182375757263010e+00 1.457817713914095481e-01 3.351543880957130739e-02
8.466573186431607390e-01 2.648228243224472145e+00 4.131368672909292883e+00 3.985257372198999892e+00 6.783881628389609730e-01 6.726972862563851407e-02 4.591060969518026003e-01 2.160352537566327058e+00 8.000000000000000000e+00 1.400000000000000000e+01 4.000000000000000000e+00 -3.151540301385951466e+02 4.201399999999720194e+02 6.567751883663070167e+00 6.807500512410233351e-02 1.630850270136917635e-01
1.784570512384895835e+00 1.952803686129525707e+00 6.314381129728602993e+00 5.852964178425713371e+00 5.153895010236371199e-01 3.386495569900462299e-01 5.971269353995104501e-01 2.002809203526622284e+00 8.000000000000000000e+00 1.700000000000000000e+01 5.000000000000000000e+00 -2.247005796917043881e+03 4.142900000000065006e+02 2.491299807315055403e+00 -8.741085902916316819e-01 1.907790794873339968e-01
2.824700950565711466e+00 1.389281335115804206e+00 4.417627793003457093e+00 2.351621846006368255e+00 1.993249722866918594e+00 4.028841877437259189e-01 5.573274397879757203e-01 2.500598385555500958e+00 8.000000000000000000e+00 1.500000000000000000e+01 4.000000000000000000e+00 -3.587705074304192294e+02 4.501499999999774104e+02 8.355969214401905987e+00 2.204350933359451314e-01 6.251700601720271422e+00
1.128599638668254634e+00 1.411660558100067853e+00 5.634455477291107073e+00 5.388805920088979740e+00 1.698885968732796847e+00 1.364662964954872937e+00 4.266416710664217016e-01 3.172673949127544191e+00 7.000000000000000000e+00 1.400000000000000000e+01 4.000000000000000000e+00 -2.310086933138910808e+03 1.318800000000001091e+02 1.525918332118191501e+01 -5.870218114761996731e+00 1.089351423533299279e+00
1.593752239867529230e+00 2.373927147284126793e+00 4.424348844359007771e+00 3.086129715901465342e+00 2.691836549675166168e-01 1.232653523913872506e-01 4.975021813756854705e-01 2.772533337843372969e+00 6.000000000000000000e+00 1.200000000000000000e+01 5.000000000000000000e+00 -2.274563996294518802e+03 5.339999999999962910e+01 1.549149976840745069e+01 -8.946171173880526073e-01 9.953147014081711874e-02
2.209887067684217943e+00 1.766062382362591388e+00 3.890112952234719756e+00 2.058288009174071398e+00 8.581176384188153872e-01 2.339958048865569129e-01 3.939822652066333752e-01 2.556746767141812704e+00 7.000000000000000000e+00 1.500000000000000000e+01 5.000000000000000000e+00 -3.318293061306391110e+02 4.501499999999774104e+02 6.672144133165648583e+00 -4.282198184943896563e-02 6.132485310428228864e+00
9.032820496996025739e-01 2.095577320198522830e+00 4.990105225136316491e+00 3.156848871030742298e+00 1.936923736115461869e+00 1.069804220825334440e+00 5.032605698135059757e-01 3.211355758577786101e+00 1.000000000000000000e+01 1.400000000000000000e+01 4.000000000000000000e+00 -2.290393702101935105e+03 8.764000000000031321e+01 1.541085638137094271e+01 -8.667207228559604459e+00 2.816301597838982040e+00
1.035846083722947508e+00 2.110960073114848790e+00 5.698281660099116408e+00 3.491764952434754932e+00 9.798750145328998240e-01 6.721679635634747463e-01 3.806452519378998867e-01 2.732652686911017259e+00 7.000000000000000000e+00 1.200000000000000000e+01 5.000000000000000000e+00 -2.245090424194566822e+03 1.539600000000027933e+02 1.050690151216033819e+01 -3.099889979111262850e+00 4.439083918760508674e+00
1.688331702348314423e+00 1.893275607446849973e+00 5.701363576655719356e+00 4.286636639997525755e+00 5.756752641968159168e-01 3.936412589468664680e-01 2.895820688217164984e-01 2.794310551645264873e+00 7.000000000000000000e+00 1.000000000000000000e+01 5.000000000000000000e+00 -2.211734036998189367e+03 8.559999999999941167e+01 1.055837731238685073e+01 -4.383945962666820073e-02 6.000254767500251774e+00
1.545675537359120666e+00 1.887642568280234245e+00 5.560013906313620247e+00 2.997572190858264207e+00 1.486185649249575746e+00 6.763585795603792583e-01 4.674921741777474660e-01 2.596731229040442734e+00 6.000000000000000000e+00 1.200000000000000000e+01 3.000000000000000000e+00 -2.293897727477133230e+03 2.488800000000063903e+02 1.059110796732061033e+01 -6.575362851788241869e+00 1.734512530369550110e+00
1.655875042918116602e+00 2.382078753814900196e+00 6.148044302527345017e+00 5.156559663613078826e+00 4.879737435404409296e-01 7.659704204036811293e-01 6.344097938899952993e-01 2.725212420208800168e+00 9.000000000000000000e+00 1.700000000000000000e+01 5.000000000000000000e+00 -2.184086407640293601e+03 1.948199999999961847e+02 5.417275477518480820e+00 -1.789680204389000773e+00 9.296374522341778190e-01
1.594366682385313982e+00 1.903912518853899005e+00 4.331627947692278546e+00 3.698814356071282727e+00 9.607328209477712377e-01 6.975029118370745795e-01 6.674669957872860770e-01 2.382728022186827221e+00 1.000000000000000000e+01 1.800000000000000000e+01 4.000000000000000000e+00 -2.796320419315651975e+02 4.689000000000152113e+02 1.524185711526586037e-02 -2.452420563350484084e+00 3.543783262112398247e-01
1.446853453487613850e+00 1.984937850519227887e+00 5.475729564933415006e+00 2.127473527078852289e+00 1.593141867770526465e+00 3.335854661519754849e-04 4.439529488681989156e-01 2.406329136819346903e+00 4.000000000000000000e+00 1.700000000000000000e+01 4.000000000000000000e+00 -5.631465897658040376e+02 5.101700000000154773e+02 1.925384936036226691e+01 2.396590930012654774e-01 2.382269038462292085e-02
1.042093402705227323e+00 2.048444960673336368e+00 5.834786385576695267e+00 1.481358289458928557e+00 1.259898452007273129e+00 4.331134442117298700e-01 5.520976829542947328e-01 3.281219952995789058e+00 1.100000000000000000e+01 1.200000000000000000e+01 4.000000000000000000e+00 -2.255631466933089996e+03 3.334800000000095679e+02 5.555716683317828419e+00 -4.338185317638379779e+00 1.154017649331116280e+00
1.371410398858940560e+00 2.190576749762136011e+00 2.572338985321033888e+00 2.978084094737555088e+00 9.914059047941516933e-01 6.135262428872780838e-01 5.628929529260932041e-01 2.301661157896109700e+00 1.000000000000000000e+01 1.300000000000000000e+01 5.000000000000000000e+00 -2.152250910425990696e+03 1.346799999999980741e+02 5.306931901624464487e+00 -4.267313867180097198e+00 1.141524246935433418e+00
2.395568414671552127e+00 2.780427130972734417e+00 4.552818083632131696e+00 4.508381356764347814e+00 1.336047926607689895e+00 5.724055586879183144e-01 6.687725459835682784e-01 2.963101600248047252e+00 7.000000000000000000e+00 1.500000000000000000e+01 4.000000000000000000e+00 -2.172507228709152969e+03 1.762500000000038085e+02 5.273889294321955745e+00 -3.465233297092199294e+00 8.628836822818312102e-01
2.206506307054181715e+00 2.806501388440434397e+00 5.929676061921446362e+00 4.352793645072563500e+00 7.929623936725982425e-02 3.495804345227397913e-01 7.739008748039875041e-01 2.337018671525608049e+00 1.000000000000000000e+01 1.500000000000000000e+01 4.000000000000000000e+00 -2.278345557074107091e+03 6.299999999999958078e+01 1.542784731713171809e+01 -2.348229615239214585e+00 5.323746077853172554e-03
1.419251260021070493e+00 2.112689395987159990e+00 9.136407453865952988e+00 6.396455629775288365e+00 1.648763877771876718e+00 5.646632461847600482e-03 4.787636562050348599e-01 2.648846706867815648e+00 8.000000000000000000e+00 2.000000000000000000e+01 5.000000000000000000e+00 -2.354262990883710245e+03 1.659999999999991189e+02 1.695393693023192228e+01 -1.701475033504578516e+00 2.055320596960308333e+00
2.016769506861448402e+00 2.472409414610728273e+00 6.008769299175674483e+00 4.457032172802769310e+00 1.001300737801033458e+00 3.116907633377937747e-01 2.773350825903767580e-01 2.848876650573528568e+00 7.000000000000000000e+00 1.700000000000000000e+01 4.000000000000000000e+00 -2.858534895610956141e+02 5.101700000000154773e+02 1.923030597567993771e+00 -5.187624833556259141e-01 5.245236922489571185e-03
1.852347870102071026e+00 1.379578087377302698e+00 3.809497325399986423e+00 3.232407292973826340e+00 1.055593630241575820e+00 3.430080255128704625e-01 6.590729212220114430e-01 3.018554506052246289e+00 7.000000000000000000e+00 1.800000000000000000e+01 5.000000000000000000e+00 -2.283852130605256662e+03 3.900600000000122236e+02 5.551383162828151363e+00 -1.240791520791447766e+01 3.907357161941396484e+00
1.426887402790578019e+00 2.314774775291144504e+00 5.506097135341592619e+00 1.723817774096495281e+00 8.480758306482338860e-01 6.364865602485714202e-02 6.078683952290450110e-01 2.403693843738744729e+00 7.000000000000000000e+00 2.000000000000000000e+01 4.000000000000000000e+00 -5.744025703736569994e+02 6.001999999999994770e+02 1.714391064835357881e+01 3.316939585964187032e-01 1.390220797541807940e-03
1.732710313002793212e+00 2.411298396095595375e+00 6.427064379909380065e+00 3.699299439112648358e+00 1.245830484481676548e+00 1.574405878550889648e-01 4.039604061771524535e-01 2.993353316062749681e+00 6.000000000000000000e+00 1.000000000000000000e+01 4.000000000000000000e+00 -2.570347830541437020e+02 3.000999999999997385e+02 6.686548940883988656e+00 8.923718262068232321e-02 1.483743219235360011e-01
1.777217379130719088e+00 2.123785256535223986e+00 2.154979345097695731e+00 5.687208750062211493e+00 2.421939190738362502e-01 4.867024838775136919e-01 2.331972328477137923e-01 2.167490213370983021e+00 1.100000000000000000e+01 1.300000000000000000e+01 4.000000000000000000e+00 -2.278108780735718028e+03 5.928000000000045588e+01 1.552929879598237051e+01 -1.537505106341553907e+00 6.146014504129770906e+00
1.844057936161580979e+00 2.071373067904133780e+00 4.899937992009089527e+00 2.139434430100744855e+00 1.182388662412389158e+00 8.897256254900349770e-01 5.595820901611103793e-01 3.635419844616226914e+00 1.100000000000000000e+01 1.400000000000000000e+01 4.000000000000000000e+00 -2.115939620973444562e+03 1.500799999999983356e+02 2.556226310840326033e+00 -6.670651646133027413e+00 3.434576748625746134e+00
1.803860182503083109e+00 2.447416670530547123e+00 3.745511186183462016e+00 2.817501258549725662e+00 8.307211555773492684e-01 1.175538885642481851e-01 4.496695548544468179e-01 2.204641013641092329e+00 1.000000000000000000e+01 1.800000000000000000e+01 4.000000000000000000e+00 -2.186697943758044403e+03 1.967400000000049261e+02 5.520496484877604360e+00 -3.207155667701920843e-01 2.066220558729648521e-02
1.260388298526651241e+00 2.568800683507250326e+00 5.091924022997435628e+00 3.807167029050734897e+00 1.098057208502535964e+00 6.338876914240951788e-01 4.994724688770912913e-01 2.956807538155256765e+00 1.000000000000000000e+01 1.000000000000000000e+01 4.000000000000000000e+00 -2.275627767255093090e+02 1.886999999999935653e+02 1.457174119024123339e-02 -1.162353010122139096e+00 2.645722800882734441e-02
1.546722796882936679e+00 2.106790753128896743e+00 6.554267238810513874e+00 2.188555331314119723e+00 9.023403460768241180e-01 1.385552519003118987e-01 7.143861920677121446e-01 2.326598839730158019e+00 1.000000000000000000e+01 1.800000000000000000e+01 4.000000000000000000e+00 -3.731481004155015171e+02 5.401800000000090449e+02 6.441131275968561276e+00 3.167631981977122591e-01 2.081766095441037537e-02
2.294010030021306878e+00 1.830371421619163552e+00 1.346027586359041184e+00 3.672389363737975199e+00 1.522750048360131725e+00 1.977772242788749801e-01 7.272441161663746323e-01 2.500331607831135727e+00 9.000000000000000000e+00 1.800000000000000000e+01 4.000000000000000000e+00 -2.165319971788278963e+03 1.517400000000032207e+02 5.590623236767332749e+00 -4.204068390745595574e-01 4.956487243751489524e-01
2.544510500796611119e+00 2.400309364102939824e+00 5.423173178608100109e+00 1.802158820620225033e+00 6.684231952955316247e-01 5.153513310762878330e-01 7.605660892438674825e-01 2.459284335323248527e+00 1.100000000000000000e+01 2.000000000000000000e+01 4.000000000000000000e+00 -3.955979219035066876e+02 6.001999999999994770e+02 5.968620118969185206e+00 1.870680806026234211e-01 6.232668319182312899e+00
1.472564302125157543e+00 2.227235357150089357e+00 5.679640532536573083e+00 5.950201335308074491e+00 1.222470376390449420e+00 1.869561526702049892e-01 4.197656360599784642e-01 3.176142532546511799e+00 5.000000000000000000e+00 1.300000000000000000e+01 4.000000000000000000e+00 -3.236707913304829844e+02 3.901299999999891384e+02 8.037861958155527731e+00 1.727783234712577942e-01 6.264613986499394827e+00
1.016232870249756726e+00 2.437411366916185873e+00 5.346112257082443975e+00 2.342032921319419536e+00 7.607498382165049922e-01 1.040277678944687006e-01 6.294957946166030993e-01 2.655435244045259324e+00 5.000000000000000000e+00 1.900000000000000000e+01 4.000000000000000000e+00 -5.861793435637662242e+02 5.701900000000110822e+02 1.881777147273504625e+01 -8.196244752725764804e-02 8.064709926046004229e-02
2.368595478738146909e+00 2.495069825774261840e+00 1.592729039056847595e+00 2.234270076746571743e+00 1.431690488744875367e+00 1.540115247937131615e-01 5.533695969409750948e-01 2.598750611653339870e+00 9.000000000000000000e+00 1.500000000000000000e+01 4.000000000000000000e+00 -2.991408952740439418e+02 4.501499999999774104e+02 4.629118454628451396e+00 -1.685377812104555506e+00 6.193828687386488951e-01
8.253011450447369501e-01 2.379178164262895301e+00 1.415633184315793658e+00 2.219426510689225029e+00 7.012443212294231509e-01 4.831536180827126770e-01 7.311417932177585177e-01 3.018594680849284728e+00 1.000000000000000000e+01 9.000000000000000000e+00 5.000000000000000000e+00 -2.279383319700689299e+02 2.700900000000045225e+02 5.805833248129167679e+00 -2.348311691599434120e-02 6.128580173572112599e+00
2.049449785034593852e+00 1.582008081931992383e+00 2.277044995178204800e+00 2.599845286967102265e+00 2.197639485400895154e-01 5.053348167314460904e-01 3.837066117221983874e-01 3.198126769226542265e+00 9.000000000000000000e+00 1.300000000000000000e+01 4.000000000000000000e+00 -2.269148550844950933e+03 4.212000000000011823e+01 1.550553442780941005e+01 -2.093872004902300521e+00 1.738648036650139173e-01
1.712174211004895641e+00 2.508719945944375862e+00 4.522576539555138275e+00 2.112270689351507080e+00 8.660215068032759422e-01 3.526886228991564787e-01 3.785349216733411848e-01 3.068038557090948970e+00 6.000000000000000000e+00 7.000000000000000000e+00 4.000000000000000000e+00 -2.265603857406349562e+03 3.563000000000012335e+01 1.548680358789685485e+01 -6.224860922151869147e-01 6.280351785603826897e+00
1.677529077155206050e+00 2.627058887931248421e+00 7.195422300771621593e+00 2.691224823640619768e+00 2.103208836486437083e-01 7.120601644043715872e-01 5.355229185839680550e-01 2.462188815636885852e+00 1.000000000000000000e+01 1.600000000000000000e+01 4.000000000000000000e+00 -2.283419484769086921e+03 7.007999999999921670e+01 1.552371779806797747e+01 -7.287527876025574614e-01 6.254115780627691912e+00
1.812262863979886562e+00 2.446388996878252620e+00 1.555732889056633095e+00 2.844199100186968199e+00 1.226234668418256346e+00 4.456140012861721789e-01 5.498923650359744952e-01 2.226469879655244011e+00 7.000000000000000000e+00 1.700000000000000000e+01 3.000000000000000000e+00 -2.281640829644506539e+03 8.636000000000069576e+01 1.490380185278164049e+01 -4.099651973577734587e+00 1.177571280938887410e+00
2.420916228587650654e+00 2.524348966779730308e+00 3.210845381986433988e+00 7.308196740490005006e+00 1.765141786233724197e+00 5.272545403169068834e-01 5.524390494661288731e-01 2.931732361307499701e+00 5.000000000000000000e+00 1.000000000000000000e+01 3.000000000000000000e+00 -2.267541850798074847e+03 3.760000000000026432e+01 1.554636567487965770e+01 -4.753834678044470685e+00 1.531876148693858353e+00
1.648679395874278697e+00 1.434821836981476917e+00 1.561805632242522002e+00 5.513237666370248036e+00 1.260987471904748247e+00 1.240909962967624125e+00 5.232578091329344039e-01 2.531161752927627795e+00 9.000000000000000000e+00 1.400000000000000000e+01 5.000000000000000000e+00 -2.222991229631934857e+03 1.089200000000003996e+02 1.053320185199588543e+01 -6.934445729046648133e+00 4.340624904607238044e+00
2.007004087614810750e+00 2.308441064278936139e+00 2.255309250414712974e+00 4.352882608861905922e+00 7.697221074215895298e-01 4.937965901756165565e-01 4.557059016708091548e-01 3.190054501871138370e+00 1.100000000000000000e+01 1.900000000000000000e+01 4.000000000000000000e+00 -2.198208286843498058e+02 2.449099999999975523e+02 1.820330806728359674e-02 -1.319775247428961240e+00 1.414828391563422161e-01
1.527756002853735584e+00 2.400313556028150330e+00 3.554628070576142829e+00 1.686169991030145532e+00 8.905974336731006247e-01 5.122741496300565744e-01 6.617712012211965922e-01 2.035340076689954536e+00 1.000000000000000000e+01 1.000000000000000000e+01 4.000000000000000000e+00 -2.172778070040960756e+03 1.717999999999945260e+02 5.429879377560205889e+00 -1.080403240704884471e+00 2.029608216758259365e-02
1.559770095744576812e+00 1.865326023123471844e+00 2.060920656596799461e+00 5.301751067086240887e+00 9.810236269204950510e-01 1.238980049967892905e+00 3.551118889819308011e-01 2.177364596607028080e+00 1.000000000000000000e+01 1.400000000000000000e+01 4.000000000000000000e+00 -1.105727990817391628e+02 2.204999999999914735e+02 2.017494260896413386e-02 -6.806920606272761631e-01 2.534069069078537240e-02
