1.082743883473247681e+00 1.974635292671548470e+00 6.606463914580809060e+00 7.865112606606314394e+00 2.234792482689040405e+00 1.737092013461912110e+00 3.434001720404605829e-02 3.451464365019020875e+00 7.000000000000000000e+00 2.000000000000000000e+00 3.000000000000000000e+00 -2.251077941820286469e+03 5.839999999999963443e+00 1.550987136376788733e+01 -3.671289743475625311e+00 1.425090147106835292e-01
9.314289587037375417e-01 2.390292721383486363e+00 4.536386369322994661e+00 5.707630300393807588e+00 1.703800135836472718e+00 1.112653407767914882e+00 6.460488150606967517e-02 3.504964443447522893e+00 4.000000000000000000e+00 1.200000000000000000e+01 3.000000000000000000e+00 -2.268704149055522066e+03 3.827999999999995140e+01 1.559775931597013354e+01 -7.993996124815404336e+00 1.468743108062852798e+00
1.511955081306980864e+00 2.312950458672241361e+00 5.416881939597382178e+00 2.026502732222286163e+00 2.059762823938312781e+00 2.049141866165079762e+00 6.766788696314212093e-01 3.764651328701299704e+00 4.000000000000000000e+00 3.000000000000000000e+00 3.000000000000000000e+00 -2.173219472798413790e+03 1.379999999999989768e+01 1.039496704990084730e+01 -9.161269319691133228e-01 4.923949564973539417e+00
7.331676548064698373e-01 2.194571914273037994e+00 4.995996131687899577e+00 3.417458805713553094e+00 2.017016187913627689e+00 1.511190410006602480e+00 7.140504754531982190e-01 2.694589296995379968e+00 4.000000000000000000e+00 1.000000000000000000e+01 3.000000000000000000e+00 -2.336106943096855503e+03 1.780999999999941679e+02 1.544105894355363695e+01 -3.390381048905116934e+00 6.030459488240645705e+00
2.369377331734864978e+00 1.840315411546650903e+00 3.844258710788059030e+00 5.127901729885655513e+00 2.175630381920730994e+00 1.349939607092176530e-02 9.966317973373058914e-01 2.475941473949140104e+00 8.000000000000000000e+00 1.300000000000000000e+01 4.000000000000000000e+00 -4.676128110373723530e+02 3.901299999999891384e+02 1.703423818983611326e+01 -4.499829135261181334e-01 6.254444197294893648e+00
1.096257174994303751e+00 2.543516444247463593e+00 5.057936478722496076e+00 4.970723356108100788e+00 1.625997465986171342e+00 1.602863354256505390e+00 4.871353569809222517e-01 4.074357368722894002e+00 5.000000000000000000e+00 1.000000000000000000e+01 4.000000000000000000e+00 -2.269547383243073909e+03 4.350000000000034817e+01 1.548733645269209624e+01 -5.107997196637663606e+00 2.961883568225017971e+00
1.994102264262171964e+00 6.328888615982189991e-01 4.590611723338608563e+00 3.489415528569226765e+00 2.070254684938217959e+00 1.971540484535025284e+00 8.380366394352058990e-01 3.070417905599240882e+00 3.000000000000000000e+00 2.000000000000000000e+00 3.000000000000000000e+00 -2.253109755003891223e+03 6.899999999999940847e+00 1.560373468774321104e+01 -1.702458482269971318e+00 4.974724661587846875e+00
1.889865076749607908e+00 1.126882157330950873e+00 8.268569573652273519e+00 7.834836230317606898e+00 1.392518161932551291e+00 2.599771948969693991e+00 9.930648467658064193e-01 3.019222706791554689e+00 6.000000000000000000e+00 1.000000000000000000e+01 5.000000000000000000e+00 -2.275556319646429529e+03 5.280000000000048033e+01 1.557226997790183987e+01 -8.328755975135983647e+00 2.171031251978423615e+00
1.550374959987206314e+00 7.715699108293406772e-01 5.675341615832806497e+00 5.617813217332500386e+00 1.171542411462646260e+00 2.978750049915768194e-01 6.080581966891885903e-01 4.048264526980100975e+00 5.000000000000000000e+00 8.000000000000000000e+00 3.000000000000000000e+00 -2.189523859954430918e+03 4.087999999999948386e+01 1.056774124715195917e+01 -1.537084956970758975e+00 8.816950062914468145e-01
2.495986242626075047e+00 1.669462009206964082e+00 3.254396293034067078e+00 5.362153073390281577e+00 2.475768796726915077e+00 1.472076954569251916e-01 8.407302786523386251e-01 2.192583145917506471e+00 1.000000000000000000e+01 1.300000000000000000e+01 4.000000000000000000e+00 -4.631976835655170817e+02 3.901299999999891384e+02 1.675829272284515881e+01 -1.924392086761035070e-01 1.820943569643480586e-01
1.166333134076320999e+00 1.027585887077263171e+00 1.919019553288796587e+00 5.303987919488361236e+00 1.974731940891380377e+00 1.277248297828039281e+00 3.077288234060070460e-01 3.879443574824000152e+00 4.000000000000000000e+00 1.400000000000000000e+01 4.000000000000000000e+00 -2.275225400807857113e+03 6.020000000000020179e+01 1.532033755049105572e+01 -9.157038884232608922e+00 3.986308092097915701e+00
2.524139256575282264e+00 2.393754945682692536e+00 1.848909085718373646e+00 6.508185208491127582e+00 2.069575151021217252e+00 2.096917135817163991e-01 9.508613514841081082e-01 2.404414483360811428e+00 1.100000000000000000e+01 9.000000000000000000e+00 4.000000000000000000e+00 -3.946581655470059786e+02 2.700900000000045225e+02 1.622582284668773056e+01 -8.675883309825067613e-01 1.201144909836776437e-01
2.077772529894313269e+00 1.983595957097654239e+00 7.407011862191650309e+00 6.879842472609522197e+00 2.410892936042443591e+00 2.510746081737075919e+00 6.351562685092762006e-01 3.415649115169142824e+00 0.000000000000000000e+00 5.000000000000000000e+00 3.000000000000000000e+00 -2.255166475564198208e+03 1.465000000000007319e+01 1.549009222276237452e+01 -6.667381630556012517e+00 4.871350598841868162e+00
1.150209361986530343e+00 2.001016201027574049e+00 4.335025403319928472e+00 4.030827995592780155e+00 8.533801707976018669e-01 1.419024701060089377e+00 6.192270813000655405e-01 2.860668347267203426e+00 4.000000000000000000e+00 1.100000000000000000e+01 3.000000000000000000e+00 -2.272179240192506313e+03 4.443999999999982720e+01 1.562245251203164287e+01 -2.734265588857444751e+00 5.163968866950144232e+00
1.495154685239300951e+00 1.054249887092251647e+00 5.926111686079043039e+00 6.983702778547213441e+00 2.364776712667813197e+00 1.782165477359125783e+00 6.784729193882894638e-01 3.135587119408253187e+00 1.000000000000000000e+01 1.700000000000000000e+01 4.000000000000000000e+00 -2.192981592493742482e+03 7.310000000000056275e+01 9.776974530858867141e+00 -2.891355974268159379e+00 5.565225445363354950e+00
2.213795186103925783e+00 9.236645575558946053e-01 4.337293523161410924e+00 4.969875594343981184e+00 1.846105188038263067e+00 5.030644410731712757e-01 9.677966688062138445e-01 2.614802674091036838e+00 9.000000000000000000e+00 1.300000000000000000e+01 4.000000000000000000e+00 -2.253099351549238918e+02 3.901299999999891384e+02 1.890308447183082885e+00 -5.187164299034764392e-01 6.911521490883289209e-02
2.626539447968891494e+00 1.531133508109713048e+00 2.365090662536820432e+00 5.612340599014234321e+00 2.294151975267475496e+00 7.046546686033894336e-01 9.182982667313411840e-01 2.083868616821368480e+00 9.000000000000000000e+00 1.100000000000000000e+01 3.000000000000000000e+00 -2.271067142140028409e+03 5.235999999999978627e+01 1.530544638375178401e+01 -4.020137003446139445e+00 9.438619803130026131e-01
7.667589275416966110e-01 2.845337109649515472e+00 3.423775820735436071e+00 2.860050671859556637e+00 1.412958463045425495e+00 7.350758437437376891e-02 6.512388349047372182e-01 3.550243927063617466e+00 3.000000000000000000e+00 1.100000000000000000e+01 2.000000000000000000e+00 -2.285437099619920900e+03 8.568999999999961403e+01 1.516200622624507233e+01 -5.927948486837074427e+00 9.235182914235683105e-02
1.708613451037348741e+00 2.350066910764962547e+00 2.073608255902002817e+00 4.197692254426955039e+00 2.160705634789906959e+00 1.685525897929682326e+00 5.469416894190537448e-01 4.683584996848161097e+00 2.000000000000000000e+00 3.000000000000000000e+00 4.000000000000000000e+00 -2.253294914630182120e+03 6.930000000000013038e+00 1.561436966438638052e+01 -3.266855039788311821e+00 5.485139020367141960e+00
2.485981938941500324e+00 3.183572033435473347e-01 9.241300431306999741e+00 5.201594326807525981e+00 4.921881387919244677e-01 1.892994084271452992e+00 6.494317705600044510e-01 3.149490409503197252e+00 8.000000000000000000e+00 1.000000000000000000e+01 3.000000000000000000e+00 -2.119378886356923431e+03 6.400000000000063949e+01 5.461180397307695777e+00 -1.032483977758743343e+01 1.415417204207667146e+00
2.201335503096272461e+00 1.385318502335257218e+00 4.272509797373433393e+00 4.446252135317688037e+00 2.024895086030856550e+00 7.751526234323334874e-01 7.694677075241086461e-01 2.797022316667974629e+00 1.000000000000000000e+01 1.400000000000000000e+01 4.000000000000000000e+00 -2.244177758019866360e+03 1.762599999999957845e+02 9.752984876241784562e+00 -4.717397696348725411e+00 4.287392428823145751e-01
1.718459908224098776e+00 1.320756010418492332e+00 4.143762970594953465e+00 6.326382256512061986e+00 1.984831489620872302e+00 6.550229331071393268e-01 8.683594877011351354e-01 2.459950151132070939e+00 9.000000000000000000e+00 1.200000000000000000e+01 4.000000000000000000e+00 -4.406940459449450600e+02 3.601200000000105774e+02 1.628962787155873571e+01 -1.081912191982011828e-01 6.221842002541133176e+00
1.878370820124507290e+00 1.821082978086884241e+00 3.084556381346567733e+00 4.519958943043572930e+00 2.148217950135452359e+00 5.654432623705680783e-01 8.312016127775861962e-01 2.866062969666300475e+00 1.100000000000000000e+01 1.000000000000000000e+01 3.000000000000000000e+00 -2.210391848254948400e+03 8.269999999999957652e+01 1.056511551593428777e+01 -3.752318660581768661e+00 4.669797424463379976e+00
2.748393071493568485e+00 1.076701936109330626e+00 6.292142455469650564e+00 5.572395705369297403e+00 2.519534632949937958e-01 7.928745776272179135e-01 6.035050645220760845e-01 4.279286621454289730e+00 8.000000000000000000e+00 4.000000000000000000e+00 3.000000000000000000e+00 -2.251604363977445246e+03 1.019999999999995843e+01 1.540652274859034243e+01 -3.206934516461218188e+00 5.578044689704375614e+00
1.788511409256303919e+00 1.746654778645186923e+00 9.084267493838456886e+00 7.614569195026354542e+00 1.841624575229325211e+00 3.755312214842386753e-01 4.172070339709686437e-01 4.721203108828588846e+00 7.000000000000000000e+00 1.400000000000000000e+01 2.000000000000000000e+00 -2.274159495649466407e+03 3.136000000000008825e+01 1.615496847809166070e+01 -1.155156993436123436e+01 2.816552639168976135e+00
1.379493573887211610e+00 2.818286034207865498e+00 3.833178010236133026e+00 6.059643384580055248e+00 1.017101806398898800e+00 1.233850950845443384e+00 5.315046328215359273e-01 4.446862949791104747e+00 4.000000000000000000e+00 5.000000000000000000e+00 3.000000000000000000e+00 -2.098892278374426496e+03 2.160000000000017195e+01 5.505767398401641977e+00 -6.608934355757169143e+00 5.798180311795137598e+00
1.755290702191002472e+00 2.885290639560266768e-01 5.464588217382624791e+00 3.195773677762081100e+00 2.799035719181323323e+00 1.456136807588650273e+00 1.230769355090335637e-01 2.239872808216629707e+00 4.000000000000000000e+00 1.000000000000000000e+01 4.000000000000000000e+00 -2.149628157790255500e+03 1.207999999999974108e+02 5.576759861891044778e+00 -5.657653944441866756e+00 6.826354039688881103e-01
2.558121517822009583e+00 1.715629561997350727e+00 2.738071443274806782e+00 3.065542324615504466e+00 2.388974732577565430e+00 1.521221437513496699e+00 5.894464802158987382e-01 4.368959915848625641e+00 6.000000000000000000e+00 6.000000000000000000e+00 3.000000000000000000e+00 -2.184180919157313383e+03 2.789999999999978897e+01 1.063943244733210669e+01 -3.953536817697891337e+00 4.968042406957276391e+00
2.477628696146938037e+00 1.019303327059683184e+00 2.460284453326053278e+00 7.112199647422438709e+00 1.060053645144166445e+00 1.142718549258290750e+00 3.031344498180512659e-01 3.520533218194402458e+00 9.000000000000000000e+00 9.000000000000000000e+00 4.000000000000000000e+00 -2.261939457057688287e+03 3.185999999999995680e+01 1.537559106610550153e+01 -1.297856175848336013e+00 5.095735496461497149e+00
1.190435269539987573e+00 2.452850366939215654e+00 3.637464600758814726e+00 3.031536385283518875e+00 1.543151157300499676e+00 1.051146893366192714e+00 6.927514190149700601e-01 3.865631447149211919e+00 5.000000000000000000e+00 9.000000000000000000e+00 3.000000000000000000e+00 -2.264462937160223646e+03 3.113999999999995794e+01 1.555580857251395699e+01 -5.194029491881587468e+00 2.635490545389373551e+00
2.421659518970658453e+00 1.821392381653518022e+00 3.802976525425032062e+00 4.663177128430374907e+00 1.914761644159490572e+00 4.896427514727321739e-01 8.911076340588025557e-01 2.070281127944014976e+00 9.000000000000000000e+00 1.400000000000000000e+01 4.000000000000000000e+00 -3.968026118697173956e+02 4.201399999999720194e+02 1.167078824185821162e+01 -2.425949243555463597e-01 6.114316561014703666e+00
1.910828018934076056e+00 1.271498331644721036e+00 3.425894257561281631e+00 4.021969318527958137e+00 2.041223614499115602e+00 2.886731262716602520e-01 8.884995921209110081e-01 2.044059073389080439e+00 9.000000000000000000e+00 9.000000000000000000e+00 4.000000000000000000e+00 -2.536411496007528399e+02 2.700900000000045225e+02 7.412259350046912054e+00 2.105374499945751599e-01 1.040052027756415143e-01
2.312145287767898960e+00 1.150080139076381514e+00 6.620606929708911181e+00 8.397652005872508596e+00 1.730435339362639269e+00 2.013198860832786430e+00 6.027094891107398489e-01 3.408000602254769085e+00 6.000000000000000000e+00 1.500000000000000000e+01 4.000000000000000000e+00 -2.272117279554160632e+03 4.709999999999973141e+01 1.553545497213505122e+01 -7.612167189611586338e+00 1.258885946593041982e+00
1.666191595087851418e+00 2.985482006148081346e+00 4.684700813040386436e+00 1.317905923300213722e+00 1.676434229973098766e+00 1.138864351128393348e+00 6.702798502351640098e-01 3.379865156767564827e+00 0.000000000000000000e+00 6.000000000000000000e+00 4.000000000000000000e+00 -2.067595166624782905e+03 5.442000000000054882e+01 2.524072914048926641e+00 -5.892341492287918037e+00 3.714856929789184470e+00
1.503885376055777323e+00 2.429615923212890216e+00 5.676148112772126275e+00 6.262507212234298848e+00 1.237079520359331664e+00 2.303190438848947252e+00 7.795514791049643621e-01 3.096947966406868868e+00 8.000000000000000000e+00 1.200000000000000000e+01 2.000000000000000000e+00 -2.234838049609483278e+03 8.520000000000020179e+01 1.201487810059269812e+01 1.001330541807831986e+00 3.473830848044969777e-01
2.205958758824280608e+00 1.644769163569217207e+00 2.744488604352304684e+00 4.215526847648763287e+00 2.214381137268631949e+00 1.040985857341690579e+00 9.105898113161099428e-01 2.123493840431455837e+00 9.000000000000000000e+00 9.000000000000000000e+00 4.000000000000000000e+00 -2.211308616278435693e+03 8.271000000000186958e+01 1.062210101740216395e+01 -1.426529493668727389e+00 8.872231175704047290e-01
1.505572059982136723e+00 2.305308512225229478e+00 1.866724962650694097e+00 4.349466818556622982e+00 1.545902431725206361e+00 2.696142532111835965e+00 2.446003634212219613e-02 2.277938404162871411e+00 4.000000000000000000e+00 1.700000000000000000e+01 2.000000000000000000e+00 -2.305092608223444131e+03 1.247800000000010812e+02 1.516891301396521285e+01 -1.989087364193345531e+00 7.885320242971226579e-01
1.891974476277165085e-01 1.519724478756085961e+00 5.384802319482325572e+00 1.888924390652581220e+00 2.460959076059876516e+00 7.427518333597828981e-01 9.360631898458956490e-01 4.887555071077144930e+00 2.000000000000000000e+00 1.000000000000000000e+01 1.000000000000000000e+00 -2.269201950662269610e+03 3.930000000000028848e+01 1.559699691639183960e+01 -3.267848997555135249e+00 1.393688461086233010e+00
2.351333905157146464e+00 7.673036889508888514e-01 6.823247351031163532e+00 7.881293362383671841e+00 2.633661764433774088e+00 1.147961368234335922e+00 2.775812606657865333e-02 4.718509621324201930e+00 8.000000000000000000e+00 1.600000000000000000e+01 4.000000000000000000e+00 -2.298434275428081037e+03 9.711999999999864031e+01 1.561714221425509130e+01 -5.297330423107845299e+00 2.523189890006176661e+00
8.407068601434748434e-01 3.219976519057598519e-01 5.792687490375986847e+00 8.266174618365800697e+00 5.418819547606638087e-01 1.184026742173791558e-01 4.964858360825017414e-01 2.927141547674193767e+00 1.000000000000000000e+01 1.400000000000000000e+01 2.000000000000000000e+00 -2.213199142509653029e+03 1.008000000000003666e+02 1.017494640685326956e+01 -2.263087248790368822e+00 5.898648200277887277e-01
2.407689324870557090e+00 3.002412905900695428e-01 6.710249198605686693e+00 3.624150039610160245e+00 2.586671149591573293e+00 2.368244188219416735e+00 2.263979948512122309e-01 2.851873377852243152e+00 2.000000000000000000e+00 1.300000000000000000e+01 3.000000000000000000e+00 -2.281193596752546000e+03 6.292000000000052751e+01 1.560834979703411030e+01 -2.881468670714833369e+00 1.193733713017432807e+00
1.665290673452069603e+00 1.814094266855964754e+00 1.880997534019613227e+00 8.979517654569868057e+00 1.392507279836242118e+00 2.039458432563520773e+00 3.779443709341995805e-01 4.167162119853959013e+00 1.000000000000000000e+01 1.200000000000000000e+01 2.000000000000000000e+00 -2.194351619124763602e+03 4.871999999999972886e+01 1.062447619529773490e+01 -3.179592219686929955e+00 4.431860866365480156e+00
2.167999157536717902e+00 9.738696664283824633e-01 3.971931343257091740e+00 6.213103515331400040e+00 1.666287261274706388e+00 5.401065746379194454e-01 9.720523493479878985e-01 2.125174709371051573e+00 1.100000000000000000e+01 1.700000000000000000e+01 4.000000000000000000e+00 -2.263230712533812039e+03 3.602300000000014393e+02 5.194732033363221646e+00 -1.810099177608696763e+00 1.388800837923564180e-01
1.987946415971725944e+00 1.425074240000666848e+00 3.138201384503526370e+00 7.796959357641043198e+00 5.456195205770064671e-01 2.987312570994618555e-01 5.781361344256920054e-01 2.126122387277983083e+00 0.000000000000000000e+00 2.000000000000000000e+01 5.000000000000000000e+00 -2.314312650881585341e+03 1.320000000000010516e+02 1.551954068009904653e+01 -7.393311211441608854e+00 3.595541896040361785e+00
2.454888815361337517e+00 5.504864031053990914e-04 2.983510273526385426e+00 5.828007139260632741e+00 2.589300381396677508e+00 1.761468771184805382e+00 1.194116066686437133e-01 4.429482837874679113e+00 2.000000000000000000e+00 1.200000000000000000e+01 4.000000000000000000e+00 -2.261756293289638052e+03 2.916000000000006409e+01 1.544851833060239521e+01 -2.505047779383792417e+00 3.476323226521130794e-01
6.955583840171242205e-01 1.432588772213066131e+00 1.713129217381745173e+00 2.684520196746950305e+00 9.927512626202259494e-01 1.639271987352028059e+00 2.006957896438720246e-01 4.728674101979641442e+00 6.000000000000000000e+00 4.000000000000000000e+00 5.000000000000000000e+00 -2.254220410799954152e+03 9.319999999999977192e+00 1.559752567499713471e+01 -2.875242287798593033e+00 8.366017579041497010e-01
6.495376730638091622e-02 2.659404720544410239e+00 4.279072855904396455e+00 5.957176726351629092e+00 2.775699039633011456e+00 1.948602774816265537e+00 2.981471408111596721e-01 2.645654728509069464e+00 8.000000000000000000e+00 6.000000000000000000e+00 1.000000000000000000e+00 -2.244088516568815521e+03 1.253400000000032293e+02 1.133865728555088914e+01 -1.715460714843196621e+00 4.061312963304944290e+00
2.455554223941212477e+00 1.442235559890116869e+00 3.842137952617996177e+00 5.330965476131774849e+00 2.114007402422727999e+00 1.710027886073698378e-01 9.750995631442352929e-01 2.068596689758162022e+00 1.100000000000000000e+01 1.300000000000000000e+01 4.000000000000000000e+00 -3.068485747509843122e+02 3.901299999999891384e+02 6.986473421936860717e+00 -5.169818155898711076e-01 8.727575189858849392e-02
