1.964565805865623460e+00 2.222767776094942249e+00 3.528931915004767550e+00 5.008692901861158120e+00 1.440416487575823412e+00 5.131950034285420736e-02 2.605216700395237006e-01 2.554881262492687100e+00 8.000000000000000000e+00 1.900000000000000000e+01 4.000000000000000000e+00 -2.273454376785815839e+03 2.240099999999978024e+02 1.009058604911356127e+01 -1.066147916390224326e+00 3.951435399264427994e-01
1.912772849064953151e+00 2.415605842038670126e+00 3.460414743712999730e+00 5.726237784828259514e+00 1.047772042317168140e+00 1.286555262057041960e-01 7.339611975058686344e-01 2.475441572150378189e+00 1.000000000000000000e+01 1.400000000000000000e+01 4.000000000000000000e+00 -3.117709378493829604e+02 4.201399999999720194e+02 6.356308615587308530e+00 1.544071707706644592e-01 3.813770622236430791e-02
9.813646567513392149e-01 2.541494002048415357e+00 5.926408241263112942e+00 4.997855064950266879e+00 9.824579807647769725e-01 3.297097408050365108e-01 3.014642388516516891e-01 2.347442003240264086e+00 9.000000000000000000e+00 1.200000000000000000e+01 4.000000000000000000e+00 -2.361145342395742773e+03 2.440800000000062084e+02 1.494408389973371598e+01 -9.569142294064151288e-01 2.660238026156235280e-01
3.944201814307104481e-01 2.480333796871799557e+00 2.978468960802137744e+00 3.085664775365859924e+00 1.728048320794666859e+00 8.518740199878930275e-01 3.849523649176271878e-01 2.729562072441736653e+00 1.000000000000000000e+01 1.000000000000000000e+01 5.000000000000000000e+00 -2.298186768764602675e+03 1.031999999999984112e+02 1.541167304778771374e+01 -6.554534924837800425e-01 4.970800284893241855e-02
1.381506286547390161e+00 2.204388142721297683e+00 2.182732411423653485e+00 7.923601666464769266e+00 1.991377443325292207e+00 9.249782329666325076e-01 6.159025007409381081e-01 2.163706922096946261e+00 9.000000000000000000e+00 9.000000000000000000e+00 4.000000000000000000e+00 -2.202819043344767579e+03 7.317000000000150806e+01 1.038962770904794120e+01 -1.189493741319397557e+00 7.438914368467514082e-02
1.183714251036865228e+00 2.264961604540720597e+00 5.026573149645291672e+00 6.496438192117239829e+00 9.871119469324313167e-01 7.703249978684266752e-01 5.373684475705534647e-01 2.861476854429327865e+00 7.000000000000000000e+00 1.000000000000000000e+01 4.000000000000000000e+00 -2.169543783070579593e+03 9.439999999999891145e+01 7.646486441911277687e+00 4.878605755318059511e-01 6.114767239662401543e+00
1.530811465893952228e+00 1.863268293586941349e+00 3.096930798677397512e+00 1.829221412150427106e+00 5.684433434716047451e-01 4.822229079620657388e-01 9.324039179754695095e-01 2.339736413852737673e+00 9.000000000000000000e+00 1.600000000000000000e+01 5.000000000000000000e+00 -2.192267290667882662e+03 2.068799999999963006e+02 5.551705666742773104e+00 -3.807869779406143351e+00 1.117419703676293841e+00
1.051346110819075808e+00 1.746313041270489474e+00 6.255728512553428544e+00 4.279087880615731976e+00 3.221004474599226119e-01 6.384535973888716409e-02 4.128799288170295068e-01 2.626206138182930250e+00 3.000000000000000000e+00 1.000000000000000000e+01 4.000000000000000000e+00 -2.289446661412020148e+03 9.029999999999914451e+01 1.526854133825128379e+01 -4.838340308662966160e-01 6.261689899256468017e+00
3.180179541087158057e-01 2.079427332823891916e+00 4.289242415402976683e+00 4.332721064577215841e+00 6.879408709161939361e-01 5.133395799599350662e-01 4.544626746643615212e-01 2.677709803805706112e+00 1.000000000000000000e+01 1.300000000000000000e+01 5.000000000000000000e+00 -2.233998450005413360e+03 1.407899999999978604e+02 1.022521562533838591e+01 -4.449216355292404224e+00 2.220355923556971867e+00
1.556185770241124811e+00 1.818092842722073721e+00 3.590599422895810910e+00 4.549026220949058619e+00 1.529969438807335713e+00 3.186264425191636107e-01 8.167018996823615096e-01 2.450544811530737555e+00 9.000000000000000000e+00 1.900000000000000000e+01 5.000000000000000000e+00 -5.704421096573023533e+02 5.701900000000110822e+02 1.783419435358105432e+01 9.012886818688775614e-02 3.856392200386788566e-02
1.482149730496383100e+00 2.001256287898899977e+00 5.536746249349225657e+00 4.533792643403097067e+00 1.279137603868020223e+00 8.212165212274068482e-01 6.688796654218839288e-01 2.529714351925252735e+00 6.000000000000000000e+00 1.300000000000000000e+01 4.000000000000000000e+00 -3.094549571900773230e+02 3.901299999999891384e+02 7.149372324380171229e+00 -8.969418581548461722e-01 6.271248575690076876e+00
6.512012009534441370e-01 2.612352308276206792e+00 5.580053243651742712e+00 8.044877521438943191e+00 9.737807212619407071e-01 1.001889105808353442e+00 5.408338067911689917e-01 2.982891184295301201e+00 7.000000000000000000e+00 1.700000000000000000e+01 4.000000000000000000e+00 -2.146432759770831126e+03 1.167900000000010010e+02 5.502359985676906540e+00 -3.826870926710129961e+00 7.984891202244861486e-01
1.201938478708319380e+00 2.513486314795496668e+00 2.431998214797292501e+00 6.597373781344149535e+00 2.010478897875881632e+00 5.254766642426822454e-01 8.204520611489810600e-01 2.550845773439233355e+00 5.000000000000000000e+00 9.000000000000000000e+00 5.000000000000000000e+00 -2.270059113657184753e+03 4.446000000000042718e+01 1.548931960357402637e+01 -1.365105750986275401e+00 7.872909064350990249e-01
1.462715695802265348e+00 1.560181063432398929e+00 3.851385744718883508e+00 2.705043200194402697e+00 9.053447845158213436e-01 2.655232777832880475e-01 4.556227694492707703e-01 2.147902595607717124e+00 8.000000000000000000e+00 1.100000000000000000e+01 5.000000000000000000e+00 -2.670450606863665257e+02 3.301100000000244563e+02 6.374378792897142709e+00 3.412468743907957625e-01 6.204976866789623458e+00
1.222963819249387463e+00 1.269697304271149907e+00 4.069464774669722118e+00 1.891297314773264571e+00 6.817594202291032968e-01 8.892393539149863191e-01 6.953241300205454944e-01 2.007710686144740020e+00 1.000000000000000000e+01 1.300000000000000000e+01 4.000000000000000000e+00 -2.932044627078317376e+02 3.901299999999891384e+02 6.133716419239822137e+00 6.724251363115577029e-02 2.894809680718331002e-01
6.543887981498289763e-01 2.345917778421902078e+00 3.732354652320860389e+00 5.977854336749944153e+00 1.045605606353413819e+00 3.472754658253289772e-01 6.383312735258974691e-01 2.227086667019781085e+00 9.000000000000000000e+00 1.200000000000000000e+01 4.000000000000000000e+00 -2.875638674217922244e+02 3.601200000000105774e+02 6.718991713861681703e+00 3.180081103676168225e-02 1.198833910769766392e-02
3.131354715248115261e-01 1.513363900921831817e+00 5.337157977236055117e+00 4.765619682126615686e+00 1.740232316240768906e+00 1.004715856480024039e+00 6.394455509143203153e-01 2.625754946765761932e+00 7.000000000000000000e+00 1.200000000000000000e+01 3.000000000000000000e+00 -2.292760052523249215e+03 9.300000000000049738e+01 1.539125328270306703e+01 -3.679961997508546467e+00 5.794386155307015507e+00
2.177351074717015500e-01 2.577312407141465034e+00 3.100695615015069961e+00 4.423386614638604719e+00 1.902277863471915964e+00 1.084972239984415054e+00 5.402168467807474395e-01 2.562991653186460717e+00 7.000000000000000000e+00 8.000000000000000000e+00 5.000000000000000000e+00 -2.302306590311006403e+03 1.061599999999980923e+02 1.557666189443797577e+01 -5.293084942536101956e+00 1.849499540620143767e+00
1.985950730096734063e+00 2.951457276481402658e+00 2.879264692449043039e+00 6.198419151013595751e+00 1.291843436732537764e+00 7.588400736669143054e-02 4.891644985706533610e-01 2.535669637163823431e+00 1.000000000000000000e+01 1.500000000000000000e+01 4.000000000000000000e+00 -3.298368106210049291e+02 4.501499999999774104e+02 6.547613163813514880e+00 -1.769436729461710267e-01 6.234213524873174705e+00
1.592195994948544024e+00 2.185656191069536902e+00 4.918068690856026492e+00 7.336344702427556541e+00 5.800870257604582303e-01 2.544270122223523112e-01 6.651350421281044811e-01 2.460339907064971410e+00 9.000000000000000000e+00 1.400000000000000000e+01 4.000000000000000000e+00 -2.279669208823923782e+03 2.311399999999904367e+02 1.025620055149549792e+01 -9.506817482000649022e-01 6.252031076322396574e-02
4.480539173899880101e-01 2.212222888013099187e+00 3.611897856016158759e+00 6.509816075299894145e+00 2.450236389708591034e+00 3.774120948678013621e-01 9.345302848816928742e-01 2.399912628914897539e+00 1.000000000000000000e+01 1.300000000000000000e+01 4.000000000000000000e+00 -2.388089591646609733e+03 2.783299999999930492e+02 1.555778697791330600e+01 -3.353243854803823254e+00 4.555382811637105789e+00
2.388658949102296702e+00 2.601640728430702598e+00 5.375762844716070354e+00 5.214207217416354290e+00 7.708110779683776670e-01 2.412643307040775453e-01 3.774657734225735917e-01 2.691316591598731822e+00 6.000000000000000000e+00 1.500000000000000000e+01 4.000000000000000000e+00 -3.234287243972135570e+02 4.501499999999774104e+02 6.147107774826552351e+00 2.225838042332988764e-01 6.256505373842150775e+00
1.607973185786301773e+00 2.271466926229344985e+00 3.671550407919062842e+00 4.399475473177606233e+00 7.309063390872028165e-01 1.180969853481963483e+00 4.605097936183270013e-01 2.542473660706611849e+00 1.000000000000000000e+01 1.500000000000000000e+01 5.000000000000000000e+00 -2.159939796353847214e+03 1.429500000000025466e+02 5.529049772115373074e+00 -4.749000425868852737e+00 2.657351915724585734e+00
1.041368393784398716e+00 2.071849675530227142e+00 3.332821888661242404e+00 7.441395870696274173e+00 8.773610771038997669e-02 3.809297306997523336e-01 6.354634425257035257e-01 2.706676128535841386e+00 1.000000000000000000e+01 1.600000000000000000e+01 4.000000000000000000e+00 -2.275578768913979729e+03 6.015999999999942105e+01 1.534367305712376250e+01 -2.486516242709020830e+00 1.093607070545377230e-01
5.185700262546428796e-01 2.013704776695321996e+00 2.733127132352378474e+00 6.351400367673924130e+00 1.430905596926751233e+00 8.648319098915215886e-01 8.595314168842369540e-01 3.079264900033604313e+00 9.000000000000000000e+00 5.000000000000000000e+00 4.000000000000000000e+00 -2.115908522414228173e+03 6.494999999999845386e+01 5.214595150889301145e+00 -2.282139834760425146e+00 5.800144521210725657e+00
9.212400182753320843e-01 2.441675658851328201e+00 5.505383773904762634e+00 5.410796929887475848e+00 1.283625758877464440e+00 2.890389803652884115e-01 3.372959377496186351e-01 2.209707481929274131e+00 1.000000000000000000e+01 1.500000000000000000e+01 4.000000000000000000e+00 -4.058790020809343559e+02 4.501499999999774104e+02 1.130025013005910139e+01 -8.417051558778010367e-02 9.379986477190878358e-02
1.369002528111184835e+00 1.123692357121759411e+00 1.483403464177742492e+00 2.628778271351554174e+00 9.571892339594089139e-01 1.322597404043144742e+00 4.511317621118817733e-01 2.411376755704802033e+00 1.000000000000000000e+01 1.300000000000000000e+01 4.000000000000000000e+00 -2.279610755187964969e+03 6.344000000000053774e+01 1.549317219924778399e+01 -1.926498011246141617e-01 5.249848742305306182e+00
1.564403823175058328e+00 2.534204810253552154e+00 2.577647754479154507e+00 2.100727775422597254e+00 1.330994516444125475e+00 8.114217695712724332e-01 6.687602957464988673e-01 2.516267778107794229e+00 1.100000000000000000e+01 1.100000000000000000e+01 5.000000000000000000e+00 -2.689379190211862465e+02 3.301100000000244563e+02 6.492682438823376145e+00 -4.376643787454920775e-01 6.120940120797353501e+00
1.041368983046581098e+00 1.921189515002828418e+00 1.331385619056660641e+00 4.493914220431123319e+00 9.092333906811197464e-01 1.421005466314181898e-01 5.625736731458360618e-01 2.010959920872430917e+00 9.000000000000000000e+00 1.000000000000000000e+01 3.000000000000000000e+00 -2.466888796071354193e+02 3.000999999999997385e+02 6.039929975445971877e+00 -6.776464800702597380e-03 4.129890303968225540e-01
7.421478476145147996e-01 1.843801807130950765e+00 6.128090277948419207e+00 4.781190078950263711e+00 1.763709882178075006e-01 5.125691745652187770e-01 5.226238602918944487e-01 2.604255215112311284e+00 6.000000000000000000e+00 1.200000000000000000e+01 4.000000000000000000e+00 -2.276395743735280121e+03 5.639999999999956515e+01 1.551223398345501003e+01 -5.024883001031543728e-01 4.165809566690967247e-02
1.138990719352901637e+00 2.043304758825112089e+00 3.058653503212514835e+00 3.640478551326603807e+00 1.256303485623202487e+00 4.940127136108583006e-01 3.449515261106627650e-01 2.442379409634118925e+00 1.100000000000000000e+01 1.100000000000000000e+01 5.000000000000000000e+00 -2.133446156666114803e+03 1.927200000000074169e+02 2.317884791631953600e+00 -8.806133166870458995e-01 3.305773620278562586e-01
1.616826790793667978e+00 1.889863087415108778e+00 4.345981357077465468e+00 1.526361913627657607e+00 6.951092912175877991e-01 1.122273738823815759e-01 9.114078708022692599e-01 2.037952469540226463e+00 1.000000000000000000e+01 7.000000000000000000e+00 5.000000000000000000e+00 -2.268509765003754637e+03 4.151000000000014722e+01 1.548467281273465801e+01 -9.802903068746825488e-01 8.516448065181117522e-02
1.730398585179481641e+00 2.638734560857237010e+00 4.126748889962095213e+00 4.147519677338376454e+00 1.167299644514996348e+00 3.148145785049281664e-01 8.888490098552435104e-01 2.858179213358248205e+00 1.000000000000000000e+01 1.000000000000000000e+01 4.000000000000000000e+00 -2.500907215991666135e+02 3.000999999999997385e+02 6.252545099947922402e+00 2.798803430938201497e-02 6.258528294294680272e+00
5.197403290714711632e-01 2.055996680629912365e+00 4.009232408460167818e+00 3.851312816854044030e+00 6.290433442290499499e-02 2.245296849265513706e-01 5.466611829998681005e-01 2.782340655529307760e+00 8.000000000000000000e+00 1.400000000000000000e+01 3.000000000000000000e+00 -2.274804351337663320e+03 5.278000000000017167e+01 1.552589695860395480e+01 -1.055108259413068295e+00 6.171707812316443942e+00
1.102606585820041118e+00 2.627789928480663839e+00 4.400428484690081632e+00 2.950112540454084886e+00 1.313193078681113235e+00 5.981811492890969362e-01 6.638121190606225408e-01 2.256589605851050173e+00 1.100000000000000000e+01 1.500000000000000000e+01 4.000000000000000000e+00 -3.415472859825674732e+02 4.501499999999774104e+02 7.279517873911173886e+00 4.625169650677090627e-01 6.264431376343556401e+00
8.900084426847101327e-01 1.942599519704141686e+00 4.956869884931870196e+00 2.634830883762138143e+00 4.923445994971935580e-01 9.146842863764285125e-01 3.338565858041701029e-01 2.459346097417745458e+00 7.000000000000000000e+00 1.500000000000000000e+01 4.000000000000000000e+00 -2.098520999059049927e+02 2.398500000000062187e+02 1.661939706950157220e-02 -1.259396481657462097e+00 1.886927603748690119e-01
1.014730407628164466e+00 1.710361008290429252e+00 5.491452138875953182e+00 8.605975468501645409e+00 8.197103713423260496e-01 1.382447247041549421e-01 7.325714475547328020e-01 3.452685960279835431e+00 8.000000000000000000e+00 8.000000000000000000e+00 4.000000000000000000e+00 -2.134575671431421142e+02 2.400800000000151329e+02 5.838597946445910125e+00 -4.560852844366196646e-01 6.251632632768340692e+00
6.850985903774771124e-01 1.506302857671845352e+00 2.606888258695208904e+00 1.435424545287731668e+00 1.603150092865915366e-01 1.434698062298914500e+00 4.259039754389767340e-01 2.678241679112462137e+00 1.100000000000000000e+01 1.000000000000000000e+01 5.000000000000000000e+00 -2.269033081231183132e+03 3.940000000000028990e+01 1.558331757694894470e+01 -1.740615921869840932e+00 4.534678521731563272e-01
1.684597631938547835e+00 2.832744192151734008e+00 6.434787439850683910e+00 5.956784460863511654e+00 1.461741023823475816e+00 3.163702878959280818e-01 7.010676008664498138e-01 2.139027765571196227e+00 9.000000000000000000e+00 1.100000000000000000e+01 4.000000000000000000e+00 -2.293146669091039257e+03 9.393999999999957140e+01 1.538604181818997318e+01 -4.097451655903535106e-01 6.227945722482059132e+00
1.717056970746654976e+00 1.589508323860740369e+00 4.927877010450854911e+00 5.953003230484261721e+00 5.268558178703985906e-01 1.610627908482583637e-01 9.275522404705279778e-01 2.464526061919862343e+00 8.000000000000000000e+00 1.200000000000000000e+01 5.000000000000000000e+00 -2.277150794864736781e+03 7.103999999999966519e+01 1.510192467904604996e+01 -9.744894946217801390e-01 1.901414392433434797e-01
2.481657537800875613e+00 6.010145923029791559e-01 6.107661510159786644e+00 7.682028686517861971e+00 1.472278977799921229e-01 5.384475916944683194e-01 7.199517670415882531e-01 2.244443208757546326e+00 5.000000000000000000e+00 1.500000000000000000e+01 4.000000000000000000e+00 -2.283531087237238808e+03 6.989999999999979252e+01 1.553631795232742263e+01 -2.151288384622087602e+00 3.936496201687618712e-01
9.143294184676967751e-01 1.679983472296869618e+00 1.271550287858606243e+00 3.336712089318053742e+00 1.668838686666914706e-01 2.623304643648473045e-01 4.755079950206378414e-01 2.595474337528055564e+00 9.000000000000000000e+00 1.500000000000000000e+01 4.000000000000000000e+00 -2.278666579569638998e+03 6.119999999999959783e+01 1.550416122310245548e+01 -4.407393238217319209e-01 3.463572961290850571e-03
1.581969227670505962e+00 2.744438238509534056e+00 3.946651023032051064e+00 3.697241193905898893e+00 1.654912038001569385e+00 2.082074980147584631e-01 3.971453483930790784e-01 3.099613368968956451e+00 5.000000000000000000e+00 1.000000000000000000e+01 4.000000000000000000e+00 -2.605431389054321016e+02 3.000999999999997385e+02 6.905821181589515412e+00 -4.531117032800123512e-02 4.685793717891128390e-02
1.655825628000679117e+00 2.407014623706255296e+00 6.704882459985720189e+00 7.887097571978821442e+00 7.756547031000743386e-01 1.346471316919132799e-01 7.269541291895860180e-01 2.419564880930647810e+00 8.000000000000000000e+00 1.500000000000000000e+01 3.000000000000000000e+00 -2.413958615850201568e+02 4.501499999999774104e+02 1.020053849064465723e+00 -8.587842069976894255e-01 1.323753949135116070e-01
1.903721418400050602e+00 2.401598169637762847e+00 1.172324011605963223e+00 5.550074712527911736e+00 9.573612400709827774e-01 1.608619734403384793e-01 4.300460292166133347e-01 2.295802415923325235e+00 7.000000000000000000e+00 1.000000000000000000e+01 2.000000000000000000e+00 -2.209278227428108494e+03 7.819999999999983231e+01 1.063613921425679720e+01 -1.696383310118179111e+00 1.338621538597592142e+00
6.296953990560139047e-02 2.740013002579520851e+00 3.246229406401225592e+00 7.177592075383855352e+00 2.297377648638015302e+00 6.840277649742841914e-01 4.993215233406394504e-01 2.676179485172219152e+00 9.000000000000000000e+00 1.000000000000000000e+01 3.000000000000000000e+00 -2.177786122159806837e+03 1.815999999999939689e+02 5.436632634988101564e+00 -4.304764342416261158e+00 4.421430705767649627e+00
1.291282218366417656e+00 2.048082377776461183e+00 5.470354062968072917e+00 6.022271484512369710e+00 2.104344114812477518e+00 7.711120541586606869e-01 6.251158985347587960e-02 2.146990624902754607e+00 6.000000000000000000e+00 1.500000000000000000e+01 4.000000000000000000e+00 -4.127215731708620297e+02 4.501499999999774104e+02 1.172791082317958455e+01 1.099549128860733416e-01 2.443845942548353301e-01
1.094125603751092468e+00 1.778459810388768547e+00 2.582990520535594303e+00 1.898704599024216400e+00 3.412022526694500346e-01 6.933701439715780346e-01 6.379051873940216888e-01 2.737240805953355061e+00 1.100000000000000000e+01 1.100000000000000000e+01 5.000000000000000000e+00 -1.372492820368593414e+02 1.351900000000002819e+02 1.576006008501786709e-02 -9.782878868652028492e-01 2.191311923892092783e-01
