1.742795090840187910e+00 1.576817098269039263e+00 5.516360625346520052e+00 5.081605679913909768e+00 2.748888736344535566e+00 6.092705871563505182e-01 5.717055102351692453e-01 3.223361100507902588e+00 9.000000000000000000e+00 1.300000000000000000e+01 3.000000000000000000e+00 -2.349944480157781072e+03 1.998099999999957959e+02 1.562746750986145550e+01 -3.707851087970726933e+00 4.992217098909971007e+00
1.772581242980998173e+00 2.482678746362068534e+00 1.993854067286075171e+00 3.082833846396031419e+00 1.557212656802725581e+00 8.215398913450826512e-01 5.806551320098660707e-01 2.652247541204299175e+00 8.000000000000000000e+00 1.100000000000000000e+01 3.000000000000000000e+00 -2.145310668831182738e+03 1.158299999999994583e+02 5.462229301948945626e+00 -4.755706492085981729e+00 2.482936720495973582e+00
1.092303147049255019e+00 2.441344156678352473e+00 5.482376281563992926e+00 4.418615028068819228e+00 1.450796652026734135e+00 8.580900579653560900e-01 6.305396077849152459e-01 2.367723720592298964e+00 1.000000000000000000e+01 1.600000000000000000e+01 5.000000000000000000e+00 -2.477989320459774262e+03 4.574400000000267141e+02 1.557933252873505836e+01 -4.721080602038727925e+00 2.073293692836864821e+00
1.863263056832793030e+00 2.163636587738722916e+00 4.001202887282760301e+00 4.844654614942733417e+00 1.160317143313855492e+00 1.286156978478935509e+00 7.373651431477530327e-01 2.530829395242220947e+00 1.000000000000000000e+01 1.400000000000000000e+01 4.000000000000000000e+00 -3.249435203330402828e+02 3.690399999999769989e+02 1.771431754076181059e-02 -1.215274115239349584e+00 2.944890715391501601e-03
1.334929510794323537e+00 2.891150369283537636e+00 4.968637453563935935e+00 3.455813494724367274e+00 1.051549145184219380e+00 5.347627573258555422e-01 5.717573800164436060e-01 3.061621245973762839e+00 8.000000000000000000e+00 1.600000000000000000e+01 3.000000000000000000e+00 -2.284181567446587906e+03 3.888000000000159844e+02 5.611347965411245475e+00 -5.360098432244967626e+00 1.221959110125260040e+00
2.072130297062050097e+00 8.577227048479035831e-01 3.594694197047536566e+00 3.915171200710854560e+00 1.872806598922515553e+00 5.571023726155188704e-02 7.287617362484597461e-01 2.007068839049286346e+00 2.000000000000000000e+00 1.200000000000000000e+01 4.000000000000000000e+00 -3.993993494803630711e+02 3.601200000000105774e+02 1.370870934252236140e+01 2.758884786263396394e-01 1.062035377467067249e-01
1.376825259929689960e+00 2.393680550505477900e+00 3.824004477923078404e+00 4.386571180600324027e+00 8.506753716617243555e-01 3.808520339804329358e-01 5.240617336582634733e-01 2.010724684099629123e+00 1.000000000000000000e+01 1.400000000000000000e+01 4.000000000000000000e+00 -2.834289032899649783e+02 2.966599999999840520e+02 1.449611521719035463e-02 -1.107854246885826566e+00 1.614816254955364280e-02
1.141494549466510522e+00 1.825411439628149779e+00 3.699230279313519443e+00 3.633544362154634833e+00 2.084040087069018110e+00 1.101679106247453355e+00 6.510516402704298322e-01 2.089670918124510557e+00 1.100000000000000000e+01 1.000000000000000000e+01 3.000000000000000000e+00 -2.302339188696037127e+03 1.108999999999979735e+02 1.543057429350234599e+01 -7.263906241313206058e-01 4.906235161553260810e-02
1.374947421077710841e+00 2.105193910791942180e+00 1.898966994620534310e+00 2.124570658778675902e+00 6.539570111165708965e-01 3.163821131752310167e-01 8.053280812604434180e-01 2.175922295972827936e+00 5.000000000000000000e+00 1.600000000000000000e+01 5.000000000000000000e+00 -2.169448363906255054e+03 1.604799999999972897e+02 5.575522744141032661e+00 -4.490516654250964912e+00 2.040863206586989165e+00
1.458191134139809053e+00 2.396136770470873589e+00 3.947948933735538901e+00 5.686169595794476450e+00 1.919956407735771808e+00 2.842355239388809629e-01 1.079032574934095656e-01 3.750852279848549742e+00 1.000000000000000000e+01 1.500000000000000000e+01 4.000000000000000000e+00 -2.731107940130391398e+02 4.501499999999774104e+02 3.002237125815650831e+00 2.635618278785265001e-01 6.240202495087751267e+00
1.912358908322127737e+00 1.760638393759777820e+00 5.110555118407563491e+00 5.119615121210123299e+00 2.693575857876201241e+00 2.887135526620090431e-01 4.676037628419509318e-01 2.702838420474945380e+00 1.000000000000000000e+01 8.000000000000000000e+00 4.000000000000000000e+00 -2.285175953632738128e+02 2.400800000000151329e+02 6.779849710204139512e+00 -6.198235115942520024e-02 6.270663690412373370e+00
1.980411892142288188e+00 1.416596511643547496e+00 3.589684071337195803e+00 7.587725349766963667e+00 1.864686904193971317e+00 4.258197290029998583e-01 6.208353296252503428e-01 2.362617331753605221e+00 6.000000000000000000e+00 1.300000000000000000e+01 3.000000000000000000e+00 -2.148870535959448716e+03 1.233699999999984698e+02 5.449095997465576602e+00 -5.832507383764294673e+00 3.623254047845439363e+00
9.372306371091031485e-01 2.342132271038267266e+00 4.270767863231577088e+00 4.784252718040426622e+00 1.645938410786743855e+00 3.387231203826700510e-01 2.172556496444658924e-01 2.262929914953450528e+00 9.000000000000000000e+00 9.000000000000000000e+00 3.000000000000000000e+00 -2.272271746054605046e+03 5.616000000000087056e+01 1.526198412841277374e+01 3.591067767805669608e-03 6.089361748580709666e+00
1.724792346795368969e+00 2.468129157140025676e+00 4.846127682392137537e+00 2.661773086907060382e+00 7.557940696916228829e-01 2.901654688571477791e-01 6.454927702979627036e-01 2.613406983356926006e+00 3.000000000000000000e+00 1.300000000000000000e+01 4.000000000000000000e+00 -2.209184395527739071e+03 1.115399999999988836e+02 9.588399720483723243e+00 -1.113248112550852653e+00 6.119540020836245375e+00
1.771375123113840599e+00 1.370891357917545683e+00 1.747044440438586754e+00 4.905930926763193867e+00 1.640195962686722186e+00 9.080506689385752228e-01 9.147546876520014081e-01 2.040146179630428769e+00 8.000000000000000000e+00 1.100000000000000000e+01 3.000000000000000000e+00 -2.145191697618136459e+03 1.134099999999994708e+02 5.530418601133552770e+00 -3.659276334218913185e+00 2.601896003187480488e+00
1.571842936370677624e+00 2.781177190428756330e+00 1.866352789413260105e+00 5.405245686555899987e+00 1.170857739889684890e+00 5.122040379027373858e-01 2.732706070034034984e-01 2.130139142950756348e+00 7.000000000000000000e+00 1.600000000000000000e+01 5.000000000000000000e+00 -2.280592180303871828e+03 2.361599999999956765e+02 1.015701126899214657e+01 -3.352048740264192084e+00 9.490970915950582842e-01
1.981754925299247017e+00 1.908745056918434546e+00 5.360021379793752594e+00 5.738824215045948307e+00 2.024654374052625716e+00 4.530449658981197114e-01 8.120812860246708897e-01 2.767365982287226966e+00 1.100000000000000000e+01 6.000000000000000000e+00 4.000000000000000000e+00 -2.191682367450203401e+03 5.514000000000057611e+01 1.025702296563770588e+01 -3.182738478634579149e+00 6.289411827889928031e-01
1.689132775149470467e+00 1.629390602390312637e+00 5.546395908449918366e+00 4.490563979691395424e+00 1.967572595548351844e+00 1.255610401494076545e+00 7.129203183461757520e-01 3.027025186816204361e+00 8.000000000000000000e+00 1.100000000000000000e+01 3.000000000000000000e+00 -2.183606029114868306e+03 5.378999999999977888e+01 9.794439319679261402e+00 -8.165200689722503569e+00 3.793588659880422931e+00
1.164239350964830111e+00 2.257313629949347700e+00 4.108958988678809376e+00 3.374795461763357096e+00 1.911521916120958231e+00 6.901003673269432426e-01 7.416569380590432026e-01 2.163888301398482650e+00 9.000000000000000000e+00 1.100000000000000000e+01 5.000000000000000000e+00 -2.348306354301593728e+03 1.999800000000083173e+02 1.551977214384937120e+01 -8.013661209168697397e+00 3.157420271000103362e+00
1.828104472410749803e+00 1.701979716084939476e+00 3.945260721871945098e+00 4.792943256182254252e+00 1.213027582878637212e+00 2.004466435834727223e-01 5.288884098692241409e-01 3.508656767321259196e+00 1.100000000000000000e+01 1.400000000000000000e+01 5.000000000000000000e+00 -2.144925669927994477e+03 1.233400000000004582e+02 5.203479370499624501e+00 -7.714201916748724130e+00 5.938899146212723856e-01
2.254472761202427566e+00 1.985099401502739891e+00 4.676068768386893559e+00 6.737877435433892614e+00 1.608050351001112377e+00 1.223057929184079740e+00 5.377650303711143387e-01 2.018177104126961829e+00 8.000000000000000000e+00 1.200000000000000000e+01 3.000000000000000000e+00 -2.262499367127569258e+03 1.916400000000042212e+02 1.041746044547295469e+01 -3.639434099454634808e+00 1.698076406670669281e+00
1.765495880172481380e+00 2.509634442803921672e+00 4.719362954622808637e+00 3.239157444205136294e+00 2.098895957314050431e+00 1.004155609701178342e+00 6.929827591986069679e-01 2.049078743919761525e+00 7.000000000000000000e+00 1.000000000000000000e+01 3.000000000000000000e+00 -2.281499457365787748e+03 6.590000000000053149e+01 1.553434108536170477e+01 -4.269427712448875312e+00 2.248910642249051683e+00
1.215041225486625631e+00 1.379920560630298221e+00 3.880576611220162953e+00 6.314838829398966347e+00 1.075258619369234170e+00 1.141692838549637212e-01 7.475187579736211063e-01 2.122260089064301969e+00 8.000000000000000000e+00 1.300000000000000000e+01 5.000000000000000000e+00 -4.626441967374861406e+02 3.901299999999891384e+02 1.672369979609322499e+01 -3.550670831608102596e-01 2.094527548739437695e-01
2.353902657541249166e-01 1.779583007223576763e+00 3.282882539002723643e+00 2.841844355853272219e+00 2.566861926507161495e+00 1.208263295766621503e+00 6.211165440350655542e-01 2.548074417875864306e+00 8.000000000000000000e+00 1.100000000000000000e+01 4.000000000000000000e+00 -2.197095075010442997e+03 5.873999999999975330e+01 1.048281718815267993e+01 -3.789248352322079239e+00 1.125714972847328355e+00
1.964362853836598699e+00 1.881292012898293287e+00 4.083402754537567958e+00 9.038812411156618154e+00 1.535552472536648061e+00 1.583549542515452491e-01 9.739143946752177872e-01 2.506643658529118301e+00 9.000000000000000000e+00 6.000000000000000000e+00 4.000000000000000000e+00 -2.281113865359327065e+03 6.690000000000101466e+01 1.547899158495790317e+01 -6.966642404121533572e-01 6.283009053537909061e+00
1.847861685855658020e+00 1.963860102291095533e+00 4.428965520677436096e+00 5.388774590630053041e+00 1.950912808670235865e+00 6.902031981911656011e-01 8.288641705690716899e-01 2.143264057720520643e+00 8.000000000000000000e+00 1.200000000000000000e+01 4.000000000000000000e+00 -4.541844624983581298e+02 3.601200000000105774e+02 1.713277890614705257e+01 3.623443540673542684e-01 1.214154735943020619e-01
2.164583403518676175e+00 2.307616034554283768e+00 2.726171068860331559e+00 3.946648550406689715e+00 4.745638897392950861e-01 3.763335741614820540e-01 7.547646448015956633e-01 3.113525680512006844e+00 1.000000000000000000e+01 1.100000000000000000e+01 5.000000000000000000e+00 -2.267346581843718013e+03 4.069999999999984652e+01 1.543728636523237796e+01 -1.254978091989829680e+00 2.554040451359292363e-01
2.089999682417833071e+00 2.002966454808940533e+00 2.146940441495132745e+00 5.279022194715260241e+00 8.341360752009256974e-01 2.459967443206515503e-01 7.973993242221815159e-01 2.466662582869827425e+00 9.000000000000000000e+00 1.100000000000000000e+01 5.000000000000000000e+00 -2.275374018749539118e+03 6.478999999999972204e+01 1.518618867184620136e+01 -7.730736699186573357e-01 2.213989775405256211e-02
2.403711698182696921e+00 1.600456493173302297e+00 3.384036281865751672e+00 3.684474830005173729e+00 1.864349324829644550e+00 8.453176668385129489e-01 7.109967442135733950e-01 2.218402707920048123e+00 1.100000000000000000e+01 1.600000000000000000e+01 5.000000000000000000e+00 -2.417874430552034028e+03 3.497600000000098817e+02 1.518715190950183924e+01 -1.345367257519498372e+00 3.601930856451217577e-01
1.904846450590993223e+00 2.193573908402116412e+00 3.657819099765533100e+00 6.820964902583025236e+00 1.749225670424962686e+00 1.002699971691688674e+00 9.257445232573497940e-01 2.814735185292528641e+00 1.000000000000000000e+01 1.300000000000000000e+01 4.000000000000000000e+00 -2.179322059056507896e+03 2.033199999999956731e+02 4.853878691031856540e+00 -4.062449216958992082e+00 5.655399165632974956e-01
1.857270812781042224e+00 1.978690896607302241e+00 1.999045906580918519e+00 5.218480044608677204e+00 9.970528354517192993e-01 8.632865795245634466e-01 5.971051989088537182e-01 2.881936964269424806e+00 1.000000000000000000e+01 1.500000000000000000e+01 5.000000000000000000e+00 -1.088143821464742359e+03 1.396500000000024215e+02 -1.621257591141591903e-01 -2.024509724575465697e+01 2.900755064792653659e+00
1.800861411114775823e+00 1.806428103378352690e+00 3.164504211444588044e+00 4.953389029664293730e+00 1.648111064252215430e+00 1.247052940277210142e-01 4.086966728982326380e-01 2.230104626599191064e+00 1.100000000000000000e+01 1.700000000000000000e+01 4.000000000000000000e+00 -2.303551173386907976e+03 4.333300000000082832e+02 5.430385836681494105e+00 -3.090453927966305137e-01 1.761109640224462619e-02
1.713894129627128615e+00 1.441754729436423688e+00 4.845080356887585538e+00 3.632863510767052606e+00 9.899361013565233236e-01 3.675254235635078137e-01 6.056830027076998135e-01 3.160929907171482256e+00 8.000000000000000000e+00 1.300000000000000000e+01 5.000000000000000000e+00 -1.682506342782856734e+02 3.095299999999919578e+02 1.590479626197632834e-02 -1.471937958541487568e+00 4.124476268630023479e-01
1.047877065284593234e+00 2.151091496970887640e+00 2.712042930179321854e+00 6.262596944077704286e+00 1.928608954224158900e+00 3.254144943184315020e-01 6.513733325974292443e-01 2.355793624699590527e+00 1.100000000000000000e+01 1.000000000000000000e+01 4.000000000000000000e+00 -2.123744067272467873e+03 1.846999999999937927e+02 1.962129204529411641e+00 -1.151903334360943276e+00 1.871029240775510250e-01
1.038776841093517200e+00 2.308524999985559489e+00 4.162042462659552022e+00 4.840950025041535376e+00 1.760399247764155239e+00 2.319312876677634139e-01 6.562790317610875945e-01 3.145266476133415257e+00 1.000000000000000000e+01 1.700000000000000000e+01 4.000000000000000000e+00 -6.865964277143586969e+02 2.398699999999928707e+02 -1.489935460299920272e-02 -5.061393339244367517e+00 4.275906193689667845e+00
2.133604324393671980e+00 1.447252874656688615e+00 3.340734015709267091e+00 2.848506934352736497e+00 1.330398262733451187e+00 2.058375755031699450e-02 5.287487539667010683e-01 2.945375485924616843e+00 9.000000000000000000e+00 1.100000000000000000e+01 4.000000000000000000e+00 -2.210990575592686582e+03 9.349999999999957367e+01 1.026503597454292738e+01 -6.350566913873029185e-01 6.262728598039921657e+00
2.055498031302827044e+00 2.190278315797768549e+00 5.107346476266232393e+00 4.616995780637784819e+00 9.723975424598754191e-01 6.136174230434872090e-01 7.239544189226870818e-01 2.692036354557434397e+00 1.000000000000000000e+01 1.100000000000000000e+01 4.000000000000000000e+00 -2.211427948258497509e+03 9.294999999999957652e+01 1.030955926615610707e+01 -1.299561492164185150e+00 4.010011452044694863e-02
1.743675161158951159e+00 2.113857591771675537e+00 2.581301773726137228e+00 9.762864612013068211e+00 2.069094099348080196e+00 2.605852137767137311e-01 9.515521986444809288e-01 2.926759684243441129e+00 1.100000000000000000e+01 1.100000000000000000e+01 5.000000000000000000e+00 -2.853097693214233459e+02 3.301100000000244563e+02 7.515923082588194859e+00 4.339716752164205493e-01 6.152282758114603567e+00
2.189959479242490126e+00 1.855980833191291701e+00 3.678258410853447735e+00 5.062365522458818212e+00 2.457542277968005173e+00 4.505938628204109175e-02 6.708042943998099306e-01 3.231667667263022903e+00 1.100000000000000000e+01 9.000000000000000000e+00 3.000000000000000000e+00 -2.263723088813697814e+03 3.014999999999995950e+01 1.554050555085610874e+01 -3.701741946354911050e+00 1.164122574090715290e+00
9.268305620045902415e-01 2.386521643723117148e+00 6.819559659299985199e+00 6.228127404065613604e+00 1.586675603558066694e+00 1.943757335530993391e-02 2.554058150433435870e-01 2.560286601375488580e+00 7.000000000000000000e+00 1.100000000000000000e+01 3.000000000000000000e+00 -2.218955534821086530e+03 3.133900000000223827e+02 3.891283426317216243e+00 -4.668723988320161666e+00 5.362877093676001294e+00
1.764122029022444416e+00 1.336213217475163528e+00 3.484160360717399207e+00 5.209894697079752390e+00 2.582946836912713096e+00 1.387013700644814662e-01 6.960892347018845516e-01 3.026522534461435932e+00 1.000000000000000000e+01 1.100000000000000000e+01 3.000000000000000000e+00 -2.171725291847595145e+03 1.642300000000038835e+02 5.600643240474592055e+00 -3.745519731382553896e+00 5.276172855296567654e+00
1.978387025627425189e+00 1.501839091860392994e+00 1.309477741455603361e+00 7.231566693587063277e+00 5.450523475849976540e-01 1.132255581193539307e+00 6.443867238885057080e-01 2.952775854908037623e+00 1.000000000000000000e+01 1.400000000000000000e+01 4.000000000000000000e+00 -2.138790283460551109e+03 9.912000000000035982e+01 5.576892716284421958e+00 -7.199034298701392220e-01 5.612836822935459935e+00
1.324711454830572954e+00 9.780278760089848866e-01 5.916361893962970520e+00 6.073016001239444961e+00 5.032582768178475163e-01 1.277332689466636195e-01 3.669164981428401640e-01 2.310507770995641863e+00 9.000000000000000000e+00 1.800000000000000000e+01 5.000000000000000000e+00 -3.671749536376831884e+02 5.401800000000090449e+02 6.067809602354917509e+00 -2.297069197739640689e-01 1.146430680978611921e-01
9.960382084109231648e-01 2.492591349891001506e+00 2.755441437306636931e+00 7.270184391843151239e+00 1.326527110009285026e+00 2.985970508910718024e-01 4.905996065057525723e-01 2.717342103304574152e+00 1.000000000000000000e+01 1.700000000000000000e+01 4.000000000000000000e+00 -2.303368066563991761e+03 1.116900000000009499e+02 1.547019166024943360e+01 -2.394700573623675943e-01 1.519865817505531257e-02
2.465275133843657596e+00 2.737743598938495282e+00 3.285032767596163694e+00 5.422148392521977556e+00 1.140108260405315654e+00 5.538693544986590389e-01 9.123138488196005369e-01 3.798412591298852004e+00 5.000000000000000000e+00 1.300000000000000000e+01 4.000000000000000000e+00 -2.269577577488410043e+03 3.952000000000006708e+01 1.561359859302561759e+01 -2.859329354028424586e+00 8.019525787958576846e-01
1.479404579897124705e+00 2.313051169160162956e+00 7.470180156094819779e+00 3.416253236303118168e+00 1.448058911731019416e+00 1.904387812801888180e-01 3.759203934277795256e-02 3.369638882483358522e+00 1.000000000000000000e+01 1.300000000000000000e+01 5.000000000000000000e+00 -2.224139869622609240e+03 1.108899999999989063e+02 1.054342935141309390e+01 -3.437609280355102381e+00 1.448890237254202518e+00
6.619590985903948122e-01 1.122959156360614941e+00 4.109985527460953136e+00 4.071112829831802671e+00 1.435011534483773721e+00 1.096673470510697079e+00 7.469525408640640407e-01 2.516581877662656730e+00 8.000000000000000000e+00 1.300000000000000000e+01 4.000000000000000000e+00 -4.745315160112311332e+02 3.901299999999891384e+02 1.746665725070228703e+01 2.336173653628821900e-01 6.187077730207663606e+00
2.081999368366032055e+00 2.042199383480656660e+00 1.503115284689892750e+00 5.804165418717769143e+00 6.779595960944359012e-01 1.027959655507201475e+00 5.991033258431270880e-01 2.183860315154304121e+00 1.000000000000000000e+01 1.300000000000000000e+01 5.000000000000000000e+00 -1.458577132817892448e+02 1.888899999999961778e+02 2.060314295127960854e-02 -7.505486923613156058e-01 5.999254397135282524e+00
