1.410360044360953857e+00 1.453327550336017016e+00 4.576749044870860317e+00 5.004159786382126107e+00 9.054209717210233155e-01 6.891268165210536756e-01 8.123153004604712901e-01 3.075858864148607541e+00 9.000000000000000000e+00 1.000000000000000000e+01 4.000000000000000000e+00 -2.125445131813427452e+03 7.529999999999999716e+01 5.487195738339236684e+00 -2.259292781399528049e+00 6.601284808879140931e-01
1.429459100258207993e+00 1.894133980754323598e+00 6.333555139372652576e+00 4.632274009183036334e+00 1.888641338277460502e+00 5.092447433592786066e-01 6.257352608676882699e-01 3.494905590157536324e+00 8.000000000000000000e+00 1.100000000000000000e+01 3.000000000000000000e+00 -2.287101394322808574e+03 2.461800000000140471e+02 1.025071214517510221e+01 -3.891240812078858635e+00 2.026182595978872847e+00
1.012774492107121116e+00 2.002660576870364029e+00 5.047745668110037442e+00 8.152630295797809623e+00 1.865761684867092374e+00 2.027689886735429270e-01 8.395304014295185135e-01 2.597113301763129822e+00 1.000000000000000000e+01 6.000000000000000000e+00 3.000000000000000000e+00 -2.112726630033351739e+03 4.506000000000019412e+01 5.637289377084488962e+00 -1.620034497776354332e+00 4.734706113387692206e+00
2.755274359943886253e+00 2.246329658111115624e+00 3.602015234586048553e+00 4.001474673460605480e+00 1.672711649309799986e+00 5.566252328841649888e-01 4.283032571802709021e-01 2.644692095201061743e+00 8.000000000000000000e+00 1.100000000000000000e+01 3.000000000000000000e+00 -1.014846934752212974e+03 1.424500000000011823e+02 -2.478229275590891623e-02 -9.770220741203312187e+00 3.185077139764402876e+00
1.949575395684597146e+00 2.053984351942807596e+00 3.033725444179530495e+00 4.908599213782805393e+00 1.487782636547657855e+00 3.745524112820317053e-02 5.297521507394344908e-01 2.016583815882666553e+00 9.000000000000000000e+00 9.000000000000000000e+00 4.000000000000000000e+00 -2.332245031534049531e+02 2.700900000000045225e+02 6.136218947087667352e+00 3.098247114108875211e-01 1.976310191992010704e-02
2.829526682671783089e+00 2.574860748314685921e+00 4.690428632591715719e+00 7.377736273246686238e+00 2.448154872259946657e+00 5.331995595138645516e-01 8.136774334934360198e-01 2.613687731398482761e+00 7.000000000000000000e+00 1.800000000000000000e+01 4.000000000000000000e+00 -2.219792818332882689e+03 1.189800000000019935e+02 1.001892614580510532e+01 -6.105364910171660497e+00 1.498601979056941369e+00
1.883145104989195184e+00 2.478086768387205208e+00 4.934409893102657207e+00 6.627368426790972045e+00 2.051716829818507115e+00 1.514120550399988829e-02 6.986619801772580018e-01 2.915014078823414678e+00 8.000000000000000000e+00 1.300000000000000000e+01 5.000000000000000000e+00 -4.801550455327650297e+02 3.901299999999891384e+02 1.781812784579815556e+01 -4.814858229456774746e-02 6.142669818947000593e+00
2.103426521000055782e+00 1.990714033391626225e+00 5.852936797124843160e+00 5.905467998997368184e+00 1.222212519087635618e+00 2.168338531528066215e-01 6.007137501384622880e-01 2.233378991768496302e+00 9.000000000000000000e+00 1.000000000000000000e+01 5.000000000000000000e+00 -2.219297663033893514e+03 2.776999999999946453e+02 5.027978939618491516e+00 -1.388265282455405814e+00 1.495991560980126645e-01
1.319457360996525441e+00 7.982934464455644363e-01 3.110972954540412783e+00 4.469616578183813971e+00 2.515387135016839526e+00 4.471900276514225170e-01 3.142365340302998300e-01 2.538780285581962559e+00 6.000000000000000000e+00 7.000000000000000000e+00 4.000000000000000000e+00 -2.335769391515256075e+02 1.866899999999882880e+02 2.287984161966280863e-02 -1.098499598644911091e+00 6.280166509772922012e+00
1.802492561114301450e+00 1.267731981020820964e+00 4.431492577408209677e+00 4.544556026639093638e+00 2.258036779265232052e+00 2.305000981500321400e-02 6.582237264080681438e-01 2.259381981368561831e+00 9.000000000000000000e+00 1.100000000000000000e+01 5.000000000000000000e+00 -2.121877410264368791e+03 6.962999999999969702e+01 5.441400641523050474e+00 -1.540927160603864365e+01 2.446453814245741043e+00
2.583773722206172074e+00 2.273969760232672943e+00 3.500806237941489041e+00 5.200030859355701196e+00 8.855754813579814755e-01 6.382248580951797035e-01 4.717287484890821392e-01 3.439214445279157761e+00 9.000000000000000000e+00 1.000000000000000000e+01 5.000000000000000000e+00 -2.124510600210496705e+03 7.240000000000016200e+01 5.519412513156050082e+00 -1.108819628172195287e-02 5.799002351229084695e+00
2.362406887659164401e+00 1.684319801601080080e+00 4.448388933542744894e+00 5.956178171368657459e+00 6.576862318419193221e-01 3.660155816263975792e-01 8.658987766725468882e-01 2.642550354802493562e+00 8.000000000000000000e+00 1.600000000000000000e+01 4.000000000000000000e+00 -2.442012457310642901e+02 2.735999999999979764e+02 1.248462362701880692e-02 -1.492747946044236995e+00 1.150358753117394356e-01
2.126177689196353526e+00 1.501908784057217616e+00 4.145625832222292750e+00 4.559949414077876462e+00 1.457507626288113922e+00 1.189848525478220953e+00 8.121674310974313915e-01 3.039587259525273755e+00 7.000000000000000000e+00 1.200000000000000000e+01 4.000000000000000000e+00 -2.218024941668542397e+03 1.011600000000008066e+02 1.046530885428386348e+01 -3.839952720597973101e+00 1.140772680570736108e+00
2.426052523394118587e+00 1.659881140344859451e+00 3.032700609915177647e+00 2.627975397844950933e+00 2.361039295833076146e+00 9.082925172788708368e-02 7.319503183743863994e-01 3.607429648321387461e+00 8.000000000000000000e+00 1.100000000000000000e+01 4.000000000000000000e+00 -1.048046345731046813e+03 2.321000000000123009e+02 -6.587495127457716759e-02 -1.029567482880075246e+01 3.073680341287295281e+00
2.665808279952632809e+00 2.112844208783566824e+00 4.193833305572930215e+00 5.552535139114722185e+00 1.716209906641311900e+00 3.819150371042696612e-01 7.240380477347979626e-01 3.198353254730238682e+00 1.000000000000000000e+01 1.100000000000000000e+01 4.000000000000000000e+00 -2.653089138178096960e+02 3.301100000000244563e+02 6.265869613612340849e+00 4.440161963652997784e-02 4.729458446365120833e-02
1.347914642375265482e+00 2.576572871100603734e+00 4.294736480606227147e+00 4.786141738064019435e+00 1.524929917906543420e+00 8.685983045142661729e-03 8.826581318985042834e-01 2.012956015721500069e+00 8.000000000000000000e+00 1.300000000000000000e+01 4.000000000000000000e+00 -3.239182373283384777e+02 3.901299999999891384e+02 8.053327333021494283e+00 3.473292323774162527e-01 6.238177682681564029e+00
1.432592392574735918e+00 2.184253808087496473e+00 6.113232791415736500e+00 2.262362985104669377e+00 1.605802327789078721e+00 1.825070116360771877e-01 5.348713827633839735e-01 3.011912176690999310e+00 7.000000000000000000e+00 1.200000000000000000e+01 4.000000000000000000e+00 -4.272001609476820931e+02 3.601200000000105774e+02 1.544626005922980205e+01 -5.786010499419806941e-01 6.214249756824295368e+00
1.802478158537633712e+00 1.698709146840259532e+00 2.055030028885361126e+00 6.609276989797591817e+00 1.871958953004272175e+00 5.673726121591673444e-01 8.798070509404751771e-01 3.980194028814149743e+00 8.000000000000000000e+00 1.100000000000000000e+01 3.000000000000000000e+00 -2.260617807767708200e+03 3.684999999999986642e+01 1.513705048548176357e+01 -4.508638662756222715e+00 3.160654386902067348e+00
2.665224159490445999e+00 2.384314413989217840e+00 8.246671245702525965e+00 2.866680636711212316e+00 2.265945169190231478e+00 5.974418564172981894e-01 8.214925357563223063e-01 2.392275174780737146e+00 8.000000000000000000e+00 7.000000000000000000e+00 4.000000000000000000e+00 -2.137550412484518802e+03 1.134699999999954230e+02 5.050963280282585899e+00 -3.669385541118018956e+00 6.235935997166336620e+00
2.319511563225121975e+00 9.302171212707927017e-01 4.171807071943092637e+00 3.994854576442906868e+00 1.561635340865787924e+00 9.135267270799007910e-01 4.867932489110280980e-01 3.544394249893747517e+00 1.100000000000000000e+01 1.700000000000000000e+01 4.000000000000000000e+00 -2.309498967144574635e+03 1.212100000000010454e+02 1.555587294653587094e+01 -5.293374626376254888e+00 3.851426458078287318e+00
2.279037014005115491e+00 2.255271458665517148e+00 2.901380615922890982e+00 2.352832534387308439e+00 2.399308734735455140e+00 6.007580053125151087e-01 7.433474568558009477e-01 3.203768507968014045e+00 1.000000000000000000e+01 1.400000000000000000e+01 3.000000000000000000e+00 -2.273743770455735103e+03 5.334000000000017394e+01 1.544211065348345002e+01 -3.412207265563447667e+00 1.599050958717460169e+00
2.525410624731660558e+00 2.636036316764216458e+00 1.964059455773950580e+00 6.935276616118684956e+00 2.541646499943493342e+00 4.900344263664005995e-01 5.952906150995128653e-01 3.302591039471890255e+00 5.000000000000000000e+00 1.000000000000000000e+01 3.000000000000000000e+00 -2.259501920161806083e+03 3.350000000000020606e+01 1.517199501011288731e+01 -2.655560018458569260e+00 1.083106302972367319e+00
1.281737009822633944e+00 1.371262828078179785e+00 5.375490837256892362e+00 3.780719534328698117e+00 1.335530967300405436e+00 4.942854432250221031e-01 7.610803106326730072e-01 2.198601859590335827e+00 1.000000000000000000e+01 1.100000000000000000e+01 4.000000000000000000e+00 -2.728679266414014819e+02 3.301100000000244563e+02 6.738307915086828359e+00 4.014914526876041667e-01 1.101798654792251753e-01
2.167573131672558162e+00 1.821652275385181596e+00 2.183636034108569657e+00 2.525651889145372309e+00 1.272259281329113367e+00 6.738316827674766252e-01 3.927765843337789886e-01 2.419359584489651827e+00 9.000000000000000000e+00 1.100000000000000000e+01 5.000000000000000000e+00 -2.154231047274856337e+03 1.281499999999994088e+02 5.634752954678551973e+00 -2.885813270974781908e+00 1.871769976457733575e+00
2.454475596319597219e+00 1.996466199922190210e+00 2.370381033660994063e+00 8.145164182556666077e+00 2.086854955885975915e+00 4.771565842960217574e-01 8.023452399361699072e-01 2.257951617271119371e+00 7.000000000000000000e+00 8.000000000000000000e+00 3.000000000000000000e+00 -2.286292447067467606e+02 2.400800000000151329e+02 6.786827794171198747e+00 1.457174639643802616e-01 9.900060671477391161e-02
1.840928074112346602e+00 2.066243797346306810e+00 5.597660447542208928e+00 4.280862843934748696e+00 2.193055863389730575e+00 2.274453283844107554e-01 7.827188950862016270e-01 2.540272028401834969e+00 7.000000000000000000e+00 6.000000000000000000e+00 4.000000000000000000e+00 -2.263491783655723339e+03 5.454000000000055337e+01 1.476386147848268848e+01 -8.772492473313757699e-01 3.688388688364088730e-02
2.823902140704156238e+00 2.512836065764985971e+00 3.417471924186719967e+00 6.089687293608553098e+00 2.386325319865899353e+00 6.490113061400140104e-01 9.182522408811184533e-01 2.559748422909143617e+00 7.000000000000000000e+00 9.000000000000000000e+00 2.000000000000000000e+00 -2.341505761276122030e+03 1.947600000000061016e+02 1.525786007975743530e+01 -2.932367475616858288e-01 2.423394478024286369e-01
2.916813727503964060e+00 2.636193407836858960e+00 5.411940101958666816e+00 2.535332687333829327e+00 1.926378883241130158e+00 5.860561428303223686e-01 8.079842252408160341e-01 2.307560914442928546e+00 8.000000000000000000e+00 1.000000000000000000e+01 4.000000000000000000e+00 -2.142282145450532880e+03 2.037999999999927070e+02 2.523884090658521373e+00 -6.069044744005651637e-01 6.269446732145580903e+00
2.223195543771516736e+00 2.125123188533708962e+00 2.578639898683813492e+00 5.682161897373278592e+00 2.888283052935770812e+00 4.349650048969810334e-01 7.904966232575485474e-01 2.389787822998707068e+00 6.000000000000000000e+00 1.100000000000000000e+01 5.000000000000000000e+00 -2.272860124455639379e+03 5.015999999999979764e+01 1.548625777847745510e+01 -5.718056733442796968e+00 1.728319462338665513e+00
2.984257521558522086e+00 1.851314479653364042e+00 4.195872914790035324e+00 6.066766066107403432e+00 2.325432589166559261e+00 2.762912712505067869e-01 9.762870836594459423e-01 2.470195606411575540e+00 8.000000000000000000e+00 9.000000000000000000e+00 4.000000000000000000e+00 -2.410267595578766873e+02 2.700900000000045225e+02 6.623859972367151627e+00 -1.093716589756159180e-01 6.273003604640623010e+00
1.611331273182933010e+00 1.852056917234875533e+00 4.936955824686505068e+00 8.472642169792271361e+00 1.348487263068113284e+00 7.083831118295584872e-01 7.666272710390847900e-01 2.181627789159942488e+00 1.000000000000000000e+01 6.000000000000000000e+00 3.000000000000000000e+00 -2.204221192937692649e+03 7.194000000000120565e+01 1.051569955860575689e+01 -9.608180273481888023e-02 4.064519043842187984e-02
2.119892815606904790e+00 2.741280054056701498e+00 5.900930042640805340e+00 2.819478990888023784e+00 1.437020218843034103e+00 4.653435380128401189e-01 8.804856965230450916e-01 2.688299204739391879e+00 9.000000000000000000e+00 1.200000000000000000e+01 3.000000000000000000e+00 -2.232023290707605611e+03 1.273200000000017980e+02 1.052270566922530470e+01 -2.503645121554714859e+00 1.096474794497715122e+00
1.201320936046156529e+00 2.012664628764644803e+00 4.647791040191586731e+00 6.244677871192543250e+00 1.411499759462087944e+00 2.454531897505742299e-01 4.785001069982613431e-01 2.408060929939503936e+00 8.000000000000000000e+00 1.200000000000000000e+01 4.000000000000000000e+00 -2.927268167427305343e+02 3.601200000000105774e+02 7.041676046420329627e+00 1.863365223436415363e-01 1.788645645509009119e-01
1.728009260952829917e+00 1.779496406247176976e+00 2.971279445216177706e+00 2.390510730534971096e+00 2.080994912770401051e+00 7.034619963629694661e-01 4.198229728769202751e-01 2.982760470016482035e+00 9.000000000000000000e+00 1.400000000000000000e+01 5.000000000000000000e+00 -2.242907005601287892e+03 3.217199999999816100e+02 5.127937850081049298e+00 -1.118339213337645432e+01 2.034201251297368174e+00
1.404226418320719816e+00 2.191201097406530796e+00 5.440342093423477188e+00 7.498010733395539695e+00 2.218130782530405298e+00 2.095243828263186892e-01 8.582810265556521934e-01 3.392974762381083753e+00 9.000000000000000000e+00 1.200000000000000000e+01 5.000000000000000000e+00 -2.418048689176228436e+03 3.466800000000100681e+02 1.529429307351394129e+01 -3.487453426432148174e+00 1.234855998400143706e+00
1.755293312029669872e+00 8.103598716273727742e-01 3.683876018637860295e+00 4.911510377787222659e+00 2.327878537546312021e+00 4.920157556868206550e-01 6.898528570876721888e-01 2.354706218817228081e+00 9.000000000000000000e+00 1.300000000000000000e+01 4.000000000000000000e+00 -4.689206166454545155e+02 3.901299999999891384e+02 1.711597604034124487e+01 2.749376514176678499e-01 6.245435537212652655e+00
1.723929092007264297e+00 9.036305563623739934e-01 3.484856789128024879e+00 6.258034249886877731e+00 2.135996958949531344e+00 7.137076523454085608e-01 8.588533781533039813e-01 2.401901885645099988e+00 1.100000000000000000e+01 1.200000000000000000e+01 4.000000000000000000e+00 -2.271598321607598336e+03 2.138400000000050625e+02 1.029239510047476003e+01 -8.891239665200952880e-01 7.216847851586889739e-02
2.645112351788927452e+00 1.583020376757134695e+00 4.408942626831787059e+00 4.755472718395714615e+00 1.207372711074619964e+00 8.377779150016118059e-02 7.650626232463885179e-01 3.339526854906603059e+00 1.000000000000000000e+01 1.100000000000000000e+01 4.000000000000000000e+00 -2.145445920591266713e+03 1.151699999999994617e+02 5.491307536954201929e+00 -1.001367182527046901e-01 1.166280353468179543e-01
2.626123902646445796e+00 2.532134405838745828e+00 4.848611337853890646e+00 2.093526394501275867e+00 1.486531131412004658e+00 1.123543690610708801e+00 8.761034223177354141e-01 2.633684760327062335e+00 8.000000000000000000e+00 8.000000000000000000e+00 4.000000000000000000e+00 -2.092440703740531717e+03 1.054399999999981077e+02 2.482543983783290553e+00 -2.315707982812695853e+00 1.480585518370145237e-01
4.620389090577207147e-01 7.668620300062165551e-01 2.170341951651842294e+00 4.045008952063544605e+00 2.419723342675718314e+00 1.387274743272486066e-01 4.574563197190025798e-01 2.188351821348855974e+00 8.000000000000000000e+00 9.000000000000000000e+00 4.000000000000000000e+00 -2.057169994802470399e+02 2.700900000000045225e+02 4.416999967515298664e+00 -2.106092760932702035e+00 2.278395860557989872e-01
2.089184646897827236e+00 2.349805893539797186e+00 3.892887618988280174e+00 4.718535681095507250e+00 9.481549042227280788e-01 4.186402147233243554e-01 7.495681374532918717e-01 2.222593627103700342e+00 9.000000000000000000e+00 1.300000000000000000e+01 5.000000000000000000e+00 -2.497987858872308493e+02 3.121299999999918668e+02 1.465367380852890603e-02 -1.037081200954701243e+00 1.442626541568100829e-01
2.019603317126851039e+00 1.147613438150030696e+00 2.710596496172485104e+00 5.372661872615827505e+00 3.587009044961776971e-01 3.774963469317881293e-01 1.570265281400564372e-01 2.157556170187391764e+00 6.000000000000000000e+00 1.000000000000000000e+01 4.000000000000000000e+00 -2.272817352916455093e+03 4.910000000000042775e+01 1.551670955727843015e+01 -3.077650258251951043e-01 5.730814599689260797e-02
1.251329691247560438e+00 1.198539333028254772e+00 4.531169592172664906e+00 3.187644375773833971e+00 1.495280982412275028e+00 5.372704501310221481e-01 9.594278185115684421e-01 2.872263645818585065e+00 1.100000000000000000e+01 7.000000000000000000e+00 3.000000000000000000e+00 -9.425171731420481365e+02 1.514799999999917191e+02 -1.196098786701756123e-02 -1.085325783725966708e+01 2.845775632033015867e+00
2.898794407205449009e+00 2.043169326338070135e+00 3.450322045641757818e+00 8.690790655150122390e+00 1.938411637149292321e+00 7.342164259912157265e-01 7.799213362992571952e-01 2.975041633331436675e+00 9.000000000000000000e+00 5.000000000000000000e+00 3.000000000000000000e+00 -2.261501559208078561e+03 2.575000000000023093e+01 1.553915995050490650e+01 -4.710861939173635049e-01 6.119108999672724813e+00
1.064968380161906758e+00 2.492876999056250042e+00 4.268217880281894416e+00 2.984725725755479786e+00 2.095464513433773046e+00 1.219646067408386436e+00 6.522653077327824622e-01 2.160134367309423098e+00 8.000000000000000000e+00 1.400000000000000000e+01 5.000000000000000000e+00 -2.292623422599477635e+03 8.526000000000030354e+01 1.562458891246734005e+01 -1.911833070882152485e+00 1.100386162476079566e+00
2.862275880489102420e+00 2.805638534963418529e+00 4.509893173213146866e+00 4.926836118308785650e+00 2.812134117634084163e+00 6.590063815770197397e-02 8.081853335802422489e-01 3.055123537608731343e+00 6.000000000000000000e+00 9.000000000000000000e+00 3.000000000000000000e+00 -2.293464126168631537e+03 8.883000000000210150e+01 1.556557038553941474e+01 -3.882162149157517117e+00 5.311230294079083869e+00
1.177764459192450985e+00 1.221827738005436537e+00 5.865280685286909268e+00 3.046099870566049361e+00 2.064876839622738380e+00 4.311008696715211697e-01 3.057260148455265836e-01 2.964142780888241457e+00 1.000000000000000000e+01 1.300000000000000000e+01 4.000000000000000000e+00 -2.509559977794047256e+02 2.265899999999948591e+02 2.092622479468364202e-02 -1.216219503286102288e+00 6.270743841859911072e+00
2.081999368366032055e+00 2.042199383480656660e+00 1.503115284689892750e+00 5.804165418717769143e+00 6.779595960944359012e-01 1.027959655507201475e+00 5.991033258431270880e-01 2.183860315154304121e+00 1.000000000000000000e+01 1.300000000000000000e+01 5.000000000000000000e+00 -1.458577132817892448e+02 1.888899999999961778e+02 2.060314295127960854e-02 -7.505486923613156058e-01 5.999254397135282524e+00
