2.729035295759290491e+00 2.763985045982178868e+00 2.053236876893160812e+00 7.743705151624355132e+00 2.232557186511987535e+00 2.111294072309854442e-01 5.617154563392517952e-01 2.548876290762567276e+00 1.000000000000000000e+01 1.200000000000000000e+01 5.000000000000000000e+00 -2.216661958282930755e+03 2.548800000000066177e+02 5.576372392682964474e+00 -1.112028752591718828e+01 9.315997318697495366e-01
2.565113481272593088e+00 1.097048560447470678e+00 3.604385828805320102e+00 3.989290461171510760e+00 6.466338140214787922e-01 1.275034637757830769e+00 5.090220099571650669e-01 2.136800048763854321e+00 1.000000000000000000e+01 1.100000000000000000e+01 4.000000000000000000e+00 -2.275567504235670185e+03 5.884999999999975273e+01 1.538390651472939830e+01 -1.410924487986905618e+00 6.237100698286539568e+00
2.962134838183116070e+00 2.093076213352786485e+00 3.590098603664383603e+00 4.185732685863451152e+00 1.469086332465167066e+00 1.806199321219332798e-01 6.798954867144577641e-01 2.875375273918207686e+00 9.000000000000000000e+00 1.000000000000000000e+01 4.000000000000000000e+00 -2.127718223815142665e+03 9.129999999999908766e+01 5.129263988446439271e+00 -3.195978275773771582e+00 1.150666934518947082e+00
2.153757557445927340e+00 2.415824884883880141e+00 3.095860766991652469e+00 5.257393916622858043e+00 6.951738570990635413e-01 1.014367205090401125e+00 9.706169405467452993e-01 2.145031210582374115e+00 7.000000000000000000e+00 7.000000000000000000e+00 3.000000000000000000e+00 -2.130438391331997991e+03 9.176999999999753754e+01 5.284586958249937183e+00 -1.004585379366891518e+00 3.543704293466350130e-02
2.131286523993704662e+00 1.756365332663889278e+00 4.779662826814089271e+00 2.664644322834439194e+00 2.030115150377299393e+00 8.384164235624352868e-01 6.966480672575410260e-01 2.047965160272269269e+00 7.000000000000000000e+00 7.000000000000000000e+00 5.000000000000000000e+00 -2.162925239964914908e+03 1.672999999999901775e+02 4.954702497807484285e+00 -7.794848468135850972e-01 5.802000743359791102e+00
2.312782080335300527e+00 1.441400403471258418e+00 5.118776630299665342e+00 4.008214258085334158e+00 1.997287103113118079e+00 5.729730641695285343e-01 4.250013534529872294e-01 2.374079266611077710e+00 1.000000000000000000e+01 1.200000000000000000e+01 4.000000000000000000e+00 -2.820662981191084100e+02 3.601200000000105774e+02 6.375393632443943304e+00 1.182828952133686828e-01 6.214979969840107366e+00
2.086327777188855315e+00 1.303448821706658878e+00 4.275295314308969807e+00 5.328867142506876320e+00 1.771008534403209378e+00 3.397134279395597201e-02 6.608345653879187376e-01 2.056543925613046664e+00 8.000000000000000000e+00 3.000000000000000000e+00 4.000000000000000000e+00 -2.255825057246066535e+03 1.568999999999985739e+01 1.549875357787915320e+01 -2.479846454944417689e-01 6.199550233326498905e+00
2.236686752278811419e+00 1.652129288595084677e+00 2.291766031174434559e+00 7.921605949882232878e+00 1.132853890934095276e+00 3.841000545707562996e-01 7.842653762241720283e-01 2.432908509149131593e+00 9.000000000000000000e+00 1.400000000000000000e+01 4.000000000000000000e+00 -3.181482539753056926e+02 4.201399999999720194e+02 6.754890873457479294e+00 -2.322496712892414550e-01 4.902102010221240369e-02
2.281618523550793309e+00 2.036495676207189742e+00 3.597227713190360721e+00 3.217986403135747686e+00 1.923333071188477295e+00 4.999579159083525903e-01 7.673937197598943438e-01 3.022937279993564985e+00 6.000000000000000000e+00 6.000000000000000000e+00 3.000000000000000000e+00 -2.259531759836201218e+03 2.741999999999979920e+01 1.536385998976258271e+01 1.198701807821317411e-01 6.171729579145805999e+00
1.839781118389416381e+00 2.058589482969389373e+00 3.532382199007549239e+00 3.690941991349439455e+00 1.653636631223961428e+00 1.061008635956597612e-01 8.741334705012046014e-01 3.199083468800965946e+00 1.000000000000000000e+01 1.400000000000000000e+01 4.000000000000000000e+00 -3.275579975531451851e+02 4.201399999999720194e+02 7.342999847072449349e+00 3.177535233132851300e-02 6.136055365016578556e+00
1.944088129635381135e+00 1.676337981537920685e+00 4.706785729396522733e+00 5.841671215450986665e+00 4.880674005445055919e-01 3.583221655759031843e-01 7.526802335425852863e-01 2.612532060297421577e+00 1.000000000000000000e+01 8.000000000000000000e+00 5.000000000000000000e+00 -2.265623863441371668e+03 3.471999999999961517e+01 1.551649146508575505e+01 -1.201804652614915092e+00 6.261811693545884516e+00
1.122727568343805604e+00 1.819136354783006837e+00 4.098722922059164553e+00 6.572130729820355732e+00 1.834139760324078328e+00 8.601707128255277057e-01 5.642590895310898302e-01 3.179283076303654365e+00 1.100000000000000000e+01 7.000000000000000000e+00 4.000000000000000000e+00 -2.132297495433500899e+03 9.029999999999768079e+01 5.446718464593859999e+00 -1.191679990318199822e+00 6.234601531268916474e+00
1.005148634622136772e+00 1.418815559560804740e+00 6.058008026345496511e+00 5.517150656818138543e+00 1.240478691158503288e+00 2.135353107906115266e-01 8.061268701724426666e-01 3.875243360639546442e+00 1.100000000000000000e+01 1.100000000000000000e+01 5.000000000000000000e+00 -2.265723173833977853e+03 3.255999999999988859e+01 1.559019836462362818e+01 -7.299476142204898821e+00 1.773040157745810363e+00
1.879124373836777995e+00 2.661678948376688947e+00 4.490207480757542058e+00 3.970792926458709182e+00 2.123730654101569915e+00 3.295360068057394676e-01 8.320404875997736704e-01 2.447396428888195974e+00 1.000000000000000000e+01 1.000000000000000000e+01 4.000000000000000000e+00 -2.267369032598189278e+03 5.400000000000049738e+01 1.502306453738680858e+01 -3.101687659645766981e+00 9.520203704324924354e-01
1.405189655857962183e+00 2.422414270955569826e+00 5.721209048646755058e+00 6.149202904626385191e+00 3.070641655941983572e-01 1.868791264680770836e-01 5.581224495870472646e-01 2.853764680113033414e+00 8.000000000000000000e+00 9.000000000000000000e+00 4.000000000000000000e+00 -2.265255542262299514e+03 3.411000000000003496e+01 1.551253389139371919e+01 -1.004173744449480044e+00 6.278226876620125907e+00
1.795961774629522889e+00 1.342160403552748793e+00 3.447260687865765227e+00 7.276226920629611961e+00 1.049375986720042286e+00 9.013970740914493962e-02 8.225870200242881847e-01 3.369794811966612347e+00 1.100000000000000000e+01 1.400000000000000000e+01 5.000000000000000000e+00 -2.142031103461342809e+03 1.048600000000003831e+02 5.600068966333907383e+00 -2.475894715491702702e-01 9.476356732329147547e-01
2.600538014077293791e+00 2.125286422903178707e+00 4.411125589714383288e+00 8.210627141204334123e+00 1.803447972073530803e+00 7.693392505512635093e-01 7.460342646247095644e-01 2.478991731699333290e+00 1.000000000000000000e+01 8.000000000000000000e+00 5.000000000000000000e+00 -2.133060751500916467e+03 8.903999999999845727e+01 5.533796968807332739e+00 -4.460792927599824820e-01 5.839218815791561212e+00
2.682616636992787740e+00 1.788897048598616202e+00 5.753310841147240673e+00 6.496507998822615093e+00 1.743189443719557197e+00 3.755965047747666929e-03 6.448935773529881343e-01 3.099418898975346615e+00 9.000000000000000000e+00 1.600000000000000000e+01 4.000000000000000000e+00 -3.561613937480838104e+02 4.801600000000302657e+02 7.255087109254293232e+00 3.112461907162850649e-01 6.246834597894233454e+00
2.081999368366032055e+00 2.042199383480656660e+00 1.503115284689892750e+00 5.804165418717769143e+00 6.779595960944359012e-01 1.027959655507201475e+00 5.991033258431270880e-01 2.183860315154304121e+00 1.000000000000000000e+01 1.300000000000000000e+01 5.000000000000000000e+00 -1.458577132817892448e+02 1.888899999999961778e+02 2.060314295127960854e-02 -7.505486923613156058e-01 5.999254397135282524e+00
2.931995860733606740e+00 1.745467789067632669e+00 4.811232599782163888e+00 3.833098551957542455e+00 1.614895031967929606e+00 7.203326114262098567e-01 5.789259880088016841e-01 2.896090408163733976e+00 8.000000000000000000e+00 4.000000000000000000e+00 4.000000000000000000e+00 -2.252818778951786499e+03 1.551999999999984503e+01 1.531617368448666738e+01 -1.235209562977513720e+00 6.109315904451738000e+00
1.950637605327126156e+00 1.370875533919872158e+00 4.446809325032419657e+00 8.638869988619779505e+00 1.017695641761307446e+00 9.801569226804813795e-01 4.106769273785133012e-01 2.229373423809388743e+00 1.000000000000000000e+01 1.200000000000000000e+01 4.000000000000000000e+00 -2.162716308670148919e+03 1.515600000000027023e+02 5.433519291884233660e+00 -1.399738825132456954e+00 5.113039325784819455e-01
1.758134276313728872e+00 1.145233856111950388e+00 4.883085514851995157e+00 3.847969025020760991e+00 1.291472838511364518e+00 3.532979747133535575e-01 4.646693348861311024e-01 2.492466809666785910e+00 1.000000000000000000e+01 1.000000000000000000e+01 3.000000000000000000e+00 -2.489902864025268627e+02 3.000999999999997385e+02 6.183767900157937980e+00 -2.606159474283376021e-01 1.140626841538981834e-01
1.647384055543032577e+00 2.245287288186756047e+00 3.124554081648326154e+00 5.215405104981257089e+00 1.269030138781573447e+00 4.696968814671758641e-01 7.124485508860269878e-01 3.005790427379518626e+00 8.000000000000000000e+00 1.300000000000000000e+01 4.000000000000000000e+00 -2.232223746284764275e+03 1.294799999999982560e+02 1.046773414279779857e+01 -6.316280777242035960e-01 4.232237308512575846e-01
2.234164908114918191e+00 1.025097976695605428e+00 2.413477814822399203e+00 9.045743962717615716e+00 4.455031708765384568e-01 9.486133340044338169e-01 5.378633114419625327e-01 2.834556595942966606e+00 9.000000000000000000e+00 8.000000000000000000e+00 3.000000000000000000e+00 -2.261420978062337781e+03 3.303999999999965098e+01 1.530631112889613021e+01 -9.470493383564266843e-01 5.844450785151554584e+00
2.390033120094696706e+00 1.877412509628600956e+00 4.877895048196651651e+00 7.971405909125209632e+00 1.974038218003216771e+00 4.748622709294940680e-01 7.601686379135494942e-01 3.238496664059003383e+00 1.000000000000000000e+01 1.000000000000000000e+01 3.000000000000000000e+00 -2.129467243877209967e+03 8.029999999999971294e+01 5.582327742325627007e+00 -1.407544106760884040e+00 9.641966154126754285e-01
2.811904016996188194e+00 1.912990099390187604e+00 4.849311552078865439e+00 6.776838575510093499e+00 1.841330273852278543e+00 5.340720188965368820e-01 5.923861518416358996e-01 2.751083694176702732e+00 8.000000000000000000e+00 1.200000000000000000e+01 4.000000000000000000e+00 -2.194925681592745150e+03 2.138400000000050625e+02 5.500355099546416326e+00 -2.778127732202971156e+00 4.383372471765641376e-01
1.600916815652667191e+00 1.667590463093905795e+00 3.926345612171365573e+00 6.245593121548228766e+00 1.114742784190875025e+00 6.195015511576027478e-01 3.938590067370034142e-01 2.016671825526307416e+00 9.000000000000000000e+00 1.200000000000000000e+01 4.000000000000000000e+00 -2.790769991674577568e+02 3.601200000000105774e+02 6.188562447965777480e+00 -5.406860621107052733e-02 3.283281126905746028e-02
1.320339998224122402e+00 2.322268622926706882e+00 2.699244749574585267e+00 5.325022411839049674e+00 4.789664097692840627e-01 5.980733733338017277e-01 4.621529247487710657e-01 2.127850374059446992e+00 1.100000000000000000e+01 1.800000000000000000e+01 5.000000000000000000e+00 -2.305409641223944618e+03 1.310400000000024363e+02 1.499310257649644917e+01 -1.205189139284826627e+00 5.723236792817853136e+00
2.725103075455911128e+00 1.938598735009170237e+00 4.046012783178202454e+00 5.704899170115725227e+00 1.227554093308323102e+00 8.262863459052500748e-01 5.487777937033697651e-01 2.012657998378182711e+00 9.000000000000000000e+00 6.000000000000000000e+00 4.000000000000000000e+00 -2.264520876244198917e+03 3.317999999999974392e+01 1.549567976526244273e+01 -4.735458684444412425e-01 4.934813818372819905e-02
9.184338114015748733e-01 2.912425921075370461e+00 6.422745689129633284e+00 4.267961149326991332e+00 2.071690672859689553e+00 6.288184426680305805e-02 7.849712886572236537e-01 2.272797133707531891e+00 7.000000000000000000e+00 1.300000000000000000e+01 5.000000000000000000e+00 -2.305442811207558407e+03 1.136199999999988108e+02 1.553955070047243048e+01 -1.468921276670112519e+00 1.114409379952747026e+00
2.374275810431435652e+00 2.126606439987469344e+00 4.207672486328695172e+00 7.336284936579196447e+00 1.739397934097865139e+00 4.042581018145590677e-01 6.103058106365005786e-01 2.614680857222325017e+00 6.000000000000000000e+00 1.100000000000000000e+01 4.000000000000000000e+00 -5.128423038307508932e+02 3.137200000000224236e+02 -4.921962144486008439e-03 -3.514745426088642599e+00 1.450890609131397335e+00
1.325332123654003658e+00 1.562937863171401487e+00 2.622436892600340297e+00 6.947030041058028793e+00 1.384548429294729432e+00 8.023652796556146605e-02 5.400144129727347808e-01 2.752370351250465585e+00 1.000000000000000000e+01 1.200000000000000000e+01 4.000000000000000000e+00 -2.208128820965540399e+03 8.172000000000006992e+01 1.045430131034628118e+01 -1.598339996173358257e-01 6.278579778573140757e+00
1.773281431449243550e+00 1.735773410855870891e-01 5.926163645247786604e+00 7.192750823948310668e+00 1.613161264315578380e+00 4.587290259013414306e-02 7.757028666922374249e-01 3.478446105656788578e+00 1.000000000000000000e+01 1.700000000000000000e+01 5.000000000000000000e+00 -2.360140157280572566e+03 2.228699999999941213e+02 1.554407233003595756e+01 -6.603900421055145742e+00 1.016061423602483860e+00
1.375874840260218557e+00 2.186525508274216545e+00 4.803602208810277219e+00 2.107946214118133987e+00 2.654036217574061052e+00 5.769430292822608219e-01 7.488373460954226291e-01 2.015926367116451789e+00 1.100000000000000000e+01 7.000000000000000000e+00 5.000000000000000000e+00 -2.174877146793042357e+03 1.773099999999892020e+02 5.388884174565517604e+00 -1.203801845490267253e+00 6.062780083409955445e-01
2.027519497926096204e+00 1.345136126878566873e+00 2.637474877865407574e+00 5.304207541165390616e+00 1.638111735213359399e+00 3.537103903930286508e-01 4.849655227444855665e-01 2.980030776447116114e+00 1.000000000000000000e+01 1.200000000000000000e+01 3.000000000000000000e+00 -2.261923159899376969e+03 1.928400000000042667e+02 1.034394749371095301e+01 -9.033305831216709159e-01 5.946494632012305992e+00
1.270039636346678380e+00 1.564433574016334205e+00 5.201642217206463137e+00 6.634758341019115768e+00 6.569658855343769588e-01 9.212825048541209427e-02 6.536943944356470304e-01 2.740492040361396597e+00 9.000000000000000000e+00 1.500000000000000000e+01 5.000000000000000000e+00 -3.274670428626836269e+02 4.501499999999774104e+02 6.399502678918433496e+00 -1.789455917763365100e-01 1.541205639221628620e-01
1.815638363588929050e+00 1.304510325597282749e+00 7.874169698488069358e+00 3.527259044440288704e+00 1.904465209298876749e+00 4.694359264127265230e-02 4.353029944328460910e-01 2.002467628028984592e+00 1.000000000000000000e+01 1.600000000000000000e+01 4.000000000000000000e+00 -5.239309718088458112e+02 4.801600000000302657e+02 1.774068573805191917e+01 1.857140346767311989e-01 8.308685497714696222e-02
2.167311295988154196e+00 2.135563593642101132e+00 3.792781920204661983e+00 4.361319839002463006e+00 1.094642779832727841e+00 4.124094616724509610e-01 6.991488278407858026e-01 2.931649539073911903e+00 7.000000000000000000e+00 6.000000000000000000e+00 4.000000000000000000e+00 -2.259472668055071608e+03 2.513999999999984780e+01 1.543141675344198305e+01 -9.110904281601621690e-01 1.898591329790500631e-02
2.215747780148198398e+00 1.069402812332767905e+00 6.062597148713739337e+00 6.338552901261454764e+00 1.470831451428726844e+00 3.427710338253887046e-01 7.545472523452286806e-01 3.736105726848773845e+00 9.000000000000000000e+00 1.800000000000000000e+01 5.000000000000000000e+00 -2.365540005865369494e+03 2.318400000000062562e+02 1.560125036658539166e+01 -2.970506230957343341e+00 3.947372210524763059e+00
2.571208860253774375e+00 1.582218968338797715e+00 3.635486104591230117e+00 4.065654715255769602e+00 1.380287391828068033e+00 2.263554583649145524e-01 6.402957854065397525e-01 2.390989685184564451e+00 8.000000000000000000e+00 1.300000000000000000e+01 4.000000000000000000e+00 -3.044886577140555346e+02 3.901299999999891384e+02 6.838978607128812115e+00 -1.146507008875753131e-01 6.234281897013396190e+00
2.665909177628830395e+00 8.439631342086815202e-01 6.563173930004679413e+00 3.581234328941465428e+00 1.529078701415773844e+00 7.138691614444883093e-01 4.550324866020536430e-01 2.198150099098455712e+00 1.000000000000000000e+01 4.000000000000000000e+00 3.000000000000000000e+00 -2.256852363096698355e+03 2.095999999999973085e+01 1.539827269354365669e+01 -1.655390703497697569e+00 3.844629744648486724e-01
2.690886602638385305e+00 2.543172820016554425e+00 2.118472074611490452e+00 3.273484875900962265e+00 2.015746620323853211e+00 2.364882963516015124e-01 7.825037915958755752e-01 2.992041428410941784e+00 5.000000000000000000e+00 6.000000000000000000e+00 4.000000000000000000e+00 -1.968927521716425986e+02 1.800600000000052887e+02 6.678922010727496250e+00 -1.910788495038810986e-01 6.271673050121123083e+00
1.815009520933779319e+00 1.937077361397940400e+00 2.158146332953912339e+00 6.242742986498044822e+00 1.767501252538685508e+00 5.854143006849304998e-01 6.306648388773286040e-01 2.433447967366510145e+00 7.000000000000000000e+00 8.000000000000000000e+00 4.000000000000000000e+00 -2.105392236670802049e+03 1.315199999999981628e+02 2.477014791925213011e+00 -1.757857689700611514e+00 1.116535614956515876e-01
2.331223997415299731e+00 1.677337230172561977e+00 1.185880694353992348e+00 4.717322842515051740e+00 8.649577522582444500e-01 2.197119795213737514e-01 5.941141164130607777e-01 2.004159438440177521e+00 1.100000000000000000e+01 1.400000000000000000e+01 4.000000000000000000e+00 -2.295908057920453757e+03 1.023400000000003729e+02 1.529612862002831619e+01 -4.541782935809051680e-01 1.790223239746493999e-01
2.873983026114391937e+00 1.744257369493103837e+00 3.130430174028768331e+00 7.839641257327953028e+00 1.618043866440534551e+00 6.128995461233925912e-01 6.539526982147148004e-01 2.931604275532430748e+00 9.000000000000000000e+00 1.400000000000000000e+01 5.000000000000000000e+00 -2.182608680395416741e+03 1.985199999999936153e+02 5.209292524713720951e+00 -3.532384811120724777e+00 7.639568761820370035e-01
1.381438149000633553e+00 1.252517678981545091e+00 3.986272302079104435e+00 5.613883090276820198e+00 2.002148060726650858e+00 6.700965212825562567e-01 9.732308697897535943e-01 2.020518803670897867e+00 6.000000000000000000e+00 1.200000000000000000e+01 4.000000000000000000e+00 -2.238450037457082999e+03 2.508000000000064631e+02 7.065627341067489908e+00 -2.750011345329727241e+00 8.585743686269859953e-01
1.406770748585373543e+00 2.110811682053318705e+00 3.520531944938380065e+00 6.693608938314662637e+00 1.866271833533376778e+00 2.982744222601196871e-01 5.791079646658204849e-01 2.748134803665498893e+00 9.000000000000000000e+00 5.000000000000000000e+00 4.000000000000000000e+00 -2.061847559769525105e+03 4.959999999999931930e+01 2.315472485595330365e+00 -1.182030137090921862e+00 1.060141243238094388e-01
2.723732806659556971e+00 2.322448289647299546e+00 1.782438134949525299e+00 8.036977332076137515e+00 1.621275570429127288e+00 6.741296927187121479e-01 5.791741987599503538e-01 2.511147180125241629e+00 9.000000000000000000e+00 1.400000000000000000e+01 5.000000000000000000e+00 -1.619099313183369588e+02 2.507399999999885267e+02 1.504725432160762717e-02 -1.174440019419076719e+00 3.384475485941978445e-01
