2.250245186274531850e+00 1.316533717173106632e+00 4.157417073122318563e+00 5.132471766715278605e+00 2.833773754599443251e+00 3.976977078822946376e-01 3.780471980912991636e-01 2.495865705917115207e+00 8.000000000000000000e+00 1.200000000000000000e+01 3.000000000000000000e+00 -2.120333746927996799e+03 6.371999999999940911e+01 5.529609182999824846e+00 -2.240930775983924406e+01 2.403811216299800435e+00
2.293073428955366921e+00 9.792838881893416447e-01 2.883822513592357861e+00 6.300561702403564723e+00 2.391224878901131223e+00 4.826731770032831603e-01 8.480396345127565461e-01 2.338084440718543267e+00 1.000000000000000000e+01 1.300000000000000000e+01 5.000000000000000000e+00 -2.252279862386758850e+03 3.259099999999913848e+02 5.582803899172693818e+00 -2.539218301726740012e+00 1.338899736124630868e+00
2.724340352438808566e+00 1.324833619934916662e+00 8.629420785551303652e+00 4.716540427506237698e+00 1.147513283583095234e+00 3.722131720460872262e-01 5.120442158160047885e-01 2.074715957449565273e+00 8.000000000000000000e+00 1.600000000000000000e+01 4.000000000000000000e+00 -3.564490278425820406e+02 4.505600000000256387e+02 2.318392281634073376e-02 -1.284626376095565403e+00 3.442378179567910645e-02
3.885305286454223128e-01 1.152595443718085422e+00 3.652285407977966081e+00 6.546314674825342905e+00 1.888181369365364404e+00 5.013112173194359533e-01 8.350570417020377612e-01 3.418875718774297745e+00 1.000000000000000000e+01 1.000000000000000000e+01 4.000000000000000000e+00 -2.291846729905967095e+03 2.509999999999900240e+02 1.039667061912324897e+01 -1.003548418811439635e+00 6.744409961541457665e-01
1.911550722861585117e+00 2.225125273886583877e+00 1.980337803981497169e+00 2.781569119605800111e+00 1.754038864742478054e+00 5.311379616873418419e-02 5.827824934338985408e-01 2.626379218395622495e+00 8.000000000000000000e+00 8.000000000000000000e+00 4.000000000000000000e+00 -9.792746718176250624e+02 2.244800000000126943e+02 -7.584476993651019516e-02 -1.136790059297765332e+01 3.477337534721019363e+00
2.068904023383041579e+00 8.568897185176080900e-01 6.224663150852315141e+00 2.545394931873006250e+00 1.421541675333755528e+00 7.211701145852100758e-01 3.917641210154079734e-01 2.569796768196613623e+00 7.000000000000000000e+00 1.100000000000000000e+01 4.000000000000000000e+00 -1.928321966249495176e+02 3.301100000000244563e+02 1.736074789058581036e+00 -1.771130866210905708e-01 4.734082214543625100e-02
2.797133400160217054e+00 8.408100860608183069e-01 5.570860559602770046e+00 5.410054087344217777e+00 2.962806136079742636e+00 7.222797125980549016e-01 8.185514279423399264e-01 2.988623321659744647e+00 9.000000000000000000e+00 1.000000000000000000e+01 4.000000000000000000e+00 -2.156019272904280569e+03 1.370999999999964984e+02 5.466829556517641464e+00 -1.302986349656491960e+00 3.328389301432306824e-01
2.677913274501261931e+00 2.366168276345530952e+00 5.280649451992610821e+00 5.072925239643638839e+00 1.253617905444319947e+00 6.910571640432413565e-01 6.535726983166508797e-01 2.559435257132125052e+00 9.000000000000000000e+00 9.000000000000000000e+00 4.000000000000000000e+00 -2.278839604075790248e+03 6.111000000000105814e+01 1.551778775473687055e+01 -1.244075671792867821e+00 5.341107350653901964e-01
1.909039885733502917e+00 1.712016074010746625e+00 3.222056056533579849e+00 5.213582798278363128e+00 2.576393239061938623e+00 7.227890775059265804e-01 5.502183836506697734e-01 2.068851066306403474e+00 7.000000000000000000e+00 1.500000000000000000e+01 5.000000000000000000e+00 -2.284497742232695600e+03 3.943499999999858687e+02 5.457671389543930829e+00 -7.914434322720270032e+00 2.662991141100520487e+00
2.318582798950650226e+00 1.779240619332027151e+00 2.848037911516756893e+00 2.697677673741521343e+00 1.203592624836098635e+00 4.367981380378246903e-01 7.684913941875399779e-01 2.176984691003502004e+00 1.000000000000000000e+01 1.100000000000000000e+01 4.000000000000000000e+00 -2.652464787714591239e+02 3.301100000000244563e+02 6.261967423215432760e+00 -1.759047080533844287e-01 6.269648694070127704e+00
2.383986771390379733e+00 9.953252796595180030e-01 2.481148552508862792e+00 4.694482391812213606e+00 2.166295521627674248e+00 2.888934988619720201e-01 4.996952873776187021e-01 2.442615623842949724e+00 9.000000000000000000e+00 1.400000000000000000e+01 4.000000000000000000e+00 -3.273939630263514005e+02 4.201399999999720194e+02 7.332747689147836034e+00 3.789537468388159969e-02 1.090593553347698474e-01
2.266904282374314406e+00 1.387570776825760355e+00 3.219514937043832070e+00 5.763963916408022747e+00 2.714679245331951485e+00 8.304688104859647702e-01 5.701841085244760965e-01 2.708592110445657397e+00 1.000000000000000000e+01 1.800000000000000000e+01 4.000000000000000000e+00 -5.513262466530134134e+02 5.401800000000090449e+02 1.757726541581305568e+01 4.705078699651170371e-02 6.263199684436385972e+00
1.831849401352973805e+00 3.755967123190553925e-01 2.863185436525330640e+00 7.879561813202964338e+00 1.485510760055662294e+00 6.196895433508212703e-01 7.726158658983630634e-01 2.193922758505356008e+00 8.000000000000000000e+00 1.600000000000000000e+01 4.000000000000000000e+00 -4.311310243121751000e+02 2.849599999999997522e+02 -6.979793092910496766e-03 -5.382411849361485423e+00 1.052783338840405092e+00
2.408923191731196845e+00 1.036830775434929741e+00 2.331598962443865108e+00 5.241376600253301099e+00 1.886278952085009175e+00 1.818717378359626657e-01 5.820392632310781300e-01 2.624810322460651157e+00 8.000000000000000000e+00 1.100000000000000000e+01 5.000000000000000000e+00 -2.270749281791152953e+03 4.443999999999982720e+01 1.553308011194705784e+01 -4.085689173863098489e+00 2.132218236073271544e+00
1.773963880314119335e+00 8.264221396176127943e-01 4.594574153806578742e+00 6.140363843036968916e+00 1.614104136171957915e+00 4.786345848533723468e-01 6.415585380857907749e-01 2.835098756767710171e+00 9.000000000000000000e+00 1.900000000000000000e+01 5.000000000000000000e+00 -2.211765479726689136e+03 9.062999999999939860e+01 1.040315498291810137e+01 -1.242536075563216080e+01 1.921700660779851244e+00
2.091921111625586249e+00 2.234963596283522147e+00 3.079910115808156323e+00 5.616606116409133875e+00 1.889835256015780507e+00 8.052899825541243173e-01 6.747139582413334002e-01 2.191898999506853851e+00 1.000000000000000000e+01 1.700000000000000000e+01 4.000000000000000000e+00 -5.235884630305182554e+02 5.101700000000154773e+02 1.678146643940690552e+01 -2.406072141854741914e-02 6.246065969182852839e+00
2.093463000044357258e+00 5.062258438970252961e-01 4.583483890667493732e+00 2.539523373194954026e+00 2.062270474955929078e+00 9.630957203599462835e-01 5.292047599950151504e-01 2.177911155118338993e+00 1.100000000000000000e+01 1.400000000000000000e+01 5.000000000000000000e+00 -2.379590512555737860e+03 2.895199999999847478e+02 1.467690703473408043e+01 -9.705935704942609821e-01 5.580448640854466014e+00
2.018619179637019201e+00 1.455252219768233157e+00 5.053940963916156548e+00 3.771557403919982843e+00 1.743102092714256202e+00 5.269161586564150568e-01 9.635075561565877855e-01 2.174792425234195470e+00 8.000000000000000000e+00 1.200000000000000000e+01 4.000000000000000000e+00 -4.427165909132379511e+02 3.601200000000105774e+02 1.641603693207704140e+01 1.345670870660338192e-01 6.256949001815313771e+00
1.892596663087386721e+00 9.992344562485262482e-01 2.450852189390100300e+00 3.819644040542908847e+00 1.992861904686388463e+00 4.644468681350348294e-01 8.461090917962273972e-01 2.224785966850201913e+00 9.000000000000000000e+00 1.200000000000000000e+01 4.000000000000000000e+00 -3.590592119661586139e+02 3.601200000000105774e+02 1.118745074788458460e+01 6.479866503069177108e-01 6.126560302875215136e+00
1.804296022726473936e+00 6.117984549803150429e-01 3.817046586251360285e+00 5.950396626966934832e+00 1.702568880766100134e+00 4.046837630715647283e-01 4.848400252495969065e-01 2.765534014735341550e+00 8.000000000000000000e+00 1.400000000000000000e+01 4.000000000000000000e+00 -2.172326266864277841e+03 1.723399999999961665e+02 5.384766679017483959e+00 -3.853206068995262079e+00 1.705279544372162448e+00
2.555218426665762710e+00 8.668078450739382657e-01 1.896143291118094432e+00 3.796079400673388893e+00 1.997856972814866516e+00 4.593079619957264326e-01 6.478943202281374214e-01 2.190268915805932970e+00 8.000000000000000000e+00 1.700000000000000000e+01 4.000000000000000000e+00 -2.283809076410918806e+03 7.446000000000057639e+01 1.541119227568239758e+01 -2.741068330432190336e+00 9.309367916131128240e-01
2.712771107848109597e+00 2.062834343692637962e+00 3.198814640248399233e+00 2.363103879023944476e+00 2.841362941880011483e+00 2.218384751610856798e-01 3.483532447372406082e-01 2.924483855491018414e+00 7.000000000000000000e+00 1.500000000000000000e+01 3.000000000000000000e+00 -2.275525210019584847e+03 6.329999999999957794e+01 1.524220062622406680e+01 -2.905283096599642789e+00 6.637710658602378189e-01
2.681992903340600254e+00 6.748451749291889401e-01 2.775076118002508085e+00 3.244285860338563587e+00 1.712169305012734455e+00 1.188372327658093086e+00 8.202789807305633785e-01 2.800234129659308735e+00 8.000000000000000000e+00 1.600000000000000000e+01 5.000000000000000000e+00 -2.222653824895129219e+03 1.086399999999983947e+02 1.052086405594562102e+01 -1.271398846597615240e+01 1.429505517391949532e+00
2.614172131873687022e+00 1.251578193325231236e+00 2.666303424281841750e+00 4.333199515623959108e+00 2.321178663759043470e+00 5.309755537563588534e-01 3.055721742639830874e-01 2.161098967115430369e+00 9.000000000000000000e+00 9.000000000000000000e+00 3.000000000000000000e+00 -2.280649289730013152e+03 8.568000000000198213e+01 1.486308060812575604e+01 -1.187788695813196904e+00 6.151689489537843336e+00
2.755490190430747166e+00 1.788941105518918162e+00 4.716775799599819408e+00 3.728340915029269453e+00 1.211571819383732596e+00 7.839497496005732868e-01 5.594104392430466755e-01 2.265913195045488049e+00 9.000000000000000000e+00 7.000000000000000000e+00 4.000000000000000000e+00 -2.122214388012183008e+03 6.747999999999990450e+01 5.529649250761431212e+00 -4.091023380696436895e-01 4.194857334502635759e-02
2.370909104064529149e+00 9.562305365007919278e-01 2.650223814926833121e+00 2.376324648408047135e+00 2.429031813373004667e+00 8.335021114636133044e-01 8.388715643975095393e-01 2.412165124050666076e+00 8.000000000000000000e+00 1.800000000000000000e+01 4.000000000000000000e+00 -2.377833697997404215e+03 2.563200000000071554e+02 1.560460612483754161e+01 -1.895514443266009375e+00 1.382761513355493577e+00
1.872303933023212075e+00 6.250232978816024909e-01 3.709670271761846827e+00 8.939222971721218158e+00 1.498016439342954698e+00 8.811090975953866922e-01 7.608517824446172639e-01 2.681951618288850092e+00 9.000000000000000000e+00 1.300000000000000000e+01 3.000000000000000000e+00 -2.197711812805176123e+03 6.383000000000054541e+01 1.036230080032348155e+01 -1.185918898502263730e+01 2.726020845906526269e+00
2.384061905924109492e+00 2.052162364071761225e+00 3.513268012195951862e+00 3.783842800937770701e+00 2.261151886295841074e+00 6.000246667207927986e-01 5.840722596727666582e-01 2.106300600011559609e+00 1.000000000000000000e+01 1.100000000000000000e+01 4.000000000000000000e+00 -2.734047115774084205e+02 3.301100000000244563e+02 6.771856973587260242e+00 3.646965461230175509e-01 6.250883814075156586e+00
1.447149298579923915e+00 5.503634591646954233e-01 4.637383752522985070e+00 7.907539489985209613e+00 1.964936329954180882e+00 1.186842219291495137e+00 5.311486600029549088e-01 2.958201235922834460e+00 1.000000000000000000e+01 1.000000000000000000e+01 3.000000000000000000e+00 -2.264519726693057237e+03 3.520000000000023022e+01 1.543248291831606167e+01 -7.099110328932152214e+00 2.833758420965423852e+00
2.571702020325216331e+00 1.739789336543347220e+00 4.437637087465073904e+00 5.746453201155158119e+00 2.278717998549641965e+00 7.323515355242360414e-01 7.232977791886581187e-01 2.399095695424957597e+00 8.000000000000000000e+00 1.600000000000000000e+01 4.000000000000000000e+00 -2.279236149765454229e+03 3.790400000000144587e+02 5.607259360340426824e+00 -6.411907000742478324e+00 4.878829727335317834e+00
2.011432328487970267e+00 5.776562802058788915e-01 3.324396248455529168e+00 6.870907577727556337e+00 2.082238568630533582e+00 1.412268800192718610e-01 4.525504235408854825e-01 2.553114470512848122e+00 1.100000000000000000e+01 1.400000000000000000e+01 5.000000000000000000e+00 -2.163343155185815249e+03 1.464399999999986903e+02 5.632697199113501973e+00 -1.517104081505036950e+00 1.283962867596005530e+00
2.188283823696036468e+00 1.531911017962312993e+00 3.133353280201955471e+00 5.372477784073019791e+00 1.305367055246315466e+00 5.517798721999891409e-01 8.057402312311439108e-01 2.383113606241072269e+00 1.100000000000000000e+01 1.300000000000000000e+01 4.000000000000000000e+00 -3.008377946228058022e+02 3.901299999999891384e+02 6.610799663925702951e+00 -2.549403837332807343e-02 6.231334671708281370e+00
2.441217099761588294e+00 1.559450788922226661e+00 1.086771797920375260e+00 5.822114791090140073e+00 2.021649890638558045e+00 1.041472695718088204e+00 6.818237176293756585e-01 2.760925621310463818e+00 8.000000000000000000e+00 1.400000000000000000e+01 4.000000000000000000e+00 -2.219855472919814929e+03 1.064000000000003894e+02 1.041596705748843021e+01 -9.551181095771795526e+00 3.125368770536463003e+00
2.447023261876007716e+00 1.307901747452943075e+00 2.088355238261211611e+00 5.148733714177327947e+00 2.248328572280796411e+00 5.232291573464187273e-01 9.101536738705143792e-01 2.172130457214906496e+00 9.000000000000000000e+00 1.300000000000000000e+01 4.000000000000000000e+00 -3.067487192931162099e+02 3.901299999999891384e+02 6.980232455820103432e+00 1.329941893779195694e-01 6.008011619919834345e+00
2.195933306738601321e+00 2.232947061651501031e+00 3.113214290281881791e+00 1.733054134230561205e+00 1.507896974945416080e+00 4.607159704671494049e-01 5.957911560895611247e-01 2.261428308470675663e+00 8.000000000000000000e+00 1.500000000000000000e+01 4.000000000000000000e+00 -3.461588384817932820e+02 4.501499999999774104e+02 7.567739905112786936e+00 -1.352614963106693602e-01 2.051520196911618688e-01
1.858489280243714070e+00 1.106799038999414009e+00 5.811439347451168302e+00 1.273782729024875993e+00 2.123238105148137045e+00 2.119088809670526818e-01 5.044854032180656755e-01 2.705790289568413165e+00 9.000000000000000000e+00 9.000000000000000000e+00 4.000000000000000000e+00 -2.493804272946884453e+02 2.700900000000045225e+02 7.145964205917885614e+00 1.778057115391933896e-01 1.326862055621241265e-01
2.251506894376515078e+00 1.935334795749095838e+00 5.053901793206962090e+00 4.438622853855882511e+00 9.561420024005968799e-01 2.018557114595216362e-01 6.892933559144508449e-01 2.562723016129473397e+00 1.000000000000000000e+01 5.000000000000000000e+00 5.000000000000000000e+00 -2.256036877619756524e+03 2.145000000000016982e+01 1.533199235123476534e+01 -1.440096363985253758e+00 5.899609214938256407e+00
2.124169470036916252e+00 1.020862849280353757e+00 2.921079989720204217e+00 5.054120577868956410e+00 1.688823182949391821e+00 1.084551321390540002e+00 2.094051816422440593e-01 2.295262444457701889e+00 1.100000000000000000e+01 1.300000000000000000e+01 5.000000000000000000e+00 -2.276561192559271603e+03 7.176000000000027512e+01 1.504257453495445951e+01 -3.933174012575324063e+00 1.739726466853964260e+00
2.548151085045198272e+00 4.596105339903960862e-01 3.495816088013307343e+00 2.464701694505255780e+00 2.288804240013875280e+00 2.871992976285749899e-01 5.055209299784905186e-01 2.633026312040902539e+00 1.100000000000000000e+01 1.100000000000000000e+01 3.000000000000000000e+00 -2.142517096128271078e+03 1.136299999999994697e+02 5.356381008016975365e+00 -2.240495011001370607e+00 7.816171862716051466e-01
1.710240936581006510e+00 2.080140952613376726e+00 2.949037098154930092e+00 5.265027303963299765e+00 1.050495516791647210e+00 2.107197442945107357e-01 4.987975371151935899e-01 3.086676534853804554e+00 8.000000000000000000e+00 1.000000000000000000e+01 4.000000000000000000e+00 -2.431892008926170092e+02 3.000999999999997385e+02 5.821200055788571248e+00 2.430188107352988514e-01 4.466655392423585919e-02
2.518873155965470012e+00 1.362070390825534938e+00 4.564879835257411145e+00 5.127675355472593566e+00 1.399807938724755285e+00 7.965312128900230437e-01 1.026709963143382642e-01 2.491861329397770941e+00 7.000000000000000000e+00 1.400000000000000000e+01 3.000000000000000000e+00 -2.224314011918894721e+03 1.163400000000004297e+02 1.038400074493088354e+01 -4.058743574211161942e+00 1.211834958706910159e+00
1.257285400421549904e+00 4.064366871805673576e-01 2.240440599986122994e+00 5.589579244871868191e+00 9.026178627987768710e-01 6.365842430481992720e-01 1.889806558222392741e-01 2.152388428613881466e+00 6.000000000000000000e+00 1.600000000000000000e+01 5.000000000000000000e+00 -2.288684014619556365e+03 7.999999999999900524e+01 1.554275091372229767e+01 -4.556224907336867247e+00 1.710983035565485144e+00
2.897404979561806648e+00 2.898575745936030623e-01 4.073056168701100432e+00 5.397281858943429711e+00 1.440693579509826350e+00 6.182678947487377785e-01 6.393390018114711859e-01 2.229415738017321402e+00 9.000000000000000000e+00 1.000000000000000000e+01 5.000000000000000000e+00 -2.150628807623940702e+03 1.227999999999972971e+02 5.576800476496382331e+00 -2.908672415962389568e+00 1.346431807283731796e+00
2.683943173428909645e+00 1.667906474483728640e+00 4.645467720114566212e+00 6.243351202731084015e+00 2.906494787348485431e+00 3.015835149181160801e-01 6.169991889277351982e-01 2.464497056624282312e+00 9.000000000000000000e+00 1.300000000000000000e+01 4.000000000000000000e+00 -4.694189601372080460e+02 3.901299999999891384e+02 1.714712250857584053e+01 -5.681863313600832993e-02 4.955169028251566604e-02
2.544527057429569084e+00 1.369101169379162819e+00 4.380085716949444929e+00 7.914854839692442745e+00 1.779512994493937628e+00 6.989356028599633675e-01 9.145763522296018744e-01 2.332042861902143382e+00 9.000000000000000000e+00 1.700000000000000000e+01 5.000000000000000000e+00 -2.178261392892604817e+03 1.890399999999966099e+02 5.233837055787918580e+00 -3.294147759886856708e+00 4.078784147091517376e+00
2.930381679728111699e+00 5.870869556615969653e-01 4.787354413940468234e+00 2.808699045536222627e+00 2.565591414145245608e+00 1.305964198273722898e+00 8.362289457850275998e-01 2.045639798634657947e+00 1.000000000000000000e+01 1.600000000000000000e+01 3.000000000000000000e+00 -2.277677319767028621e+03 8.079999999999898819e+01 1.482983248543931687e+01 -8.788596616910751891e+00 3.339200482455559893e+00
2.642093895768652168e+00 1.843885538782044753e+00 3.734884656743834519e+00 4.914170423456104331e+00 1.707023146944613101e+00 1.194131688698451654e+00 7.122410176893101408e-01 2.150155441629548747e+00 8.000000000000000000e+00 1.300000000000000000e+01 4.000000000000000000e+00 -2.164764819070011299e+02 3.782999999999895522e+02 2.095796847414924460e-02 -1.551811858210338624e+00 3.784618651650162868e-01
2.939092289544782410e+00 1.426129039355897632e+00 3.779622456224513538e+00 4.253951913757934022e+00 1.407952717824431765e+00 7.248276210578450396e-01 6.416894620608660782e-01 2.033666313216605737e+00 1.000000000000000000e+01 1.000000000000000000e+01 4.000000000000000000e+00 -1.620676938059446002e+02 3.000999999999997385e+02 7.511058628715463481e-01 -1.278728424267576047e+00 7.977876331634464746e-02
