1.499372865849001313e+00 1.827346784850601091e+00 5.446304565211474547e+00 6.386937384799725059e+00 2.721096409050394627e+00 3.414208692958778379e-01 5.148039460464026718e-01 2.252108571895227396e+00 5.000000000000000000e+00 9.000000000000000000e+00 5.000000000000000000e+00 -2.115332484372432191e+03 5.868000000000096605e+01 5.374530273276983294e+00 -1.416076687538497580e+01 3.229814766735499276e+00
2.620687771300391322e+00 1.983602469124757128e+00 3.489484639133592747e+00 6.843493979051743281e+00 2.085941251808664187e+00 1.076797377895563346e-01 9.020924207156861829e-01 2.089166476023665009e+00 1.000000000000000000e+01 1.600000000000000000e+01 4.000000000000000000e+00 -5.190825660347383064e+02 4.801600000000302657e+02 1.743766037717019657e+01 -6.075042353976741749e-01 6.230814430078704724e+00
1.984307773498964256e+00 1.443809630573309022e+00 4.455611653755073398e+00 6.734032921615640710e+00 1.541372610215747674e+00 2.910559620278462267e-01 5.447591079359416222e-01 2.450111559164116493e+00 9.000000000000000000e+00 1.500000000000000000e+01 5.000000000000000000e+00 -4.123668823046139096e+02 4.501499999999774104e+02 1.170574264403907350e+01 1.624950798069693669e-01 1.787768816692247020e-01
1.184555793876356233e+00 1.091659240050033564e+00 4.560562428930778900e+00 3.380627975034917299e+00 2.219196775647354070e+00 1.327505251441286616e+00 3.193987788819938611e-01 2.436645867886448880e+00 8.000000000000000000e+00 1.100000000000000000e+01 3.000000000000000000e+00 -2.281838528971486539e+03 7.941999999999964643e+01 1.513303306071793308e+01 -2.728395291782557130e+00 8.020212233050526551e-01
2.390114006461696139e+00 2.614961167990328850e+00 4.644940352865244648e+00 3.108874456480438475e+00 2.059481646904885999e+00 6.858610229684192205e-01 6.918883154246959766e-01 2.544681513523830318e+00 7.000000000000000000e+00 1.100000000000000000e+01 3.000000000000000000e+00 -2.169521978700008276e+03 1.632400000000037608e+02 5.493873668750403283e+00 -4.880610090908645837e+00 6.378422879171741222e-02
2.265808894404108820e+00 1.437106593842351288e+00 3.646887744841325940e+00 3.756555893174347016e+00 1.256524465255003165e+00 4.607768722987545251e-01 4.146399540066620926e-01 2.009905064127284646e+00 1.100000000000000000e+01 1.200000000000000000e+01 4.000000000000000000e+00 -2.761198226236009532e+02 3.601200000000105774e+02 6.003738913974727254e+00 -3.764962593550046921e-01 7.242752456986265019e-02
1.935119854877467516e+00 2.548912725902128251e+00 3.931795509572117098e+00 6.640758015337609343e+00 2.647306268293969644e+00 8.947734499789322671e-02 5.058839584075942586e-01 2.312182208217171908e+00 8.000000000000000000e+00 1.600000000000000000e+01 4.000000000000000000e+00 -2.500512251994168309e+03 4.776000000000298655e+02 1.635701574963458782e+01 -3.878224598847591631e-01 1.204182554507068070e-01
1.834662217862317757e+00 2.465716153260848476e+00 5.038010115299921488e+00 3.317510158701525214e+00 1.699662010365647680e+00 8.292006204300633732e-01 5.963975703388335603e-01 2.720576288603436144e+00 9.000000000000000000e+00 1.900000000000000000e+01 4.000000000000000000e+00 -5.613287720100598790e+02 5.701900000000110822e+02 1.726461075062839612e+01 -2.866925119248423526e-01 1.206306619382406242e-01
2.067511695472605382e+00 1.644605784149539396e+00 3.571601187494215957e+00 5.229850023324379649e+00 1.532534766877581056e+00 7.554656046953087678e-01 4.692134219773935189e-01 2.272979913544239672e+00 9.000000000000000000e+00 1.200000000000000000e+01 3.000000000000000000e+00 -2.159707601461292143e+03 1.504800000000026614e+02 5.279225091330676634e+00 -3.798402298676113009e+00 1.527078586772787627e+00
2.365978632812417271e+00 1.745659505642340070e+00 4.592978192805592386e+00 4.761022222263333603e+00 2.959735556659749633e+00 4.022358696846998760e-01 6.536978535386805955e-01 2.393968760157982878e+00 7.000000000000000000e+00 1.100000000000000000e+01 4.000000000000000000e+00 -2.762347194549938081e+02 3.301100000000244563e+02 6.948732465936349634e+00 -2.239771763784069170e-01 2.040773339324576316e-02
1.893351326577390470e+00 1.440825516803611039e+00 4.337566906867634131e+00 3.252871031497376997e+00 1.636504806382603316e+00 5.649753454066842595e-01 6.950089840523808737e-01 2.790500828618270202e+00 7.000000000000000000e+00 1.200000000000000000e+01 4.000000000000000000e+00 -2.253537295006157365e+03 1.758000000000036209e+02 1.035233093788471948e+01 -3.337040383479978001e+00 1.724132148730318503e+00
2.523823896448301518e+00 1.606306884132056023e+00 3.956360845227119061e+00 3.191532619501263213e+00 1.763036561894282039e+00 5.136706119334688569e-02 7.546451988592525195e-01 2.317640068230999884e+00 8.000000000000000000e+00 1.600000000000000000e+01 2.000000000000000000e+00 -2.402496541127823548e+03 3.344000000000074806e+02 1.470603382048876284e+01 -2.431278605457721564e+00 5.684929832922687609e+00
2.177621329809947159e+00 1.425504696388327108e+00 3.668176108395401425e+00 6.375039846706431312e+00 1.176356521157743806e+00 5.617985527813638136e-01 8.487370782331202790e-01 2.695347937444676489e+00 1.100000000000000000e+01 1.500000000000000000e+01 4.000000000000000000e+00 -2.192495798031571610e+02 2.445000000000063949e+02 1.375992191520056251e-02 -1.289624705312169439e+00 1.444960230911699062e-01
2.498622290387983114e+00 2.641374578046473687e+00 6.555827363099801630e+00 4.983557388215605677e+00 2.523748811358556665e+00 4.466819732387777853e-01 4.993289535552495884e-01 2.493686250771070867e+00 4.000000000000000000e+00 8.000000000000000000e+00 5.000000000000000000e+00 -2.266004603449070601e+03 3.687999999999956913e+01 1.547278771556690913e+01 -5.062182681629442627e+00 7.654590770859255322e-01
1.921336019087672931e+00 1.732646221784938545e+00 5.616466595972090303e+00 4.431031562646594146e+00 1.888816382218952317e+00 4.353387871136734089e-01 6.018852924707790431e-01 2.567979536570188515e+00 9.000000000000000000e+00 1.200000000000000000e+01 4.000000000000000000e+00 -3.055344966634772845e+02 3.601200000000105774e+02 7.842156041466999739e+00 8.513290783843292520e-01 6.267626319089037779e+00
2.422014719346408551e+00 1.534522953333724793e+00 6.330882348251835268e+00 5.519776667194513209e+00 1.425092829317684107e+00 1.364841823103971619e-01 6.678355332427258206e-01 2.695130619150981843e+00 9.000000000000000000e+00 1.400000000000000000e+01 4.000000000000000000e+00 -2.182329586379159537e+03 2.028599999999931924e+02 5.056224148697685550e+00 -2.426401061880954835e+00 5.143267930631849616e-01
2.978311751142700192e+00 6.014568814473629788e-01 2.103204690749372219e+00 3.610734159375327490e+00 1.203241420508735615e+00 1.018515141507084998e+00 9.211802006791607322e-01 2.292701632816489088e+00 7.000000000000000000e+00 1.700000000000000000e+01 5.000000000000000000e+00 -2.305260147210671221e+03 1.133900000000009669e+02 1.553532170066690554e+01 -2.535814158261977092e+00 1.375922958759699055e+00
2.771323193572039045e+00 1.350008018375572938e+00 5.571018571728137303e+00 3.071949258832092688e+00 2.220807388093650747e+00 1.285375914913132966e+00 8.633284952035823467e-01 2.164455806199535370e+00 9.000000000000000000e+00 1.500000000000000000e+01 4.000000000000000000e+00 -5.023956955626664467e+02 4.501499999999774104e+02 1.733254347266736062e+01 -4.712373284726725786e-02 1.546466375751980871e-01
2.268560069355551434e+00 1.231213482505109535e+00 2.931915290554947262e+00 2.094619942860328266e+00 1.680100283796230887e+00 8.975800973436365293e-02 7.191841285126086003e-01 3.067799028303298314e+00 1.000000000000000000e+01 1.300000000000000000e+01 4.000000000000000000e+00 -3.064995169783417168e+02 3.901299999999891384e+02 6.964657311146697616e+00 -8.641604224419988101e-02 6.227850261176165247e+00
2.017281457666985744e+00 2.644304262140947603e+00 5.255109173125870115e+00 5.987734261109086908e+00 2.396557467788543949e+00 4.110079189749322737e-01 4.388505186994082763e-01 2.535398481270110249e+00 4.000000000000000000e+00 1.500000000000000000e+01 5.000000000000000000e+00 -2.288371418801495565e+03 7.800000000000009948e+01 1.558571367509347994e+01 -2.098556678443300072e+00 1.149289726986773452e+00
2.653925449516762569e+00 2.257016810253247741e+00 5.898257776669959540e+00 3.401544991189357159e+00 1.527915063438675336e+00 7.154378954438390670e-01 5.051026264427554979e-01 2.525725403557543824e+00 6.000000000000000000e+00 1.400000000000000000e+01 5.000000000000000000e+00 -2.350959771707653090e+03 3.995599999999740248e+02 9.448735731729144049e+00 -7.537701415087201262e+00 5.404421735249131054e+00
2.388754347228064567e+00 1.680258385752527728e+00 7.206836924401084588e+00 2.122178219792062670e+00 1.964810969964184473e+00 9.369365027038768501e-01 7.642954570400204428e-01 2.816648334868425252e+00 1.000000000000000000e+01 1.200000000000000000e+01 3.000000000000000000e+00 -2.243829814346733656e+03 1.634400000000031525e+02 1.013186339667075764e+01 -3.306130740266097323e+00 2.018073352895949135e+00
1.317546833335520251e+00 2.622071160934641210e+00 3.741600929451742719e+00 8.780723657857425479e+00 2.500591353882718249e+00 6.595727796040838919e-01 5.610683177340993755e-01 2.398462201531941673e+00 1.000000000000000000e+01 1.000000000000000000e+01 4.000000000000000000e+00 -2.646361486857884984e+02 3.000999999999997385e+02 7.161634292861791096e+00 2.578453591221416819e-01 1.620574487969318744e-02
1.621606773844926241e+00 1.968194965058372103e+00 8.219337383000242525e+00 7.164788672857262064e+00 2.381264577709465868e+00 2.200578734103907919e-01 6.011139205871661728e-01 2.321551740547283860e+00 6.000000000000000000e+00 1.400000000000000000e+01 4.000000000000000000e+00 -5.021160301578956364e+02 4.201399999999720194e+02 1.825287688486935167e+01 -7.928053349506750114e-02 6.283060480141527293e+00
2.864416201889294467e+00 1.665268565598148287e+00 3.971241152248411677e+00 6.827159967372025129e+00 1.352418471994859095e+00 6.824552403720309801e-01 7.107956788494986800e-01 2.100634995170085784e+00 1.000000000000000000e+01 1.000000000000000000e+01 4.000000000000000000e+00 -2.163696982062404004e+03 1.505999999999957311e+02 5.524811378900370329e+00 -2.593615065536507003e-01 6.273552414934998822e+00
2.227126092203001839e+00 2.105206984950832805e+00 2.498735810834643800e+00 4.313844741792959958e+00 2.913051263464618401e+00 1.913443354527539775e-01 9.590142963317791480e-01 2.467583024178655826e+00 6.000000000000000000e+00 1.300000000000000000e+01 4.000000000000000000e+00 -2.276612868491856261e+03 5.512000000000037403e+01 1.556580428074100197e+01 -6.550832267248652974e-01 4.617622670324261769e-01
1.339243369918367454e+00 1.908865757066928515e+00 9.144206853730880269e+00 4.887257135147821785e+00 1.721489755667537480e+00 2.770195552183346566e-01 7.545783242133553559e-01 2.813412515734710961e+00 9.000000000000000000e+00 2.000000000000000000e+01 4.000000000000000000e+00 -2.302504588734192112e+03 1.058000000000009635e+02 1.560028679588696043e+01 -4.658502270688432034e+00 4.671734445949168091e+00
1.519746779972961370e+00 6.877269119037991985e-01 1.665748955746836124e+00 2.589851332026348096e+00 1.989913442634358098e+00 4.066634483978082137e-01 6.598577002936572011e-01 2.580096463492204339e+00 9.000000000000000000e+00 1.400000000000000000e+01 4.000000000000000000e+00 -2.572721645415137459e+02 2.860199999999850888e+02 1.571781199149517930e-02 -2.816195178594234072e+00 7.244157133387179037e-01
2.860873872951390062e+00 1.138690013328747863e+00 5.229936482641391216e+00 6.261309426767142305e+00 2.226711643825674880e+00 1.743538420353857976e+00 4.904459086636335230e-01 2.196264884492552749e+00 6.000000000000000000e+00 1.300000000000000000e+01 5.000000000000000000e+00 -2.306169208452792645e+03 1.277899999999983152e+02 1.514213802829958944e+01 -7.959183509050792971e+00 1.094941829326494087e+00
2.154244467194188939e+00 1.083880474965246643e+00 6.851412677764857406e+00 4.028948735087377386e+00 1.390855400392791097e+00 6.243831289918049254e-01 6.389178025872123134e-01 2.246429055392983543e+00 7.000000000000000000e+00 1.100000000000000000e+01 5.000000000000000000e+00 -2.248124153226534418e+03 3.159200000000226964e+02 5.635259576657700720e+00 -2.381777676524059473e+00 1.288164464280262989e+00
2.816467222030741624e+00 9.528554519947073365e-01 5.251725894844918585e+00 2.936202313874960446e+00 1.971876655400627065e+00 6.720082705007937030e-01 6.590628776110251108e-01 2.833650807220456702e+00 9.000000000000000000e+00 1.300000000000000000e+01 4.000000000000000000e+00 -6.853414695442399989e+02 2.313999999999946908e+02 2.396556643602153203e-02 -5.478773624364148276e+00 4.268666247915530398e+00
2.327599985920082215e+00 2.798375683824294580e-01 4.364176911234810774e+00 3.552560706982207162e+00 1.492703992683124259e+00 7.661803771480802938e-01 5.857689536552516119e-01 2.485288664508319201e+00 9.000000000000000000e+00 1.600000000000000000e+01 2.000000000000000000e+00 -2.348502004166859933e+03 2.028799999999963859e+02 1.544137526042885789e+01 -2.249925431156731825e+00 5.743869367074269761e+00
2.444323092656207397e+00 1.883927357042896045e+00 6.179761523226814823e+00 4.364371013705888203e+00 2.166913754050058927e+00 1.143602524370522122e+00 8.299991179734543811e-01 2.446833750627749993e+00 9.000000000000000000e+00 1.300000000000000000e+01 4.000000000000000000e+00 -4.575522908412127663e+02 3.901299999999891384e+02 1.640545567757613910e+01 4.649325426129867211e-01 6.208581404182641705e+00
1.948777000479301469e+00 1.899007518521645954e+00 7.499552699029324643e+00 4.004555410953143380e+00 2.946325376729929335e+00 2.033693289658200509e-01 8.216139377987569103e-01 2.439543292091355120e+00 9.000000000000000000e+00 1.500000000000000000e+01 3.000000000000000000e+00 -2.421962194107246887e+03 3.506999999999924853e+02 1.541326213170316528e+01 -9.511549513869029582e+00 3.657404892537138963e+00
2.147140554715732286e+00 1.877992814962202939e+00 6.597931703862144559e+00 5.384198482577153833e+00 1.849195280593025181e+00 1.421726799801636965e+00 4.604603172413801460e-01 2.598946739665305206e+00 7.000000000000000000e+00 1.600000000000000000e+01 4.000000000000000000e+00 -2.321859953172078804e+03 3.318400000000070804e+02 9.746247073254718174e+00 -7.306787208855508586e-01 5.570207307676530384e+00
2.691234793983551921e+00 1.001552060369959918e+00 1.767002104521945283e+00 5.988504910108169099e+00 1.057207285444856204e+00 3.628821687178719335e-01 6.008682035784975728e-01 2.653462806166611010e+00 1.000000000000000000e+01 1.200000000000000000e+01 4.000000000000000000e+00 -2.286152537489093902e+03 7.835999999999994259e+01 1.543578359306838088e+01 4.264736579185783583e-02 6.158895095349881110e+00
2.857138975273803005e+00 1.283462925222084605e+00 3.621348913941167424e+00 1.839096168477443838e+00 2.493234049618203940e+00 5.155381586418273931e-01 6.868050189789000060e-01 2.235985639403685443e+00 1.000000000000000000e+01 1.200000000000000000e+01 5.000000000000000000e+00 -2.321561266571503438e+03 3.168000000000089358e+02 1.019757916071867143e+01 -3.110252734849493494e-01 6.064233381742140772e+00
1.941068710105881667e+00 1.937225578846112128e+00 2.671647675502256902e+00 4.631635387216400446e+00 2.371731986546441906e+00 4.533185362960117648e-01 6.285651634995457204e-01 3.567724470164776118e+00 1.100000000000000000e+01 1.200000000000000000e+01 4.000000000000000000e+00 -2.199761916087831196e+03 7.319999999999974705e+01 1.019761975548944655e+01 -3.963686932436149668e+00 6.160813695369582454e-01
2.492111826458799140e+00 3.063333514947923497e-01 7.924331251417847000e+00 2.082802013642258476e+00 2.441212325044182396e+00 8.243705208801126449e-01 9.097465608979528051e-01 2.210937965664243610e+00 1.000000000000000000e+01 1.500000000000000000e+01 4.000000000000000000e+00 -3.561933218519973252e+02 4.501499999999774104e+02 8.194895115750538750e+00 -2.802720954434465561e-01 6.159788668367671249e+00
2.289375434489132388e+00 2.065910583014904489e+00 4.331797764980058751e+00 2.542731535761226791e+00 9.422331605363466478e-01 1.381581192607738373e+00 4.820848400589458072e-01 3.249188739829958372e+00 1.100000000000000000e+01 1.800000000000000000e+01 4.000000000000000000e+00 -2.217861293063763696e+03 9.612000000000112720e+01 1.061258081648520069e+01 -6.550106297753627516e+00 4.421094574841723635e+00
2.398048647063292460e+00 4.840269999693163072e-01 1.679523869807150849e+00 2.436518691011759330e+00 6.712775795158467673e-01 5.581436804829738307e-02 5.729498900928104987e-01 3.560303513226138250e+00 1.100000000000000000e+01 1.800000000000000000e+01 3.000000000000000000e+00 -2.195947315337954024e+03 7.128000000000018588e+01 1.001920720862210956e+01 -9.259630195350494475e+00 1.672007532230370686e-01
1.562200377688562680e+00 9.894533749176854798e-01 3.233866032929436418e+00 3.652393569601545931e+00 1.573940726138680635e+00 8.549134964859135266e-01 6.971596627158177517e-01 3.805193367116752157e+00 9.000000000000000000e+00 1.900000000000000000e+01 5.000000000000000000e+00 -2.204015929874573430e+03 7.428999999999959414e+01 1.042943311716084231e+01 -1.814583803946784712e+01 3.549164950671270358e+00
2.686433079719597217e+00 1.223511331964734605e+00 3.670964552357656174e+00 4.736597061762853222e+00 2.468707926804237562e+00 4.165874589945857132e-01 6.952618707126823061e-01 2.396260778148865178e+00 7.000000000000000000e+00 1.200000000000000000e+01 4.000000000000000000e+00 -2.154388231901316431e+03 1.285200000000018292e+02 5.633014493832241065e+00 -5.389986482206130525e-01 9.538377710385113062e-01
1.950843509194284620e+00 1.943381649793669563e+00 2.415691924758661457e+00 8.519724558618895216e+00 1.606911652213083297e+00 6.317853137517338569e-01 5.757590752658173772e-01 2.049362388035922855e+00 1.100000000000000000e+01 1.400000000000000000e+01 4.000000000000000000e+00 -3.235718070524679320e+02 3.886399999999750889e+02 2.163094295205036238e-02 -1.554519079522068692e+00 5.044396152323017690e-02
2.283226639991319917e+00 2.239672087622738506e+00 3.197262030837765057e+00 7.031807025425145241e+00 1.472440923248782285e+00 6.313484102857025437e-01 4.869078627766185163e-01 2.614180629233304742e+00 1.000000000000000000e+01 1.800000000000000000e+01 4.000000000000000000e+00 -3.808809018267429565e+02 5.401800000000090449e+02 6.924431364171152126e+00 -1.558111190010617320e-01 6.266340709932083364e+00
2.756083481501307997e+00 1.021405497182866551e+00 3.280350953361198307e+00 4.662941236222946095e+00 2.495408837125491885e+00 6.932373517018162179e-01 9.486742205735814171e-01 2.420469995168727184e+00 8.000000000000000000e+00 1.600000000000000000e+01 5.000000000000000000e+00 -2.256534355332822088e+03 3.427200000000087812e+02 5.323397208301107852e+00 -3.116422917861867870e+00 4.809855707487290744e+00
2.228543817138965100e+00 1.229163725779970129e+00 5.058694902770296764e+00 3.940111897072320790e+00 1.562834990777776767e+00 4.136814781069826363e-01 7.396982823901322446e-01 2.313951182674754747e+00 8.000000000000000000e+00 1.400000000000000000e+01 3.000000000000000000e+00 -2.044047573920064679e+03 8.820000000000031548e+01 -3.276629995960012032e-03 -2.622455545889997808e+01 2.145875621050585824e+00
2.939092289544782410e+00 1.426129039355897632e+00 3.779622456224513538e+00 4.253951913757934022e+00 1.407952717824431765e+00 7.248276210578450396e-01 6.416894620608660782e-01 2.033666313216605737e+00 1.000000000000000000e+01 1.000000000000000000e+01 4.000000000000000000e+00 -1.620676938059446002e+02 3.000999999999997385e+02 7.511058628715463481e-01 -1.278728424267576047e+00 7.977876331634464746e-02
