1.983928573480187030e+00 1.201376530656421249e+00 1.042875765890976858e+00 3.596884602625986194e+00 1.736533244206260207e+00 1.389963042180984321e+00 5.671825414578045566e-01 2.965123499674187535e+00 1.100000000000000000e+01 1.300000000000000000e+01 5.000000000000000000e+00 -2.273498047178112756e+03 5.265000000000032543e+01 1.544831544863201955e+01 -1.078162870370745319e+00 5.056217797018596194e+00
2.208493556025502791e+00 1.308956593554215342e+00 3.085944678478424130e+00 5.870455515375407884e+00 1.846368168050352310e+00 4.925029518100214609e-01 9.376150759857767580e-01 2.010424958986325450e+00 9.000000000000000000e+00 1.600000000000000000e+01 4.000000000000000000e+00 -5.192608322610623190e+02 4.801600000000302657e+02 1.744880201631544736e+01 3.764635813048803903e-01 9.318823630988706114e-03
2.051179297203151730e+00 1.009990378164807634e+00 1.713558749703973039e+00 3.386043729285893811e+00 1.795283263433607113e+00 8.162791919281831010e-01 4.472868472118378680e-01 2.718427891790072159e+00 1.100000000000000000e+01 1.500000000000000000e+01 5.000000000000000000e+00 -2.283423350640297940e+03 7.034999999999980957e+01 1.551552191501862410e+01 -1.940361676958051840e+00 4.594346251332888542e+00
2.097622709333805791e+00 7.667554808705011604e-01 7.243730991391549523e+00 5.882245901081516237e+00 1.533695191275425085e+00 6.805800958143313206e-01 3.445172481793292718e-01 2.306454200166770718e+00 1.000000000000000000e+01 1.600000000000000000e+01 4.000000000000000000e+00 -8.862129511402969229e+02 4.080000000000189857e+02 -6.027717725342311705e-02 -9.450266157476566065e+00 4.074913533346179229e+00
2.365063224088279625e+00 1.658996708386883734e+00 4.233179556679718125e+00 6.948667348255391119e+00 2.607518956355913797e+00 1.046132735623653554e-01 6.520268337579500084e-01 2.196509920820237660e+00 9.000000000000000000e+00 1.500000000000000000e+01 5.000000000000000000e+00 -4.958536097847936617e+02 4.501499999999774104e+02 1.692366311155030800e+01 -2.553668879570510364e-01 6.200502170475496122e+00
1.848958014803074645e+00 2.149579803902926578e+00 4.429401064227119988e+00 3.340944726352582883e+00 1.999964463785484980e+00 6.441233676461989299e-01 1.457986659278055486e-01 2.078958281670133079e+00 1.000000000000000000e+01 1.200000000000000000e+01 4.000000000000000000e+00 -2.245403151532689662e+03 3.133200000000088039e+02 5.546446970792838549e+00 -2.790750285499348782e-01 1.935753519235986764e-01
2.398800354198607820e+00 1.302402554128006207e+00 4.191978118099766171e+00 5.891202972271960547e+00 2.557872244674409767e+00 5.779232468991057914e-01 6.876837380192931670e-01 2.199930239596752823e+00 9.000000000000000000e+00 1.400000000000000000e+01 4.000000000000000000e+00 -4.846206522719898544e+02 4.201399999999720194e+02 1.715941576700024029e+01 1.996795596063517253e-01 6.263935457662944906e+00
2.665591404338162107e+00 2.126115574987533563e+00 1.779374188950711089e+00 5.900002862568591411e+00 1.945425432798282728e+00 1.517139637883662129e+00 8.730903044662967627e-01 3.440269334270738888e+00 1.100000000000000000e+01 1.400000000000000000e+01 4.000000000000000000e+00 -2.144654077596415846e+03 1.114400000000004098e+02 5.558379849775965553e+00 -3.750873499695438262e+00 5.421366296776330529e+00
2.088645184582673675e+00 1.248030018979271016e+00 1.255425764354034746e+00 7.462255706458908122e+00 2.199276390850876783e+00 4.821880166418701652e-01 5.276863274585064101e-01 2.678702311879194387e+00 9.000000000000000000e+00 1.800000000000000000e+01 3.000000000000000000e+00 -2.235403985147714138e+03 1.501200000000031594e+02 1.002149907173202692e+01 -2.897083331831050934e+00 1.336697364174555869e+00
1.608282594181247971e+00 1.921145419999060078e+00 3.467343651263395277e+00 3.254814888294139230e+00 1.485472153742193768e+00 7.310494341705031651e-01 6.302027281261247671e-01 2.275997631374939711e+00 1.100000000000000000e+01 1.000000000000000000e+01 5.000000000000000000e+00 -2.216409274459227618e+03 2.620999999999910983e+02 5.334954653701987404e+00 -2.845852937990636100e+00 1.026308357542955685e+00
2.182667472560530619e+00 2.401508305257795239e+00 3.690949885615339543e+00 6.764839576140458277e+00 2.046564421572488079e+00 4.102611696846901745e-01 5.809310645650135330e-01 2.456737464400209348e+00 1.000000000000000000e+01 1.300000000000000000e+01 4.000000000000000000e+00 -3.049974094379073790e+02 3.901299999999891384e+02 6.870775589869549727e+00 -1.084131894626089027e-01 8.940235172446878154e-02
2.694649964938284459e+00 7.934389364139108336e-01 4.082331701818087133e+00 4.364289582128408895e+00 1.280939988882965785e+00 8.968451387623788129e-01 5.547492764857548941e-01 2.162303454502518818e+00 1.100000000000000000e+01 9.000000000000000000e+00 4.000000000000000000e+00 -2.142595119893471747e+03 1.090800000000028689e+02 5.503444993341888747e+00 -8.220206109313966669e-01 6.209308772860189229e+00
1.703429783708914069e+00 9.689285081621119566e-01 3.919091859729941785e+00 3.174703309381008864e+00 2.115118663701975432e+00 6.568408359721761292e-01 9.195429318442123190e-01 2.851987740503243440e+00 9.000000000000000000e+00 9.000000000000000000e+00 3.000000000000000000e+00 -2.283696788815471336e+03 7.668000000000164107e+01 1.533479930096689614e+01 -1.777943677405821266e+00 1.360434150524401087e+00
2.242316331162670373e+00 1.128060096599208251e+00 2.852718249148416874e+00 4.054697027587323532e+00 1.623868746358712922e+00 9.771443996049338221e-01 5.220420985147788961e-01 2.513393235599850506e+00 7.000000000000000000e+00 1.300000000000000000e+01 5.000000000000000000e+00 -2.310465689468029268e+03 1.225899999999984971e+02 1.557316809175189398e+01 -1.039876121403706666e+00 7.656557975739154420e-01
1.782577159086413232e+00 5.373263084156429947e-01 3.302368284845627944e+00 6.403626993729884198e+00 1.567023154517400929e+00 9.685756347172543856e-01 5.643865131046656991e-01 3.295392030755357915e+00 9.000000000000000000e+00 1.100000000000000000e+01 5.000000000000000000e+00 -2.267274215828009346e+03 3.926999999999985391e+01 1.547745098925059537e+01 -3.895230442495010603e+00 2.108626483656556250e+00
1.898396268994005265e+00 1.414135964164846548e+00 2.858698462045702993e+00 6.431831522212473118e+00 2.325255799126320078e+00 1.135179961142786409e+00 4.613447327829773847e-01 2.346404224358700663e+00 1.100000000000000000e+01 1.200000000000000000e+01 4.000000000000000000e+00 -2.274133445946380562e+03 4.859999999999973141e+01 1.561459037164878794e+01 -3.110132266047417104e+00 8.727430899299820632e-01
1.809497076877679245e+00 7.251154306563957208e-01 3.948952563185973208e+00 3.207914915248207599e+00 2.106351178826356918e+00 6.035033197067727340e-01 9.229880096304254877e-01 2.925775561033988392e+00 8.000000000000000000e+00 1.100000000000000000e+01 3.000000000000000000e+00 -2.298344693730590279e+03 1.011999999999995339e+02 1.548404335816191946e+01 -6.614505658004750543e+00 1.909991109852154256e+00
2.187053025933885841e+00 1.792604242399593373e+00 3.480980002327012990e+00 4.157428538283165942e+00 1.404292331855266474e+00 7.458281018832252363e-01 6.086135604374404151e-01 2.226500845104073090e+00 1.000000000000000000e+01 1.400000000000000000e+01 3.000000000000000000e+00 -2.304271723723141804e+03 1.085000000000003979e+02 1.562635773269632367e+01 -4.739741123158875524e+00 2.140881434794586813e+00
2.506062272383970502e+00 6.999876479992785949e-01 2.076771435095288609e+00 4.303963211629028507e+00 2.122601491303577337e+00 1.311677126950195338e-01 3.544193028683726432e-01 2.049158071991859398e+00 1.000000000000000000e+01 1.200000000000000000e+01 5.000000000000000000e+00 -2.857924806337081804e+02 3.601200000000105774e+02 6.608280039606430734e+00 -1.291980692236998074e-01 4.306075725528186321e-02
2.606473923103325596e+00 1.186606306909385289e+00 3.977516827415260359e+00 2.682106192465429917e+00 2.994915070012353020e+00 1.517764454747093872e+00 7.506618717766525561e-01 2.306203017915704478e+00 1.100000000000000000e+01 1.700000000000000000e+01 3.000000000000000000e+00 -1.005733355881130251e+03 3.874300000000039859e+02 -3.155991426074619688e-02 -1.470599714130126046e+01 3.733601290928323380e+00
2.170665713205482739e+00 1.859828020641205448e-01 2.259692526846089233e+00 4.059559906446666311e+00 1.342180800501746152e+00 7.239703953058219676e-01 4.517068651258682732e-01 2.453548709808314854e+00 1.000000000000000000e+01 1.400000000000000000e+01 4.000000000000000000e+00 -2.222578917176200321e+03 1.199800000000004445e+02 1.016180732351251770e+01 -4.100628325033518706e+00 1.440058333801496282e+00
2.799746362798173127e+00 7.004530153888350874e-01 5.140174844463964554e+00 4.646295727829006239e+00 2.042916559187498038e+00 1.972905851161735891e-01 8.662252646040767834e-01 2.469633437859688030e+00 1.100000000000000000e+01 1.500000000000000000e+01 4.000000000000000000e+00 -2.325102801043135059e+03 1.672500000000034674e+02 1.509236256519586128e+01 -2.338166732309823637e+00 4.793234704865758644e-01
2.317387530059514589e+00 1.951077411073454559e+00 3.656641828713048881e+00 5.760805419267860827e+00 2.726662838448776327e+00 6.444681309828221849e-01 8.771362170286561843e-01 2.375758011943225778e+00 1.000000000000000000e+01 1.400000000000000000e+01 4.000000000000000000e+00 -3.965142257516939139e+02 4.201399999999720194e+02 1.165276410948174401e+01 -5.607509211418145595e-02 6.225269595200220607e+00
2.291462402930084075e+00 1.388086398254306131e+00 4.340358180612840400e+00 3.614797732679950304e+00 1.818584215658525238e+00 4.463691648515736854e-01 3.477855917435612176e-01 2.616961647219204767e+00 9.000000000000000000e+00 1.100000000000000000e+01 3.000000000000000000e+00 -2.740608668993257311e+02 2.590500000000156433e+02 -7.306223568204522900e-02 -1.054313608667601265e+01 2.962425917193469149e-01
2.342346137469971001e+00 1.916861582629818983e+00 2.689334957238427748e+00 6.295164947304463965e+00 1.586439722492554605e+00 5.376270663672932937e-01 9.115266822894815268e-01 2.094234503696066785e+00 1.000000000000000000e+01 1.100000000000000000e+01 4.000000000000000000e+00 -2.680092256711183722e+02 3.301100000000244563e+02 6.434639104444133118e+00 3.914335850223055191e-02 6.079560363346931950e+00
2.695485428805417527e+00 1.132545766616521732e+00 3.492623704248730476e+00 1.204972976787508365e+00 2.014072535318636170e+00 8.080775040093741701e-01 4.222597459190144398e-01 2.065424917471529120e+00 9.000000000000000000e+00 1.200000000000000000e+01 4.000000000000000000e+00 -2.871843475058552144e+02 3.601200000000105774e+02 6.695271719115619469e+00 -5.168782245421407046e-02 5.059754229006919318e-02
1.973875599793847746e+00 1.538177375061219321e-01 2.639858671712812743e+00 5.190517973556196374e+00 1.486776433768562500e+00 1.970173288350905438e-01 4.176139363000685445e-01 2.666564854826548370e+00 1.100000000000000000e+01 1.200000000000000000e+01 4.000000000000000000e+00 -2.672413640664816512e+02 3.601200000000105774e+02 5.448835254154771768e+00 -1.287919467010258945e+00 2.689448125808805434e-01
1.906452309751486052e+00 3.911143450286197476e-01 5.768780744231467139e+00 3.124835182806606326e+00 2.118037696989434782e+00 8.175621481384741651e-01 4.787937979779319231e-01 2.681105576000042401e+00 9.000000000000000000e+00 1.200000000000000000e+01 4.000000000000000000e+00 -2.255997317874304827e+03 1.897200000000041484e+02 1.007108236714392469e+01 -4.342449242229181827e+00 1.439421121502891809e+00
3.436755937354969426e-01 1.184872228674773043e+00 3.104036417430228401e+00 8.278818804339373116e+00 2.174909598024085788e+00 5.202210133735868380e-01 9.785602941467573812e-01 2.892934888639398405e+00 1.100000000000000000e+01 9.000000000000000000e+00 4.000000000000000000e+00 -3.942125057831567574e+02 2.700900000000045225e+02 1.619796911144715779e+01 1.394579224662327033e-01 6.327655032588164197e-02
2.966384536889267842e+00 1.627875683803584828e+00 3.646971736785747265e+00 5.978190235813913844e+00 2.502016820195303914e+00 8.686676567431742546e-01 5.997662411333769539e-01 2.487722709500426177e+00 9.000000000000000000e+00 1.200000000000000000e+01 4.000000000000000000e+00 -2.238317073890425945e+03 1.482000000000025750e+02 1.026356711815153133e+01 -3.631562725505887101e+00 1.857513425850961797e+00
2.120169378069857835e+00 1.080347301820025141e+00 4.672755994784051126e+00 5.809049490148142425e+00 2.112792719798247454e+00 1.008385150318118262e+00 6.233340386486335705e-01 2.431757482311239560e+00 1.000000000000000000e+01 1.500000000000000000e+01 3.000000000000000000e+00 -2.390274524241783638e+03 2.836500000000026489e+02 1.552809526511139815e+01 -4.729443505642056955e+00 2.165314724247226152e+00
2.646956857244409989e+00 2.451009456030743383e+00 2.647727374858316107e+00 5.208681608115732331e+00 2.557658204706688476e+00 6.273763692622800203e-01 5.192231533740215843e-01 2.427089018314785296e+00 1.000000000000000000e+01 1.800000000000000000e+01 4.000000000000000000e+00 -5.327191047886890374e+02 5.401800000000090449e+02 1.641431904929278573e+01 -1.074287246893358833e-01 1.154799170458716551e-01
2.021333864906181610e+00 6.466018155679839063e-01 3.406076240400726096e+00 6.631771355686556291e+00 2.256988666614566874e+00 9.048313874195657025e-01 8.159423938456378256e-01 2.709501846062998709e+00 9.000000000000000000e+00 1.000000000000000000e+01 4.000000000000000000e+00 -2.322121967733868132e+03 1.501999999999957538e+02 1.543887298336686520e+01 -4.052083294505364641e+00 1.375878165010352205e+00
1.958176932228846034e+00 1.324571120059533369e+00 2.902246478252946460e+00 1.381466654393590510e+00 1.713348818791060157e+00 2.900997318265711167e-01 8.183491041874900729e-01 2.305515338756273902e+00 8.000000000000000000e+00 1.200000000000000000e+01 4.000000000000000000e+00 -4.394342657256864868e+02 3.601200000000105774e+02 1.621089160785507488e+01 -2.522928936273399758e-01 6.034100051037261991e+00
2.805786083180769719e+00 9.517890946813779562e-01 2.737609446214599451e+00 3.085010018278128818e+00 1.984285695190313392e+00 3.520495284061851970e-01 4.725080544328408849e-01 2.560940731845387397e+00 1.000000000000000000e+01 1.200000000000000000e+01 4.000000000000000000e+00 -2.163637296166099077e+03 1.557600000000028615e+02 5.359831010381111760e+00 -1.837044044451411340e+00 3.817078314497866498e-01
2.181784884276907199e+00 1.669654751388841785e+00 2.347697257795215098e+00 6.165193520275286332e+00 1.816243331849134668e+00 7.795550665068590179e-01 3.816540850632875737e-01 2.184687938657607464e+00 9.000000000000000000e+00 1.100000000000000000e+01 4.000000000000000000e+00 -2.158367094341529082e+03 1.423400000000011687e+02 5.449818396345547100e+00 -3.459911226475925750e-01 2.322222230688953670e-01
1.768645981051273575e+00 1.738771519508610197e+00 3.965070867154656398e+00 4.420250715006839748e+00 2.186419889996033650e+00 1.189352916096959145e+00 5.610204235051424737e-01 2.611202201323496563e+00 9.000000000000000000e+00 1.600000000000000000e+01 3.000000000000000000e+00 -2.207488932603615922e+03 7.375999999999913825e+01 1.066305828772600428e+01 -2.238117229928796803e+00 4.919579918092626514e+00
2.701106988982489021e+00 8.689735101638762504e-01 6.833248774805568360e+00 2.841099115636535277e+00 2.443230787128509718e+00 7.001043546865091116e-01 2.169215157604997279e-01 2.700662479305119934e+00 1.000000000000000000e+01 9.000000000000000000e+00 5.000000000000000000e+00 -2.204860011883247353e+03 7.353000000000152170e+01 1.050593824270291066e+01 -1.149439667310365820e+01 2.138921256999952281e+00
1.419566327868484690e+00 8.642372886448193015e-01 2.163371016383484058e+00 8.938822223354867091e+00 1.599994675925869414e+00 2.038920983813105603e-01 7.147646581782913788e-01 2.539652084850189340e+00 1.100000000000000000e+01 1.300000000000000000e+01 4.000000000000000000e+00 -3.079792538591275388e+02 3.901299999999891384e+02 7.057140866195810602e+00 4.749127653636203150e-01 5.939739274735794661e-02
2.917227590357629907e+00 1.838462559300470200e+00 4.622792750949294316e+00 6.240394334362241224e+00 2.080161120061887914e+00 7.940436802710154618e-01 8.165423962014708437e-01 2.804102540455977621e+00 1.000000000000000000e+01 1.100000000000000000e+01 4.000000000000000000e+00 -2.661110973100221031e+02 3.106400000000220416e+02 1.330400951324603107e-02 -1.400844846854166992e+00 1.025601345268827985e-01
2.065302863782771947e+00 2.452331515791539740e+00 5.461472900315357037e+00 3.165902713571738136e+00 1.039235428467517819e+00 2.220551752309957438e-01 7.073514932777908992e-01 3.050777544927762097e+00 1.100000000000000000e+01 1.900000000000000000e+01 2.000000000000000000e+00 -2.269207934769809981e+03 2.023499999999980616e+02 1.050205842311320659e+01 -1.723320298014920926e+00 6.352979364285499253e-02
1.488231762651586410e+00 2.811731110770479547e-01 3.395357535368768609e+00 3.204222743779989280e+00 1.585369940451976323e+00 6.649371058215157726e-01 5.294151935152251465e-01 2.138443375608199304e+00 1.000000000000000000e+01 1.500000000000000000e+01 5.000000000000000000e+00 -2.298029490144166175e+03 9.960000000000091802e+01 1.551434313401037812e+01 -8.525719182934160756e+00 2.675960411057136668e+00
1.999594648933530561e+00 5.327506645171803390e-01 3.341044260413356337e+00 5.838062840325457081e+00 1.518610063477915384e+00 5.627660539739893775e-01 4.028652374264305447e-01 2.440125054801586924e+00 8.000000000000000000e+00 1.900000000000000000e+01 4.000000000000000000e+00 -3.870480681324233956e+02 5.701900000000110822e+02 6.372066758276116794e+00 -1.369112160034411940e-01 6.280438386353497826e+00
2.037370441947931710e+00 1.438951813999662876e+00 4.839893181607197725e+00 7.177919678085755706e+00 2.764266890114817521e+00 4.395311541240453646e-01 6.563108963641590687e-01 2.131419810289632899e+00 1.100000000000000000e+01 1.100000000000000000e+01 5.000000000000000000e+00 -2.272077234451196546e+03 5.158999999999979025e+01 1.539263965319979022e+01 -2.572185218201314072e+00 4.594177072519030069e+00
1.762859905006892269e+00 8.798555205961304804e-01 4.714926951913485098e+00 1.206622160794080356e+00 1.593465142202797002e+00 4.751434437241424669e-01 8.195776360092779100e-01 2.005095786451056128e+00 8.000000000000000000e+00 8.000000000000000000e+00 4.000000000000000000e+00 -2.270224450634970026e+02 2.400800000000151329e+02 6.686402816468088872e+00 2.167293575183443510e-01 1.115529586779381577e-01
1.540613345744659357e+00 2.423956885229937352e+00 2.479679336075984786e+00 4.496471760378516258e+00 1.475995378667736890e+00 3.885237897000013430e-01 4.551524012354883353e-01 2.633886385888140502e+00 8.000000000000000000e+00 1.000000000000000000e+01 4.000000000000000000e+00 -2.394489700412074740e+02 3.000999999999997385e+02 5.587435627575475294e+00 -7.648346918517548998e-01 9.361863532909503460e-02
2.863358143852911653e+00 2.854946666520222109e+00 4.578515858847564957e+00 3.815917413869262198e+00 1.835464821426929571e+00 3.219327620823272951e-01 7.402250595566207680e-01 2.372613957387913697e+00 9.000000000000000000e+00 1.100000000000000000e+01 4.000000000000000000e+00 -2.300096251245340227e+03 2.740100000000174987e+02 1.019320320283320669e+01 -5.928658485992983618e-01 6.118761645770850244e+00
2.939092289544782410e+00 1.426129039355897632e+00 3.779622456224513538e+00 4.253951913757934022e+00 1.407952717824431765e+00 7.248276210578450396e-01 6.416894620608660782e-01 2.033666313216605737e+00 1.000000000000000000e+01 1.000000000000000000e+01 4.000000000000000000e+00 -1.620676938059446002e+02 3.000999999999997385e+02 7.511058628715463481e-01 -1.278728424267576047e+00 7.977876331634464746e-02
