1.156903950525176139e+00 2.330881067995727030e+00 4.623686274410101937e+00 4.453489649656621197e+00 1.257035527791710017e+00 1.299662107479449824e-01 5.906290591863456729e-01 2.131572582829718954e+00 7.000000000000000000e+00 1.500000000000000000e+01 3.000000000000000000e+00 -5.000643717409226383e+02 4.501499999999774104e+02 1.718683573380837259e+01 2.029012295688632783e-02 6.281999623440154501e+00
1.935155417571431613e+00 2.469840482411107097e+00 5.893942049399867322e+00 5.988229607358848128e+00 2.346395789775332918e+00 6.170399158287639407e-01 4.404957483656065098e-01 3.196254021636726339e+00 7.000000000000000000e+00 1.100000000000000000e+01 4.000000000000000000e+00 -2.299353271840135676e+03 2.614700000000159434e+02 1.053864199000797974e+01 -3.849650540768160933e+00 1.675004667123930702e+00
2.173018700573688733e+00 1.907929571088082810e+00 3.298471339417220705e+00 7.436068293170982280e+00 1.424000049538635349e+00 8.344073915260026286e-01 7.425770708526723274e-01 2.411611217618288450e+00 8.000000000000000000e+00 1.000000000000000000e+01 3.000000000000000000e+00 -1.002805707501146799e+03 1.197999999999974676e+02 -1.041955466732882030e-01 -1.527531932815255367e+01 2.904754469050720544e+00
9.822421018048155261e-01 1.148051611369149239e+00 4.787831823424072653e+00 2.274876899328120317e+00 2.394817377313011253e+00 5.729449549179168599e-01 5.540503028771714966e-01 2.343997557499824858e+00 8.000000000000000000e+00 9.000000000000000000e+00 4.000000000000000000e+00 -3.979046919302943479e+02 2.700900000000045225e+02 1.642873074564325364e+01 3.870015298842689466e-01 6.152328930028941656e+00
1.355123562384501934e+00 2.055986252107053325e+00 2.687112773574964031e+00 3.603240912406373120e+00 1.803561811595484565e+00 2.825807914130424314e-01 4.318229560175659842e-01 2.054541761897164864e+00 8.000000000000000000e+00 1.000000000000000000e+01 4.000000000000000000e+00 -2.260684104823222242e+03 2.031999999999927411e+02 9.942756551451603642e+00 -2.451891212883829496e+00 6.961918810150888870e-01
1.922861994801837060e+00 2.516716669301473530e+00 2.532924472425271301e+00 8.828456260712229664e+00 1.646903457285380679e+00 3.167740484447778559e-01 9.959626695490437776e-01 2.267720192663770451e+00 6.000000000000000000e+00 9.000000000000000000e+00 3.000000000000000000e+00 -3.297442841082782934e+02 2.700900000000045225e+02 1.216870525676725379e+01 -3.239932836957178375e-01 6.199219686459949585e+00
1.119517080806275322e+00 7.558378202457138872e-01 2.850169050756173217e+00 2.516221168197673830e+00 2.123409621633548294e+00 6.262799818608447699e-01 4.225356563818399303e-01 3.013626115457422205e+00 9.000000000000000000e+00 8.000000000000000000e+00 4.000000000000000000e+00 -2.230615505620590113e+02 2.400800000000151329e+02 6.438846910128215306e+00 3.351058383269640562e-01 9.262988915136537160e-02
9.478117785189047462e-01 2.007938207539602615e+00 4.039416360299444619e+00 3.674470910604999752e+00 1.467364814911471749e+00 1.112679047359415307e-01 3.199917540528509630e-01 3.438982712725652036e+00 7.000000000000000000e+00 1.100000000000000000e+01 4.000000000000000000e+00 -2.762191651694824372e+02 3.301100000000244563e+02 6.947760323091887180e+00 -1.634416428363989759e-01 1.922253590423800632e-03
2.841480796209578497e+00 1.473792807146563799e+00 6.448615882205877448e+00 5.741624741370761953e+00 1.408953391302060876e+00 1.112773519728100791e-01 6.052718052023572382e-01 3.146668848724943679e+00 1.000000000000000000e+01 1.200000000000000000e+01 4.000000000000000000e+00 -2.136677622654167408e+03 9.672000000000063835e+01 5.519851415885459467e+00 -1.076435255779729427e+00 6.233537983582390751e+00
2.813417625159846391e+00 2.537680912205486194e+00 5.007018224253712013e+00 6.604862293442761434e+00 1.600008026362138569e+00 4.422368539944517840e-01 6.401247939078443805e-01 3.232290686482302888e+00 8.000000000000000000e+00 1.600000000000000000e+01 4.000000000000000000e+00 -2.279567712604643020e+03 3.848000000000153591e+02 5.447982037789710574e+00 -3.851432201317660509e-01 3.329413486877442208e-01
2.074585962235245162e+00 1.596601441049179115e+00 2.261920080642193742e+00 4.836502621272207314e+00 2.029509956715816354e+00 3.669930447992069134e-01 6.512516921384382540e-01 2.489134528811948410e+00 1.100000000000000000e+01 1.400000000000000000e+01 4.000000000000000000e+00 -2.827741615312713179e+02 2.834999999999853344e+02 2.498426797558990498e-02 -1.292916841756168278e+00 5.128071795414485684e-03
6.499172235819864474e-01 1.270444430157473770e+00 2.394486415775449295e+00 3.792474293569664479e+00 1.428416903243551195e+00 3.661993166628875196e-01 8.734451301442007765e-01 2.180131624089467923e+00 1.000000000000000000e+01 1.300000000000000000e+01 4.000000000000000000e+00 -4.683357195086182401e+02 3.901299999999891384e+02 1.707941996928898121e+01 -3.130973527160345604e-01 6.230232337111091034e+00
1.789826581700397545e+00 1.393865014161572047e+00 2.981907697394559076e+00 3.384316505607450232e+00 2.116725881980200175e+00 1.776518581509684835e-01 6.563891412740360254e-01 2.800251794430745012e+00 8.000000000000000000e+00 9.000000000000000000e+00 4.000000000000000000e+00 -2.190673470487916347e+03 2.154600000000068860e+02 5.183966905494536093e+00 -3.551047431441812563e+00 2.201466908445553372e+00
1.812377385716791967e+00 1.457119806400578144e+00 5.107235176339314897e+00 5.695671580330178507e+00 8.123119143846798673e-01 3.771154028794759805e-02 8.602026101556805582e-01 3.117361157643314673e+00 9.000000000000000000e+00 1.300000000000000000e+01 4.000000000000000000e+00 -2.211259827558744291e+03 9.216999999999956117e+01 1.032342672242151593e+01 -6.459467207009366163e-01 6.200692629519589438e+00
1.507915335776797372e+00 8.847682169757817849e-01 5.234015261208653236e+00 8.718146995316747194e+00 4.941396393472179405e-01 4.128398635683855900e-01 6.694882692487283959e-01 2.362565433945933879e+00 9.000000000000000000e+00 1.800000000000000000e+01 4.000000000000000000e+00 -2.555505060857970250e+02 2.512800000000069929e+02 1.808476241832985415e-02 -1.360765242101544370e+00 4.360545726484946899e-02
1.817336924591469227e+00 1.795812568857378277e+00 2.849882445334550596e+00 4.003073162189506817e+00 7.500840254442743271e-01 1.274249906656507836e+00 7.796934537820793265e-01 2.300241095191611684e+00 1.100000000000000000e+01 1.600000000000000000e+01 5.000000000000000000e+00 -5.149763850672200078e+02 2.323199999999957583e+02 1.981737807920419536e-02 -3.711931448180599169e+00 4.900010668575156991e+00
1.418567985902362105e+00 2.354831252592297197e+00 4.707477687839593194e+00 4.588470625966981409e+00 2.059904424473379514e+00 8.123269070430373662e-02 5.982815130509768764e-01 2.436486677645217203e+00 9.000000000000000000e+00 1.000000000000000000e+01 4.000000000000000000e+00 -2.630064860496108849e+02 3.000999999999997385e+02 7.059780378100689369e+00 1.682689769686727954e-01 6.198427357464701970e+00
2.950857306968143856e+00 1.475290834737466472e+00 2.732653223518815455e+00 6.009167266408129038e+00 1.911221577511116765e+00 7.214843130092213341e-02 8.383397212329802839e-01 2.716780709625720380e+00 7.000000000000000000e+00 7.000000000000000000e+00 3.000000000000000000e+00 -2.180584897880934932e+03 1.915199999999878173e+02 5.301556117558813064e+00 -5.716650639515162835e-01 6.253593161728694838e+00
2.237267145888912623e+00 2.301697883576120596e+00 3.512192443278642884e+00 5.324928078888024885e+00 1.700253354002684292e+00 2.061829180775782144e-01 5.679911722880675029e-01 2.727171906317349404e+00 8.000000000000000000e+00 1.700000000000000000e+01 5.000000000000000000e+00 -1.064101370329284464e+03 3.053199999999962984e+02 -3.328617266060879265e-02 -1.474412647009970989e+01 2.850423285267470686e+00
1.461606662523088573e+00 2.433921611895677461e+00 2.743704322071844448e+00 4.021095101107842851e+00 1.599927524322242611e+00 1.243348453407813414e+00 4.580008027297112760e-01 2.576604523094444321e+00 8.000000000000000000e+00 1.400000000000000000e+01 4.000000000000000000e+00 -7.513557314405444458e+02 3.250799999999812826e+02 6.699691636158494612e-03 -1.411443239027899921e+01 4.613289379159960291e+00
1.234555676207334862e+00 1.519292923718517097e+00 5.916694090857721022e+00 3.072272723297021280e+00 1.812057194369666613e+00 3.365400953230654468e-01 5.724016881389154543e-01 2.727272981240722149e+00 1.000000000000000000e+01 8.000000000000000000e+00 4.000000000000000000e+00 -2.187379077385485004e+02 2.400800000000151329e+02 6.168619233658808376e+00 7.155502895193069368e-02 6.211770841870994708e+00
2.486117400947720490e+00 1.914770063442841952e+00 5.100445315583264971e+00 1.285048582290556851e+00 1.117950642570063824e+00 1.793165093421147382e-01 5.882506069724759978e-01 2.474011195170174648e+00 9.000000000000000000e+00 9.000000000000000000e+00 4.000000000000000000e+00 -2.197001353513145204e+03 7.497000000000157627e+01 9.969772094571519361e+00 -2.484706465934953812e+00 2.321212910880761371e-02
2.722524270524987244e+00 1.506390074934106815e+00 5.004143168277733977e+00 5.155703740237948196e+00 2.367999431969866286e+00 5.517993078372720461e-01 7.188971789132165835e-01 2.349857845202236284e+00 1.000000000000000000e+01 1.300000000000000000e+01 5.000000000000000000e+00 -2.123626197751484142e+03 7.865000000000003411e+01 5.268824859467763133e+00 -1.630281109298203290e+01 1.625500953348579358e+00
1.728061125369301010e+00 1.796016727226512399e+00 4.209091346119972599e+00 3.527406625308104893e+00 1.686702676233329701e+00 3.658680106442838142e-01 9.796497818567828642e-01 2.167168344366657617e+00 9.000000000000000000e+00 7.000000000000000000e+00 3.000000000000000000e+00 -2.156644592865245158e+03 1.437099999999924762e+02 5.299349554078085056e+00 2.382773170502116844e-01 6.043954289313546724e+00
7.536157991427088199e-01 8.506935231065458902e-01 7.129006674607395233e+00 2.089014768332962291e+00 1.112283749508297781e+00 3.697242115560269715e-01 8.218740952911017805e-01 2.702394008519823476e+00 1.000000000000000000e+01 1.400000000000000000e+01 4.000000000000000000e+00 -2.234868101675220259e+03 3.081399999999829333e+02 5.049881354701782676e+00 -3.795377178714760547e+00 5.671077920588246668e-01
2.784792117686762936e+00 1.535677324157116219e+00 5.029027519075395247e+00 5.349352161371600189e+00 6.021725718601166344e-01 6.552068636331992435e-02 7.832146084375222195e-01 2.156154746031366365e+00 8.000000000000000000e+00 1.400000000000000000e+01 3.000000000000000000e+00 -2.240979531498707274e+03 1.468599999999986494e+02 1.047184571866923797e+01 -4.208158599803663580e-01 1.637047806591773735e-02
2.010608085493990504e+00 1.933761452540096792e+00 5.232565307418580502e+00 5.350798460507709464e+00 2.147190185755461389e+00 8.155421253989615371e-01 5.669096448470258842e-01 3.483154533737227609e+00 8.000000000000000000e+00 1.500000000000000000e+01 5.000000000000000000e+00 -2.195497815700808587e+03 6.014999999999960778e+01 1.033892598130055340e+01 -8.031178941547054251e+00 4.241372788110398417e+00
1.673137773529400629e+00 1.862013653792515822e+00 2.461028085269455268e+00 6.174598294527954501e+00 2.474205230133705413e+00 2.302870788056594342e-01 8.961157608963433718e-01 3.054770807132690891e+00 1.000000000000000000e+01 1.500000000000000000e+01 3.000000000000000000e+00 -2.275572421320269314e+03 5.354999999999967031e+01 1.554983883251685306e+01 -2.046139115958489629e+00 7.097425290815561061e-01
9.434534649550005980e-01 2.475392711693565229e+00 4.375465230528369887e+00 2.198517609973345888e+00 1.505521840863121685e+00 4.922518068111729761e-01 5.402214123850613836e-01 2.428370621796773321e+00 7.000000000000000000e+00 1.600000000000000000e+01 5.000000000000000000e+00 -2.284045082577333233e+03 3.894400000000160844e+02 5.582817661082834171e+00 -1.038160630197051759e+01 3.725457706120492762e+00
1.898693075913471695e+00 1.357674376036298147e+00 4.519284952964854440e+00 4.991823554132013285e+00 1.723524667017620082e+00 7.506779114613921777e-01 3.880296792470349643e-01 2.521818708058402692e+00 9.000000000000000000e+00 1.000000000000000000e+01 3.000000000000000000e+00 -2.136586261974674926e+03 9.659999999999878639e+01 5.517891373417198153e+00 -3.634008894393727207e+00 4.781804370286465655e+00
2.287020973920951938e+00 1.794249838160177912e+00 5.566361790570469203e+00 7.041289418120598498e+00 1.905354248005731499e+00 9.186979919285337415e-02 2.175707497472243457e-01 3.634158021807639916e+00 1.100000000000000000e+01 1.400000000000000000e+01 3.000000000000000000e+00 -2.232031187036176107e+03 2.857399999999851161e+02 5.572574189761457575e+00 -1.071558264270941585e+00 5.838484112150100103e+00
1.922274831531275430e+00 2.387423709751173906e+00 5.242015322009745404e+00 5.742770720361383141e+00 9.581530959373008027e-01 3.990427415277492118e-01 7.311550336355986390e-01 2.188334777920422969e+00 1.100000000000000000e+01 1.200000000000000000e+01 4.000000000000000000e+00 -2.775364383662975456e+02 3.601200000000105774e+02 6.092277397893266944e+00 4.709460003010710327e-01 1.135260925714453306e-01
6.895657146443183727e-01 1.499564921526637784e+00 4.369498218123388789e+00 3.576499882137365471e+00 1.905254317709754286e+00 2.343430173236324132e-01 3.820740280417012080e-01 2.672897405039176721e+00 7.000000000000000000e+00 1.100000000000000000e+01 4.000000000000000000e+00 -4.391800021139419528e+02 3.301100000000244563e+02 1.713281263212060779e+01 7.817760682703601971e-02 6.256451610746178282e+00
1.102593974773167451e+00 1.495353458696031757e+00 1.352631915193088119e+00 5.329026062521511342e+00 1.540598899785784903e+00 1.158349835164169450e+00 4.138969489408588220e-01 2.657334641471608805e+00 9.000000000000000000e+00 1.600000000000000000e+01 5.000000000000000000e+00 -2.278782509383061551e+03 6.783999999999926445e+01 1.530390683644137972e+01 -3.040592848785132141e+00 1.699805096482858380e+00
2.363854186255696099e+00 1.796583017082722611e+00 3.547726636372687814e+00 6.998095958411963302e+00 7.612836484267858639e-01 1.467848628284956214e-01 9.774513206275363686e-01 2.888334357930147256e+00 8.000000000000000000e+00 1.300000000000000000e+01 4.000000000000000000e+00 -2.906159157467263867e+02 3.901299999999891384e+02 5.971932234170738596e+00 -6.342214359411722790e-02 6.240664606792700297e+00
1.626333005808674903e+00 9.521415947438988114e-01 4.292021964674831658e+00 5.162729799010485898e+00 2.309060221835899540e+00 1.499735132577049435e-01 7.227009252289742225e-01 2.977316856518405608e+00 7.000000000000000000e+00 1.000000000000000000e+01 3.000000000000000000e+00 -2.296511550784708561e+03 1.060999999999982464e+02 1.521634692404434297e+01 7.056265445337923659e-01 6.005518165099998917e+00
1.224643609874909611e+00 2.593452223655519084e+00 2.789671202932733518e+00 7.310975649275320620e+00 2.076657476423175108e+00 4.336704485400407760e-01 7.135717651195546685e-01 3.856360778113561594e+00 1.000000000000000000e+01 1.400000000000000000e+01 5.000000000000000000e+00 -2.247295172067851126e+03 1.649199999999968895e+02 1.030219825424078373e+01 -9.015038317851859162e+00 3.343383975859752777e+00
1.895992666017163097e+00 1.809266986908276031e+00 3.352113554761479541e+00 1.937286490719842380e+00 1.937547243125574692e+00 8.760892725905649048e-01 6.145056995660758137e-01 2.150475008680909461e+00 9.000000000000000000e+00 1.100000000000000000e+01 4.000000000000000000e+00 -2.731835925603256783e+02 3.301100000000244563e+02 6.758037035019592409e+00 8.328916289658519490e-02 3.851050398969017158e-02
1.364948647592800324e+00 1.240909594753196288e+00 5.282805526125148532e+00 2.961311267158696303e+00 1.266592944003275711e+00 2.466729087885064509e-01 3.974551046791766629e-01 3.266565217608839777e+00 1.100000000000000000e+01 7.000000000000000000e+00 5.000000000000000000e+00 -2.305807729093959551e+03 1.164099999999951365e+02 1.547517056837265415e+01 -8.506073055119359738e-01 4.778258637150149118e-03
2.958311861056043046e+00 1.978320090814794430e+00 4.544449912014424164e+00 4.945432768611533803e+00 1.736293752304016724e+00 3.073881227979681774e-01 8.222463080175174133e-01 2.226469932937247265e+00 8.000000000000000000e+00 1.100000000000000000e+01 4.000000000000000000e+00 -2.891749386405512041e+02 3.301100000000244563e+02 7.757496165033686886e+00 2.297882804646398103e-01 6.262524855146736513e+00
2.027443436144314770e+00 9.280282129721999507e-01 3.170973911993296923e+00 4.729282184461185423e+00 1.892633352091994237e+00 6.412529423036541498e-01 6.864183288676308781e-01 2.205238398089254481e+00 1.000000000000000000e+01 1.300000000000000000e+01 5.000000000000000000e+00 -2.277425256001400612e+03 5.967000000000046356e+01 1.547439100008751467e+01 -5.319117486719006749e+00 4.164701825857103579e+00
1.484089097687924186e+00 1.551926696212366785e+00 6.111274057099351786e+00 1.949569630830715550e+00 1.803956348345709948e+00 4.494207427316633252e-01 4.740250809123933706e-01 3.094859298427441452e+00 5.000000000000000000e+00 1.100000000000000000e+01 5.000000000000000000e+00 -2.218900199387097018e+03 2.648800000000163664e+02 5.403762461693040642e+00 -1.109988879457309174e+01 1.849573489021639983e+00
1.202945002956953058e+00 2.321912478271877411e+00 3.037631271896264806e+00 5.911577740991992513e+00 1.373002025297422657e+00 7.281668593060582062e-02 6.584080595558333693e-01 2.184333640669468668e+00 7.000000000000000000e+00 1.400000000000000000e+01 3.000000000000000000e+00 -2.267951980701483080e+03 3.564399999999782267e+02 5.608248793843368496e+00 -1.167683875019862816e+00 1.063190432413892994e+00
1.495187253702757291e+00 2.152466017598787307e+00 4.007543409951787261e+00 8.914160965864065034e+00 1.904060949944879066e+00 2.656956893650965768e-01 9.376322356972400796e-01 2.037901934007332105e+00 1.000000000000000000e+01 7.000000000000000000e+00 3.000000000000000000e+00 -1.700741368052217126e+02 1.339799999999934244e+02 2.279225475519611882e-02 -1.075728813735254086e+00 6.166824118366973195e+00
2.534316507465828039e+00 1.758640225051595118e+00 2.582142184574844457e+00 3.345831357741839707e+00 2.454918679596857167e+00 5.299630780769504224e-02 8.224234438167202788e-01 3.910005871330088922e+00 8.000000000000000000e+00 1.500000000000000000e+01 3.000000000000000000e+00 -2.265882163794698954e+03 4.064999999999979252e+01 1.534732273716869244e+01 -4.164449694808938673e+00 5.527545091397570332e+00
2.726898115351670704e+00 2.395687454126796290e+00 1.224661774016732929e+00 4.648214094182156586e+00 8.143346810764104937e-01 8.779477773985394640e-01 5.135089414237997696e-01 2.889579778041357461e+00 9.000000000000000000e+00 9.000000000000000000e+00 5.000000000000000000e+00 -2.266475085986035083e+03 3.456000000000005201e+01 1.557469287412718728e+01 -1.530307435194636190e+00 5.205248219922465891e-01
2.327625565430963217e+00 2.352354862212183928e+00 3.052236999062621692e+00 5.758229321297282155e+00 4.664977388424249582e-01 3.470346808261340898e-01 7.037585530692956892e-01 3.591363660727913132e+00 1.000000000000000000e+01 1.000000000000000000e+01 4.000000000000000000e+00 -2.262872463571126900e+03 3.100000000000017053e+01 1.546077897319543482e+01 -1.929056680273827595e+00 6.174347980427900673e+00
2.081999368366032055e+00 2.042199383480656660e+00 1.503115284689892750e+00 5.804165418717769143e+00 6.779595960944359012e-01 1.027959655507201475e+00 5.991033258431270880e-01 2.183860315154304121e+00 1.000000000000000000e+01 1.300000000000000000e+01 5.000000000000000000e+00 -1.458577132817892448e+02 1.888899999999961778e+02 2.060314295127960854e-02 -7.505486923613156058e-01 5.999254397135282524e+00
