2.950685371766064602e+00 1.741420579889984444e+00 3.753461984284709896e+00 7.007701273685310817e+00 2.487230763699205482e+00 1.963423331732668253e-01 8.326345199069064007e-01 2.030445241091791697e+00 9.000000000000000000e+00 1.100000000000000000e+01 4.000000000000000000e+00 -2.251436203664804452e+03 1.762200000000053706e+02 1.020788772905014063e+01 -2.406951325038128253e+00 4.969521965328493329e-01
2.654421610664911668e+00 1.154554637200724487e+00 3.429216428195637434e+00 5.784564510179514230e+00 2.229731623614196412e+00 9.120068196998828980e-02 9.898919183947032518e-01 2.760442150383189741e+00 9.000000000000000000e+00 1.500000000000000000e+01 4.000000000000000000e+00 -5.034395886051919433e+02 4.501499999999774104e+02 1.739778678782520416e+01 5.483171788167733318e-01 6.245293508447394615e+00
2.752693501860318470e+00 1.928411687927945373e+00 4.102386660644688376e+00 6.295438985607046511e+00 2.060830397466286712e+00 2.292932491677741047e-01 8.624584976246778556e-01 2.164658830544826884e+00 9.000000000000000000e+00 1.400000000000000000e+01 4.000000000000000000e+00 -3.394640655646838923e+02 4.201399999999720194e+02 8.087129097793615884e+00 -1.550904621554043128e-01 6.837739712958335048e-02
2.206664336274839933e+00 1.462970301180220867e+00 3.783604569769913883e+00 4.841789454217812150e+00 2.152756314924597181e+00 5.478504190932880213e-01 8.965619601795506988e-01 2.324280830342575932e+00 1.000000000000000000e+01 1.400000000000000000e+01 4.000000000000000000e+00 -3.795350553807139704e+02 4.201399999999720194e+02 1.059156596129549577e+01 -6.523441532531418785e-01 6.010177819219577167e+00
2.335527476777574662e+00 1.465219283240089210e+00 4.599298368602228848e+00 5.994607583931395034e+00 2.126682031851643284e+00 5.717213550536976996e-01 8.021634204518428568e-01 2.560699491744487410e+00 1.000000000000000000e+01 1.000000000000000000e+01 4.000000000000000000e+00 -2.235770511351954156e+03 1.519999999999956515e+02 9.985656959497243079e+00 -1.481203580608217552e+00 5.827156860475114719e+00
2.547870384358291496e+00 1.417211536788123505e+00 3.533247392037323742e+00 5.223301293794618161e+00 2.364265023602051485e+00 3.911002401322719590e-01 8.166525718389532340e-01 2.228520506952492042e+00 1.100000000000000000e+01 1.200000000000000000e+01 4.000000000000000000e+00 -3.632557518358315747e+02 3.601200000000105774e+02 1.144973448973914110e+01 2.857012202910328424e-01 6.111343126146914884e+00
2.135180212130323607e+00 1.460133567508955732e+00 2.514544404261985555e+00 4.904079151008085447e+00 2.275573490190122783e+00 4.851238260652797063e-01 8.870526242498839586e-01 2.345864032382842801e+00 8.000000000000000000e+00 1.200000000000000000e+01 4.000000000000000000e+00 -2.315234266497683620e+03 3.014400000000083537e+02 1.028214165610496345e+01 -4.385510448989763388e-01 5.900337711110539729e+00
2.383547572967263495e+00 1.510903525749392351e+00 3.630050611042947573e+00 5.623247086707808151e+00 2.428573369250002667e+00 3.649393563210049929e-01 9.309476968594487811e-01 2.443200137463760413e+00 1.100000000000000000e+01 1.400000000000000000e+01 4.000000000000000000e+00 -2.170698391720837662e+03 1.616999999999972033e+02 5.615524482552405772e+00 -2.210099560933885599e+00 1.369471564974345412e+00
2.135912372692629901e+00 1.090874364739844449e+00 3.847469305207323664e+00 5.332746345058212434e+00 2.335066831322782477e+00 1.821622599322981206e-01 8.741316240439035434e-01 2.374484324352745368e+00 9.000000000000000000e+00 1.000000000000000000e+01 4.000000000000000000e+00 -2.547304280419896259e+02 3.000999999999997385e+02 6.542526752624358899e+00 -4.782458934590682609e-01 1.203641727121272098e-01
2.515278948524420244e+00 1.397859297461623740e+00 3.474909554622267915e+00 5.862856277498070590e+00 1.871849236695346974e+00 1.773704702443126280e-01 9.583185433980974111e-01 2.014976800245349864e+00 1.000000000000000000e+01 1.300000000000000000e+01 4.000000000000000000e+00 -3.714591344004933262e+02 3.901299999999891384e+02 1.102463340003117231e+01 -5.190530448905973371e-01 6.230782363495150911e+00
2.306498268978666388e+00 1.386564187262224745e+00 4.265159998228368998e+00 5.703259787145808168e+00 2.411966004504030536e+00 1.818869733478273853e-01 8.569878401973470838e-01 2.445577398191089546e+00 1.100000000000000000e+01 1.300000000000000000e+01 4.000000000000000000e+00 -4.517430908949560262e+02 3.901299999999891384e+02 1.604238068093509284e+01 -9.054333788264269378e-01 2.122901411659469384e-01
2.207455848256460129e+00 1.512966892194750779e+00 3.397328273406395205e+00 5.981053470831152907e+00 2.678785513982748778e+00 2.147871171945131830e-01 8.730194600951779460e-01 2.384803179339251678e+00 9.000000000000000000e+00 1.600000000000000000e+01 4.000000000000000000e+00 -4.382836937948368927e+02 4.801600000000302657e+02 1.238773086217635999e+01 -3.928097335139202340e-01 6.241127992798896962e+00
2.546011467469135425e+00 1.320097109572844207e+00 4.564892716177110898e+00 6.208571170350060342e+00 2.174734411977518711e+00 3.447673891831051773e-01 9.943173521713710716e-01 2.358015909775180052e+00 1.100000000000000000e+01 1.400000000000000000e+01 4.000000000000000000e+00 -4.817474492380383708e+02 4.201399999999720194e+02 1.697984057737827257e+01 -2.468204645673051922e-01 3.021287673409450009e-02
2.622749983919434147e+00 1.228388568572445383e+00 3.361899799247371146e+00 4.719841920134080659e+00 1.963646263424606575e+00 3.275516736310591925e-01 9.630901658735500082e-01 2.580834342634626299e+00 1.000000000000000000e+01 1.200000000000000000e+01 4.000000000000000000e+00 -2.986529900827260917e+02 3.601200000000105774e+02 7.412061880170048411e+00 1.227346104592515474e-01 2.796260509962268312e-02
2.194739780259514550e+00 1.319862411673065283e+00 3.592707962559148704e+00 6.123811594959552629e+00 2.225411090985355056e+00 1.369534055263794681e-01 8.581109757368008406e-01 2.031610238225265874e+00 1.100000000000000000e+01 1.400000000000000000e+01 4.000000000000000000e+00 -4.866044912165365304e+02 4.201399999999720194e+02 1.728340570103440754e+01 -1.232314121902150506e-02 6.274777126396156035e+00
2.379467165920098548e+00 1.028928917392048170e+00 3.834966444385780715e+00 4.889961584824289886e+00 2.466052698991456182e+00 2.517117293648826193e-01 8.736437039212442413e-01 2.152390621169435025e+00 1.100000000000000000e+01 1.200000000000000000e+01 4.000000000000000000e+00 -2.205580129468366977e+03 2.378400000000059720e+02 5.416258091772749417e+00 -1.164097618112415855e+00 5.303915668075246392e-01
2.788952712004002965e+00 1.501228284254516820e+00 4.207913138070207282e+00 5.671796954645436983e+00 2.018862762476598238e+00 1.826237953840176842e-01 8.389790908415956094e-01 2.207484882079966848e+00 9.000000000000000000e+00 1.300000000000000000e+01 4.000000000000000000e+00 -3.089741685047550845e+02 3.901299999999891384e+02 7.119323031547533986e+00 -4.889067526382181311e-02 3.748798660756341022e-02
2.286149502493909580e+00 1.636529260108496420e+00 3.677425176188053868e+00 5.083652309526183188e+00 2.178833054344170073e+00 5.713341367673837601e-01 9.528183397716686320e-01 2.647916112922865217e+00 9.000000000000000000e+00 1.500000000000000000e+01 4.000000000000000000e+00 -4.970862137347139651e+02 4.501499999999774104e+02 1.700070085842032697e+01 -4.175508429572867830e-01 1.308802383467059793e-01
2.232133601032137094e+00 1.483343852375676786e+00 3.633415472803154689e+00 4.648178156240405201e+00 1.799535867648936138e+00 4.815288454580162192e-01 9.927752944870885665e-01 2.531452268470608669e+00 1.000000000000000000e+01 1.300000000000000000e+01 4.000000000000000000e+00 -3.207912273049015539e+02 3.884399999999891975e+02 2.142012713415281100e-02 -1.406141095057791057e+00 5.257570038344143437e-02
1.624073076850279129e+00 1.314976320483519423e+00 2.975851258068423100e+00 4.530938214525194851e+00 9.385789263838485441e-01 6.455138823617819765e-01 3.783073405797470201e-01 4.101954795968018708e+00 8.000000000000000000e+00 8.000000000000000000e+00 3.000000000000000000e+00 -2.113807278251141270e+03 4.975999999999929457e+01 5.557954890696342964e+00 -8.091856440151737884e-01 5.543566506689039386e+00
2.560637481465313670e+00 1.676270312310833344e+00 3.836233315422118650e+00 5.687856059071535242e+00 1.856510097062619602e+00 6.717483868983757933e-01 9.742827365429180819e-01 2.222685803730043652e+00 1.000000000000000000e+01 1.000000000000000000e+01 4.000000000000000000e+00 -2.433591795024069881e+02 3.000999999999997385e+02 5.831823718900444931e+00 9.115982656069082646e-01 1.533427303575573414e-02
2.417787736367225104e+00 1.510473410102254777e+00 4.973686362173696196e+00 6.089309854986431958e+00 2.120060553705475748e+00 3.652114009817841733e-01 9.361200064094515882e-01 2.332516516032915543e+00 1.100000000000000000e+01 1.400000000000000000e+01 4.000000000000000000e+00 -4.803874910005172865e+02 4.201399999999720194e+02 1.689484318753320480e+01 2.230983163400186153e-01 8.157071804226995182e-02
2.127039675823157783e+00 1.629652006468483183e+00 1.511020709221308600e+00 4.447579295218693218e+00 2.015802006979409366e+00 2.775631411918820790e-01 9.770745998234584562e-01 2.163398879491876592e+00 9.000000000000000000e+00 1.200000000000000000e+01 5.000000000000000000e+00 -2.270613322410309593e+03 5.651999999999956259e+01 1.514708265064435366e+01 -3.200709673735904204e+00 9.222727679183660987e-01
2.554851837300430972e+00 1.359217728221170152e+00 4.337540168405805474e+00 5.312067004141358240e+00 1.866588087103725480e+00 5.144297809672817579e-01 9.992487520133209733e-01 2.212513906278126274e+00 1.100000000000000000e+01 1.300000000000000000e+01 4.000000000000000000e+00 -2.167634677229916633e+03 2.551899999999938586e+02 2.502479826869960622e+00 -4.947671891452720128e-01 2.676381832275669947e-01
2.426260723647442497e+00 1.339302741154662080e+00 4.473729192017614764e+00 5.766173899008330217e+00 2.470362259194616161e+00 2.297344463911051848e-01 9.190423425875802188e-01 2.568187718077481918e+00 1.000000000000000000e+01 1.500000000000000000e+01 4.000000000000000000e+00 -5.068733848525633903e+02 4.501499999999774104e+02 1.761239905328591959e+01 -5.772470120869226395e-01 6.247149468617045898e+00
2.364071290243519474e+00 1.310243905031797995e+00 4.668940656517659882e+00 5.964055204030113799e+00 1.949124545918502927e+00 1.596731534259643037e-01 9.897571069383014342e-01 2.268415433913161028e+00 1.000000000000000000e+01 1.200000000000000000e+01 4.000000000000000000e+00 -2.928731206818461033e+02 3.601200000000105774e+02 7.050820042615050021e+00 -5.961832851419029272e-02 5.909014866318022807e-02
2.533768654155845734e+00 1.581189023772371582e+00 4.081002150012486673e+00 5.616145241285662060e+00 2.080442131513683179e+00 1.367862792503407310e-01 9.915053319051526648e-01 2.062942634275308773e+00 8.000000000000000000e+00 1.400000000000000000e+01 5.000000000000000000e+00 -2.214086295705696102e+03 9.604000000000034731e+01 1.037914348160597910e+01 -1.653132142506914803e+01 3.254618328785860992e+00
2.452320040832588255e+00 1.128455608178745795e+00 4.295221610373285870e+00 5.963864556957169327e+00 2.160049506643838768e+00 2.628946644992742332e-01 9.693234437980854379e-01 2.359251011596184000e+00 1.000000000000000000e+01 1.100000000000000000e+01 4.000000000000000000e+00 -2.609616104108669106e+02 2.902900000000195178e+02 1.762619003063331524e-02 -1.380729591016941038e+00 7.654403349114342614e-01
2.804962879958753597e+00 1.500358373361924347e+00 2.997332211940651359e+00 5.733771835635044667e+00 1.821733240832258183e+00 4.030114744289275963e-01 9.541788832087079175e-01 2.433836282402644713e+00 1.000000000000000000e+01 1.200000000000000000e+01 4.000000000000000000e+00 -2.218655959006944613e+03 1.105200000000011613e+02 1.021224743793400691e+01 -2.504125578680548525e+00 3.644519418367012098e-01
2.557324350503721977e+00 1.447114267873959248e+00 3.937137137656124608e+00 4.930761732386291563e+00 1.895190534710644359e+00 2.188580767965174756e-01 9.773727409497486862e-01 2.056653504895628259e+00 1.000000000000000000e+01 1.200000000000000000e+01 4.000000000000000000e+00 -2.951254254338547298e+02 3.601200000000105774e+02 7.191589089615591845e+00 -3.296307922002469359e-01 3.947618534910961041e-01
2.268394069402754010e+00 1.647772734524123539e+00 2.326584105670727265e+00 4.154987079628743807e+00 2.223659859318434240e+00 5.842077383032545645e-01 8.420970969276347917e-01 2.729094827828120629e+00 1.000000000000000000e+01 1.100000000000000000e+01 4.000000000000000000e+00 -2.191502316673667792e+03 2.099900000000095588e+02 5.406707292103948959e+00 -1.939971601731550255e+00 3.989367737004110848e-01
1.965937164770021006e+00 1.195511966919629243e+00 4.088486974865997325e+00 4.875878109663411841e+00 2.547129141555104503e+00 8.756925741697542398e-02 9.035416675983614088e-01 2.285742147482317854e+00 1.000000000000000000e+01 1.300000000000000000e+01 4.000000000000000000e+00 -4.686606843324618694e+02 3.901299999999891384e+02 1.709973027077920804e+01 -2.786701233370401237e-02 4.141882452428642669e-02
1.402332217717995322e+00 1.748356327064633176e+00 6.673179369526440752e+00 7.692706814166733409e+00 2.156381049700193842e+00 2.222348699982159115e+00 3.318512199934274820e-01 3.166003736283423464e+00 4.000000000000000000e+00 7.000000000000000000e+00 2.000000000000000000e+00 -2.248166953215664762e+03 3.500000000000012079e+01 1.441668457597904585e+01 5.055139186949839658e-01 5.953584852260293658e+00
2.554123451972825531e+00 1.662526206091717196e+00 3.091511784161310228e+00 4.650702656948834779e+00 1.911598406211458601e+00 8.669967592504914666e-01 8.673606718058446408e-01 2.596989593632248905e+00 1.000000000000000000e+01 1.200000000000000000e+01 4.000000000000000000e+00 -2.229269753419715926e+03 1.209600000000015569e+02 1.054935958873218205e+01 -1.351454607377903683e+00 8.687317751848779857e-01
2.037142053751439974e+00 1.201180905051596248e+00 1.598706500135185893e+00 3.932840631953353316e+00 2.100694480496804850e+00 7.860342652194682866e-01 7.394576486712046703e-01 2.608434742082535784e+00 7.000000000000000000e+00 9.000000000000000000e+00 4.000000000000000000e+00 -2.267171291760972508e+03 4.743000000000053973e+01 1.521601823506074780e+01 -1.861905225538974307e+00 6.257215052894069984e+00
2.057742782924001368e+00 1.561801719626257023e+00 3.563818293242579927e+00 5.398740178921708655e+00 2.590250491830464963e+00 4.039434665153773807e-01 8.818716043459940979e-01 2.233606199722538488e+00 1.100000000000000000e+01 1.100000000000000000e+01 4.000000000000000000e+00 -3.635088604893732054e+02 3.301100000000244563e+02 1.240336628058505930e+01 -2.298271532702522268e+00 6.099459460580613168e+00
2.224957882593942227e+00 1.594145281226954092e+00 4.923718445166125335e+00 6.799333804468762565e+00 2.115872410745767596e+00 3.275596732433485592e-01 9.305443466775333849e-01 2.229084647757349380e+00 1.000000000000000000e+01 1.400000000000000000e+01 4.000000000000000000e+00 -4.737344276903978084e+02 4.201399999999720194e+02 1.647902673065073742e+01 -5.528477505743757403e-01 5.938758078802458762e+00
2.564224026873367368e+00 1.951880205307910954e+00 3.068992295165091200e+00 3.504199785922937238e+00 2.078339772878411651e+00 2.887817573882554001e-01 9.773535758131021156e-01 2.559632857382721394e+00 1.000000000000000000e+01 1.200000000000000000e+01 4.000000000000000000e+00 -2.224209099117496407e+03 1.168800000000014023e+02 1.036056869484349896e+01 -2.620378220879782560e+00 3.124633592297872964e-01
2.345757833371678647e+00 1.237177917549540762e+00 3.524905366366457571e+00 5.054253047215781613e+00 2.237555528220919410e+00 1.068961415174364965e-01 8.529550816966351423e-01 2.215279018923602461e+00 1.100000000000000000e+01 1.200000000000000000e+01 4.000000000000000000e+00 -1.809649627152120956e+02 3.601200000000105774e+02 5.656016970042584968e-02 -1.271654300997311582e+00 6.261463617084439548e+00
2.373401103586421534e+00 1.387431631465749327e+00 3.201084790515202005e+00 5.799073708458482024e+00 2.025777172456175279e+00 1.053185763915627238e-01 8.174395638207930803e-01 2.128382832276300984e+00 1.000000000000000000e+01 1.400000000000000000e+01 4.000000000000000000e+00 -4.790170178982495486e+02 4.201399999999720194e+02 1.680918861864147118e+01 -8.488289118138603317e-02 2.032499094379895330e-02
2.358233501500090146e+00 7.173298239780401264e-01 2.673151886262251864e+00 5.705497524842121138e+00 2.055955589565049202e+00 1.808401476368217131e-01 9.935512382601774384e-01 2.858870171431978857e+00 1.100000000000000000e+01 1.600000000000000000e+01 4.000000000000000000e+00 -5.025951499350552467e+02 4.801600000000302657e+02 1.640719687094000534e+01 1.857900268510965236e-01 2.324154290169575324e-02
2.269709977593631911e-01 1.633863255065442610e+00 2.343368477078274559e+00 1.518256847591247682e+00 2.809385983150750832e+00 9.713448501738209950e-01 3.320179275158885446e-01 4.745408730291228672e+00 3.000000000000000000e+00 9.000000000000000000e+00 3.000000000000000000e+00 -2.110815502173702498e+03 4.302000000000037261e+01 5.581593885856388049e+00 -1.959755533264566862e+00 9.549767731420394368e-01
2.085817778091208385e+00 1.662454902415536395e+00 3.165655746437896934e+00 4.340614969686696689e+00 2.147608542266883802e+00 7.646747497582945252e-01 9.608736537477702289e-01 2.645100951531325517e+00 9.000000000000000000e+00 1.100000000000000000e+01 4.000000000000000000e+00 -2.216037121221546840e+03 2.632300000000161617e+02 5.276382576346174247e+00 -2.221447465175323099e+00 5.828078144725685306e+00
2.304262521415533893e+00 1.099278906443159398e+00 3.972878185352371805e+00 6.234190162178863126e+00 2.255079533409025672e+00 7.054398420949042903e-02 9.057898141503092360e-01 2.086582341077993785e+00 1.100000000000000000e+01 1.100000000000000000e+01 4.000000000000000000e+00 -2.327215671539048344e+03 1.728100000000049477e+02 1.505066697119038110e+01 -2.396376800161896359e+00 9.618525077170719806e-01
2.496126310689238181e+00 1.776168879520353849e+00 2.491600851996051524e+00 5.459740924847334753e+00 2.367938986445064842e+00 2.758417274314364231e-01 9.462930098366237885e-01 2.373727016374830523e+00 1.100000000000000000e+01 1.000000000000000000e+01 4.000000000000000000e+00 -2.652217704856161617e+02 3.000999999999997385e+02 7.198235655351020057e+00 -9.789302641069712319e-02 5.901101405633372821e+00
2.736537717328364039e+00 1.718835556098017525e+00 3.438516718337910394e+00 4.781815259621870595e+00 2.083417019932941372e+00 1.955621149050052465e-01 9.932521700448181390e-01 2.386005231647266189e+00 1.000000000000000000e+01 1.500000000000000000e+01 4.000000000000000000e+00 -5.055037820111688234e+02 4.501499999999774104e+02 1.752679887569875561e+01 -3.833394551667412831e-02 1.297979754343630068e-02
2.287627918997435561e+00 1.425189138816820078e+00 3.555488341311012324e+00 5.890340941212899750e+00 2.295763156618540801e+00 4.667318982113001780e-01 9.738655013574901709e-01 2.098771898545362280e+00 9.000000000000000000e+00 1.600000000000000000e+01 4.000000000000000000e+00 -5.169223413487586640e+02 4.801600000000302657e+02 1.730264633429647247e+01 -1.745904710389387660e-01 1.306965866117421604e-01
2.459217264973768025e+00 1.713767394716769976e+00 3.178102211011126332e+00 4.725824548810495074e+00 1.894811756057624086e+00 4.027048318775615088e-01 9.831012367459385226e-01 2.438847285026070288e+00 1.000000000000000000e+01 1.300000000000000000e+01 4.000000000000000000e+00 -1.805683378501358902e+02 3.604899999999901752e+02 2.020861563380070558e-02 -9.328849016814584338e-01 6.197039070660142812e+00
