2.093064361109345128e+00 2.025489928068773704e+00 3.263958423185067126e+00 6.112608114904878320e+00 1.461159061657113067e+00 3.691680765186357571e-01 8.771636848002813958e-01 2.475005036250891965e+00 8.000000000000000000e+00 1.000000000000000000e+01 4.000000000000000000e+00 -1.902632216234345037e+02 2.511999999999900126e+02 1.779094503265848254e-02 -1.261393245596319046e+00 2.423658889365199465e-01
2.883585454180788155e+00 1.470519054016362182e+00 3.848791042621738434e+00 4.850023503391517998e+00 1.699141464728647133e+00 1.390231974070763044e-02 8.664069734425545732e-01 2.325536294779087854e+00 1.100000000000000000e+01 1.500000000000000000e+01 4.000000000000000000e+00 -3.418088895945479067e+02 4.501499999999774104e+02 7.295868099659949202e+00 -3.903656984433762078e-05 5.253623095613715530e-03
2.686702903540246101e+00 1.394688878341792559e+00 4.588581740410377030e+00 3.367776719283357423e+00 2.399325326479532894e+00 4.505378993889103123e-01 9.501704637761332339e-01 2.693684294396969658e+00 9.000000000000000000e+00 1.000000000000000000e+01 4.000000000000000000e+00 -2.227121845292809667e+03 2.977999999999992156e+02 4.888865330800618025e+00 -4.934334598319891185e+00 6.961837539451924961e-01
2.117372881078142921e+00 2.146029490573440057e+00 4.693284289989726688e+00 4.316982937228764250e+00 1.959040902648697235e+00 3.825495541795165266e-01 8.216237957105787526e-01 2.825097282104382046e+00 9.000000000000000000e+00 1.300000000000000000e+01 4.000000000000000000e+00 -3.200450622351868901e+02 3.901299999999891384e+02 7.811253889699520947e+00 -2.435040221144224581e-01 9.949618874478538544e-02
2.976583635611913969e+00 1.833110967065126440e+00 3.555364668071193890e+00 4.314408940210175736e+00 2.125363139962042514e+00 1.929917200729909799e-01 8.296420885865584127e-01 2.201906876400844926e+00 1.000000000000000000e+01 1.000000000000000000e+01 4.000000000000000000e+00 -2.659774816976274678e+02 3.000999999999997385e+02 7.245467606101724023e+00 -1.121484655309049755e-01 6.007711549351612668e+00
2.510062780833061336e+00 1.674858768515352869e+00 4.610523647443034001e+00 3.765336557420777552e+00 2.443970751908252748e+00 1.650539819214533188e-01 9.363310709992633818e-01 2.361161342240128302e+00 1.100000000000000000e+01 1.200000000000000000e+01 4.000000000000000000e+00 -2.219758437948578830e+03 2.643600000000069485e+02 5.473652371785954429e+00 -4.180120170765913024e-01 6.116196975832920657e+00
2.434848978778527240e+00 1.114744097177361892e+00 3.477514239154503528e+00 5.069390189947924341e+00 2.360773077462065661e+00 9.396741244331194287e-02 9.690357027135730883e-01 2.464189272345058690e+00 9.000000000000000000e+00 1.300000000000000000e+01 4.000000000000000000e+00 -4.569144472697028050e+02 3.901299999999891384e+02 1.636559045435676296e+01 -3.077791853297157099e-01 6.271374260316842530e+00
2.682942515349538759e+00 1.431168704951675918e+00 4.422052071311531662e+00 5.478803011039702575e+00 1.950218392688839231e+00 5.163430432725670816e-01 9.350589103854062278e-01 2.306850699712313268e+00 8.000000000000000000e+00 1.200000000000000000e+01 4.000000000000000000e+00 -3.533325714033638292e+02 3.601200000000105774e+02 1.082953571270990878e+01 -1.469248205967623955e+00 4.845032720149921035e-01
2.510288716109218221e+00 1.460957543647088963e+00 5.893560432433205598e+00 5.554529066091612677e+00 2.457667628470898702e+00 2.430055756098309927e-01 9.816456857716934215e-01 2.451780787137609163e+00 1.000000000000000000e+01 1.200000000000000000e+01 4.000000000000000000e+00 -4.469004570962184744e+02 3.601200000000105774e+02 1.667752856851332410e+01 4.507449821859485506e-01 2.278576780101936733e-02
2.496488571807010892e+00 1.887128610049800814e+00 2.918961626599871906e+00 5.290551552959284365e+00 1.722351782857624691e+00 3.127795346059412673e-01 7.931485769770441063e-01 2.512532160756631772e+00 1.100000000000000000e+01 1.100000000000000000e+01 4.000000000000000000e+00 -2.685039427576247135e+02 3.301100000000244563e+02 6.465558922350782112e+00 -2.602869312579525474e-01 5.779484506616992812e-03
2.113275200382221719e+00 1.591637280065158366e+00 4.941656500782657169e+00 4.261698487470233054e+00 1.709815256533948835e+00 2.235130345565045085e-01 9.185084851774377723e-01 2.970213681013017304e+00 1.000000000000000000e+01 1.200000000000000000e+01 4.000000000000000000e+00 -2.379604948115345451e+02 3.160800000000089085e+02 2.424725162857692407e-02 -2.655534720749839761e-01 6.072651468641383055e+00
2.669772971555263386e+00 1.401770875696213503e+00 3.545786358266036498e+00 6.058550425166638220e+00 2.333849589239859412e+00 6.202926969414770397e-01 8.165320315308661758e-01 2.301622268252893733e+00 9.000000000000000000e+00 1.100000000000000000e+01 3.000000000000000000e+00 -1.053247421035536036e+03 1.949200000000076898e+02 2.487896690370111630e-02 -1.499437821345951782e+01 3.344988806083589949e+00
2.651734317289308862e+00 1.492961780338342148e+00 4.583484534940193811e+00 4.861105977941099887e+00 2.147790983607161586e+00 4.442773208881590774e-01 8.889904286561458591e-01 2.052567037680929740e+00 9.000000000000000000e+00 1.000000000000000000e+01 4.000000000000000000e+00 -2.503663124686136712e+02 3.000999999999997385e+02 6.269769529288362619e+00 -2.557828167833393063e-01 6.280386755008176891e+00
2.091495278113619349e+00 1.966821297875497310e+00 3.598333615001073849e+00 4.234180900386521174e+00 1.946454189720135952e+00 4.245868296180411727e-01 8.825110914222975556e-01 2.004962654536247335e+00 1.100000000000000000e+01 1.100000000000000000e+01 4.000000000000000000e+00 -2.726691575741548945e+02 3.301100000000244563e+02 6.725884848383916648e+00 -8.608597670003647062e-01 6.249846411952898251e+00
2.494985508667826313e+00 2.141361837116922295e+00 5.487865141948953251e+00 5.334031649851304735e+00 1.629580662553937298e+00 4.785769929464562811e-01 8.621232967031823291e-01 2.606170309950030184e+00 1.000000000000000000e+01 1.300000000000000000e+01 4.000000000000000000e+00 -2.667465148867467519e+02 2.664999999999934630e+02 1.311007526324102848e-02 -1.336617383412191495e+00 2.836235996663983433e-02
2.400160639840803078e+00 1.161493911653165956e+00 4.212027498374721901e+00 4.601636378695538987e+00 2.468418863641935967e+00 2.261938435076921716e-01 9.399354201501756156e-01 2.228965833302140265e+00 1.100000000000000000e+01 1.200000000000000000e+01 4.000000000000000000e+00 -2.240897992499621068e+03 3.064800000000085447e+02 5.478624531226044425e+00 -1.222852290460507474e+00 2.017190221648679227e-02
2.775878420295376348e+00 1.011727645129723019e+00 3.549960622375088359e+00 5.508354007183656975e+00 1.943163726265941582e+00 4.667488654865362685e-01 7.802852368103411207e-01 2.472994750249803086e+00 8.000000000000000000e+00 1.300000000000000000e+01 4.000000000000000000e+00 -2.863689078517548410e+02 2.997799999999922989e+02 2.011660330919966266e-02 -1.041447613642865866e+00 6.272969579967084819e+00
2.653941890199444487e+00 1.844543058783024936e+00 4.302020743281786075e+00 4.520744641179890166e+00 1.837347808998309073e+00 5.587724435268526246e-01 9.271940318623588251e-01 2.126232215587228858e+00 1.100000000000000000e+01 1.200000000000000000e+01 4.000000000000000000e+00 -2.828442730466035187e+02 3.601200000000105774e+02 6.424017065412389371e+00 -4.104090702868826157e-02 2.109293393760067539e-02
2.700300512044648826e+00 1.681750905428071041e+00 3.647337602117459721e+00 4.972894570358571187e+00 2.186880977696582740e+00 5.654433394207767360e-01 8.524510521659532936e-01 2.093465916483763234e+00 1.000000000000000000e+01 1.200000000000000000e+01 4.000000000000000000e+00 -4.143920397220031759e+02 2.557200000000066495e+02 -2.394555896466345896e-02 -5.570160334219776743e+00 5.336770135273305904e+00
2.837784480018468614e+00 1.456277145922523442e+00 4.562687854975585822e+00 6.063863445542343023e+00 2.401878204123258254e+00 3.851353250976600751e-01 7.672186699754056649e-01 2.371664943655807711e+00 1.000000000000000000e+01 1.200000000000000000e+01 4.000000000000000000e+00 -2.183020829411636896e+03 2.031600000000046577e+02 5.090051838227164893e+00 -1.675630007334149019e+00 6.142699725373248043e+00
2.249633646669130016e+00 2.089166813904491882e+00 2.658641617299366100e+00 4.874753049591084242e+00 2.220363253924208635e+00 7.112625377034658136e-01 9.374050280672199253e-01 2.279081809510446810e+00 7.000000000000000000e+00 1.000000000000000000e+01 4.000000000000000000e+00 -3.255041078088927406e+02 3.000999999999997385e+02 1.096588173805580269e+01 -3.307527289102563661e-01 2.624202166202853626e-01
2.143509056467069129e+00 1.474544757578364340e+00 2.991814550040778897e+00 6.235776992371459215e+00 1.514095659690455564e+00 5.141665117844216315e-01 9.081797848921512317e-01 2.197500834737062370e+00 1.000000000000000000e+01 1.500000000000000000e+01 4.000000000000000000e+00 -2.268681284110404704e+03 3.679499999999898705e+02 5.294142756900622082e+00 -1.164097619707109565e+00 2.171500077973674281e-01
2.417679910611377991e+00 1.635441069441106565e+00 3.715009183418083616e+00 4.391646625489003419e+00 2.644672763260177639e+00 2.183595921916187121e-02 6.922135557278629170e-01 2.333321332330325237e+00 9.000000000000000000e+00 1.400000000000000000e+01 4.000000000000000000e+00 -4.875207174496166544e+02 4.201399999999720194e+02 1.734066984060191530e+01 -2.115308873280973834e-01 2.264350675973703444e-02
2.178102195945763153e+00 1.586606870093265620e+00 3.894889332577222696e+00 5.834553858359738499e+00 2.061417812583240750e+00 1.976856753344016226e-01 9.104419136516703759e-01 2.140399641075799497e+00 8.000000000000000000e+00 1.100000000000000000e+01 4.000000000000000000e+00 -4.394365695080027194e+02 3.301100000000244563e+02 1.714884809424940570e+01 2.713260430259586409e-01 9.744565359305795704e-02
2.751405535460504481e+00 1.215218847235294497e+00 4.554955703484306007e+00 5.080099073493252071e+00 2.163991990989273528e+00 5.217851025653464925e-01 7.160823809625929126e-01 2.555497325862686520e+00 8.000000000000000000e+00 1.100000000000000000e+01 4.000000000000000000e+00 -2.748972788581672830e+02 2.971100000000203636e+02 1.821154983982865155e-02 -1.430927086059064379e+00 6.229310791071110742e+00
2.281172781734005284e+00 1.553210618973838830e+00 4.343833642934734840e+00 5.276271878919087222e+00 2.059331881247592921e+00 3.769321385615524433e-01 9.589912331268247714e-01 2.136863935010299809e+00 9.000000000000000000e+00 1.200000000000000000e+01 4.000000000000000000e+00 -3.013881651092445964e+02 3.601200000000105774e+02 7.583010319327456727e+00 -3.544629746873839693e-01 6.274043147503166828e+00
2.762175918639389494e+00 1.218521931666702418e+00 3.207727754427774691e+00 5.381201123180547441e+00 1.379560222030070227e+00 8.323696735255892154e-02 9.309514198106246807e-01 2.247783949090980116e+00 1.000000000000000000e+01 1.500000000000000000e+01 4.000000000000000000e+00 -3.326458021378134617e+02 4.501499999999774104e+02 6.723175133614049059e+00 -2.153681102736465236e-01 6.273814460427075801e+00
2.874725290488575169e+00 1.842935752023010965e+00 2.105149662115328724e+00 5.180572462308762560e+00 2.118761854802838407e+00 5.499360182318123735e-01 9.322418966715769750e-01 2.482527040167825216e+00 1.000000000000000000e+01 7.000000000000000000e+00 4.000000000000000000e+00 -2.073577084494040264e+03 8.070999999999861529e+01 2.076380280877546447e+00 -2.738775602056747971e+00 2.442161200017208267e-01
2.400624004287219559e+00 2.086032275892222287e+00 3.679958593263816358e+00 5.045859702584547080e+00 1.954616187658984927e+00 1.909116405150134976e-01 7.118474169195387891e-01 2.633247654345985289e+00 1.000000000000000000e+01 1.200000000000000000e+01 4.000000000000000000e+00 -2.809595470546083789e+02 2.754000000000073669e+02 2.042228651477885973e-02 -1.394247081064397653e+00 6.281785449231272800e+00
2.118489574908734685e+00 1.970379428921380072e+00 4.224005125576351993e+00 5.310240075593586795e+00 1.598729318905125263e+00 1.705853014369565213e-01 9.543581530292754023e-01 2.186941988269829551e+00 1.000000000000000000e+01 1.300000000000000000e+01 4.000000000000000000e+00 -3.909021090475280289e+02 3.901299999999891384e+02 1.223981931547083946e+01 -2.199507871221999977e+00 5.502783733511711073e-02
2.311116744874593731e+00 1.537866232071981365e+00 4.828737062338160690e+00 4.419522744509049694e+00 1.922054095600458590e+00 2.781551467923413234e-01 6.062915910040107548e-01 2.223690547551868235e+00 1.000000000000000000e+01 1.300000000000000000e+01 4.000000000000000000e+00 -3.191183696578165723e+02 3.667299999999899569e+02 2.343328021073377843e-02 -1.199615082304272828e+00 1.884635825544137347e-02
2.451754565605801961e+00 1.516373694405860784e+00 5.569649943332852793e+00 3.661080737964738319e+00 1.715090213447723944e+00 8.663543830059824979e-02 8.765188250476616538e-01 2.298867554428976945e+00 9.000000000000000000e+00 1.100000000000000000e+01 4.000000000000000000e+00 -2.721364866277895658e+02 3.301100000000244563e+02 6.692592914236082713e+00 -3.969483665879626200e-01 4.986494252923666382e-02
2.496207751894865101e+00 1.621274103916960030e+00 5.423791781979311111e+00 4.873806526838500019e+00 1.817577022426029032e+00 5.657243801510081216e-01 9.318098985221875408e-01 2.291214380948747298e+00 9.000000000000000000e+00 1.100000000000000000e+01 4.000000000000000000e+00 -2.160208034976313684e+03 1.560900000000028740e+02 5.135189686019525190e+00 -3.398481026968684926e+00 7.375593358088450291e-01
2.558573418500700747e+00 1.997464192599236465e+00 5.039426697464369553e+00 4.672516794458267952e+00 2.118576522409440610e+00 3.237053291094469376e-01 9.701348401375228248e-01 2.772576316497921578e+00 9.000000000000000000e+00 1.000000000000000000e+01 4.000000000000000000e+00 -2.538343733912869880e+02 3.000999999999997385e+02 6.486523336955444030e+00 3.754665804442130356e-02 6.189260741034321001e+00
2.513825925404002959e+00 1.402712136592162206e+00 4.212750761400095634e+00 5.283543148537181544e+00 2.034499688494410208e+00 4.716220000126352119e-01 8.842995327960876395e-01 2.506521047376749411e+00 1.000000000000000000e+01 1.200000000000000000e+01 4.000000000000000000e+00 -2.243964034885773629e+02 2.320800000000057537e+02 1.491718555711112754e-02 -1.009591429362476811e+00 9.960891609245467460e-02
2.561596455908224712e+00 1.181232239266064798e+00 5.067598734265525984e+00 5.001023152742885891e+00 1.571428948698005756e+00 2.464332272664437329e-01 7.426381120403474645e-01 2.025675885562934653e+00 8.000000000000000000e+00 1.300000000000000000e+01 3.000000000000000000e+00 -3.174564417849310303e+02 3.901299999999891384e+02 7.649465111558528818e+00 -5.358837697601580574e-01 2.958727604841738246e-01
2.443499361369201317e+00 1.791970060572365853e+00 2.094017528974758235e+00 6.229453548006524066e+00 2.114821802338704870e+00 3.885940679211466464e-01 7.875538036118238105e-01 2.294304867926058034e+00 1.100000000000000000e+01 1.700000000000000000e+01 4.000000000000000000e+00 -4.427713658779199477e+02 5.101700000000154773e+02 1.173039786736951484e+01 1.079172550467813463e-02 8.585707464272773759e-02
1.806347382402975210e+00 1.566851097204332577e+00 3.121611210331168174e+00 5.048147864431114407e+00 2.236578326483546597e+00 3.073235845756830398e-01 7.159610432781129408e-01 2.615631147286424429e+00 9.000000000000000000e+00 1.000000000000000000e+01 4.000000000000000000e+00 -2.662715762707883300e+02 3.000999999999997385e+02 7.263848516924279686e+00 2.425312421583877831e-02 3.852026628481410725e-03
2.632550161920303999e+00 1.047869452650197486e+00 4.737078322420787302e+00 5.602595136793971697e+00 1.790212243508099155e+00 6.269340233970107645e-01 7.729525734226998512e-01 2.320553645614683802e+00 8.000000000000000000e+00 1.200000000000000000e+01 4.000000000000000000e+00 -4.435631464188519999e+02 3.601200000000105774e+02 1.646894665117791945e+01 -3.917596493205635633e-01 1.720147544117816563e-01
2.891947908934954015e+00 1.305110197822480389e+00 3.994519972645762085e+00 4.499000406172610766e+00 1.443593397618507135e+00 1.132073150466093719e-01 9.433921670976368468e-01 2.276878975645028280e+00 1.000000000000000000e+01 1.300000000000000000e+01 4.000000000000000000e+00 -2.971341364664946809e+02 3.901299999999891384e+02 6.379321029156257872e+00 8.818036088539260575e-04 1.161502196613071608e-01
2.275059217277108026e+00 2.032549133731504032e+00 4.256583450310441386e+00 5.784587159770401499e+00 1.443351587630870014e+00 8.459181696063003963e-01 9.300363598986047808e-01 2.339690874476485938e+00 1.000000000000000000e+01 1.200000000000000000e+01 4.000000000000000000e+00 -2.154002363387673995e+03 1.306800000000019111e+02 5.541397711729556974e+00 -4.269686488183969786e+00 1.250479206513595898e+00
2.475347096000835911e+00 1.218161482281702401e+00 3.300986483616148881e+00 3.310555137712694496e+00 2.112908097879022673e+00 1.176614601995132459e+00 9.198001801395798704e-01 2.538082808778517663e+00 8.000000000000000000e+00 9.000000000000000000e+00 4.000000000000000000e+00 -1.695809381463198520e+02 1.782900000000054774e+02 1.166620993720022051e-02 -1.964054614103999841e+00 2.148571682401948235e-01
2.294011636996715175e+00 2.438317274850437144e+00 3.582802342896685754e+00 4.340124208343883794e+00 2.124404235370044525e+00 3.853576576396201547e-01 9.648701730206219462e-01 2.599871996293143805e+00 8.000000000000000000e+00 9.000000000000000000e+00 4.000000000000000000e+00 -2.179886485605687540e+03 1.905300000000059413e+02 5.288842850355270464e+00 -2.628960337486562882e+00 1.021401787541087680e+00
2.019456645916647197e+00 1.874055059997317585e+00 3.863056716552418113e+00 3.052264911798104663e+00 1.579708802037331994e+00 2.251697910303168959e-01 8.467528381589271014e-01 2.095786557129455829e+00 1.000000000000000000e+01 1.300000000000000000e+01 4.000000000000000000e+00 -3.115804622634216230e+02 3.901299999999891384e+02 7.282216391464192640e+00 1.745792435490833849e-01 6.108933952054030669e+00
2.818778642984825833e+00 1.885649752752963870e+00 3.697045551913875183e+00 4.132456284781664380e+00 1.736374523839422146e+00 3.518336166379892882e-01 8.293932729058255404e-01 2.301200308199870648e+00 1.100000000000000000e+01 1.000000000000000000e+01 4.000000000000000000e+00 -2.135270042027322233e+03 9.779999999999871818e+01 5.398127626707654336e+00 -1.824192461709152724e+00 5.287649401523115689e-01
2.251189005136746690e+00 2.131226337861949371e+00 3.597304834839715859e+00 5.216041372415242350e+00 1.878080867100024420e+00 3.314368983626933551e-01 9.429076675680140296e-01 2.490599746402505588e+00 9.000000000000000000e+00 1.100000000000000000e+01 4.000000000000000000e+00 -2.271746670027953314e+03 5.125999999999979195e+01 1.538229187674708243e+01 -4.311330389021119092e-01 3.022567797508507459e-01
2.748845464578970610e+00 1.311525797236990476e+00 2.743561275806027488e+00 5.822886585559142958e+00 2.389851183400832912e+00 3.648768502607419029e-01 8.979269140492381895e-01 2.396132558610169827e+00 1.100000000000000000e+01 1.300000000000000000e+01 4.000000000000000000e+00 -2.144564287091444839e+03 1.159599999999987290e+02 5.411517943215330639e+00 -2.799205730539797710e+00 7.343882703870366901e-01
2.877747019684190555e+00 1.657971628430716660e+00 5.054562133239470789e+00 3.552615684593615875e+00 2.168387972699005850e+00 5.977952979761325114e-01 9.219014998299407404e-01 2.514660952889051782e+00 9.000000000000000000e+00 1.000000000000000000e+01 4.000000000000000000e+00 -9.800955165975007333e+01 1.952999999999931902e+02 2.247197873459268191e-02 -9.251291297086779997e-01 3.417018962720175246e-02
