2.660735044655768267e+00 1.619140658830018120e+00 4.180586567003041765e+00 5.866541630641437521e+00 2.372825557243494199e+00 2.475167527033552139e-01 6.820024301075289230e-01 2.483756131860495042e+00 9.000000000000000000e+00 1.200000000000000000e+01 4.000000000000000000e+00 -1.960559158783470366e+02 3.601200000000105774e+02 9.997447423963592428e-01 -8.968875208274572630e-01 8.849128919665280590e-02
2.620931157696622993e+00 1.042713317090589564e+00 3.467098282138898035e+00 5.467084873620795094e+00 1.980990475781663429e+00 1.005725849074706746e-02 6.945627845407499334e-01 2.022213673572285764e+00 9.000000000000000000e+00 1.200000000000000000e+01 4.000000000000000000e+00 -2.257502813907021846e+03 1.874400000000040620e+02 1.023642586918874287e+01 -2.084973290298791360e-01 6.251791578046326237e+00
2.232688769692358299e+00 1.758574651699041036e+00 3.647330343551978160e+00 4.187760995203383629e+00 2.118806528012787904e+00 4.842721306697711503e-01 6.341044602019741960e-01 2.407281390155782574e+00 8.000000000000000000e+00 1.100000000000000000e+01 4.000000000000000000e+00 -2.221017192343162606e+03 1.158299999999994583e+02 1.019388702144767933e+01 -1.182361614334614064e+00 5.447540956792239208e-02
2.420250510144375422e+00 1.981577241392665112e+00 4.084324507696151407e+00 3.709584356486361756e+00 1.606202731937016459e+00 6.186727897491615114e-01 8.406548753696565512e-01 2.366429128838676732e+00 1.000000000000000000e+01 1.000000000000000000e+01 4.000000000000000000e+00 -2.511927695243469998e+02 3.000999999999997385e+02 6.321423095271695658e+00 -2.137093607149705421e-01 6.919504553132718727e-02
2.820599906983995986e+00 1.802049101315296387e+00 4.993233338321475756e+00 5.730688776223970216e+00 2.262913565815877437e+00 3.887210067601035157e-01 7.691990128475623134e-01 2.692297215386614262e+00 7.000000000000000000e+00 1.100000000000000000e+01 4.000000000000000000e+00 -3.592331988566962764e+02 3.301100000000244563e+02 1.213613742854275479e+01 -7.796829744318209410e-02 1.710861242612093241e-02
2.347271348699552007e+00 1.855598309644629573e+00 2.794276559996687670e+00 3.360202238736693658e+00 2.334502536420767882e+00 3.682637499906491474e-01 7.330173478764412387e-01 2.344616951723889731e+00 9.000000000000000000e+00 1.400000000000000000e+01 4.000000000000000000e+00 -4.768447296103327631e+02 4.201399999999720194e+02 1.667342060064667209e+01 -5.908952672291568897e-02 6.246290359450718199e+00
2.877909167985017280e+00 1.330366344159576109e+00 3.882675814963165273e+00 1.968342989638007801e+00 2.054763571965608548e+00 5.147165735695840016e-01 8.518651585533868476e-01 2.520947399081463924e+00 7.000000000000000000e+00 9.000000000000000000e+00 4.000000000000000000e+00 -2.268817063286442135e+03 5.508000000000082963e+01 1.507981645540260196e+01 -3.171431671992348100e+00 7.980956559301697339e-01
2.559564919695321628e+00 2.216276391439236271e+00 4.119267821538374896e+00 4.389475891108935102e+00 2.166952128584330950e+00 5.029705375237297771e-01 8.105323301474346431e-01 2.441022994468846186e+00 8.000000000000000000e+00 1.400000000000000000e+01 4.000000000000000000e+00 -3.325057475996018184e+02 4.201399999999720194e+02 7.652234224975989818e+00 1.200349399613664381e-01 6.266013339484103106e+00
2.617161941627220489e+00 1.931221172690893662e+00 3.697759889832161306e+00 4.778380450303840732e+00 2.084523592009200677e+00 4.613447015710797627e-01 7.371140494530404874e-01 2.580650608569803328e+00 8.000000000000000000e+00 1.100000000000000000e+01 4.000000000000000000e+00 -2.833169242758917790e+02 3.301100000000244563e+02 7.391370267242473702e+00 2.724699632208462119e-01 1.754003659323372100e-02
2.661365518364983807e+00 1.680202232867113565e+00 4.375423500950724076e+00 4.879750005125493395e+00 2.141939661714415521e+00 3.429172763618950071e-01 7.803035504154768320e-01 2.014567044696841336e+00 8.000000000000000000e+00 1.200000000000000000e+01 4.000000000000000000e+00 -4.468950028721639001e+02 3.601200000000105774e+02 1.667718767950991321e+01 -2.201204761040151392e-01 3.669642453218200512e-02
2.670019020878744431e+00 2.045770439305024446e+00 4.405313947354849269e+00 4.615109900611080285e+00 1.925334635629600832e+00 2.167528024092237604e-01 8.398120114602918296e-01 2.744454147672009459e+00 1.000000000000000000e+01 9.000000000000000000e+00 4.000000000000000000e+00 -2.261234842408705845e+03 3.726000000000015433e+01 1.516280265054409604e+01 -2.316317965093139364e+00 1.672491267134630921e-01
2.526419912263266454e+00 1.561092692645117630e+00 5.021221776723333363e+00 7.125788684926189553e+00 2.728263149337912363e+00 5.681417652254536765e-01 7.202115326858749000e-01 2.692836822994709056e+00 1.100000000000000000e+01 1.300000000000000000e+01 4.000000000000000000e+00 -2.129148390648088480e+03 8.124999999999994316e+01 5.532711915505540645e+00 -1.654698348439376687e+01 3.795642673522412913e+00
2.761083530478110948e+00 1.751604502203591762e+00 3.832836134505039016e+00 6.544823506520300427e+00 2.253280355629330156e+00 6.170238223350630324e-01 6.643780963608039158e-01 2.428086518073325539e+00 1.000000000000000000e+01 1.100000000000000000e+01 4.000000000000000000e+00 -2.718073362618379747e+02 3.301100000000244563e+02 6.672021016364110046e+00 5.636521846679557607e-02 6.270059681548853625e+00
2.647344753880622292e+00 2.100191456198174933e+00 3.937349316008591948e+00 6.094750419982783995e+00 1.856386508676874048e+00 5.894732249368601629e-01 8.216893639645068692e-01 2.704051166965220521e+00 9.000000000000000000e+00 1.000000000000000000e+01 4.000000000000000000e+00 -2.122088877115020296e+03 1.151999999999977291e+02 4.030554819688832779e+00 4.679170274409299446e-01 4.805359816330149414e+00
1.914213283699314649e+00 1.718376853463794873e+00 2.720139607617125588e+00 3.324199595566081022e+00 2.606531065945693726e+00 3.941835673407033669e-01 8.336662993228258767e-01 3.131986721378660743e+00 9.000000000000000000e+00 1.300000000000000000e+01 4.000000000000000000e+00 -3.399717818728153134e+02 3.901299999999891384e+02 9.056673867051298288e+00 -3.204112692170093979e+00 7.435984803990755565e-03
2.121718130477096231e+00 1.714337521952886689e+00 3.022146610201590811e+00 3.976522202669715789e+00 1.978311487073690200e+00 1.211091687323362365e-02 9.016220756663931857e-01 2.260365394267220829e+00 9.000000000000000000e+00 1.100000000000000000e+01 4.000000000000000000e+00 -2.817464570734279619e+02 3.301100000000244563e+02 7.293216067088484245e+00 -2.545668812771473832e-01 6.243012931742028648e+00
2.619912848644475822e+00 1.339351887464554691e+00 3.543133491497073351e+00 5.431105367043944199e+00 2.356719648633200492e+00 3.061717379656010429e-01 7.235258010259720818e-01 2.296861607472064915e+00 1.000000000000000000e+01 1.100000000000000000e+01 4.000000000000000000e+00 -2.408682366385280318e+02 2.875400000000191767e+02 1.722403142988843117e-02 -1.517905208190473365e+00 1.488072538109001808e-01
2.698310715152189232e+00 1.826547003751573417e+00 4.586675990657870905e+00 4.132892363655500390e+00 2.170368433290615684e+00 3.071544885993818808e-01 8.637325817975548548e-01 2.244799489591736474e+00 8.000000000000000000e+00 1.000000000000000000e+01 5.000000000000000000e+00 -2.674744647317300519e+02 3.000999999999997385e+02 7.339029045733135526e+00 1.104558815956340617e-01 6.078776091544899174e+00
2.230611329910261009e+00 1.490278985203019380e+00 3.087007239584392604e+00 5.759548828002735377e+00 1.697345918313580615e+00 5.053458496339666706e-01 5.894494625415153122e-01 2.107546923670696515e+00 1.000000000000000000e+01 1.200000000000000000e+01 4.000000000000000000e+00 -2.898218816565185989e+02 3.601200000000105774e+02 6.860117603532083663e+00 -9.767309602600179885e-02 9.146450836906054593e-02
2.717983984762117444e+00 1.802078123336803506e+00 5.300830413143138742e+00 4.744386664467126202e+00 1.838237840501257381e+00 5.877628839993885856e-01 9.954360721008183033e-01 2.509366310901357533e+00 9.000000000000000000e+00 1.300000000000000000e+01 4.000000000000000000e+00 -3.057854447318944722e+02 3.901299999999891384e+02 6.920027795743745713e+00 -1.263647260043934129e-01 4.898758154962375433e-01
2.590635222308236063e+00 2.044408762364260390e+00 3.180648513405697209e+00 5.663388265411813727e+00 2.254194726879464206e+00 3.671803321540356713e-01 8.353371771673886448e-01 2.374810993846447449e+00 9.000000000000000000e+00 1.200000000000000000e+01 4.000000000000000000e+00 -2.092454537116446431e+02 3.601200000000105774e+02 1.824090856977460096e+00 -3.096373859189950339e-01 6.211233770664143172e+00
2.746876815885263667e+00 1.816270973836727531e+00 2.669473544691414624e+00 4.985538515962518957e+00 2.322626579416685377e+00 5.613722635896106761e-01 8.444475395954683661e-01 2.351861683493767785e+00 8.000000000000000000e+00 1.000000000000000000e+01 4.000000000000000000e+00 -9.165344854147907654e+02 1.087999999999980929e+02 -3.950531838913784455e-02 -1.756606722744086468e+01 3.744781675175391289e+00
2.182033176244412953e+00 1.453583428886112694e+00 4.845866155949931198e+00 4.376310946052288209e+00 2.057351515741476344e+00 3.672486797069032249e-01 9.080057142446933405e-01 2.462974996941033279e+00 9.000000000000000000e+00 1.200000000000000000e+01 4.000000000000000000e+00 -3.013578957694161886e+02 3.601200000000105774e+02 7.581118485588181244e+00 -1.522684864632903312e-01 5.923979142234029993e+00
2.694659116147257283e+00 1.591270793234745629e+00 3.894595453061616475e+00 3.266800214944018066e+00 2.559309774082643596e+00 7.077000187353076344e-01 7.358469764117028244e-01 2.400405251043074006e+00 7.000000000000000000e+00 1.000000000000000000e+01 4.000000000000000000e+00 -2.118493920269632326e+03 1.617999999999950944e+02 2.349620016852145721e+00 -1.887284177306712163e+00 6.377449851966535688e-01
2.541198934134235365e+00 1.317136222938358303e+00 4.405256879079621157e+00 3.627404053199781764e+00 1.771466184107940656e+00 9.966289492143508566e-01 8.388487699821673971e-01 2.545063772308936656e+00 8.000000000000000000e+00 1.000000000000000000e+01 4.000000000000000000e+00 -2.218999506998297420e+03 1.170999999999976211e+02 1.002809418739367509e+01 -4.401741814916539042e+00 1.095384167435199174e+00
2.730755446504177453e+00 1.524578131348290677e+00 3.457333491965051575e+00 4.845400831347538073e+00 2.230314828840742170e+00 1.164526910462130860e-01 7.000879093819676324e-01 2.032185172313868637e+00 9.000000000000000000e+00 1.400000000000000000e+01 3.000000000000000000e+00 -2.204972848531605450e+03 2.336599999999901911e+02 5.508928033225617860e+00 -5.989969146249829457e+00 4.588984667807631368e+00
2.295750284348854198e+00 1.718617058081341575e+00 2.668821849449309891e+00 5.104650101122682138e+00 2.094141383184829230e+00 6.304544722505713850e-01 7.490229817754251451e-01 2.385443347941800241e+00 8.000000000000000000e+00 1.100000000000000000e+01 4.000000000000000000e+00 -2.275686135521546930e+03 6.456999999999972317e+01 1.521257097009670289e+01 -2.194138910965375278e+00 2.507929666654158951e-01
2.913520832564605367e+00 1.946525479592815966e+00 2.043650179520159149e+00 3.579126657723096461e+00 2.333255336500384747e+00 6.744057560609622026e-01 7.492055828795197714e-01 2.564974553435549698e+00 8.000000000000000000e+00 9.000000000000000000e+00 4.000000000000000000e+00 -3.174821722141448390e+02 2.700900000000045225e+02 1.140232326338390934e+01 -1.240128787086813150e-01 6.200952001544858483e+00
2.555175891085957662e+00 2.051706542594335048e+00 4.440804467378963949e+00 4.523381217860324099e+00 2.152879925777710479e+00 2.597870010104114669e-01 7.449941968551706539e-01 2.611913274392399398e+00 9.000000000000000000e+00 1.100000000000000000e+01 4.000000000000000000e+00 -2.213321989677111560e+03 1.081299999999994981e+02 9.953561854819504617e+00 -6.273898983188131995e-01 6.106498717955405553e+00
2.159578049819911971e+00 1.459327596938806870e+00 5.680086036584737208e+00 5.548984233976752556e+00 2.228104260285025617e+00 5.219108276996251572e-01 7.066812791221523948e-01 2.026888066385849285e+00 9.000000000000000000e+00 1.200000000000000000e+01 4.000000000000000000e+00 -4.598390683941056523e+02 3.601200000000105774e+02 1.748619177463127272e+01 -2.741918025822921434e-01 6.118299193379336920e+00
2.860346328574581154e+00 1.724815144753640395e+00 4.618725991166423128e+00 4.226347003604499442e+00 2.539932209026658061e+00 2.846060743257369241e-01 7.123005021761807942e-01 2.232667169126777651e+00 8.000000000000000000e+00 1.100000000000000000e+01 4.000000000000000000e+00 -4.201492819469837627e+02 3.301100000000244563e+02 1.594339262168572091e+01 -3.031278106986995957e-01 8.782200078899859985e-02
2.559298169538029022e+00 1.837844718841960434e+00 3.597406902926099104e+00 4.030346241793580475e+00 1.889674973310333295e+00 3.078120584190099929e-01 9.152008447946022862e-01 2.409379250844740472e+00 8.000000000000000000e+00 9.000000000000000000e+00 4.000000000000000000e+00 -2.455443673962838602e+02 2.700900000000045225e+02 6.906210462267599048e+00 -3.726204182945543342e-01 6.262491989689052296e+00
2.919955354392329561e+00 1.830656425056270464e+00 4.870234382439589282e+00 4.992835759070461954e+00 1.859569811820315666e+00 2.217023616306766087e-01 9.025124437750213779e-01 2.809050756591653819e+00 1.000000000000000000e+01 1.000000000000000000e+01 4.000000000000000000e+00 -2.463867976107438551e+02 3.000999999999997385e+02 6.021049850671499115e+00 -2.026656749062576146e-01 6.256425640533867849e+00
2.222783425496084320e+00 1.856910943413624393e+00 4.788325246266476931e+00 7.076918813269208464e+00 2.038136034872751967e+00 2.640100803060259071e-01 7.882338909570384411e-01 2.216697680469418064e+00 8.000000000000000000e+00 1.300000000000000000e+01 4.000000000000000000e+00 -4.760808642923391290e+02 3.901299999999891384e+02 1.756349151827153321e+01 3.525521315450529797e-02 6.282184726043065659e+00
2.077174437753029679e+00 1.794403477767600119e+00 2.935004526712166051e+00 4.428948687750838609e+00 1.484778518936219482e+00 5.354808783386268978e-01 7.701441855587002339e-01 2.560542992334482015e+00 8.000000000000000000e+00 8.000000000000000000e+00 4.000000000000000000e+00 -2.149514666495741949e+03 2.361600000000145201e+02 1.964666655983415611e+00 -2.773258867688676688e+00 7.917998112596521532e-01
2.472219395604828396e+00 1.782789470464409831e+00 3.180031163449814624e+00 5.335091070329776031e+00 2.082084416736249555e+00 3.299552634124138240e-01 8.526301883951228344e-01 2.504301588252724198e+00 9.000000000000000000e+00 1.200000000000000000e+01 4.000000000000000000e+00 -2.300108989500718508e+03 2.694000000000071395e+02 1.033806184379469428e+01 -5.356800933573913071e-01 4.000337546691339757e-02
2.773063022936458122e+00 2.055246589582470307e+00 4.757562903073226046e+00 3.340008644927835224e+00 2.745944638352046496e+00 7.680598663191632314e-01 8.489146819663817567e-01 2.712611140969814816e+00 9.000000000000000000e+00 1.000000000000000000e+01 4.000000000000000000e+00 -8.975068831726449616e+02 1.302999999999968850e+02 -1.094769976126606648e-01 -2.015744297257155537e+01 2.448128224909498662e+00
2.582239409562716137e+00 1.684967177185143550e+00 6.359431534698112287e+00 4.182457401611571868e+00 2.544966585173487506e+00 7.611062480496093574e-01 8.208083479096701662e-01 2.475075046802376999e+00 1.000000000000000000e+01 9.000000000000000000e+00 4.000000000000000000e+00 -2.430508494601299105e+02 2.700900000000045225e+02 6.750365591257978082e+00 5.818422594158274841e-02 8.776362045763698438e-02
2.873219320455370873e+00 1.980665341253940781e+00 2.291211293873217869e+00 4.492810140287067711e+00 2.094416142646170709e+00 5.763105777008572517e-01 7.360504361229960324e-01 2.651222693560388421e+00 1.000000000000000000e+01 1.200000000000000000e+01 4.000000000000000000e+00 -2.107106420100379182e+03 1.334400000000020157e+02 2.524151256273618582e+00 -1.809995704913424097e-01 6.267811884598538441e+00
2.397898265850060273e+00 1.101415648020103610e+00 4.750343127428802603e+00 3.131816451791125555e+00 1.312931554558052660e+00 6.157206846886027485e-01 9.090753200124904732e-01 2.382063483132754289e+00 9.000000000000000000e+00 1.400000000000000000e+01 4.000000000000000000e+00 -3.254642207153505069e+02 4.201399999999720194e+02 7.212138794710279299e+00 -7.402075487359177641e-02 2.540317941429648049e-02
2.562310166750603191e+00 1.518651473757998360e+00 5.292262906614624285e+00 4.568254605514106892e+00 1.929939045157899269e+00 5.193934896111473964e-01 6.563429334493828815e-01 2.300105343139540182e+00 1.000000000000000000e+01 9.000000000000000000e+00 4.000000000000000000e+00 -2.115795006412967609e+02 1.504800000000044236e+02 1.717018292517845379e-02 -1.327243599503609373e+00 6.263773795448943638e+00
2.638575889971908950e+00 1.570269136855608316e+00 2.470195167054897833e+00 3.679543162156036384e+00 1.974719727231285971e+00 8.955628055381469332e-01 8.395177153229943512e-01 2.597307418222125630e+00 9.000000000000000000e+00 9.000000000000000000e+00 4.000000000000000000e+00 -2.149790970242634558e+03 1.199700000000032816e+02 5.612873140164554187e+00 -6.462117335626810233e-01 9.067241388989611961e-01
2.000129217776340340e+00 1.560046563737822245e+00 5.835962917012494700e+00 6.084888326380188950e+00 2.138046132812062350e+00 6.535439581815734034e-01 7.797275788801508734e-01 2.558751570114061291e+00 1.000000000000000000e+01 1.300000000000000000e+01 4.000000000000000000e+00 -2.280035943178886100e+03 6.604000000000047521e+01 1.543849644868035575e+01 -7.064019450825939073e-01 6.241110914345743943e+00
2.774343071130565441e+00 1.775461766001999786e+00 4.417908458399252503e+00 4.790348574936140302e+00 2.384488597929417253e+00 3.098070913007781035e-01 9.155524696255721295e-01 2.412957317166975812e+00 6.000000000000000000e+00 1.500000000000000000e+01 4.000000000000000000e+00 -5.207210038638772858e+02 4.501499999999774104e+02 1.847787524149303806e+01 -4.594262325119679441e-02 6.217431454752404996e+00
2.828731055486283452e+00 1.794451782776955717e+00 3.958899084937032686e+00 6.510424472799610562e+00 1.970714469593455309e+00 4.932965057409653964e-01 8.330540946172155792e-01 2.066562364207183755e+00 9.000000000000000000e+00 1.200000000000000000e+01 4.000000000000000000e+00 -2.230895106321141554e+02 2.854800000000077489e+02 2.043794564949772546e-02 -1.424584607253943203e+00 1.986076433955736853e-01
2.504256418956056329e+00 1.664499832279587865e+00 3.178105926635379497e+00 5.417032889080975799e+00 1.669589665989688054e+00 2.264726317373627340e-01 9.624231082198774212e-01 2.382702648061822970e+00 1.000000000000000000e+01 1.100000000000000000e+01 4.000000000000000000e+00 -2.772303467069914404e+02 3.301100000000244563e+02 7.010959169186202544e+00 5.410136600689330333e-01 6.229202201278596362e+00
2.444511225610527916e+00 1.809826243251601019e+00 3.515628484746613047e+00 5.586661260132749440e+00 2.580484876798508243e+00 2.073432561875005464e-01 9.670508252492368007e-01 2.429741505932903500e+00 8.000000000000000000e+00 9.000000000000000000e+00 4.000000000000000000e+00 -2.590322774909567443e+02 2.700900000000045225e+02 7.749204843184656077e+00 -2.571562212161544736e-02 3.803490730602093750e-02
2.877747019684190555e+00 1.657971628430716660e+00 5.054562133239470789e+00 3.552615684593615875e+00 2.168387972699005850e+00 5.977952979761325114e-01 9.219014998299407404e-01 2.514660952889051782e+00 9.000000000000000000e+00 1.000000000000000000e+01 4.000000000000000000e+00 -9.800955165975007333e+01 1.952999999999931902e+02 2.247197873459268191e-02 -9.251291297086779997e-01 3.417018962720175246e-02
