2.453029335072844042e+00 1.643602106405893881e+00 4.947079844598599507e+00 4.899202622660595807e+00 1.703803345927769275e+00 5.887473107159388874e-01 8.286532555085558416e-01 2.602440854784259461e+00 9.000000000000000000e+00 9.000000000000000000e+00 4.000000000000000000e+00 -2.421649372705202268e+02 2.700900000000045225e+02 6.694996079407372847e+00 -1.801716534517990853e-01 6.239258073442876196e+00
2.495355820314482109e+00 1.326328712087530226e+00 3.731873717178385341e+00 3.399690537256990552e+00 1.735936346394470142e+00 7.533232486401499894e-01 7.514849832494999715e-01 2.468281186269267735e+00 1.000000000000000000e+01 1.100000000000000000e+01 5.000000000000000000e+00 -2.195868314991012994e+03 2.204400000000108548e+02 5.353019686937987132e+00 -4.294806659324413189e+00 1.397543046018399515e+00
2.765390274844991669e+00 1.884491987453190465e+00 5.190054379637667914e+00 5.328086812746644974e+00 1.797812783302076944e+00 1.875223887918913424e-01 8.545346394652895139e-01 2.912715020357274476e+00 8.000000000000000000e+00 1.300000000000000000e+01 4.000000000000000000e+00 -3.086658421225440634e+02 3.901299999999891384e+02 7.100052632659343388e+00 -2.749443511904843263e-01 2.876982607267142833e-01
2.355173821420042390e+00 1.226173723092125023e+00 4.779169174124265673e+00 4.880773804605495592e+00 2.115689096341149433e+00 3.244730895294556383e-01 8.064183325601028685e-01 2.057380019871038357e+00 1.100000000000000000e+01 1.200000000000000000e+01 4.000000000000000000e+00 -2.305548385680407591e+03 1.298400000000018792e+02 1.503927410502541306e+01 -1.505924131368014729e+00 2.118362747939303847e-01
2.575897374363004477e+00 1.186109873521525637e+00 3.154434191310636848e+00 3.922826083698645050e+00 2.176749638171840751e+00 4.016930030545227681e-01 7.589846135636902913e-01 2.392292999822775101e+00 1.000000000000000000e+01 1.300000000000000000e+01 4.000000000000000000e+00 -2.294762697796749308e+03 2.568799999999937995e+02 1.039516861229701838e+01 -1.055071783118536111e+00 3.313951901923560261e-01
2.940106560894013121e+00 1.846795605529559126e+00 4.800050704771233079e+00 4.704172017602991751e+00 1.582447491241463444e+00 2.601762704344360300e-01 7.534171409374235129e-01 2.797186747346068536e+00 9.000000000000000000e+00 8.000000000000000000e+00 4.000000000000000000e+00 -2.202757261872030540e+03 6.879999999999888871e+01 1.052232886700194037e+01 -6.133596826642458977e-01 1.123576435756595965e-01
2.833096868602578589e+00 1.488113128611735281e+00 3.161033803447787172e+00 4.301411852545616199e+00 1.793594019054967514e+00 5.476897430559333202e-01 8.148127446289316067e-01 2.871201052433591361e+00 1.000000000000000000e+01 9.000000000000000000e+00 4.000000000000000000e+00 -2.125155816357908407e+03 7.587000000000161037e+01 5.451301022369222871e+00 -1.202751608424998953e+00 4.827887710294021528e-01
2.498692959885567166e+00 1.935091878898526074e+00 4.532171072975169857e+00 5.188109216152086312e+00 1.911372909552797372e+00 7.266213250199518026e-01 9.416210575188606047e-01 3.081286002151648162e+00 1.000000000000000000e+01 1.200000000000000000e+01 4.000000000000000000e+00 -2.146569621374623694e+03 1.138800000000012886e+02 5.601851335913944574e+00 -5.253491462864754880e+00 1.609526722962296041e+00
2.790340054642913792e+00 1.500584691760145750e+00 4.139047585094071557e+00 6.200993264902726843e+00 1.828073745115190718e+00 2.542309320923274996e-01 9.913161564318111463e-01 2.520060542298067308e+00 7.000000000000000000e+00 1.200000000000000000e+01 4.000000000000000000e+00 -3.542344240340315764e+02 3.601200000000105774e+02 1.088590150212664120e+01 -8.996775483561577635e-01 6.001202769349889721e+00
2.145884666947834418e+00 1.294568569138556668e+00 2.937564432421926330e+00 5.166155498262842372e+00 2.299193291471032019e+00 7.398703044749262991e-01 9.666719245502162217e-01 2.306980499484152958e+00 8.000000000000000000e+00 1.200000000000000000e+01 4.000000000000000000e+00 -3.707415957308654129e+02 3.601200000000105774e+02 1.191759973317875776e+01 -6.886022904228087382e-01 1.081137161710444966e-01
2.390187734036499201e+00 1.704729927664881961e+00 2.761369036594770066e+00 5.451367743278231259e+00 2.014444646848063680e+00 3.672880480051143870e-02 7.824263976307238577e-01 2.173190730116468572e+00 8.000000000000000000e+00 1.100000000000000000e+01 4.000000000000000000e+00 -3.554644293341008279e+02 3.301100000000244563e+02 1.190058933338053926e+01 -4.059483094323824703e-01 6.259315925154854021e+00
2.904465744229741908e+00 1.310532808547383521e+00 4.734557633174872215e+00 5.103067232951604915e+00 1.863911728786225908e+00 6.372805362502641513e-01 7.371270241908044474e-01 2.181115759190253023e+00 9.000000000000000000e+00 1.200000000000000000e+01 4.000000000000000000e+00 -3.006296367786696919e+02 3.601200000000105774e+02 7.535602298666526089e+00 3.952368180201049075e-02 1.425629437136605344e-02
2.185222248139598200e+00 1.939191102719692195e+00 2.770632123021932181e+00 5.346001930832565918e+00 1.769376556707395354e+00 5.505326010283149163e-01 7.807432447713071877e-01 2.240657948256958409e+00 9.000000000000000000e+00 1.400000000000000000e+01 4.000000000000000000e+00 -3.232745763784913606e+02 4.201399999999720194e+02 7.075286023656585321e+00 -2.484562732514539463e-01 5.793310867486132359e-02
2.425504628601047319e+00 1.384840738190906695e+00 4.546173219239259211e+00 6.249375248687879747e+00 1.779918229709051669e+00 3.647679024449556606e-01 9.228893190969887916e-01 2.413825778259552468e+00 1.000000000000000000e+01 1.400000000000000000e+01 4.000000000000000000e+00 -3.233708639592908867e+02 4.201399999999720194e+02 7.081303997456553034e+00 1.012731068391315159e-01 6.008883797046246755e+00
2.002601645074368886e+00 1.624876148381767749e+00 5.128132501704291357e+00 5.472939076360931132e+00 1.806763375143909611e+00 4.571372846246558597e-01 8.410531373520251375e-01 2.190639645937782376e+00 8.000000000000000000e+00 1.300000000000000000e+01 4.000000000000000000e+00 -4.718625484083590891e+02 3.901299999999891384e+02 1.729984677552278427e+01 -1.323745437491455623e-01 6.258830875844005881e+00
1.820083918204832063e+00 1.406958884620844508e+00 4.532723664097829008e+00 5.023977099607591867e+00 2.397563025578883344e+00 4.945227684125484413e-01 7.782526214571001688e-01 2.190961975418152186e+00 1.000000000000000000e+01 1.000000000000000000e+01 4.000000000000000000e+00 -2.625366340554955400e+02 3.000999999999997385e+02 7.030414628468478533e+00 3.426560993001706579e-01 7.589122889481991763e-03
2.617044417571935622e+00 1.838325437446916899e+00 3.059242960328561800e+00 5.905012898454391035e+00 2.314771797013607024e+00 4.205368086190169330e-01 8.881590306131527113e-01 2.444135337342932868e+00 8.000000000000000000e+00 1.200000000000000000e+01 4.000000000000000000e+00 -2.155488676724658490e+03 1.347600000000020657e+02 5.506792295291093708e+00 -2.889878486397349011e+00 3.553659762538484701e-01
2.475263684674686715e+00 1.680892387482734174e+00 4.835564090713476482e+00 6.039418705659986841e+00 1.963440999557106492e+00 7.267653695075656506e-01 8.419392899217993387e-01 2.301800621474646924e+00 9.000000000000000000e+00 1.200000000000000000e+01 4.000000000000000000e+00 -2.204107876312481494e+03 2.402400000000060629e+02 5.249242269529904803e+00 -4.196217675414896320e+00 1.385094584556978869e+00
2.349452869930029220e+00 1.692512267526775194e+00 4.085281424146191220e+00 6.928422084584521912e+00 1.680592001254961776e+00 1.616953545557041627e-01 8.246922780893187754e-01 2.360533493459556986e+00 9.000000000000000000e+00 1.400000000000000000e+01 4.000000000000000000e+00 -2.197649318349544956e+03 2.353399999999900274e+02 4.998707396846870488e+00 -3.404619215304681479e+00 7.387974740247265082e-01
2.371871799368733491e+00 1.520551240094197176e+00 4.984992094657469508e+00 5.127423848468844803e+00 2.229941947215458242e+00 2.984075491413786807e-01 7.556905167209380103e-01 2.396902709078257754e+00 9.000000000000000000e+00 1.100000000000000000e+01 4.000000000000000000e+00 -2.738944770175530152e+02 3.301100000000244563e+02 6.802467313596298304e+00 -3.701641823624642891e-01 1.517655397315980162e-02
2.737728692907661632e+00 1.474224574102598107e+00 2.561857668437453217e+00 4.898080400859000427e+00 1.933454311954299287e+00 7.437836261530699211e-01 7.080558237396697985e-01 2.409005471236723483e+00 8.000000000000000000e+00 9.000000000000000000e+00 4.000000000000000000e+00 -6.043629124360252263e+02 1.618200000000048533e+02 -1.826121059900391586e-02 -6.754221541404658247e+00 1.481520083784696018e+00
2.795999413831398162e+00 1.291759929940407226e+00 5.113145351411475303e+00 2.980092655341077368e+00 2.124096298627961676e+00 6.293759044217291931e-01 9.236445937229424974e-01 2.381403760630330879e+00 8.000000000000000000e+00 1.100000000000000000e+01 4.000000000000000000e+00 -2.771698581544230251e+02 3.301100000000244563e+02 7.007178634650673921e+00 2.238276322843061883e-01 5.978619208931968743e+00
2.145627501725761999e+00 1.977754742980390557e+00 3.582462757798030584e+00 4.472058610942448276e+00 2.756262442998078210e+00 5.876159131513279954e-01 7.249944484497796715e-01 2.436027524586947379e+00 1.100000000000000000e+01 1.200000000000000000e+01 4.000000000000000000e+00 -4.443476513803045691e+02 3.601200000000105774e+02 1.651797821126870502e+01 9.993963442614636761e-02 6.250019035438474369e+00
2.310660218198952176e+00 1.280850029946507318e+00 3.746076967065766095e+00 3.927979165476706225e+00 2.237020862880930938e+00 6.058197383238284051e-01 7.608858139261015507e-01 2.455350351974837864e+00 8.000000000000000000e+00 9.000000000000000000e+00 4.000000000000000000e+00 -1.799989787368766656e+02 2.468700000000080763e+02 2.313679330374220772e-02 -1.070724711980320043e+00 2.625112064397921996e-01
2.847794466234869315e+00 1.681299332950489056e+00 5.513642637270635305e+00 3.588157673555922855e+00 2.241515445588732280e+00 5.489873002421410408e-01 8.130092719450159322e-01 2.593028524065854157e+00 1.000000000000000000e+01 1.100000000000000000e+01 3.000000000000000000e+00 -2.746675274640249427e+02 3.301100000000244563e+02 6.850782966500794657e+00 -7.363158039845025815e-01 1.846958085833910468e-01
2.736073039040912036e+00 1.356919365685223422e+00 4.553414823371610076e+00 5.497597725465851681e+00 2.389419971246657504e+00 7.357109551186518104e-01 8.172248873797166580e-01 2.069985699292215653e+00 8.000000000000000000e+00 1.200000000000000000e+01 4.000000000000000000e+00 -4.605538023511954862e+02 3.601200000000105774e+02 1.753086264694938734e+01 -6.175253957329747412e-02 2.023176727790174934e-01
2.030041167610391994e+00 1.721236209034602727e+00 4.683271671551702653e+00 5.812226145767677821e+00 1.809318540611026149e+00 4.153851130345577181e-01 9.651464695117752957e-01 2.156144040274884155e+00 8.000000000000000000e+00 1.400000000000000000e+01 4.000000000000000000e+00 -4.931387732683754166e+02 4.201399999999720194e+02 1.769179832927433793e+01 9.776203425454108031e-02 2.375027147888613549e-02
2.196575181764298890e+00 1.616562572749168369e+00 4.579709663832717048e+00 4.570418475818941673e+00 2.157970612188566228e+00 4.367451955470498803e-01 7.981905293877478158e-01 2.483287054592136833e+00 9.000000000000000000e+00 1.100000000000000000e+01 4.000000000000000000e+00 -3.005124463673695914e+02 3.232900000000236105e+02 1.766580926739032276e-02 -1.101080043006255060e+00 6.277454877866698091e+00
2.648000514824499163e+00 1.696747618429625071e+00 3.084496016739800339e+00 4.604529103887276875e+00 2.264417961325258410e+00 6.447604042925603185e-01 9.371822637447352333e-01 2.949979582556421676e+00 1.000000000000000000e+01 9.000000000000000000e+00 4.000000000000000000e+00 -2.206896955812379474e+03 7.929000000000173998e+01 1.045324723827364899e+01 -7.738345097259824446e-01 6.168583018941076190e+00
2.624573293849728373e+00 1.473699641860642284e+00 4.076713725921144338e+00 4.787975934585569249e+00 1.926235189671408055e+00 3.558044783495607488e-01 9.151057732603997685e-01 2.444590853761007487e+00 9.000000000000000000e+00 1.300000000000000000e+01 4.000000000000000000e+00 -3.140322397216718855e+02 3.901299999999891384e+02 7.435452482604833158e+00 -1.399570471165038632e-01 3.486668895394219314e-01
2.358932670897589734e+00 2.176572139439025833e+00 2.165721915237254880e+00 6.808022877775265158e+00 2.139817731883413732e+00 5.395354617513150597e-01 9.210558231935275231e-01 2.489764238544564634e+00 1.000000000000000000e+01 1.200000000000000000e+01 4.000000000000000000e+00 -2.911446341552377248e+02 3.601200000000105774e+02 6.942789634702027257e+00 3.739635396534672918e-01 6.258313796746349134e+00
2.151549195049883068e+00 1.665127783642011305e+00 3.212911706090651798e+00 5.705559662513239871e+00 2.100737368482628042e+00 3.188683002556772506e-01 8.099096691023034422e-01 2.521534198227473933e+00 1.000000000000000000e+01 1.100000000000000000e+01 4.000000000000000000e+00 -2.029073661704541109e+02 1.706100000000046748e+02 1.434957829764742926e-02 -1.122492994670810207e+00 7.144395562143329714e-02
2.693112091775361261e+00 2.119683243047403742e+00 4.240048289481650912e+00 3.915784714959358315e+00 1.917622168495100476e+00 2.830090048569640637e-01 9.327954591212203050e-01 2.554375204169136548e+00 7.000000000000000000e+00 1.300000000000000000e+01 4.000000000000000000e+00 -4.614315360314358259e+02 3.901299999999891384e+02 1.664790850196508032e+01 -3.539878077497768394e-03 6.275229664640941785e+00
2.601872654988180766e+00 1.487553086064835828e+00 5.384246338133549692e+00 4.508469611553862499e+00 1.916802969302554116e+00 4.994620691179465499e-01 9.570028197399385039e-01 2.353145809664465293e+00 1.000000000000000000e+01 1.100000000000000000e+01 4.000000000000000000e+00 -2.222587828899782380e+03 2.974400000000204045e+02 4.616739306235781548e+00 -1.069548391923657249e+00 1.691294486853895107e-01
2.678725234244510478e+00 1.671827683939929754e+00 3.626701607773169744e+00 5.458069189007739297e+00 1.163891823815192961e+00 5.366824116964792335e-01 8.458876906186981737e-01 2.022209158349380864e+00 8.000000000000000000e+00 1.500000000000000000e+01 4.000000000000000000e+00 -2.256347238244836717e+03 1.791000000000039165e+02 1.042482739030216621e+01 -3.284686941120757986e+00 9.371086168060006605e-01
1.880857508677969969e+00 2.563728017317668417e+00 2.307282508793295772e+00 5.390799353630693069e+00 2.129046213485609851e+00 4.988395515743238029e-01 8.163886857303795930e-01 2.834800315488485545e+00 1.000000000000000000e+01 1.000000000000000000e+01 4.000000000000000000e+00 -2.666456352469126614e+02 2.495999999999901036e+02 2.292423051156415245e-02 -1.186268745778295663e+00 6.281697455080303527e+00
2.439469900834476235e+00 1.380394171577281837e+00 3.536318119364821211e+00 4.368167154321245249e+00 1.752613793021665867e+00 3.141422102768678393e-01 8.010469534142536929e-01 2.191554071483377886e+00 8.000000000000000000e+00 1.500000000000000000e+01 4.000000000000000000e+00 -4.979824577050726475e+02 4.501499999999774104e+02 1.705671610656774817e+01 -2.467968446310115638e-01 5.756654082966917996e-03
2.963611204177508007e+00 2.093855480390868884e+00 3.575055814115349229e+00 3.136379152438583340e+00 1.661239660676435248e+00 1.791377879572680909e-01 8.102073260070616900e-01 2.791232014201777467e+00 9.000000000000000000e+00 1.100000000000000000e+01 3.000000000000000000e+00 -2.212343268859620480e+02 1.895300000000070213e+02 2.334011195749526035e-02 -1.076523161757974911e+00 6.239600289076345341e+00
2.316957993540319283e+00 1.194432744112877254e+00 5.632590526510811380e+00 5.078153761269931010e+00 2.375782078209404347e+00 9.917451572213950572e-02 7.042851761677210165e-01 2.210794893652718862e+00 1.000000000000000000e+01 1.300000000000000000e+01 5.000000000000000000e+00 -3.709314775176189301e+02 3.901299999999891384e+02 1.099165484485152255e+01 1.710742345778774487e+00 6.169526802474146088e+00
2.719132850113621380e+00 2.048823419650423805e+00 4.387800171615921840e+00 5.016856635957342547e+00 1.655105738299914364e+00 4.124732081628245117e-01 8.267763355817518978e-01 2.815095548948132631e+00 6.000000000000000000e+00 1.300000000000000000e+01 4.000000000000000000e+00 -2.291620748508606084e+03 2.225599999999950001e+02 1.127129678178804184e+01 1.381649846190021735e+00 1.044615665199078447e-01
2.559399158897836646e+00 1.590459489493113887e+00 2.038455276659288273e+00 6.219644834029282698e+00 2.562506937126483475e+00 4.391763398806511898e-01 7.780255096402105552e-01 2.287391771569148080e+00 9.000000000000000000e+00 1.100000000000000000e+01 4.000000000000000000e+00 -2.278143805731920395e+02 2.377100000000129967e+02 1.414436384763953850e-02 -1.228331054143130041e+00 1.020142800609284139e-01
2.661462316166716136e+00 1.520551172730201017e+00 4.322585820402026435e+00 3.093414190172219413e+00 2.159410621308478717e+00 9.379127840080384582e-01 8.583065566942444935e-01 2.427342038901027621e+00 9.000000000000000000e+00 9.000000000000000000e+00 4.000000000000000000e+00 -5.640423257722264907e+02 2.220300000000071350e+02 1.100384434874951411e-02 -1.258803363141406884e+01 1.493564098500838266e+00
2.714927615161232932e+00 1.483183817937828719e+00 3.672722862335850547e+00 4.708610225022512807e+00 2.099756337716168986e+00 3.580694306152310546e-01 9.478941749433610342e-01 2.347501142882760128e+00 8.000000000000000000e+00 9.000000000000000000e+00 4.000000000000000000e+00 -2.213421746450891987e+03 1.026900000000026267e+02 1.012979665318068356e+01 -2.835524547199142820e+00 4.285313647094842193e-01
2.018810008934733169e+00 1.381181110718769922e+00 4.492658868048049925e+00 5.594734461684296889e+00 2.229496120759180133e+00 5.349293153591894168e-01 7.895490085805810798e-01 2.134412327434771051e+00 8.000000000000000000e+00 8.000000000000000000e+00 4.000000000000000000e+00 -2.267482343423026123e+03 4.159999999999946851e+01 1.541764646393915150e+01 -1.369713490758751817e+00 5.178510460613098276e-01
2.177991290938711799e+00 1.332058273391544034e+00 6.663825304817309281e+00 3.332178490176212371e+00 2.481174922314568487e+00 1.257187711524962559e+00 9.105430710933604121e-01 2.105613594511317910e+00 8.000000000000000000e+00 1.200000000000000000e+01 4.000000000000000000e+00 -2.242918880658782655e+03 3.187200000000090085e+02 5.222430041173610427e+00 -3.442566782487269439e+00 6.171835561111485902e+00
2.018367132090987504e+00 2.244012656979589515e+00 3.039769042158799728e+00 6.142935533025692507e+00 2.439922605343814332e+00 1.481241718666970186e-01 8.545235869244630633e-01 3.041556307260679937e+00 9.000000000000000000e+00 9.000000000000000000e+00 4.000000000000000000e+00 -2.253834643427594983e+03 1.842300000000057025e+02 1.010747771422449226e+01 -8.146555108222608421e-01 3.727228157839364980e-02
2.658545873725329134e+00 1.639540125283267757e+00 3.997404154590055825e+00 2.399740934854786012e+00 1.585304534292073075e+00 8.042282111321350513e-01 6.493859017901650876e-01 2.618954215090648852e+00 9.000000000000000000e+00 1.300000000000000000e+01 4.000000000000000000e+00 -2.191940904516884075e+03 2.033199999999956731e+02 5.642556532305384565e+00 -3.298807622184355193e+00 1.520288046246264901e+00
2.877747019684190555e+00 1.657971628430716660e+00 5.054562133239470789e+00 3.552615684593615875e+00 2.168387972699005850e+00 5.977952979761325114e-01 9.219014998299407404e-01 2.514660952889051782e+00 9.000000000000000000e+00 1.000000000000000000e+01 4.000000000000000000e+00 -9.800955165975007333e+01 1.952999999999931902e+02 2.247197873459268191e-02 -9.251291297086779997e-01 3.417018962720175246e-02
