2.486373966556422843e+00 1.455288373338622820e+00 2.257889675812312813e+00 4.945270636586594826e+00 2.109565578412006648e+00 4.007474426913943955e-01 8.429174378944969126e-01 2.164121943509287327e+00 9.000000000000000000e+00 1.000000000000000000e+01 4.000000000000000000e+00 -2.284285697579808243e+02 3.000999999999997385e+02 4.898660609873810579e+00 -2.512299597702286835e+00 7.449926740121043389e-02
2.512247002484976566e+00 1.875802233945698561e+00 2.766357171474437937e+00 5.193009934458559407e+00 1.988290629911535268e+00 6.078224377075570617e-01 8.111445940216026607e-01 2.269232095086694656e+00 1.000000000000000000e+01 1.000000000000000000e+01 4.000000000000000000e+00 -2.586446991346403479e+02 3.000999999999997385e+02 6.787168695915029026e+00 -2.324404670354460745e-01 4.182245544561929290e-02
2.634463045785706115e+00 1.463851803132924401e+00 4.352471472218772952e+00 3.501563442267062509e+00 2.131823306834683684e+00 6.405255572565139444e-01 8.669820715006891776e-01 2.567859890700515901e+00 9.000000000000000000e+00 8.000000000000000000e+00 4.000000000000000000e+00 -2.243156651145529281e+02 2.400800000000151329e+02 6.517229069659085106e+00 4.130154682222646478e-01 6.246407690705598093e+00
2.498339897620733829e+00 1.631269536975617163e+00 5.350277559341297895e+00 5.854769691782939489e+00 2.407279473299626105e+00 3.139845101375673408e-01 7.491063333865867202e-01 2.446088646810846701e+00 9.000000000000000000e+00 1.100000000000000000e+01 4.000000000000000000e+00 -2.880440491470902202e+02 2.990900000000206091e+02 1.997176611306547556e-02 -1.123110487832823523e+00 6.274133987823055314e+00
2.696545719144114006e+00 1.581444786483639842e+00 3.332881702597649820e+00 4.158636474198035060e+00 2.072298367208612824e+00 1.927018250391701881e-01 8.625410420662831257e-01 2.496278097084396741e+00 7.000000000000000000e+00 1.200000000000000000e+01 4.000000000000000000e+00 -3.736846034855846597e+02 3.601200000000105774e+02 1.210153771784871068e+01 1.762803112021121554e-01 1.196754041673411539e-01
2.489368973268439866e+00 1.239871481955462595e+00 4.422454965245449898e+00 4.517788573835010091e+00 2.062255300388777357e+00 2.467802445902652353e-01 6.446502881436789734e-01 2.613679099519611082e+00 8.000000000000000000e+00 8.000000000000000000e+00 4.000000000000000000e+00 -2.270476587864907856e+02 2.400800000000151329e+02 6.687978674155202086e+00 -7.451524865369503481e-02 6.268079322113439211e+00
2.095836893611989993e+00 1.326982229727083684e+00 3.891737054244332583e+00 5.034281135862959111e+00 2.584675620356760462e+00 3.911735091552072108e-01 8.493137587775223540e-01 2.518541109763013708e+00 9.000000000000000000e+00 1.200000000000000000e+01 4.000000000000000000e+00 -2.111707012880561251e+03 1.514400000000026978e+02 2.249188305035001889e+00 1.083227624104410536e+00 6.272725453609383273e+00
2.831284549699061959e+00 1.167723485635828951e+00 3.032600318382868032e+00 5.127290245367459143e+00 2.515012230458991027e+00 1.362864788225377766e-01 9.007905070794051117e-01 2.069591458558374786e+00 8.000000000000000000e+00 1.200000000000000000e+01 4.000000000000000000e+00 -4.560394111583034373e+02 3.601200000000105774e+02 1.724871319739363429e+01 -1.331308525595200076e-01 4.788088535764790932e-02
2.565796414780743273e+00 1.711987819588103088e+00 4.422114419459542312e+00 4.220245029652528679e+00 1.849696339891035546e+00 3.804604274373805106e-01 9.023072186413555462e-01 2.582966567367618094e+00 9.000000000000000000e+00 8.000000000000000000e+00 3.000000000000000000e+00 -2.206992223303641367e+03 2.342400000000142199e+02 5.617013956477138414e+00 -2.939813751470256253e+00 1.061037490997059463e+00
2.260054624583678784e+00 1.635750100429433695e+00 3.517705821978979408e+00 3.684255746348704452e+00 1.946963880292817972e+00 4.887711426606978771e-01 7.656140002398496014e-01 2.481454423978561863e+00 7.000000000000000000e+00 1.100000000000000000e+01 4.000000000000000000e+00 -3.560509977414370724e+02 3.301100000000244563e+02 1.193724985883905099e+01 -6.155299661045981335e-02 6.215292724215349729e+00
2.628145004781410332e+00 1.187569653209526344e+00 3.595556836091347463e+00 4.959725854719891913e+00 2.153604029775423090e+00 1.871032247850279995e-01 7.544350333689695542e-01 2.137117497564864355e+00 1.000000000000000000e+01 9.000000000000000000e+00 4.000000000000000000e+00 -2.381402063258329918e+02 2.700900000000045225e+02 6.443450395364421546e+00 -7.920936638696357557e-02 6.130902441011917503e+00
2.363175039630820873e+00 1.151475770783224828e+00 5.588172153055484870e+00 3.633216383818821171e+00 2.397328740531526670e+00 7.059188107870264517e-01 9.343639646200074811e-01 2.274779508998746369e+00 9.000000000000000000e+00 1.000000000000000000e+01 4.000000000000000000e+00 -8.047991836723168717e+02 2.648999999999917350e+02 -1.145087587563928255e-02 -1.052403534842550670e+01 2.042970541749438151e+00
2.854998677026868492e+00 1.469071402625360845e+00 4.997858286376626324e+00 5.034066545740659926e+00 2.086496866815219509e+00 1.848352101004049064e-01 8.591602259434936162e-01 2.373206198800471345e+00 7.000000000000000000e+00 9.000000000000000000e+00 4.000000000000000000e+00 -2.284986963220642338e+03 7.587000000000161037e+01 1.544074770129010332e+01 -9.512410293608358769e-01 5.852277581544772511e-01
2.583874602201478687e+00 1.284361215294075098e+00 3.374660250150839591e+00 4.822312687746506121e+00 2.104504523541822714e+00 3.808614435987211500e-01 8.288008389229422068e-01 2.700479075103941806e+00 7.000000000000000000e+00 9.000000000000000000e+00 4.000000000000000000e+00 -2.392421209394557877e+02 2.260800000000072885e+02 2.171893793228574579e-02 -1.180461326035582958e+00 4.893295957602099289e-02
2.885432937775763484e+00 1.462763243356400400e+00 4.215863617748601300e+00 3.920942618905975507e+00 2.675778412444952625e+00 4.625563248226146063e-01 9.341092631589688056e-01 2.518295136490704689e+00 9.000000000000000000e+00 8.000000000000000000e+00 4.000000000000000000e+00 -2.219380923027797962e+03 1.129599999999979474e+02 1.018130768923743545e+01 -3.583931175582841799e-01 6.196324037690537079e-02
2.407415481775533994e+00 1.151767862429159850e+00 4.499744787895511244e+00 5.096409650386356738e+00 1.940977102693455247e+00 4.146624784413830977e-01 7.139153542987403123e-01 2.316946977523353546e+00 7.000000000000000000e+00 1.000000000000000000e+01 4.000000000000000000e+00 -2.188830150493172368e+03 2.275999999999913541e+02 4.689384405823558311e+00 -5.701621286996135796e-01 6.087681898032415440e+00
2.250666697268750127e+00 1.248320529191148776e+00 5.531149896493066542e+00 4.104221353821646545e+00 2.050957292383597252e+00 2.861318224707830038e-01 8.529502159206978629e-01 2.000004611906146312e+00 7.000000000000000000e+00 1.000000000000000000e+01 4.000000000000000000e+00 -4.158838267549373313e+02 3.000999999999997385e+02 1.661461417218359315e+01 -7.842754625774904786e-01 6.271738938617358095e+00
2.236572182265927911e+00 1.346503241685419461e+00 3.368785987731933940e+00 4.843227888767899003e+00 2.193491424551502256e+00 9.575811052558902414e-02 9.003567096934551595e-01 2.180262563151690980e+00 7.000000000000000000e+00 1.300000000000000000e+01 4.000000000000000000e+00 -4.768043485584618111e+02 3.901299999999891384e+02 1.760870928490420084e+01 -3.958520528002685834e-01 1.315930422764246925e-02
2.871676447821209344e+00 1.478063152735119123e+00 4.714415017732663138e+00 4.037402266491227465e+00 2.063701018815508270e+00 8.150840737955689086e-02 9.179087250148737498e-01 2.177684113726511050e+00 9.000000000000000000e+00 1.000000000000000000e+01 4.000000000000000000e+00 -2.669009765132092298e+02 2.818999999999956003e+02 1.961341349761384911e-02 -1.298437217625624474e+00 5.174457129646545944e-02
2.793408533158586060e+00 1.371753900090950218e+00 5.256857684469182779e+00 4.633362547403431009e+00 2.564583787343653221e+00 1.000513686020624016e-01 7.372512606740648788e-01 2.689917168306854567e+00 8.000000000000000000e+00 1.000000000000000000e+01 4.000000000000000000e+00 -4.305242065064713870e+02 3.000999999999997385e+02 1.752963790665447164e+01 -5.772554455102153481e-01 8.407568159901830651e-02
2.462165850838415437e+00 1.152549524993726759e+00 4.776558791500950640e+00 6.293605883657283684e+00 2.184400983912262451e+00 2.348774879836848239e-01 8.099942538322040253e-01 2.445828318579207128e+00 9.000000000000000000e+00 1.300000000000000000e+01 4.000000000000000000e+00 -4.645801918525258998e+02 3.901299999999891384e+02 1.684469949078320994e+01 -2.785848520563132258e-01 6.271613807071489965e+00
2.466869264104787351e+00 1.272533583765675047e+00 4.623468501949696829e+00 5.381439430112787470e+00 2.467191455082441642e+00 6.492887227521514371e-01 9.331137596452063754e-01 2.810820349865565948e+00 8.000000000000000000e+00 1.000000000000000000e+01 4.000000000000000000e+00 -2.274977468370948827e+03 5.320000000000048601e+01 1.552359177318429850e+01 -1.698133371334896058e+00 4.825517272686203341e-01
2.444361723601777392e+00 1.434672383616456326e+00 2.405711166094507636e+00 4.623520117653302286e+00 2.351143315351234886e+00 4.491961006624584085e-02 8.312695343091826006e-01 2.119608980080708083e+00 9.000000000000000000e+00 1.100000000000000000e+01 4.000000000000000000e+00 -2.792240672829597088e+02 3.301100000000244563e+02 7.135566705184217540e+00 -4.033776158280091284e-01 2.521459244050219123e-02
2.604918609035468346e+00 1.850254375613948010e+00 4.913797016571168186e+00 4.089567792369241950e+00 2.606352438278303207e+00 4.145786839002850166e-01 8.575932314597446426e-01 2.257413210827006633e+00 9.000000000000000000e+00 7.000000000000000000e+00 4.000000000000000000e+00 -2.192756164829729641e+02 2.100699999999860097e+02 7.140038530186247456e+00 1.010508865147779767e-01 1.205359365360941792e-01
2.421512678674706098e+00 1.353155334860128622e+00 6.627617245682088765e+00 5.924828139292192652e+00 2.055209552282752039e+00 1.843684821489498527e-01 9.565943270473875604e-01 2.656787516358965373e+00 8.000000000000000000e+00 1.200000000000000000e+01 4.000000000000000000e+00 -4.515104054476881856e+02 3.601200000000105774e+02 1.696565034048018106e+01 -4.063621204076640903e-02 3.551127103127033058e-01
2.680567336448148819e+00 1.679508352098405988e+00 2.847627796444637926e+00 3.749805974404204267e+00 2.600176263838984703e+00 5.370247250817016260e-01 8.032308960794939390e-01 2.128348388593932938e+00 1.000000000000000000e+01 1.000000000000000000e+01 4.000000000000000000e+00 -2.753042333445078498e+02 2.899999999999974420e+02 1.451914626978219151e-02 -1.226779699218678354e+00 3.494687648002205160e-02
2.953614231815570257e+00 1.377217270960625850e+00 3.865234344513733156e+00 4.536712855710166359e+00 2.564182487299923263e+00 4.801992001771486773e-01 6.850909163755907194e-01 2.523412108186330105e+00 8.000000000000000000e+00 1.100000000000000000e+01 4.000000000000000000e+00 -2.514542324007827574e+02 2.230800000000111822e+02 2.274868173612777308e-02 -1.481950220335323865e+00 1.479090425543004225e-02
2.191788802776157397e+00 1.684236505732034983e+00 3.760972583735285202e+00 3.962903928461939618e+00 1.908084014089658220e+00 3.022040072794653920e-01 8.688055450086814568e-01 2.693371060463824573e+00 7.000000000000000000e+00 1.200000000000000000e+01 4.000000000000000000e+00 -4.564559262563188327e+02 3.601200000000105774e+02 1.727474539101959650e+01 -4.006223352492164214e-01 1.582014172339608893e-02
2.454309173220683871e+00 1.365476534044235413e+00 4.586989165714093097e+00 4.575743944606834646e+00 2.336919490021938106e+00 3.767417878453893643e-01 7.765463991797262322e-01 2.326090579495618815e+00 8.000000000000000000e+00 1.200000000000000000e+01 4.000000000000000000e+00 -2.317086069114097882e+03 1.453200000000024659e+02 1.527662931963105386e+01 -2.926848665130821203e+00 9.382304532195120395e-01
2.685531633230406889e+00 1.583980025693292104e+00 4.115046945298181491e+00 5.221725145006590907e+00 2.013137716087813889e+00 4.978940425270698134e-01 8.774855825033880397e-01 2.945965304885199032e+00 6.000000000000000000e+00 9.000000000000000000e+00 4.000000000000000000e+00 -2.199755801509053981e+03 7.317000000000150806e+01 1.019817509431583424e+01 -4.633824084310587565e+00 1.034683032187689422e+00
2.618496532851834591e+00 1.523235425088871775e+00 3.562922263094205455e+00 4.489564780396417376e+00 2.045835642719980196e+00 3.199826101421041624e-01 8.450941743138062900e-01 2.365846773186624397e+00 7.000000000000000000e+00 1.000000000000000000e+01 5.000000000000000000e+00 -2.119219351871271556e+03 7.110000000000023590e+01 5.229334491954459097e+00 -1.610553268226754042e+01 2.676821520832019186e+00
2.311877645501709377e+00 1.403984136915707781e+00 3.465924762612259791e+00 6.096055032642244242e+00 2.281723701616213962e+00 7.136418666778993058e-01 7.531971866340295696e-01 2.215361368384866747e+00 9.000000000000000000e+00 1.100000000000000000e+01 4.000000000000000000e+00 -2.298641793694156149e+03 1.036199999999995214e+02 1.542698710588479116e+01 -4.757483296644916537e-01 6.019021249923552086e-02
2.578559364624295025e+00 1.238493656603637749e+00 3.819389131352048050e+00 4.437939831183684625e+00 2.665758646256641384e+00 7.612585356158585448e-02 7.976831645107612667e-01 2.275705997714809747e+00 1.000000000000000000e+01 1.500000000000000000e+01 4.000000000000000000e+00 -5.218939228343655259e+02 4.501499999999774104e+02 1.855118267714855307e+01 -3.185496534565939175e-01 1.471043573297447019e-02
2.809282376038840123e+00 1.756145890900822737e+00 4.611893681191143735e+00 4.330400254041017583e+00 2.506377491458739115e+00 7.928881705407643254e-01 8.600849013842070123e-01 2.564042666079062727e+00 8.000000000000000000e+00 1.000000000000000000e+01 4.000000000000000000e+00 -2.710623520977231351e+02 3.000999999999997385e+02 7.563272006107704115e+00 2.164214722243580288e-02 6.217519719908984221e+00
2.885044669287684105e+00 1.143629281232139139e+00 4.085043898452129341e+00 6.918468238005548443e+00 2.904435537484713059e+00 1.052133840562973766e-01 6.961122765332580231e-01 2.098348723855930853e+00 9.000000000000000000e+00 1.400000000000000000e+01 5.000000000000000000e+00 -3.996194244882698285e+02 4.201399999999720194e+02 1.184683903051774045e+01 -5.771746591989407316e-01 6.265367626950941293e+00
2.805064722391858556e+00 1.534098719975299563e+00 4.013744240609354641e+00 4.160533507976413858e+00 1.746912672673214040e+00 1.746991155442435273e-01 9.078189251730799381e-01 2.234980414648153779e+00 8.000000000000000000e+00 1.000000000000000000e+01 4.000000000000000000e+00 -2.567577561240269119e+02 2.864999999999966462e+02 2.408419809583346727e-02 -1.360343001518322215e+00 9.239888225797476817e-02
2.653537992990095962e+00 1.743444279186793899e+00 4.358059179793422722e+00 6.094055018341038910e+00 2.055685065191740435e+00 5.379577246682281100e-01 7.650993908802529164e-01 2.405849022054862285e+00 1.000000000000000000e+01 1.200000000000000000e+01 3.000000000000000000e+00 -2.118314557466234419e+03 6.527999999999944691e+01 5.354659841639671569e+00 -1.697525557915513161e+01 6.762914337309591239e-01
2.865051816581662525e+00 1.338466203089530016e+00 6.329089159599748271e+00 3.244475344574138553e+00 2.198110169533226355e+00 2.441518463471816780e-01 6.662868749548298553e-01 2.286789809693914322e+00 8.000000000000000000e+00 1.100000000000000000e+01 4.000000000000000000e+00 -3.466743342699450636e+02 3.301100000000244563e+02 1.135120839187080222e+01 1.703620752505283220e-01 6.234917057437046495e+00
2.509612353517060690e+00 1.388580690688575814e+00 5.925047622130567682e+00 4.634726513286214988e+00 1.777180937022068363e+00 2.610674773610555111e-01 8.957452418826750140e-01 2.313314764087711861e+00 8.000000000000000000e+00 1.000000000000000000e+01 4.000000000000000000e+00 -2.284670530615547079e+02 2.140999999999921215e+02 1.834015642788561218e-02 -1.227690846160974791e+00 6.368237397968171121e-02
2.856917994734093913e+00 1.695498855225238577e+00 3.409051498542717606e+00 5.536309980550526255e+00 2.337520214776474425e+00 2.983026413528209186e-01 7.551798482964416914e-01 2.224381510939562823e+00 9.000000000000000000e+00 1.200000000000000000e+01 3.000000000000000000e+00 -2.328809961922229832e+03 3.248400000000092405e+02 1.039937262013907926e+01 -3.936770057804006573e+00 1.496847791065508249e+00
2.416731653580415973e+00 1.175134329007829770e+00 4.917047535310310025e+00 4.742558935774351170e+00 1.845711592116250133e+00 6.772247534575521755e-01 8.750738081511363342e-01 2.589738593314534931e+00 9.000000000000000000e+00 8.000000000000000000e+00 4.000000000000000000e+00 -2.131188126744977581e+03 9.047999999999842657e+01 5.371757921561149729e+00 -1.295378042754070647e+00 5.979700839955219838e-01
2.586493250642681208e+00 1.322963751727384452e+00 3.966895580665849241e+00 4.643207265322297772e+00 1.661789761487890926e+00 5.505850925946094432e-02 8.469636208861675009e-01 2.042728323995846917e+00 7.000000000000000000e+00 6.000000000000000000e+00 4.000000000000000000e+00 -2.211415100159628309e+03 9.096000000000192642e+01 1.037094375997670959e+01 -1.247444559003384690e+00 3.527946361638217843e-01
2.385101318376776192e+00 1.396982607034690682e+00 3.069336089151958991e+00 4.463491266741924868e+00 2.114794228001681820e+00 9.049251786241507833e-01 7.674074507542310020e-01 2.530687687327072499e+00 8.000000000000000000e+00 9.000000000000000000e+00 4.000000000000000000e+00 -2.126053145358608162e+03 1.706400000000051875e+02 2.545821584912847602e+00 -1.242968156338138952e+00 4.062929002740831019e-01
2.757919251469745259e+00 1.278340552770397709e+00 1.955549442928000481e+00 3.837228017977565742e+00 2.474661636949519128e+00 5.119130701366420011e-02 9.344409535288813462e-01 2.081236510018877883e+00 8.000000000000000000e+00 1.000000000000000000e+01 4.000000000000000000e+00 -2.103605653341286143e+03 1.276999999999970186e+02 2.484728333830477087e+00 -7.247326191730902867e-01 1.008917106838867414e-02
2.910467721618018366e+00 7.596890801079625444e-01 4.355891415675161582e+00 4.337932065595777154e+00 2.119136514848533714e+00 6.386384016416434273e-01 8.719792988702326220e-01 2.213275884861039877e+00 7.000000000000000000e+00 9.000000000000000000e+00 4.000000000000000000e+00 -2.546959054483516240e+02 2.700900000000045225e+02 7.478181590521835176e+00 -8.071724522335427254e-02 6.273601853725077504e+00
2.526971591424846064e+00 1.868130355006162091e+00 4.638930707069635950e+00 4.522860543127699806e+00 2.219012045005652745e+00 4.799900213367027657e-01 8.650693991699058838e-01 2.182120362349983189e+00 8.000000000000000000e+00 1.100000000000000000e+01 4.000000000000000000e+00 -4.252892883590287170e+02 3.301100000000244563e+02 1.626464302243853055e+01 -1.339361608474352872e-01 7.552207302160068858e-02
2.427335318787542828e+00 8.727704829323474911e-01 6.330674241995048135e+00 5.309418507021698375e+00 1.940469287110818231e+00 3.512543575447836242e-01 7.974989203255204995e-01 2.547534282154733543e+00 1.000000000000000000e+01 1.000000000000000000e+01 4.000000000000000000e+00 -2.623263122321023388e+02 3.000999999999997385e+02 7.017269514506403461e+00 -3.431891130723778438e-02 6.177291854600263754e+00
2.877747019684190555e+00 1.657971628430716660e+00 5.054562133239470789e+00 3.552615684593615875e+00 2.168387972699005850e+00 5.977952979761325114e-01 9.219014998299407404e-01 2.514660952889051782e+00 9.000000000000000000e+00 1.000000000000000000e+01 4.000000000000000000e+00 -9.800955165975007333e+01 1.952999999999931902e+02 2.247197873459268191e-02 -9.251291297086779997e-01 3.417018962720175246e-02
