2.617819690661796539e+00 1.411601148393348160e+00 4.939080179323037889e+00 4.500645560779177323e+00 2.203769604169520502e+00 4.830973586856401880e-01 8.080931561614490555e-01 2.682167589714719025e+00 1.000000000000000000e+01 1.000000000000000000e+01 5.000000000000000000e+00 -2.267833949418516568e+03 4.410000000000035669e+01 1.536149683865728832e+01 -2.390700654213678611e+00 5.403572198352054379e+00
2.574303192513845318e+00 1.748184957166178499e+00 4.820595588696225953e+00 3.770531741627956901e+00 2.706307328764856024e+00 4.492711607424607623e-01 7.472964354831137523e-01 2.626263965636591369e+00 9.000000000000000000e+00 9.000000000000000000e+00 4.000000000000000000e+00 -2.065661995882131521e+02 1.523700000000044952e+02 1.474975846932148442e-02 -1.053212194500608767e+00 3.110605936528649390e-02
2.094727483035653037e+00 1.515809362416878248e+00 5.067567658785124607e+00 4.475315470030834852e+00 2.546447712359208193e+00 1.896630014906686978e-01 7.584484636886388298e-01 2.515281486453325499e+00 8.000000000000000000e+00 8.000000000000000000e+00 4.000000000000000000e+00 -2.387272021629454173e+02 2.400800000000151329e+02 7.417950135183615679e+00 -1.686731304778953944e-01 6.227570148278419815e+00
2.268475634221077897e+00 1.463801111370812480e+00 5.665460676794127792e+00 2.645440247339580608e+00 2.819863443211744425e+00 2.288632661851389138e-01 8.960669986649090202e-01 2.416050811204426996e+00 1.000000000000000000e+01 1.200000000000000000e+01 4.000000000000000000e+00 -4.592892800155231612e+02 3.601200000000105774e+02 1.745183000096986703e+01 5.524496801659684042e-01 2.933027677814374623e-02
2.595199974967136392e+00 1.389511316534754126e+00 4.730305209489372942e+00 3.395014214707061218e+00 2.510851738853059345e+00 3.031770091288888969e-01 8.878164438629506661e-01 2.477890867332219305e+00 8.000000000000000000e+00 1.400000000000000000e+01 4.000000000000000000e+00 -2.217165391716294380e+03 1.173200000000004337e+02 9.906586982268377639e+00 -4.363649788522765971e-01 6.178498458680645733e+00
2.287390799840490541e+00 1.478874904216816111e+00 5.518528112683132036e+00 5.037705977823842218e+00 2.256484822543045166e+00 6.060716177722573761e-01 8.965771807781269809e-01 2.430022242551452383e+00 6.000000000000000000e+00 1.000000000000000000e+01 4.000000000000000000e+00 -2.283889994445466527e+03 7.040000000000027569e+01 1.554312465284164624e+01 -1.026376956625130887e+01 2.907328765468251142e+00
2.676244495674090285e+00 2.108515308456516024e+00 4.599958489131443784e+00 3.149210788911811942e+00 2.378050815716564959e+00 5.982064437959599967e-01 9.126716863142817493e-01 2.688740767673657217e+00 9.000000000000000000e+00 1.000000000000000000e+01 4.000000000000000000e+00 -2.154986828022083785e+02 1.624999999999950546e+02 2.315586176919642164e-02 -1.163066298867393211e+00 6.261930444271071927e+00
2.829173048194472351e+00 1.633688773471945188e+00 5.112785550464813866e+00 3.206859867225911653e+00 2.668731089545905988e+00 6.519898152496544919e-01 9.088245706756783449e-01 2.614260065049039294e+00 9.000000000000000000e+00 1.100000000000000000e+01 4.000000000000000000e+00 -2.216806251726678965e+03 2.662000000000165301e+02 5.231640732916923220e+00 -1.282659600070137795e+00 6.224823075303639541e+00
2.748134727500963326e+00 1.535786248566279433e+00 4.579692371771025172e+00 3.150189105182696903e+00 2.439559883141031449e+00 8.044862203367335596e-01 7.943564207216434747e-01 2.300839850363940009e+00 9.000000000000000000e+00 1.000000000000000000e+01 4.000000000000000000e+00 -2.659838350556152022e+02 3.000999999999997385e+02 7.245864690975958311e+00 1.324364643686237394e-02 6.169001217960101258e+00
2.791646888586304609e+00 1.341113000146673340e+00 4.080434510440231755e+00 5.402874120049689921e+00 2.232726901889867221e+00 2.719667095968593129e-01 9.924619142350907808e-01 2.712752755737222632e+00 1.000000000000000000e+01 1.000000000000000000e+01 4.000000000000000000e+00 -2.272381764222377114e+03 5.340000000000048885e+01 1.535511026389855260e+01 -1.053583937683235883e+00 1.544368448135126082e-01
2.207257891568694674e+00 1.689071329225477758e+00 4.227396324297152397e+00 3.532644395141739668e+00 2.154251869858910151e+00 4.139873387733062349e-01 8.458425413464535358e-01 2.562400654108567100e+00 9.000000000000000000e+00 1.000000000000000000e+01 4.000000000000000000e+00 -2.217057975242414159e+03 1.189999999999975131e+02 9.847373452650945325e+00 -1.839366783812090844e+00 2.182377172281944333e-01
2.484295772529132584e+00 1.252725847747438781e+00 4.427839246156077380e+00 4.663199988628497827e+00 2.319432891847636569e+00 3.449272859364652666e-01 9.621207419367733271e-01 2.547214083566955889e+00 9.000000000000000000e+00 1.100000000000000000e+01 4.000000000000000000e+00 -2.614572429177923709e+02 2.701600000000170212e+02 1.971261008196861092e-02 -1.219947848669185930e+00 4.720844531386951537e-02
2.679670900805775524e+00 1.541354306895523774e+00 3.438156184136373028e+00 3.638259895501465557e+00 2.420872461272379983e+00 7.509066959101244887e-01 9.535359093633082317e-01 2.465927388336368153e+00 1.000000000000000000e+01 1.300000000000000000e+01 4.000000000000000000e+00 -3.133328877283257725e+02 3.901299999999891384e+02 7.391742983020698432e+00 6.259719631743435042e-02 6.260049141204972578e+00
2.539854540741374400e+00 1.742898507870666247e+00 4.634652864520346860e+00 5.094999230785536959e+00 2.157195437933983939e+00 2.063839465386608785e-01 9.285482826662299072e-01 2.152010224105588065e+00 9.000000000000000000e+00 1.400000000000000000e+01 4.000000000000000000e+00 -4.827960470505648232e+02 4.201399999999720194e+02 1.704537794066117584e+01 -2.072719283729789752e-01 6.270542112020672576e+00
2.553264638379463936e+00 1.836141772021984364e+00 4.096328060047545350e+00 3.049122125796649652e+00 2.488477840235066019e+00 2.425320121380685479e-01 8.711326194856704452e-01 2.329301076771848500e+00 9.000000000000000000e+00 1.100000000000000000e+01 4.000000000000000000e+00 -2.936500897805705108e+02 3.301100000000244563e+02 8.037193111284894442e+00 -2.864205131779419822e-01 2.268636195149504042e-01
2.654364065361694003e+00 1.810383921402258123e+00 4.094055156614733626e+00 4.328476638008505795e+00 2.203188390290116594e+00 6.943053081754898548e-01 6.993303221183441165e-01 2.641791282572477861e+00 9.000000000000000000e+00 1.300000000000000000e+01 4.000000000000000000e+00 -2.252268576069176561e+03 1.853799999999963006e+02 9.973661004323631118e+00 -3.697082975393686244e+00 7.150704617458559786e-01
2.676279155324671866e+00 1.943410434169877465e+00 4.554571190292748817e+00 3.866355901775098136e+00 2.772889604171824285e+00 2.889481001464148657e-01 7.969959081321440486e-01 2.381346821090602361e+00 7.000000000000000000e+00 1.100000000000000000e+01 4.000000000000000000e+00 -4.467260497918093165e+02 3.301100000000244563e+02 1.760444061198731802e+01 -7.138622990072874819e-01 6.282227829669698949e+00
2.529329191842132563e+00 1.515111564267528133e+00 3.916970986932115206e+00 3.095413205634128584e+00 2.338371002915050845e+00 1.360363360420120127e-01 7.735755116562356148e-01 2.505769116442921440e+00 9.000000000000000000e+00 1.100000000000000000e+01 4.000000000000000000e+00 -1.488537513530582146e+02 2.971100000000203636e+02 1.867195956550136288e-02 -8.080957737891950599e-01 5.558208432458815879e-02
2.290139412428979782e+00 1.918134483510940402e+00 4.727612849044855459e+00 2.877058058174131627e+00 1.794945496417664765e+00 5.764191893516823484e-01 9.106701313966052425e-01 2.260446804693483802e+00 9.000000000000000000e+00 8.000000000000000000e+00 4.000000000000000000e+00 -2.230758521702818484e+02 2.400800000000151329e+02 6.439740760642142625e+00 -1.495412155264171372e-01 5.554366490480431434e-02
2.315023655136907887e+00 1.483108130225704091e+00 3.447918943139680614e+00 1.620369514109446296e+00 2.530192699008955159e+00 1.521710352052829673e-02 8.178279825465922803e-01 2.570903765005549957e+00 9.000000000000000000e+00 1.200000000000000000e+01 5.000000000000000000e+00 -4.573798358484723963e+02 3.601200000000105774e+02 1.733248974052919422e+01 -1.809098625006173577e-01 6.748206905701563396e-02
2.646520763027599088e+00 1.458757575157491271e+00 5.799252906743847191e+00 2.740425047429963179e+00 2.724806333896602428e+00 7.049111342768711319e-01 8.247526514630597605e-01 2.394673140659701716e+00 9.000000000000000000e+00 1.300000000000000000e+01 4.000000000000000000e+00 -3.208814642939522628e+02 3.901299999999891384e+02 7.863529018372355850e+00 -6.818149002321460816e-01 2.034405805431663550e-01
2.444201853490621357e+00 1.644307871414629307e+00 4.564565064207241285e+00 2.832784419483816762e+00 1.930390882246673101e+00 1.711241061517211337e-01 8.100952312863936022e-01 2.853728220628426904e+00 8.000000000000000000e+00 9.000000000000000000e+00 4.000000000000000000e+00 -2.502493568319905819e+02 2.372400000000077114e+02 1.618917090081468946e-02 -1.220035257059338907e+00 3.211575858108667997e-02
2.339993141929588294e+00 1.913727376517124323e+00 4.897098802207462853e+00 3.761677965382905775e+00 2.834544820482000294e+00 9.704954389603054343e-01 7.699772232104392655e-01 2.524884608074924319e+00 9.000000000000000000e+00 1.200000000000000000e+01 5.000000000000000000e+00 -2.205470210116913677e+03 8.892000000000034277e+01 1.006313813230709719e+01 -2.849636794170959053e+00 1.074849294408390943e+00
2.699868113463262276e+00 1.576451188023745287e+00 4.427598249304353750e+00 2.832261367836732546e+00 2.279514212027498488e+00 6.614264895119823517e-01 8.184351101295441744e-01 2.537875825566032528e+00 9.000000000000000000e+00 1.000000000000000000e+01 4.000000000000000000e+00 -2.252010487683600786e+03 1.686999999999947022e+02 1.047878048022520403e+01 -9.089997555483853020e-01 5.953125179069058248e+00
2.479298831838243178e+00 2.138681433763955475e+00 5.158811364823102430e+00 3.433456267750659929e+00 2.385869330569790669e+00 6.430911026908736616e-02 9.039347944653116640e-01 2.622771199438782119e+00 9.000000000000000000e+00 1.000000000000000000e+01 4.000000000000000000e+00 -2.273114074578941654e+03 4.900000000000042633e+01 1.553837966118384806e+01 -1.797392790647314720e-01 2.736625118865613771e-01
2.073738593397561392e+00 1.552873307614151210e+00 5.317872582031357709e+00 3.954045602875113641e+00 2.626771038767138577e+00 8.078036107698197688e-01 6.732581348138028110e-01 2.450348898215870541e+00 8.000000000000000000e+00 1.000000000000000000e+01 5.000000000000000000e+00 -2.214964719048381539e+03 6.400000000000063949e+01 1.143529494052383555e+01 -7.829491839432698441e+00 5.196146622517181513e+00
2.860085225874818171e+00 2.224492651695601619e+00 4.975826334313065757e+00 4.013789904812241183e+00 2.086973561070573968e+00 9.346136260086885805e-01 7.497750682292195767e-01 2.417231375715003683e+00 8.000000000000000000e+00 1.000000000000000000e+01 4.000000000000000000e+00 -2.687510316141462567e+02 3.000999999999997385e+02 7.418814475884148329e+00 3.953164500418274163e-02 7.793849864241021719e-02
2.397030942840489232e+00 1.403906141381028094e+00 4.101874103011261319e+00 3.994517973061095795e+00 2.356154301823022212e+00 1.017482347800513498e-01 8.549320115373967299e-01 2.314936850353842335e+00 8.000000000000000000e+00 1.100000000000000000e+01 4.000000000000000000e+00 -4.224145751825697062e+02 3.301100000000244563e+02 1.608497344890984238e+01 -1.056284080149503257e+00 4.603555561558010933e-01
2.729145021735974286e+00 1.609618104386574711e+00 4.577356774558841046e+00 2.902697790324046512e+00 2.514540190455276214e+00 7.493534711322057396e-01 9.353513211837264363e-01 2.401742702330501356e+00 8.000000000000000000e+00 1.000000000000000000e+01 4.000000000000000000e+00 -3.342800806715711701e+02 3.000999999999997385e+02 1.151438004197320630e+01 3.786562339083473505e-01 6.280445136188971489e+00
2.554922137102469737e+00 1.707086720400980973e+00 5.979927991806135879e+00 4.909017080708371950e+00 2.600298434591965080e+00 2.779342535143773940e-01 8.012601778506869277e-01 2.252561209527042418e+00 9.000000000000000000e+00 1.100000000000000000e+01 4.000000000000000000e+00 -2.152843930979466677e+03 2.306700000000121236e+02 2.344308186216298662e+00 -1.770326038432591176e+00 9.712240049089370109e-01
2.924129241716403538e+00 1.549194834530804865e+00 2.349149667825836119e+00 3.008616645052728522e+00 2.130997937520080043e+00 6.885508633032602077e-01 8.234363105393440740e-01 2.804979274958627755e+00 1.000000000000000000e+01 1.000000000000000000e+01 4.000000000000000000e+00 -1.674630068636664646e+02 1.533999999999955719e+02 2.315281976118541141e-02 -9.547970644736778478e-01 1.542561516828339641e-01
2.506869086276692471e+00 1.612202314936421299e+00 4.491145635087892884e+00 2.514355100241639551e+00 2.197620380600686207e+00 1.522742345654283236e-01 7.179319038340803427e-01 2.849346759878521596e+00 1.000000000000000000e+01 1.000000000000000000e+01 5.000000000000000000e+00 -2.581325554126328257e+02 3.000999999999997385e+02 6.755159713289559775e+00 -5.316542982047416099e-02 1.476532816590530872e-01
2.496268851825549806e+00 1.817701035621071215e+00 3.836831791225837840e+00 3.753310453476345288e+00 2.737863845120454442e+00 6.899329015521683539e-01 9.366239234364253097e-01 2.289481097441455226e+00 8.000000000000000000e+00 9.000000000000000000e+00 5.000000000000000000e+00 -2.072044039583129234e+03 7.893000000000172633e+01 2.036189973945536025e+00 -1.245822955540703525e+01 5.671986623309653197e+00
2.588732912441225054e+00 1.868524291268606863e+00 3.525497789224745659e+00 4.128396762695184741e+00 2.669550106802129452e+00 6.986063772489604640e-01 9.292698286915320738e-01 2.488452336069132187e+00 7.000000000000000000e+00 1.100000000000000000e+01 4.000000000000000000e+00 -4.440659982903393370e+02 3.301100000000244563e+02 1.743818739314544430e+01 -2.515693382858079641e-01 6.265980507341175176e+00
2.754197667439615138e+00 1.525479660490128175e+00 4.611835974713996755e+00 3.907581895753786672e+00 2.697128901301606874e+00 8.404990841905383148e-01 9.269659426441071437e-01 2.381843137075148054e+00 7.000000000000000000e+00 1.000000000000000000e+01 4.000000000000000000e+00 -5.900428852049248007e+02 2.286999999999912916e+02 -1.688475677439457701e-02 -1.845521296067220618e+01 1.335552250758332615e+00
2.585291798545676922e+00 1.826914884846911002e+00 5.003462204885954279e+00 3.132369923922030175e+00 2.141707020985405663e+00 7.594500846391338822e-01 7.838398017242428351e-01 2.593630377588716840e+00 1.100000000000000000e+01 9.000000000000000000e+00 4.000000000000000000e+00 -2.303876798818957468e+03 1.179900000000032065e+02 1.530511242618474732e+01 -1.395422276341761858e+00 4.947836304270326613e-01
2.823696655341998429e+00 1.789325443523767989e+00 4.165079879937335861e+00 2.115951707158346906e+00 2.178471743310006481e+00 8.115410428276761401e-01 7.648739777237649751e-01 2.182068088431286856e+00 1.100000000000000000e+01 9.000000000000000000e+00 4.000000000000000000e+00 -2.319176124706999076e+02 2.700900000000045225e+02 6.054538279418602897e+00 -1.484602373114377039e-01 5.915688357788772223e+00
2.342882601701422818e+00 1.797739910618449066e+00 4.418182564655807276e+00 3.073434083280928597e+00 2.434328241984055730e+00 1.110602637481258093e+00 8.543428408395403739e-01 2.543757396798241643e+00 9.000000000000000000e+00 1.100000000000000000e+01 5.000000000000000000e+00 -2.289689554520439287e+03 7.864999999999965041e+01 1.564778465752747572e+01 -6.181136961980214117e+00 1.238367351365877944e+00
2.854569328761178859e+00 1.312493522948257940e+00 4.982277815588778580e+00 2.358708212739344390e+00 2.027762758140278621e+00 8.709687991502214344e-02 9.828001117847663393e-01 2.888882408020675197e+00 8.000000000000000000e+00 1.100000000000000000e+01 4.000000000000000000e+00 -2.954806733691850695e+02 3.301100000000244563e+02 8.151604585573304362e+00 -3.354486434533456296e-01 6.215763186889899039e+00
2.796143797915830120e+00 1.615967774312656369e+00 3.672618028430251869e+00 4.466553874498464083e+00 2.641232533182429343e+00 2.317450645996342318e-01 8.307319770525196656e-01 2.654332928392328483e+00 1.000000000000000000e+01 1.100000000000000000e+01 4.000000000000000000e+00 -2.271162124277971543e+03 6.445999999999972374e+01 1.493325776737321853e+01 -3.249001700536401582e+00 4.152851385271713602e-01
2.879606902625336140e+00 1.538152751342062308e+00 4.379851390373292297e+00 5.126808102517448340e+00 2.276469288405662095e+00 6.091729035189399344e-01 6.389279078311065341e-01 2.627647911587650764e+00 8.000000000000000000e+00 8.000000000000000000e+00 5.000000000000000000e+00 -2.128295763976158469e+03 7.727999999999870795e+01 5.603485248509945116e+00 -2.611416645655213475e+00 1.254845816951355664e+00
2.850390914206312853e+00 1.811344601124653897e+00 5.456657148206446983e+00 3.245985285676251664e+00 2.408231972916314856e+00 1.030222030394116750e+00 6.945080626535924395e-01 2.549742325140748278e+00 1.000000000000000000e+01 1.300000000000000000e+01 4.000000000000000000e+00 -2.238946682207071717e+03 1.583399999999972465e+02 9.986042637942055933e+00 -3.737063391222189335e+00 5.388294816173839763e-01
2.615676643291753756e+00 1.484629171738650166e+00 4.927549563095781515e+00 2.946736557095348097e+00 2.142469093733897711e+00 4.533581156926682620e-01 8.861231237569985320e-01 2.403748306777802046e+00 9.000000000000000000e+00 1.100000000000000000e+01 4.000000000000000000e+00 -3.092961974551636217e+02 3.240600000000237060e+02 1.748634496003358130e-02 -1.720816613137762685e+00 6.281796123010661148e+00
2.458867174809344913e+00 1.617601645824935375e+00 5.197549675765021249e+00 2.875685108207677754e+00 2.585080264649496584e+00 4.538273911571241159e-01 8.563164882575505787e-01 2.152991015692060639e+00 1.000000000000000000e+01 8.000000000000000000e+00 4.000000000000000000e+00 -2.138705122530409881e+03 1.247199999999976967e+02 4.771570158150685970e+00 -1.223052620065042229e+00 4.109089065496583371e-01
2.430455393624685989e+00 1.885549391636029748e+00 5.296825593457650250e+00 4.505248523185759524e+00 2.115929951351639193e+00 5.771423267866413465e-01 7.830416824298555012e-01 2.459978457717360456e+00 9.000000000000000000e+00 1.000000000000000000e+01 4.000000000000000000e+00 -2.633005680581496790e+02 3.000999999999997385e+02 7.078160503634364886e+00 -7.942633076355986033e-01 6.225207472613683457e+00
2.722489857319262185e+00 1.637504424083944476e+00 3.831823704403138908e+00 3.034573583152162524e+00 2.071081549595841675e+00 4.037888522323186957e-01 7.214903289323544300e-01 3.114508810969929264e+00 7.000000000000000000e+00 1.100000000000000000e+01 4.000000000000000000e+00 -2.852133000178888551e+02 3.179000000000229420e+02 1.476660185929269502e-02 -1.034716555517171788e+00 6.239775202938377063e+00
2.843845396976337980e+00 1.636074326373947674e+00 5.749802693372824791e+00 4.292730381800947015e+00 1.792870207984616160e+00 4.358743205437189960e-01 7.593067375384295881e-01 2.989498364709018308e+00 7.000000000000000000e+00 1.100000000000000000e+01 4.000000000000000000e+00 -2.228543611673143005e+03 1.235299999999994185e+02 1.042366322957146885e+01 -4.770393625743603927e+00 9.831327024035549922e-01
2.877747019684190555e+00 1.657971628430716660e+00 5.054562133239470789e+00 3.552615684593615875e+00 2.168387972699005850e+00 5.977952979761325114e-01 9.219014998299407404e-01 2.514660952889051782e+00 9.000000000000000000e+00 1.000000000000000000e+01 4.000000000000000000e+00 -9.800955165975007333e+01 1.952999999999931902e+02 2.247197873459268191e-02 -9.251291297086779997e-01 3.417018962720175246e-02
