2.669420997280540941e+00 1.481728777317480095e+00 4.148085002704484658e+00 3.450565529864698888e+00 2.511703849492222140e+00 6.591468612193905896e-01 8.305014871082589956e-01 2.261798791643902629e+00 7.000000000000000000e+00 1.200000000000000000e+01 4.000000000000000000e+00 -4.622237412379087118e+02 3.601200000000105774e+02 1.763523382736896394e+01 7.263021736366442882e-02 6.137421174636362053e+00
2.910554924604726867e+00 1.455457741958414042e+00 5.129875434868194084e+00 4.787563192962195124e+00 2.103741729369065450e+00 5.863334549943646223e-01 7.497256202079555232e-01 2.614121394537195275e+00 7.000000000000000000e+00 1.100000000000000000e+01 4.000000000000000000e+00 -3.558042573806092150e+02 3.301100000000244563e+02 1.192182858628731346e+01 8.006129251904153810e-01 6.253041950442102426e+00
2.665013293365437796e+00 2.200953794949294551e+00 4.420804433294020619e+00 4.344466374674772702e+00 2.980657453111192456e+00 2.098499983411910574e-01 7.236694526023039753e-01 2.192635170171942427e+00 8.000000000000000000e+00 1.100000000000000000e+01 4.000000000000000000e+00 -4.380643177004242261e+02 3.301100000000244563e+02 1.706308235627574987e+01 -2.670775087646238832e-01 1.983175628585775729e-01
2.714894208708521273e+00 2.044285615634241271e+00 4.201474666062033236e+00 3.925594278119127978e+00 2.796587829093935440e+00 1.084423430029513025e-02 7.439885804181398665e-01 2.369765223338494486e+00 9.000000000000000000e+00 1.000000000000000000e+01 4.000000000000000000e+00 -2.382558933301776506e+03 2.319999999999911040e+02 1.665993333136132648e+01 -2.374254589673356897e+00 7.053002051885894907e-01
2.363918721679796331e+00 1.519486057282566138e+00 4.413830035144685304e+00 3.651477784780898350e+00 2.881413759204537683e+00 2.273247029817486720e-01 8.012158860992971698e-01 2.060745615569453904e+00 1.000000000000000000e+01 9.000000000000000000e+00 3.000000000000000000e+00 -2.209419227595783013e+03 2.417400000000078819e+02 5.534326724736183145e+00 -3.816324799189091399e-01 5.430217283839531284e+00
2.331662347463111296e+00 1.815024808429534620e+00 4.288037904151471125e+00 2.768554833955875871e+00 2.289566751734410488e+00 4.650534231248434347e-01 9.410367121838393301e-01 2.943416932331537339e+00 8.000000000000000000e+00 1.000000000000000000e+01 4.000000000000000000e+00 -2.239471141849772266e+03 1.499999999999957652e+02 1.027944636561086966e+01 -2.196983071741599236e+00 5.759937853514620620e+00
2.737976220420328843e+00 1.611179391050419518e+00 4.325382089031714727e+00 2.785282777078949223e+00 2.198160611569836664e+00 7.131880032432187377e-01 8.474270976066544669e-01 2.374719456034708465e+00 1.000000000000000000e+01 9.000000000000000000e+00 4.000000000000000000e+00 -2.304726847625256028e+02 2.700900000000045225e+02 5.964230297657707958e+00 -3.865466551127919592e-01 6.197404610105346379e+00
2.506629737615858389e+00 1.344415215177588774e+00 3.772679569616229855e+00 2.461391750117906341e+00 2.408291700346252728e+00 2.700658535215262335e-01 7.063678579849216321e-01 2.662818026985283471e+00 9.000000000000000000e+00 1.000000000000000000e+01 4.000000000000000000e+00 -2.734091186914766922e+02 3.000999999999997385e+02 7.709944918217302323e+00 3.598475187113353013e-01 1.874820983584912087e-02
2.860739559488566286e+00 1.220832995936345311e+00 4.289880953177305223e+00 5.365800391746273768e+00 2.321336755810946784e+00 6.841843915318125413e-01 6.850048695148570621e-01 2.545906814566146981e+00 8.000000000000000000e+00 9.000000000000000000e+00 4.000000000000000000e+00 -2.427505786757562305e+02 2.266200000000073089e+02 2.108919863672231026e-02 -1.399886912616175927e+00 4.406038751324357905e-02
2.613914440808831952e+00 1.731413195071792144e+00 3.407979297694262222e+00 4.205324817646474145e+00 2.352227742693934420e+00 5.614523286636231569e-01 6.563267358998476908e-01 2.434243262144495379e+00 1.000000000000000000e+01 1.000000000000000000e+01 4.000000000000000000e+00 -2.101564633989811682e+03 1.221999999999973312e+02 2.529039624363302874e+00 -3.453906207875248602e-01 1.323302658001689336e-01
2.232453737431075780e+00 9.861528021745840089e-01 4.233743248011503368e+00 4.354188124972876217e+00 2.001169619692102053e+00 4.612793466012865551e-01 9.677024605148549785e-01 2.914352405610316943e+00 8.000000000000000000e+00 1.300000000000000000e+01 4.000000000000000000e+00 -2.330533992199448221e+03 1.736799999999967099e+02 1.523087451246561130e+01 -1.740588603673595802e+00 4.587682481935779211e-01
2.601740195559546720e+00 1.306348906999913240e+00 6.061270623579291694e+00 3.908826711988901526e+00 2.268255702401389406e+00 1.050476240828826513e-02 8.889851320508264099e-01 2.241188190848224071e+00 7.000000000000000000e+00 7.000000000000000000e+00 4.000000000000000000e+00 -2.206543615836212211e+03 8.595999999999810370e+01 1.022272598976331182e+01 -2.732499790595325218e-01 6.279067358954206313e+00
2.607572515581040751e+00 1.596308714575194410e+00 4.973900683384741228e+00 3.298340216564349170e+00 1.609791906901258507e+00 4.418351108254867099e-01 9.311522374538625524e-01 2.731059121783526944e+00 9.000000000000000000e+00 1.000000000000000000e+01 4.000000000000000000e+00 -2.436173682549068928e+02 3.000999999999997385e+02 5.847960515931688974e+00 5.655884453543482543e-02 6.261746623136676959e+00
2.427605736791910829e+00 1.749821918693202694e+00 5.433022779370077160e+00 3.770267363059827570e+00 2.807776889027219891e+00 6.391082938786515344e-01 8.503798920830093477e-01 2.792398338867693397e+00 9.000000000000000000e+00 1.000000000000000000e+01 5.000000000000000000e+00 -2.282144742306681110e+03 6.660000000000049170e+01 1.555279639416756865e+01 -5.494847755679548307e+00 2.031460765089111664e+00
2.533009116764017410e+00 1.421051973977688121e+00 4.900060103944527512e+00 3.615222618754950101e+00 2.607695977116290642e+00 8.266345501052007050e-01 8.714975089068874858e-01 2.505699596381963712e+00 8.000000000000000000e+00 1.000000000000000000e+01 4.000000000000000000e+00 -3.149565947468258855e+02 3.000999999999997385e+02 1.030666217167662424e+01 -2.565829869916794514e+00 5.517640895937497625e+00
2.689570881872399788e+00 1.511439770060033716e+00 5.499864766810851791e+00 3.044658878322350937e+00 2.447290709492933480e+00 6.061948408410750000e-02 9.509409669302142376e-01 2.682828899709607029e+00 9.000000000000000000e+00 1.200000000000000000e+01 4.000000000000000000e+00 -3.087758219916346434e+02 3.601200000000105774e+02 8.044738874476834667e+00 5.784374304785513260e-02 9.941464197967431193e-03
2.195960741192582777e+00 2.382764984787849372e+00 5.298856095542465283e+00 2.262305421730186339e+00 2.424372828848281980e+00 4.115364978090920722e-01 8.457499542641861989e-01 2.233931563602681081e+00 6.000000000000000000e+00 1.000000000000000000e+01 4.000000000000000000e+00 -4.316206447771014609e+02 3.000999999999997385e+02 1.759816529856884770e+01 1.580140957321130579e-01 2.621232767464498625e-01
2.512045311946444759e+00 1.299701783955360401e+00 4.358679492395164168e+00 2.896580359800876359e+00 2.138789888052316623e+00 3.172449599337854309e-01 7.549580471276901017e-01 2.171891724838402649e+00 9.000000000000000000e+00 9.000000000000000000e+00 4.000000000000000000e+00 -2.551143820699315370e+02 2.700900000000045225e+02 7.504336379370579735e+00 -6.748183916278582828e-01 4.576831537015380036e-03
2.628728591999164976e+00 1.508107735846341502e+00 3.741655850105728209e+00 2.982492176433775732e+00 2.174445893156409237e+00 4.726275332029394871e-01 8.098552676197737776e-01 2.250909108199134145e+00 1.000000000000000000e+01 1.200000000000000000e+01 4.000000000000000000e+00 -2.224211343115834552e+03 2.863200000000077807e+02 5.065708944739406583e+00 -1.032626958314047272e+00 6.238769683528918364e+00
2.624469266653028487e+00 1.730998608654831461e+00 4.624739044031001001e+00 4.021912457361215054e+00 2.254508827144371619e+00 3.947176308134889844e-01 9.515966373778959042e-01 2.334334108074212821e+00 9.000000000000000000e+00 1.200000000000000000e+01 4.000000000000000000e+00 -4.460325733842643672e+02 3.601200000000105774e+02 1.662328583651619240e+01 2.901964608166314186e-01 6.280796204848502207e+00
2.145615467887527217e+00 1.761253672780181079e+00 4.442308703713740314e+00 3.200670666271018483e+00 2.652138924446022283e+00 2.714038725650502748e-01 8.290748950064429357e-01 2.651915469399557690e+00 1.000000000000000000e+01 1.100000000000000000e+01 4.000000000000000000e+00 -2.172238920084671918e+03 3.034900000000211548e+02 1.280870005291324221e+00 -2.898530429550123966e+00 3.334570351983963676e-01
2.516147353261698250e+00 1.560788758784080521e+00 5.477112051040493590e+00 4.791025756286090065e+00 2.265961886112737300e+00 2.000160822625966783e-01 8.688306534762423317e-01 2.537730715338731624e+00 8.000000000000000000e+00 1.200000000000000000e+01 4.000000000000000000e+00 -4.587175190799280813e+02 3.601200000000105774e+02 1.741609494249517454e+01 -7.227587080725003665e-02 5.144147512655921517e+00
2.663584330457843041e+00 1.868174962901506753e+00 4.516776756966160988e+00 3.260873563673393427e+00 2.093617433014538065e+00 5.791493287502876841e-01 8.592622983323932040e-01 2.312143421496281270e+00 9.000000000000000000e+00 9.000000000000000000e+00 4.000000000000000000e+00 -2.420464636093403499e+02 2.700900000000045225e+02 6.687591475583630540e+00 3.147281626919385955e-01 6.982943356217134745e-02
2.473501339962210555e+00 1.719481717294233825e+00 5.565595309226939236e+00 3.271669875704040109e+00 2.398752563106373525e+00 6.216802579445497301e-01 9.133066157392439877e-01 2.287001299738069982e+00 9.000000000000000000e+00 8.000000000000000000e+00 4.000000000000000000e+00 -2.350123692598126013e+02 2.400800000000151329e+02 7.185773078737815567e+00 2.999416847537636488e-01 8.206198810467633942e-02
2.841351887947083821e+00 1.958067358417893811e+00 3.340967766735646105e+00 4.880467356994280692e+00 2.211936725303018214e+00 3.790350248218825047e-01 8.889028871059200254e-01 2.737874853236158756e+00 1.000000000000000000e+01 9.000000000000000000e+00 4.000000000000000000e+00 -2.142884957317333829e+03 1.079100000000028245e+02 5.558122332333270244e+00 -1.536758415540393719e+00 5.563331313730033756e+00
2.779059052772739236e+00 1.458401324423587830e+00 5.188847394264639590e+00 3.885218458013550702e+00 2.452395065101688587e+00 4.164842601176045322e-01 7.822692585645046881e-01 2.726336689364233568e+00 9.000000000000000000e+00 1.100000000000000000e+01 4.000000000000000000e+00 -2.772247227823796720e+02 3.301100000000244563e+02 7.010607673897965242e+00 7.039635739059335595e-02 2.250331041848371572e-01
2.428575549738917427e+00 1.391021594971786790e+00 4.552744605764517338e+00 3.114788758637577537e+00 2.827417051336569731e+00 6.830673983175307162e-01 9.214015299241462564e-01 2.458736771577409996e+00 9.000000000000000000e+00 1.000000000000000000e+01 4.000000000000000000e+00 -2.297439552467253634e+03 1.057999999999982634e+02 1.528372202920339973e+01 -1.603857586966089599e+00 3.929658898611589346e-01
2.878616833067066949e+00 1.960425341454147263e+00 4.697605541927003081e+00 2.598937876728770746e+00 2.422110669627734136e+00 6.873817390223725399e-01 7.489052221404531862e-01 2.298389255387128571e+00 1.000000000000000000e+01 1.200000000000000000e+01 4.000000000000000000e+00 -2.704936070096817389e+02 2.742000000000073214e+02 2.178671070203745674e-02 -1.273724689687689260e+00 6.256122799861616457e+00
2.903086856145899564e+00 2.019159121215175379e+00 4.961727337346984790e+00 4.064407663051798458e+00 2.610561111987537597e+00 8.506923979185576634e-01 8.973834674294102198e-01 2.540765484833548360e+00 8.000000000000000000e+00 1.000000000000000000e+01 4.000000000000000000e+00 -8.892692876177965218e+02 2.188999999999918487e+02 7.412563004945763034e-03 -1.200337738701765034e+01 3.862765620301164216e+00
2.741249662891820815e+00 2.275694663877447788e+00 5.152991383156046545e+00 3.468953074608826626e+00 2.200452956726820730e+00 6.788451615546741147e-01 7.940305604231578940e-01 2.779908084678500924e+00 9.000000000000000000e+00 1.000000000000000000e+01 4.000000000000000000e+00 -2.615199429368562960e+02 3.000999999999997385e+02 6.966871433553526671e+00 -1.962862891589124414e-01 6.163158299790095107e+00
2.780873965029887263e+00 1.413283746063445756e+00 5.183804510739282279e+00 3.653944060840214281e+00 2.297733556866183857e+00 4.833507805557163417e-01 8.748376533852093573e-01 2.567253852935734493e+00 6.000000000000000000e+00 9.000000000000000000e+00 4.000000000000000000e+00 -3.081266770328630855e+02 2.700900000000045225e+02 1.081760481455379974e+01 -3.699080313353910743e-01 6.166133026785242777e+00
2.649305212950743726e+00 1.622134050337642019e+00 5.019466943977580087e+00 4.148994628634866899e+00 2.240618188140818479e+00 4.512282721825150444e-01 7.765703275501172342e-01 2.479398602408785734e+00 9.000000000000000000e+00 9.000000000000000000e+00 4.000000000000000000e+00 -2.087116653241545237e+02 2.405700000000078376e+02 1.838836371257266886e-02 -1.373753184759897827e+00 1.715262713528010463e-01
2.608626502656611112e+00 1.529358051064423574e+00 4.108496634151197924e+00 4.654622599680418027e+00 2.239875997172040112e+00 4.171257667125379820e-01 9.352825572033592882e-01 2.988193553423182269e+00 9.000000000000000000e+00 1.100000000000000000e+01 5.000000000000000000e+00 -2.300195503177666978e+03 1.017499999999995310e+02 1.558253144860420214e+01 -1.239679256410121333e+00 1.284164587311520611e+00
2.796848740941378253e+00 1.329510695238862894e+00 4.427687866860380517e+00 3.415638960262641355e+00 2.390877780887236792e+00 6.261036148592793449e-01 8.427112536922124475e-01 2.510601863170021542e+00 6.000000000000000000e+00 8.000000000000000000e+00 4.000000000000000000e+00 -2.386599906364227763e+02 2.400800000000151329e+02 7.413749414775949731e+00 7.642431171346893148e-02 1.033014616352931625e-01
2.790559086329555960e+00 1.871201874382880437e+00 5.080527362977226069e+00 3.745365969380404003e+00 2.211328376753480374e+00 4.744365193061275132e-01 9.488242694427738710e-01 2.510196320749612298e+00 9.000000000000000000e+00 1.000000000000000000e+01 4.000000000000000000e+00 -2.199882341552744492e+03 7.320000000000011653e+01 1.020514634704652579e+01 4.396894731573868231e-01 6.142900451337013124e+00
2.617835287052769910e+00 1.574922983313970848e+00 5.807809750813606620e+00 3.328799896484977427e+00 2.173334113036180515e+00 8.478215755551564703e-01 8.809954384594155252e-01 2.575094615469338155e+00 7.000000000000000000e+00 9.000000000000000000e+00 4.000000000000000000e+00 -2.215437024488310271e+03 1.107900000000029337e+02 1.000262653051929895e+01 -1.862101838165807211e+00 1.940194479403226646e-01
2.194857616631161079e+00 1.788726763427123556e+00 5.051578977877673182e+00 3.456655199516825316e+00 2.260275744760740224e+00 9.066589547097072543e-01 8.559093341204058181e-01 2.496918913422441655e+00 9.000000000000000000e+00 1.000000000000000000e+01 5.000000000000000000e+00 -1.752126213859906159e+02 3.000999999999997385e+02 1.572663836624420997e+00 1.613044122600873487e-01 6.268666308647658170e+00
2.509302638080954218e+00 1.238916480007320020e+00 5.642468314877705282e+00 5.407931289807610398e+00 2.698163216092248184e+00 6.550575481305217496e-01 6.830967873853331929e-01 2.557289429714639795e+00 9.000000000000000000e+00 1.200000000000000000e+01 4.000000000000000000e+00 -3.122859995158664788e+02 3.601200000000105774e+02 8.264124969741322602e+00 -3.949738131520961204e+00 1.128883898835708166e+00
2.529074422323617011e+00 1.395297017544454121e+00 4.179335909702438734e+00 2.744694583813520161e+00 2.068505115753458856e+00 4.559841731505159812e-01 8.008648277930653370e-01 2.876329846236386878e+00 7.000000000000000000e+00 1.000000000000000000e+01 4.000000000000000000e+00 -1.749007648045212875e+02 3.000999999999997385e+02 1.553172800282588639e+00 -2.691399080336788763e-01 6.272104854144020969e+00
2.755361993584680480e+00 1.870158820490283258e+00 3.305250621913164100e+00 3.846120099800027781e+00 2.175444255988546516e+00 4.751308607411212082e-01 8.134421089171758323e-01 2.586552844754775649e+00 1.100000000000000000e+01 1.000000000000000000e+01 4.000000000000000000e+00 -1.899835439761317275e+02 3.000999999999997385e+02 2.495846498508241140e+00 -1.290406414196200391e+00 6.047388636651433558e+00
2.232371243770696179e+00 1.095607024201992630e+00 5.449475557327220443e+00 4.698736269574022906e+00 2.824966934254167672e+00 7.298398963029156805e-02 7.561477998111006960e-01 2.090622732013301288e+00 1.000000000000000000e+01 1.200000000000000000e+01 4.000000000000000000e+00 -4.282398705889269195e+02 3.601200000000105774e+02 1.551124191180760192e+01 -7.723284040538855866e-01 9.010428852263416277e-02
2.887370480561981534e+00 1.998617477011695343e+00 5.039227584339387889e+00 3.660231214068699668e+00 2.446830001697738233e+00 8.563550547358859122e-01 8.272228851055920540e-01 2.551035064793392593e+00 9.000000000000000000e+00 9.000000000000000000e+00 4.000000000000000000e+00 -2.097035359674433494e+03 1.104300000000029200e+02 2.613772479651993219e+00 -3.472148562723843312e+00 4.975607680431079594e+00
2.689255940594947880e+00 1.421129946964448720e+00 3.926720712038781702e+00 4.232129311807783623e+00 2.341970336286536725e+00 2.727403829068125174e-01 9.564766855393704859e-01 2.502462249338262001e+00 9.000000000000000000e+00 1.100000000000000000e+01 4.000000000000000000e+00 -2.809987007331910718e+02 3.301100000000244563e+02 7.246481295823676838e+00 -7.174513522832381973e-02 2.288947840545803858e-01
2.748339572184894219e+00 1.789318438039701809e+00 4.095602566717997384e+00 4.809969448714129570e+00 2.415553625806814875e+00 8.807254354390247064e-01 8.779051667812315385e-01 2.193834385293171430e+00 1.000000000000000000e+01 1.200000000000000000e+01 4.000000000000000000e+00 -2.878268124326367570e+02 3.601200000000105774e+02 6.735425777039466766e+00 -3.865388274450372030e-01 1.837306574655579727e-02
2.767992350045611616e+00 2.018873480267250109e+00 5.111358665616672070e+00 3.885154674298850086e+00 2.447185337159111018e+00 9.856419310395598821e-01 7.255310094539479948e-01 2.295601261478516175e+00 9.000000000000000000e+00 1.100000000000000000e+01 4.000000000000000000e+00 -2.150292258839448095e+03 1.328799999999999955e+02 5.240766177465505216e+00 -1.935893489756431762e+01 1.660157268717029844e+00
2.669706096479220303e+00 1.344120873224282642e+00 5.712086612848622735e+00 4.022257317962132817e+00 2.552311435747413704e+00 7.319434695692464965e-01 9.188500107782585635e-01 2.721610577040491474e+00 8.000000000000000000e+00 1.200000000000000000e+01 4.000000000000000000e+00 -2.319451267236343028e+03 1.417200000000023294e+02 1.553695420227138335e+01 -2.247553474139415641e+00 9.147093696843097144e-01
2.762654954115230321e+00 1.333081384045292195e+00 5.389477960772390830e+00 1.816609092637059941e+00 2.521298659256537622e+00 9.931268544705025292e-01 8.638352219686692424e-01 2.086179524054651679e+00 8.000000000000000000e+00 1.200000000000000000e+01 4.000000000000000000e+00 -4.571706076746316398e+02 3.601200000000105774e+02 1.731941297966414695e+01 -6.508444924362134509e-01 3.934797534627298456e-03
2.877747019684190555e+00 1.657971628430716660e+00 5.054562133239470789e+00 3.552615684593615875e+00 2.168387972699005850e+00 5.977952979761325114e-01 9.219014998299407404e-01 2.514660952889051782e+00 9.000000000000000000e+00 1.000000000000000000e+01 4.000000000000000000e+00 -9.800955165975007333e+01 1.952999999999931902e+02 2.247197873459268191e-02 -9.251291297086779997e-01 3.417018962720175246e-02
