1.645935634472090792e+00 1.203860189238718625e+00 6.547161940106256850e+00 8.000414457971210425e+00 2.400160331164880922e+00 3.430480069506104401e-01 7.536061259495209219e-01 2.756888041636381015e+00 1.100000000000000000e+01 7.000000000000000000e+00 2.000000000000000000e+00 -2.241491691834722815e+02 2.100699999999860097e+02 7.444635573967455677e+00 -4.152006333335613864e-01 1.645892039895350059e-02
9.515904774708935365e-01 1.181710945501882382e+00 7.018211283053007676e+00 5.285677893520795756e+00 2.208074327779170343e+00 5.627592133795078500e-01 5.014460272044144462e-01 3.129716739802701486e+00 7.000000000000000000e+00 1.100000000000000000e+01 3.000000000000000000e+00 -2.352047938728653207e+03 1.871100000000067212e+02 1.615580867054062608e+01 -2.499803031458224467e+00 5.582667019727824531e+00
9.770019092884097978e-01 1.295180773542726982e+00 7.507998606773013783e+00 5.069244709277220373e+00 1.923793887786254819e+00 6.025443639875875945e-01 5.319225870303536663e-01 3.147597835154849477e+00 9.000000000000000000e+00 1.200000000000000000e+01 4.000000000000000000e+00 -4.361123654356380257e+02 3.601200000000105774e+02 1.600327283972704606e+01 -3.469210729369076596e-01 6.275811534371790401e+00
1.517574475506106468e+00 1.018367056511104707e+00 6.710280709167834701e+00 7.447112152862581880e+00 2.401594400031188403e+00 5.942928867436210183e-01 6.703226944333062765e-01 2.824793316008627375e+00 9.000000000000000000e+00 1.000000000000000000e+01 2.000000000000000000e+00 -2.231726104847889474e+03 2.191999999999918316e+02 7.632881552993311836e+00 -2.090887346759021881e+00 6.018965494393159865e+00
1.028587322316786290e+00 1.108263301119748023e+00 6.569589689167236735e+00 5.378526479610368227e+00 1.991873401124532705e+00 5.874549761217581212e-01 5.603698871969609030e-01 2.920809307715835246e+00 7.000000000000000000e+00 1.100000000000000000e+01 4.000000000000000000e+00 -5.682999228380358545e+02 3.301100000000244563e+02 2.520280767737647309e+01 -1.959888745927951259e-03 6.281733397311708877e+00
7.793161235222912930e-01 1.421626668489371026e+00 6.417844485153416656e+00 5.354226428009965844e+00 1.858761729070835811e+00 5.689962395253381766e-01 5.670149056476335714e-01 2.805797297241166000e+00 7.000000000000000000e+00 1.200000000000000000e+01 4.000000000000000000e+00 -5.164027848688557469e+02 3.601200000000105774e+02 2.102142405430315364e+01 5.358516694059138608e-02 6.276898593646403235e+00
9.181111108348712913e-01 1.322578109366022048e+00 6.843011136397159078e+00 5.854845965791547258e+00 2.163316348557011715e+00 9.967460215589201145e-01 4.452533106640485516e-01 2.868810487634826600e+00 9.000000000000000000e+00 1.200000000000000000e+01 4.000000000000000000e+00 -2.416787296304362087e+02 3.601200000000105774e+02 3.851170601901932500e+00 -3.150997472646716591e-01 6.184088621106177186e+00
9.827257927665258297e-01 1.487245018375664474e+00 7.011569505074707109e+00 5.241967306010105965e+00 1.992686282404367182e+00 6.839024224450352962e-01 4.897097096186306953e-01 3.015207140337583525e+00 8.000000000000000000e+00 1.100000000000000000e+01 4.000000000000000000e+00 -5.623423268583972003e+02 3.301100000000244563e+02 2.483045792864906431e+01 4.859331868667841892e-02 6.266574218140277708e+00
1.768790353691002570e+00 1.061765809026777863e+00 6.824775677860323242e+00 7.434899229548849853e+00 2.597579604370664708e+00 4.861263411568544912e-01 7.576756478798395422e-01 3.043813613327572831e+00 9.000000000000000000e+00 7.000000000000000000e+00 2.000000000000000000e+00 -3.526614308772214486e+02 2.100699999999860097e+02 1.547665192982677773e+01 6.479436666546843637e-02 6.281082403995989161e+00
7.239015879402201925e-01 1.415561205995096383e+00 6.685481016728910930e+00 5.354781017696511825e+00 2.096226482188575879e+00 5.984983932365373072e-01 4.890771982365209603e-01 3.172864719061458061e+00 8.000000000000000000e+00 1.300000000000000000e+01 4.000000000000000000e+00 -5.952684669195336937e+02 3.901299999999891384e+02 2.501271668247119351e+01 2.239252334980680048e-01 6.277729978302635239e+00
1.012334549393447247e+00 1.299904271126838928e+00 6.800076161234307470e+00 5.749845047811388277e+00 1.905914280282157369e+00 7.023115475915986394e-01 4.862775923641203812e-01 3.043476744017150182e+00 7.000000000000000000e+00 1.000000000000000000e+01 4.000000000000000000e+00 -4.101300147755447369e+02 3.000999999999997385e+02 1.625500092347155601e+01 -4.747438396141695494e-05 6.273668690020490324e+00
1.050541434245279460e+00 1.220126880521022805e+00 7.115616209784065838e+00 5.223158600158458675e+00 1.911920509512314625e+00 7.780324781893074304e-01 4.732142804867616737e-01 2.916141947216824626e+00 8.000000000000000000e+00 1.300000000000000000e+01 4.000000000000000000e+00 -4.935928709516008439e+02 3.901299999999891384e+02 1.865799193447539395e+01 -8.550386258316899912e-02 7.434992306453534067e-04
8.288311875233460579e-01 1.088917469292158824e+00 7.031527452790919952e+00 4.439859201491382912e+00 2.194517583782242820e+00 8.050189319839056168e-01 4.919924473053398639e-01 3.000081517987643220e+00 8.000000000000000000e+00 1.300000000000000000e+01 4.000000000000000000e+00 -5.507430232664560208e+02 3.901299999999891384e+02 2.222987645415383895e+01 -1.305394772167581541e-01 6.274509878198710311e+00
1.013743005582362855e+00 1.336955700480528364e+00 6.579099315124675940e+00 5.236760156383624576e+00 1.929688664761374683e+00 7.359506927693810763e-01 5.576233062519528882e-01 2.710006273683549960e+00 8.000000000000000000e+00 1.300000000000000000e+01 4.000000000000000000e+00 -4.989643602377885827e+02 3.901299999999891384e+02 1.899371001486212407e+01 -3.673160167310617757e-02 6.467960146479361655e-03
1.180467465567619501e+00 1.303978817403364854e+00 6.352042172968358713e+00 5.059789291772855080e+00 1.916720246920291526e+00 7.652480892055892880e-01 5.286183401811872518e-01 2.733689472958038991e+00 8.000000000000000000e+00 1.100000000000000000e+01 3.000000000000000000e+00 -4.234832310319054614e+02 3.301100000000244563e+02 1.615176443949332707e+01 3.229676762428059233e-01 6.198617642148141371e+00
1.176662134209308652e+00 1.565635912220748827e+00 6.974119103786718732e+00 5.852693490105544072e+00 2.005511719824328853e+00 6.847292046570144786e-01 5.185267560577517809e-01 2.700287824574308271e+00 8.000000000000000000e+00 1.000000000000000000e+01 3.000000000000000000e+00 -4.114998854566941873e+02 3.000999999999997385e+02 1.634061784104339310e+01 -2.445796241569463680e-01 5.858498807646404793e-03
1.050008305112870355e+00 1.232979805913962723e+00 7.361684716951391927e+00 5.286549732628679443e+00 1.967181826168558079e+00 5.547917495714149716e-01 5.070742326276596046e-01 2.936482970934579217e+00 7.000000000000000000e+00 1.200000000000000000e+01 4.000000000000000000e+00 -4.481697671170711033e+02 3.601200000000105774e+02 1.675686044481661341e+01 -4.666047522867547981e-01 4.064324902012592458e-03
1.049513737095895349e+00 1.269383625865316390e+00 7.374249056358919141e+00 6.341635959789887700e+00 2.214202721257243045e+00 6.301466837865247195e-01 5.226048767986760657e-01 2.686780393358072505e+00 7.000000000000000000e+00 1.000000000000000000e+01 3.000000000000000000e+00 -5.421751712795795584e+02 3.000999999999997385e+02 2.450782320497373235e+01 -6.478112042537950005e-03 6.281945881387374087e+00
1.338031491021717034e+00 1.408382904179712458e+00 7.023210207235552893e+00 6.371059562727017678e+00 1.945507121318202026e+00 4.843165249116542226e-01 6.521346181692923016e-01 2.949585463927288931e+00 8.000000000000000000e+00 1.100000000000000000e+01 3.000000000000000000e+00 -5.109455182557293256e+02 3.301100000000244563e+02 2.161815739098231859e+01 -4.757835544071725015e-02 2.214312535004172092e-02
1.728797305870219958e+00 1.080475077146826113e+00 6.876262032941955482e+00 8.264666570861304962e+00 2.921311678369798326e+00 5.372515138588431771e-01 7.917804849438526693e-01 3.065503776917730239e+00 9.000000000000000000e+00 8.000000000000000000e+00 2.000000000000000000e+00 -2.284096156905521639e+03 6.839999999999889724e+01 1.561850980659512800e+01 -1.221297216242576977e-01 1.410693309279027197e-01
9.658570753833801703e-01 1.009068276061927172e+00 7.123112046518050633e+00 5.173391837266076543e+00 1.891569151375841029e+00 6.728969049025993465e-01 4.316580773525825476e-01 2.939245260803720949e+00 6.000000000000000000e+00 1.200000000000000000e+01 4.000000000000000000e+00 -4.907623877388269307e+02 3.601200000000105774e+02 1.941889923367635262e+01 -5.117027808539571787e-03 6.273208213876404926e+00
1.380866627804461233e+00 1.217982291057693178e+00 6.792307694835542975e+00 6.872643024887498342e+00 2.410858929158874453e+00 6.219755248404165160e-01 5.432948619147403013e-01 2.941441234911407854e+00 1.000000000000000000e+01 1.100000000000000000e+01 2.000000000000000000e+00 -5.344393136332065524e+02 3.301100000000244563e+02 2.308651960207464526e+01 -5.411371759243348289e-02 6.280679391927344923e+00
1.027944680745547901e+00 1.386929167419534314e+00 6.600510157197615690e+00 5.154644323035621589e+00 2.142679301914507395e+00 9.377686900265636005e-01 5.148443548089589594e-01 3.040513432816132955e+00 7.000000000000000000e+00 1.100000000000000000e+01 3.000000000000000000e+00 -4.650342434943486865e+02 3.301100000000244563e+02 1.874870271839602864e+01 6.130665445649807407e-03 1.325755253491200415e-02
1.620236979211187256e+00 1.170505029335659364e+00 6.975185936646506768e+00 7.557824748114419400e+00 2.525596425685801005e+00 5.031891434302266930e-01 7.389050212442896948e-01 2.847440818760854864e+00 9.000000000000000000e+00 8.000000000000000000e+00 2.000000000000000000e+00 -2.854788090549356525e+02 2.400800000000151329e+02 1.033992556593300449e+01 -1.000921888550828198e+00 1.458910270545806798e-01
1.258626388178327282e+00 1.319451386335970700e+00 7.196683488561752107e+00 5.049532923080557900e+00 1.885963159511283127e+00 8.526243330457293768e-01 4.614885629169553916e-01 3.030904210104641727e+00 9.000000000000000000e+00 1.100000000000000000e+01 4.000000000000000000e+00 -2.007838836768702038e+02 3.301100000000244563e+02 2.233055229803623476e+00 -2.517020993681064467e-01 6.278004499020957141e+00
1.321792894707347399e+00 1.562956548596404316e+00 6.970694900235184122e+00 5.572040554815496094e+00 2.121241861643256232e+00 5.777575924039747290e-01 4.941259990258667356e-01 2.926298760639062468e+00 8.000000000000000000e+00 1.100000000000000000e+01 4.000000000000000000e+00 -5.603194191716917203e+02 3.301100000000244563e+02 2.470402619822996826e+01 -6.911872713527714152e-02 6.279141248954656973e+00
1.064050885345280140e+00 1.202009802596487820e+00 6.918681255479474324e+00 5.158148731752337568e+00 2.051159548500648633e+00 7.122679730510386165e-01 4.829893881392250954e-01 2.995680111670328660e+00 7.000000000000000000e+00 1.200000000000000000e+01 4.000000000000000000e+00 -4.430501658781435026e+02 3.601200000000105774e+02 1.643688536738363837e+01 3.865018846945261766e-01 2.289077064513200810e-03
8.860847638678095439e-01 1.262883872379188865e+00 6.794190618154592798e+00 5.776727232258393130e+00 1.962775577588896869e+00 6.227950318240220717e-01 4.565637385672517978e-01 2.983480753098582294e+00 7.000000000000000000e+00 1.300000000000000000e+01 4.000000000000000000e+00 -4.905352979870507397e+02 3.901299999999891384e+02 1.846689362419101244e+01 9.260626550160210024e-03 6.279280176170429328e+00
1.206556064930442540e+00 1.285322107661766466e+00 7.191316486349703219e+00 6.010620214906430725e+00 2.312893430410458695e+00 7.792246099259625414e-01 6.356709640446958076e-01 2.872209567270881170e+00 9.000000000000000000e+00 1.000000000000000000e+01 3.000000000000000000e+00 -5.457524058039952024e+02 3.000999999999997385e+02 2.473140036274971010e+01 3.602267296209038516e-02 6.248400355905964432e+00
1.159699353450934112e+00 1.253835219527482003e+00 7.476123129427237224e+00 5.972250259078085044e+00 2.144331714815592260e+00 7.932433799721254619e-01 5.724277294729394061e-01 2.728232398111788637e+00 9.000000000000000000e+00 9.000000000000000000e+00 3.000000000000000000e+00 -5.368855412348144682e+02 2.700900000000045225e+02 2.511503382717576116e+01 4.420680286052782598e-02 1.339666179075787132e-02
1.201494206262628150e+00 1.273027484798836095e+00 6.843703053755509913e+00 5.673545439587022621e+00 1.880759530975520732e+00 4.628599920581696336e-01 5.369248985388788142e-01 2.914022853165793236e+00 8.000000000000000000e+00 1.200000000000000000e+01 4.000000000000000000e+00 -4.486132567683486627e+02 3.601200000000105774e+02 1.678457854802146088e+01 -1.442978049749554098e-02 1.977531421071245313e-02
7.613528688418297330e-01 1.284072391067428764e+00 7.076485711615454477e+00 5.532756360272137464e+00 1.927454488712429637e+00 6.594123356280823245e-01 4.414953819691128656e-01 3.042439869853317713e+00 7.000000000000000000e+00 1.200000000000000000e+01 4.000000000000000000e+00 -4.511635659114421060e+02 3.601200000000105774e+02 1.694397286946480108e+01 -5.345998118304191860e-02 3.071142599874015361e-02
1.193403125148596144e+00 1.317372627472215951e+00 6.843612060957603660e+00 5.519396887414360187e+00 1.885958189343055480e+00 6.839873985287256986e-01 5.128364580121433924e-01 2.948004543156581114e+00 8.000000000000000000e+00 9.000000000000000000e+00 4.000000000000000000e+00 -2.620243675608960530e+02 2.700900000000045225e+02 7.936210472555862872e+00 -9.999236982793432427e-01 1.439161486987221850e-01
1.218540271152507737e+00 1.440559384318787384e+00 6.497315598348029297e+00 5.749687299220203052e+00 1.833049662922360046e+00 7.347253347790606570e-01 4.937467905169959370e-01 3.000337919277448417e+00 8.000000000000000000e+00 1.100000000000000000e+01 4.000000000000000000e+00 -3.546263178619887526e+02 3.301100000000244563e+02 1.184820736637353278e+01 -1.880783682536212309e+00 3.554541418091588384e-02
9.391733125538616056e-01 1.334674108192410058e+00 6.030187074097094424e+00 5.778698675036618937e+00 1.847607847070621423e+00 7.158239676219732006e-01 5.245441204298415538e-01 2.847364727505085735e+00 6.000000000000000000e+00 1.200000000000000000e+01 4.000000000000000000e+00 -5.358304117658060477e+02 3.601200000000105774e+02 2.223565073536254744e+01 1.601622616271750899e-01 1.799779412028357228e-04
1.120371996183776808e+00 1.353096515449237591e+00 6.418735863113196771e+00 5.746792626610013777e+00 2.185731889155108298e+00 7.528333623533453034e-01 5.253205223731419737e-01 2.908977208967923112e+00 8.000000000000000000e+00 1.000000000000000000e+01 3.000000000000000000e+00 -3.067022855874479887e+02 3.000999999999997385e+02 9.790767849215507468e+00 -1.505360951504482792e+00 9.436000715428939645e-02
9.418597286700736149e-01 1.323166023131892688e+00 7.458390882439191572e+00 6.501427389633199994e+00 2.064561085050945266e+00 6.942709642902915590e-01 5.085240560298076584e-01 2.974120682081472733e+00 8.000000000000000000e+00 1.000000000000000000e+01 3.000000000000000000e+00 -4.440922546656549912e+02 3.000999999999997385e+02 1.837764091660344334e+01 -2.488341275474625913e-01 6.795746966855525928e-02
8.745227411914087146e-01 1.364986377239230109e+00 6.221252759751918049e+00 6.582216896794245820e+00 1.899945593988309422e+00 5.754216475839506462e-01 6.545677481321385827e-01 2.591974663046308081e+00 7.000000000000000000e+00 1.300000000000000000e+01 3.000000000000000000e+00 -6.048346520483555651e+02 3.901299999999891384e+02 2.561060325302256047e+01 -1.111525450528076525e-01 5.309730970416622411e-03
1.251983258598827087e+00 1.229758891991259651e+00 7.266374513094912224e+00 6.331099252318020731e+00 1.979913929057474320e+00 3.470420117305971219e-01 4.279872581696957390e-01 2.863162615827620439e+00 1.000000000000000000e+01 1.000000000000000000e+01 3.000000000000000000e+00 -2.416853428928379799e+03 7.809999999999983800e+01 2.361271430802374027e+01 -2.293554209208118699e+00 1.576999504381252915e-01
1.125622189037595478e+00 1.185357946709938437e+00 6.653533003032710447e+00 6.656866445731984605e+00 2.012888423786407088e+00 6.043815992683408966e-01 6.495812694777991503e-01 2.910602517623827712e+00 9.000000000000000000e+00 1.000000000000000000e+01 3.000000000000000000e+00 -3.335644375595680913e+02 3.000999999999997385e+02 1.146965234747301210e+01 -1.455141137514504246e+00 6.274285557988419804e+00
9.062855414856142433e-01 1.493248586709831960e+00 6.372013662176705395e+00 6.354528277250909518e+00 1.876050276908935999e+00 6.538211934577573548e-01 5.580055201514383389e-01 2.680210587322632065e+00 7.000000000000000000e+00 1.200000000000000000e+01 4.000000000000000000e+00 -4.741914046783613230e+02 3.601200000000105774e+02 1.838321279239725214e+01 -3.067684841297060178e-02 8.993335655590295463e-03
1.443489195482410503e+00 1.392994027535601420e+00 6.777923786866030476e+00 5.561301198482716757e+00 2.355672711881645842e+00 6.034115700640305668e-01 5.505460069335722517e-01 3.217344792322982094e+00 7.000000000000000000e+00 1.300000000000000000e+01 3.000000000000000000e+00 -6.027806779948966778e+02 3.901299999999891384e+02 2.548222987468138001e+01 2.176927094739500301e-01 3.449654340580073086e-02
9.129605703199344946e-01 1.444060200109738235e+00 6.913973919212559771e+00 5.603328966149471846e+00 2.201052298429821974e+00 8.815951263656764958e-01 4.830725247248049969e-01 3.011795664883091028e+00 9.000000000000000000e+00 1.200000000000000000e+01 4.000000000000000000e+00 -4.502869427226987113e+02 3.601200000000105774e+02 1.688918392016833891e+01 -4.212795204822237238e-01 1.939106101240246904e-02
1.025294072138766666e+00 1.334693560874720131e+00 7.478255413432023602e+00 4.814887245851049435e+00 2.066601381855548869e+00 5.427526659297667866e-01 4.977158291702126203e-01 3.197953806911447039e+00 7.000000000000000000e+00 1.200000000000000000e+01 3.000000000000000000e+00 -5.814402342193719733e+02 3.601200000000105774e+02 2.508626463871041778e+01 -8.408092891062719509e-01 4.055528101866945345e-02
7.636899477285866711e-01 1.302819630754382008e+00 6.863886348432520101e+00 4.210321124484618593e+00 1.998130881184427388e+00 7.811238306472100268e-01 4.867164119784912479e-01 3.022083176000347038e+00 8.000000000000000000e+00 1.400000000000000000e+01 4.000000000000000000e+00 -5.057351902586195820e+02 4.201399999999720194e+02 1.847907439116459827e+01 1.149811207670587421e-01 6.278473708999007030e+00
1.086336220128547358e+00 1.345576673185675309e+00 6.872208961664760807e+00 7.478413711592463819e+00 1.902604893784211493e+00 7.364777911173905345e-01 6.489330917328602899e-01 2.755710021814460120e+00 9.000000000000000000e+00 1.100000000000000000e+01 3.000000000000000000e+00 -2.379779892327201196e+03 2.858900000000189721e+02 1.480218077044950675e+01 -2.320219611812601279e+00 4.914930284334200650e+00
9.394803701640718208e-01 1.143167215911997436e+00 7.195877478052247866e+00 4.437747848787425120e+00 1.896373244220205923e+00 7.525914127601011083e-01 4.798545489718556434e-01 2.616009222520590871e+00 7.000000000000000000e+00 1.400000000000000000e+01 4.000000000000000000e+00 -5.472131664176224604e+02 4.201399999999720194e+02 2.107144790110227817e+01 5.585476303714434487e-02 1.058599348805401921e-02
2.026016741252986808e+00 9.425782397169362170e-01 6.831597622432743044e+00 9.523774853357505066e+00 2.997986252995783030e+00 3.336379466919241477e-01 9.235391911079374738e-01 2.850164027242414466e+00 1.100000000000000000e+01 5.000000000000000000e+00 1.000000000000000000e+00 -9.328754363600847910e+01 1.500499999999998693e+02 1.141408977250533807e+00 -2.958908087305501811e-01 6.278129334284123786e+00
