1.046765608434170991e+00 1.098421712060718702e+00 6.737017904900738152e+00 6.490186990956135382e+00 2.032094357460866973e+00 4.156147972138079516e-01 6.355679066599524418e-01 2.768058555775242180e+00 8.000000000000000000e+00 9.000000000000000000e+00 3.000000000000000000e+00 -5.090849212154397492e+02 2.700900000000045225e+02 2.337749507596484477e+01 -1.995167878909512194e+00 3.372920240933458685e-02
1.298719136042044475e+00 1.371791973826042010e+00 7.320856658417262963e+00 6.697118275717542701e+00 1.998041317967169217e+00 5.979192249194561493e-01 5.731793037547571190e-01 2.564844192250516297e+00 8.000000000000000000e+00 1.000000000000000000e+01 3.000000000000000000e+00 -4.225711848731376676e+02 3.000999999999997385e+02 1.703257405457111062e+01 1.030325262074414938e-02 6.250507384622611795e+00
1.004254455930441825e+00 1.362546871411190130e+00 6.889134018861693853e+00 7.026860106152834184e+00 2.087723186963866162e+00 6.468353894902185708e-01 5.970435742344818442e-01 2.647654098058415340e+00 9.000000000000000000e+00 1.000000000000000000e+01 3.000000000000000000e+00 -4.016605754747098445e+02 3.000999999999997385e+02 1.572566096716937167e+01 -3.092762378932153999e-01 6.268548103536696559e+00
1.232695929781632893e+00 1.357575304101344971e+00 6.818783285787372250e+00 6.515342566775105482e+00 1.934542411158815423e+00 5.408726027313051077e-01 5.368789912552410781e-01 2.741240101083161740e+00 9.000000000000000000e+00 1.100000000000000000e+01 3.000000000000000000e+00 -5.586485499036946294e+02 3.301100000000244563e+02 2.459959686898014652e+01 -3.831061492785995948e-01 6.264521548236088755e+00
1.233243730401179183e+00 1.111143730921632100e+00 6.779457184193137920e+00 6.661384356051714306e+00 1.865951413922993352e+00 4.252161537699082339e-01 5.802535695775900004e-01 2.991433764679904073e+00 1.000000000000000000e+01 1.200000000000000000e+01 2.000000000000000000e+00 -2.222729930093096016e+02 3.601200000000105774e+02 2.638312063081519110e+00 -3.173237417458431991e-02 6.260480332913101291e-03
9.797250314818213290e-01 1.312546434655065042e+00 6.320106369715364103e+00 6.217420699507534287e+00 1.845248859907398176e+00 4.494482398410347690e-01 5.537908417464156852e-01 2.967604493915770192e+00 9.000000000000000000e+00 1.200000000000000000e+01 3.000000000000000000e+00 -5.715012694417779358e+02 3.601200000000105774e+02 2.446507934011079044e+01 2.361028859112035694e-01 2.628212767537971631e-02
9.197999114805253118e-01 1.433853594435171352e+00 6.631990483320126195e+00 5.943381830653731157e+00 2.185443131476088485e+00 2.519232207729262263e-01 5.526691628869582207e-01 2.785759663380963147e+00 1.000000000000000000e+01 1.000000000000000000e+01 4.000000000000000000e+00 -2.237311129173894642e+03 2.450999999999903594e+02 7.172570573368712843e+00 -1.177408968642002174e+00 2.005647207495102891e-01
1.699846368655366202e+00 1.144211522685673499e+00 6.875886836101752664e+00 7.719905180907820075e+00 2.393379179290139103e+00 3.281555118424583917e-01 6.427951658765620468e-01 2.880217186494672621e+00 1.000000000000000000e+01 1.000000000000000000e+01 2.000000000000000000e+00 -1.856832081839721411e+02 3.000999999999997385e+02 2.227075511498267435e+00 -6.927061930357095165e-02 7.859856219886829365e-03
1.118765284039090924e+00 8.832774623234991296e-01 6.318356732837831835e+00 6.297007777074296264e+00 1.749479333592911079e+00 6.837145922603516945e-01 5.186223574451388485e-01 2.906727062411847307e+00 9.000000000000000000e+00 1.200000000000000000e+01 3.000000000000000000e+00 -5.426269010436865301e+02 3.601200000000105774e+02 2.266043131523008114e+01 1.281753466656005980e-01 4.246329330854575757e-02
1.208760822262136880e+00 1.089251102396844528e+00 6.861982056439965838e+00 6.306891764321818528e+00 1.964687149659656296e+00 6.789485913104144066e-01 5.612629087277875017e-01 2.842936597731436699e+00 9.000000000000000000e+00 1.000000000000000000e+01 3.000000000000000000e+00 -4.158184088665595937e+02 3.000999999999997385e+02 1.661052555415998455e+01 -3.639645336470158365e-02 2.932015802794867010e-02
1.140690624083676497e+00 1.181457319435579079e+00 6.727393379436074738e+00 6.405351121680254778e+00 1.886549478882544095e+00 5.480452092489815907e-01 6.180491985971079405e-01 3.244280763842219528e+00 9.000000000000000000e+00 1.200000000000000000e+01 3.000000000000000000e+00 -3.786565799051164731e+02 3.601200000000105774e+02 1.241228624406944725e+01 -9.964656739818327225e-01 1.431613992319179934e-03
1.058327257231233443e+00 1.365160325783284501e+00 6.494264904382125003e+00 5.770149021482033014e+00 1.813336170238591061e+00 4.053722273393634001e-01 5.402784562270940283e-01 2.832002653496217270e+00 8.000000000000000000e+00 1.100000000000000000e+01 3.000000000000000000e+00 -2.916802621455474309e+02 3.301100000000244563e+02 7.914078884095950173e+00 -1.934965342971683988e-02 6.272924885931997707e+00
1.718042605117463095e+00 1.252573456338428315e+00 6.296437371278616801e+00 8.510270835558229052e+00 2.632462415209601225e+00 2.932510320714572516e-01 7.949678638016171028e-01 2.843790458561850532e+00 1.000000000000000000e+01 8.000000000000000000e+00 2.000000000000000000e+00 -5.234523228997595652e+02 2.400800000000151329e+02 2.521327018123450259e+01 1.088292427497356413e-01 1.647728463062492210e-03
1.555370995297076453e+00 8.727879267467023583e-01 7.108242936595393857e+00 7.824939460105625244e+00 2.197090315489895751e+00 3.887651914344301129e-01 8.187727556907100634e-01 2.771041317834881390e+00 9.000000000000000000e+00 7.000000000000000000e+00 2.000000000000000000e+00 -4.984689621303007243e+02 2.100699999999860097e+02 2.458962263314423424e+01 -9.975086352610973428e-02 6.277457418153615798e+00
1.187933788938018820e+00 1.246682176412057919e+00 6.594161671467507091e+00 6.541959880355277868e+00 1.779621275539762459e+00 5.566204540405854662e-01 5.415704411097099769e-01 3.042964895818900839e+00 9.000000000000000000e+00 1.200000000000000000e+01 2.000000000000000000e+00 -2.264139001281558876e+02 3.601200000000105774e+02 2.897118758009412876e+00 -1.334259345481640102e-01 2.864363795109240579e-03
1.122181833840001808e+00 1.250186419998371878e+00 6.597478049513163967e+00 5.799900761398197879e+00 1.704417583190862784e+00 6.642728538877097355e-01 5.664261899684461810e-01 2.931769321037708931e+00 9.000000000000000000e+00 1.200000000000000000e+01 3.000000000000000000e+00 -2.225693543031956949e+02 3.601200000000105774e+02 2.656834643949399943e+00 -2.544911674947257230e-01 4.296918432937987808e-03
1.119171521160732263e+00 1.547494786092182606e+00 7.194536753929668293e+00 5.808785686394529968e+00 2.137675608298797769e+00 6.587099793845081486e-01 4.592550975992810147e-01 2.421736777880107994e+00 9.000000000000000000e+00 1.000000000000000000e+01 4.000000000000000000e+00 -4.175148199589274327e+02 3.000999999999997385e+02 1.671655124743297449e+01 -1.037409296325848773e+00 6.280098928898861566e+00
1.413539957980468165e+00 1.401733448326451859e+00 7.015134600807273024e+00 7.177995013282071568e+00 2.077815551538458205e+00 4.346657090558371239e-01 6.608869448373201338e-01 2.840872349107876893e+00 9.000000000000000000e+00 1.000000000000000000e+01 3.000000000000000000e+00 -1.928561701249041107e+02 3.000999999999997385e+02 2.675385632806515535e+00 -7.980368362214791678e-02 6.280196858789800274e+00
1.412039762512058649e+00 1.245160974895708872e+00 6.595721968794521217e+00 6.842067197148825386e+00 1.858878477178046218e+00 4.310751832520390847e-01 5.138551563978701608e-01 2.948020912374269553e+00 1.000000000000000000e+01 1.200000000000000000e+01 2.000000000000000000e+00 -2.221764363662257438e+02 3.601200000000105774e+02 2.632277272888778441e+00 -1.550630629327552357e-01 6.278331628438720280e+00
1.165678804889623610e+00 1.246125304806011247e+00 7.351543787989596623e+00 6.707959351725053310e+00 1.920463257926081635e+00 4.746157401626830974e-01 6.690051427641656723e-01 2.943708195701036701e+00 9.000000000000000000e+00 1.100000000000000000e+01 4.000000000000000000e+00 -5.263250860417217609e+02 3.301100000000244563e+02 2.257938037760684580e+01 -3.725571495269630606e-01 6.282506607230041951e+00
9.945143470111379447e-01 1.252506641446834434e+00 7.089028778282349563e+00 6.605536416064347272e+00 1.930847722927925503e+00 7.180048453125897900e-01 5.322439665917009233e-01 2.651500183879317518e+00 9.000000000000000000e+00 1.100000000000000000e+01 3.000000000000000000e+00 -4.951080654194486215e+02 3.301100000000244563e+02 2.062831658871477458e+01 -2.216354447672251649e+00 1.267891933400634719e-03
1.402207671751468432e+00 1.270959615062475123e+00 6.655857388532041341e+00 6.556821810934979844e+00 2.020731522860141904e+00 6.218735827646659775e-01 6.072522678672246377e-01 3.120601944254601801e+00 9.000000000000000000e+00 9.000000000000000000e+00 3.000000000000000000e+00 -2.436998818157979258e+03 1.815300000000056002e+02 2.163961363487349843e+01 -1.332542751118302338e+00 6.248897088931478550e+00
1.127010454639951087e+00 1.471486917668205274e+00 7.064407065937391650e+00 5.971473140406535762e+00 2.143700526038385235e+00 7.156044691928080681e-01 5.100893420606714690e-01 2.816655310828810599e+00 9.000000000000000000e+00 1.100000000000000000e+01 3.000000000000000000e+00 -5.602578856058617021e+02 3.301100000000244563e+02 2.470018035036558857e+01 1.421846272535671812e-03 2.956702313237655200e-02
1.173715838099097519e+00 1.129212255934858966e+00 6.396820737606057961e+00 7.172254138592092154e+00 2.026431301977488442e+00 3.794889338566743708e-01 6.220686182389620900e-01 2.708936637035944006e+00 9.000000000000000000e+00 9.000000000000000000e+00 2.000000000000000000e+00 -3.321597474707436959e+02 2.700900000000045225e+02 1.231967171692133967e+01 -1.727491933722913320e+00 7.996394414929280936e-02
1.231166506961044460e+00 1.427975705125453798e+00 7.469520322393974787e+00 5.667597451177781132e+00 2.076379728916902145e+00 8.743036773128329830e-01 4.855220580636271377e-01 2.724514412766681826e+00 1.000000000000000000e+01 1.200000000000000000e+01 3.000000000000000000e+00 -5.778399900397048441e+02 3.601200000000105774e+02 2.486124937748122221e+01 -1.095176739365482169e-02 2.099493475751135207e-02
1.183747074606590788e+00 1.378633482054951065e+00 6.956077003762096034e+00 7.241163081994776540e+00 2.343362370446596454e+00 4.911484950013630946e-01 6.044282420610895823e-01 2.749745859774388457e+00 9.000000000000000000e+00 8.000000000000000000e+00 4.000000000000000000e+00 -4.759194401897000262e+02 2.400800000000151329e+02 2.224246501185577785e+01 -5.349794087304737822e-01 6.276760982089461649e+00
1.160138339233094396e+00 1.384215577207562164e+00 7.425134388687570031e+00 6.141353831509292149e+00 2.090097936130050016e+00 5.456804904505082598e-01 6.243806169787546878e-01 2.742902093278548836e+00 9.000000000000000000e+00 9.000000000000000000e+00 4.000000000000000000e+00 -4.671316854096265843e+02 2.700900000000045225e+02 2.075541783810151841e+01 2.879771001880197800e-02 4.495780431362561558e-03
1.348994549437097401e+00 1.184745850096505126e+00 6.474840073217126957e+00 5.979484463497536595e+00 1.612844827357074795e+00 5.197390375783318417e-01 6.382236516369002022e-01 2.717836268904142649e+00 1.000000000000000000e+01 1.000000000000000000e+01 2.000000000000000000e+00 -2.655943180237400156e+02 2.555999999999897625e+02 2.435407605567063705e-02 -1.028249593672798667e+00 5.557189769395646725e-03
1.240559803717909304e+00 1.387956249706349121e+00 6.720752030543975408e+00 6.044334481840534679e+00 1.976684940562809523e+00 5.444660980344157020e-01 4.862290765038800866e-01 2.973476476030636473e+00 9.000000000000000000e+00 1.000000000000000000e+01 4.000000000000000000e+00 -2.021004119289484606e+02 3.000999999999997385e+02 3.253150745559287849e+00 -2.398384802924568016e-01 6.271422562430237768e+00
1.351361052180365840e+00 1.328405144501992208e+00 6.936013047491745631e+00 6.156924475047198975e+00 2.035637201909429095e+00 4.407011501096812500e-01 6.092682880515057908e-01 2.789085103019956158e+00 9.000000000000000000e+00 9.000000000000000000e+00 3.000000000000000000e+00 -4.950588328798130533e+02 2.700900000000045225e+02 2.250086455498817628e+01 -1.853881742814855738e-02 2.112516584802914821e-02
1.338514381418621113e+00 1.474996078223314022e+00 6.728498845785697569e+00 6.254015056577586940e+00 2.137857597337163185e+00 4.290289879201529821e-01 4.537784402615807622e-01 2.718382390203362586e+00 1.000000000000000000e+01 1.000000000000000000e+01 3.000000000000000000e+00 -3.675770061958183987e+02 3.000999999999997385e+02 1.359543788723865632e+01 -1.690026763522671782e+00 6.247572275909331729e+00
1.309843980816798759e+00 1.247519825323070375e+00 7.309913392705796653e+00 6.566109743296969725e+00 2.317277753014082009e+00 6.591182182644874654e-01 6.546710067362726537e-01 2.629253166183934898e+00 1.000000000000000000e+01 1.000000000000000000e+01 3.000000000000000000e+00 -4.233497043426376649e+02 3.000999999999997385e+02 1.708123152141486401e+01 1.249026888602143698e-01 6.277879125046349706e+00
1.603467010613088606e+00 1.146246017287001928e+00 6.745124230973395640e+00 7.562738637088876281e+00 2.218700194138151449e+00 5.821237724308918615e-01 7.401985885686533928e-01 2.992837573001706719e+00 1.000000000000000000e+01 9.000000000000000000e+00 2.000000000000000000e+00 -2.442679578375980782e+03 1.890000000000058833e+02 2.176122364849861412e+01 -6.730662077772524565e-01 6.266882145555109140e+00
1.225244378290432978e+00 1.382718822245396773e+00 6.189429511875658818e+00 5.857480050430445395e+00 1.981230448157262680e+00 3.801501363587102000e-01 6.148736538002693708e-01 2.932690448213523648e+00 9.000000000000000000e+00 1.100000000000000000e+01 3.000000000000000000e+00 -2.120449530967919429e+02 3.301100000000244563e+02 2.936872068548732617e+00 8.121847359054119864e-02 2.329861426488921694e-02
1.883326330050691499e+00 1.011135902761993055e+00 7.097364619628990567e+00 8.855690236629396139e+00 2.624781423071521402e+00 3.241611070940058070e-01 8.528734737473550043e-01 2.717096180663878258e+00 1.100000000000000000e+01 6.000000000000000000e+00 2.000000000000000000e+00 -2.268028805782724703e+03 6.360000000000089670e+01 1.476430036142027546e+01 -1.128909068371162672e+00 7.775282717311066127e-02
1.820030860165605890e+00 9.653423073922937636e-01 6.869455862281531822e+00 8.082272668769379109e+00 2.281432969503621955e+00 3.049881930891153448e-01 7.693463671857415642e-01 3.108735401633678119e+00 1.000000000000000000e+01 7.000000000000000000e+00 2.000000000000000000e+00 -2.284620699592171604e+03 6.489000000000015689e+01 1.576098122451071681e+01 -1.241189956446203890e+00 6.279495323809461405e-02
7.358941134203148549e-01 1.427542794952429528e+00 7.540500986920344317e+00 5.703992343667692921e+00 2.024193637495499853e+00 5.296393355852390128e-01 5.191892074632910026e-01 2.473800064872629267e+00 9.000000000000000000e+00 1.100000000000000000e+01 4.000000000000000000e+00 -5.279308734642908121e+02 3.301100000000244563e+02 2.267974209151741150e+01 -2.455646026904093338e-01 3.577914438525952277e-03
1.173186927992950324e+00 1.144471226456261537e+00 7.064114824483150201e+00 7.427129055858860518e+00 2.149609815755495923e+00 6.034830182537103127e-01 6.409571856639095788e-01 2.588182960858661730e+00 8.000000000000000000e+00 9.000000000000000000e+00 3.000000000000000000e+00 -5.033536382052132012e+02 2.700900000000045225e+02 2.301928988782568197e+01 -2.924760235984462109e-01 1.815922700345780350e-02
9.650621844020462747e-01 1.503054693474363379e+00 7.174267280200787411e+00 5.994827051001751173e+00 1.680790441233878774e+00 4.970629908332241387e-01 6.353628954113710314e-01 2.612363661718699159e+00 9.000000000000000000e+00 1.000000000000000000e+01 4.000000000000000000e+00 -5.112420389205511810e+02 3.000999999999997385e+02 2.257450243253445876e+01 1.654375209451358283e-02 6.275890066986114846e+00
7.802947309626523387e-01 1.045599753956169442e+00 6.658721980492701142e+00 5.909063742747302506e+00 1.925155012272907751e+00 4.044065696742404348e-01 5.597767946250941096e-01 2.877051249744072781e+00 8.000000000000000000e+00 8.000000000000000000e+00 3.000000000000000000e+00 -2.590990354707045071e+02 2.400800000000151329e+02 8.691189716918557906e+00 -2.952341749219616673e+00 1.802586483186731717e-02
1.311419846751064933e+00 1.187961603834071900e+00 6.472186268288565358e+00 6.601905520503966507e+00 2.020703364421835069e+00 7.301037649438621990e-01 5.691338910804414342e-01 2.906213753176329906e+00 8.000000000000000000e+00 1.300000000000000000e+01 3.000000000000000000e+00 -5.884483747936645841e+02 3.901299999999891384e+02 2.458646092460437771e+01 3.822831823763950254e-02 2.638985807827704672e-02
9.122122591895609478e-01 1.514396869286106062e+00 6.053677682562824458e+00 5.528422526702638784e+00 1.833452860203987456e+00 2.971122854164539029e-01 6.230047489667688287e-01 2.753395018281218576e+00 1.000000000000000000e+01 1.200000000000000000e+01 4.000000000000000000e+00 -5.420156478376210316e+02 3.601200000000105774e+02 2.262222798985098393e+01 1.755716873630987218e-02 3.071491034448245103e-02
1.738129355255098929e+00 1.460079318573560991e+00 7.034437614390744997e+00 7.246203554839552474e+00 2.125011889841092128e+00 2.810353893556505889e-01 6.710687673466280145e-01 2.598056591642475155e+00 1.000000000000000000e+01 8.000000000000000000e+00 2.000000000000000000e+00 -3.817469659103359731e+02 2.400800000000151329e+02 1.635668536939552453e+01 1.353318169506848023e-01 1.757568388133456949e-02
1.877415504484000630e+00 9.465008104343235473e-01 7.011024179431214698e+00 8.173683111960123426e+00 2.231326453905897900e+00 2.740806981588911340e-01 8.252941623811268501e-01 2.957973326616731846e+00 1.100000000000000000e+01 9.000000000000000000e+00 2.000000000000000000e+00 -5.190555259228056002e+02 2.700900000000045225e+02 2.400065787017521046e+01 -6.032861973533346633e-01 6.275094945588794992e+00
1.356752928269078229e+00 1.202538593027993041e+00 7.122254943294175078e+00 6.257504893403229573e+00 1.932612205260601401e+00 5.949029873028183202e-01 5.343552756959015770e-01 2.792355878910474765e+00 9.000000000000000000e+00 1.400000000000000000e+01 3.000000000000000000e+00 -4.786745589139119943e+02 4.201399999999720194e+02 1.678778493212037404e+01 -3.912162851745734637e-02 6.253183697924403539e+00
2.068936560611699171e+00 9.548129635824328387e-01 6.873694665340249088e+00 9.639278543841498958e+00 2.980509196420958684e+00 3.114917276240719568e-01 9.248470721118181581e-01 2.732235230557596317e+00 1.100000000000000000e+01 6.000000000000000000e+00 1.000000000000000000e+00 -1.257152486576473507e+02 1.800600000000052887e+02 2.230328041102794145e+00 -1.494842015236119148e-01 2.075073179766739884e-03
1.585229470415882469e+00 1.038872728278917856e+00 6.911473956819258468e+00 7.524430939601791657e+00 2.200793629663102546e+00 5.374190560342856360e-01 7.260880773426917623e-01 3.105051933540677211e+00 9.000000000000000000e+00 1.000000000000000000e+01 3.000000000000000000e+00 -4.168207632470601993e+02 3.000999999999997385e+02 1.667317270294126885e+01 -4.609945742244341005e-02 2.077931676655424276e-02
2.154414961272097084e+00 1.054114756543446552e+00 6.637130492645420432e+00 9.716534668157924770e+00 2.984733848686223823e+00 3.219231475736335502e-01 9.334877701425484675e-01 2.828260733014911654e+00 1.100000000000000000e+01 5.000000000000000000e+00 1.000000000000000000e+00 -9.295427515502491644e+01 1.500499999999998693e+02 1.120579697189061585e+00 -3.793378330674903598e-01 6.277729600786561726e+00
