1.474378691403384511e+00 1.112400601629461638e+00 7.006819087601130924e+00 6.805683115667271466e+00 1.889151172377458998e+00 5.029335963928650566e-01 6.104365178350878995e-01 2.798359677577130444e+00 1.100000000000000000e+01 1.000000000000000000e+01 2.000000000000000000e+00 -4.147454820373950497e+02 3.000999999999997385e+02 1.654346762733719700e+01 -1.316379381846920216e-02 6.266182463271928071e+00
1.331305801900878771e+00 1.360202036388828528e+00 6.721779505284825262e+00 7.381072576040336841e+00 1.982860659646501489e+00 4.303402325238971926e-01 6.571502392308768981e-01 2.702155352015467749e+00 1.000000000000000000e+01 1.100000000000000000e+01 2.000000000000000000e+00 -5.511461126753009694e+02 3.301100000000244563e+02 2.413069454220554633e+01 8.343658241235070439e-03 6.276102439646940923e+00
6.664380701418616271e-01 1.145276391242850966e+00 6.601869451900856944e+00 6.782760183955510058e+00 1.760025776262178043e+00 2.949149770084801836e-01 6.073218462514746729e-01 2.809036110081844839e+00 8.000000000000000000e+00 8.000000000000000000e+00 3.000000000000000000e+00 -2.400128312831741823e+03 1.780800000000054411e+02 1.944301955198369924e+01 -5.300556267367512175e-01 6.278192749402566442e+00
1.938314629711907822e+00 1.088495127982483490e+00 6.244951337520113555e+00 8.552073914309376690e+00 2.567109388581112484e+00 6.319704957126957012e-01 8.170342983299144768e-01 2.796630650598673107e+00 1.100000000000000000e+01 7.000000000000000000e+00 1.000000000000000000e+00 -1.538474123974573899e+02 2.100699999999860097e+02 3.050775774841523624e+00 -3.217616016118551858e-01 7.440630413041240260e-03
1.576409907236469010e+00 1.060013833538671735e+00 6.652405329729249139e+00 7.179384455301040191e+00 2.082920348136319877e+00 4.450035626702587566e-01 7.225403917586920022e-01 2.846466631922023982e+00 1.000000000000000000e+01 9.000000000000000000e+00 2.000000000000000000e+00 -4.258652984840522322e+02 2.700900000000045225e+02 1.817626865525312496e+01 1.967334263230801072e-01 1.030694801590570364e-03
1.212315846218493531e+00 1.280973314225590798e+00 6.592572542240003663e+00 7.001087382643305546e+00 2.075667267113785464e+00 8.812026307426451543e-01 5.903354845542476692e-01 2.793634326768122289e+00 9.000000000000000000e+00 8.000000000000000000e+00 3.000000000000000000e+00 -2.084344932420067664e+02 1.680800000000038779e+02 1.986067448981765349e-02 -1.053344660107639941e+00 4.860609204193111488e-02
1.585209905582704248e+00 1.167940081298222577e+00 6.851934228864102749e+00 6.406719490317529520e+00 2.159550570296547622e+00 5.278875428877449760e-01 6.920810381536803835e-01 2.835092368828110221e+00 1.000000000000000000e+01 1.000000000000000000e+01 2.000000000000000000e+00 -1.794231177700206956e+02 3.000999999999997385e+02 1.835819860626302091e+00 -1.671473776497479913e-01 6.277729566685804841e+00
1.278023114861989606e+00 1.094976365368889537e+00 6.208338533357675715e+00 6.192594226960959070e+00 1.943944895681203988e+00 5.979455750080304721e-01 6.039287935939058327e-01 3.090087122653475404e+00 9.000000000000000000e+00 1.100000000000000000e+01 3.000000000000000000e+00 -5.516419576609680462e+02 3.301100000000244563e+02 2.416168485380973863e+01 4.760653817943707664e-03 1.834048636125018561e-02
1.208570173596330122e+00 1.275465576504908771e+00 6.868702403034651738e+00 7.016568308222518979e+00 1.944816947823081010e+00 5.363051595268124583e-01 5.617704751912182548e-01 2.703041633188711490e+00 1.000000000000000000e+01 1.000000000000000000e+01 3.000000000000000000e+00 -2.900216610826920487e+02 3.000999999999997385e+02 8.748228817668259438e+00 -8.041533508854307177e-01 1.203270372021430223e-01
1.107305834812719825e+00 1.191040070892124270e+00 6.975382188008152795e+00 6.737545278116804148e+00 2.256001397404521658e+00 6.105408658203379524e-01 5.587130504159077971e-01 2.888935501512774007e+00 8.000000000000000000e+00 8.000000000000000000e+00 3.000000000000000000e+00 -4.116937564358021291e+02 2.400800000000151329e+02 1.822835977723715928e+01 2.492732656989803119e-02 6.259933176441007774e+00
1.489180460840740405e+00 1.503175947569568738e+00 7.262942579167527057e+00 6.969876608396707418e+00 2.021842030277071434e+00 3.582398418301511178e-01 6.394839058147716582e-01 2.891269176007761121e+00 1.000000000000000000e+01 1.000000000000000000e+01 2.000000000000000000e+00 -2.512874386220964311e+02 3.000999999999997385e+02 6.327339913881035116e+00 -2.891879271745706692e+00 1.457434399531358851e-02
1.468050747958022706e+00 9.651561446933335509e-01 5.754856212934990722e+00 5.961438326580013936e+00 1.888352951959425097e+00 4.127064123931783457e-01 6.109865758961531279e-01 3.000252088188369193e+00 8.000000000000000000e+00 1.100000000000000000e+01 3.000000000000000000e+00 -4.105931879528673107e+02 3.301100000000244563e+02 1.534613674705344444e+01 -8.153112389850638575e-01 5.594879689661876737e-03
1.261380121904268847e+00 1.239740212628144711e+00 6.386158632170256588e+00 6.854901294795483047e+00 1.870720306658717691e+00 6.488395481862101466e-01 5.470438055262050181e-01 2.895292013268970344e+00 9.000000000000000000e+00 8.000000000000000000e+00 3.000000000000000000e+00 -3.634259228789400709e+02 2.400800000000151329e+02 1.521162017993328064e+01 -1.424782103649070431e+00 6.268422462189636057e+00
9.823893919806760966e-01 1.215735604938637859e+00 6.905750595394917646e+00 6.362893745932533207e+00 1.787092154856118942e+00 6.440073538078309179e-01 6.390223506754983962e-01 2.675629167805379183e+00 8.000000000000000000e+00 9.000000000000000000e+00 3.000000000000000000e+00 -4.600082131397203966e+02 2.700900000000045225e+02 2.031020082123238524e+01 -1.984070929399511130e+00 6.258452414387175367e+00
1.091433271826649953e+00 1.135500492873771305e+00 6.702636281104147997e+00 6.916047078401153847e+00 1.901797466301379691e+00 5.134969237957768273e-01 6.226497250394911198e-01 2.843576779620299089e+00 1.000000000000000000e+01 1.000000000000000000e+01 3.000000000000000000e+00 -4.404054160822350923e+02 3.000999999999997385e+02 1.814721350513970322e+01 9.998539081162691189e-02 7.256639595821272326e-02
1.481367913995471186e+00 1.433391055986567242e+00 6.688243988774284610e+00 7.428033310743701989e+00 1.859167648330977585e+00 4.144955551494780011e-01 5.856189465307817255e-01 2.499779083782002420e+00 9.000000000000000000e+00 1.100000000000000000e+01 3.000000000000000000e+00 -4.619327049597001746e+02 3.301100000000244563e+02 1.855485655998049666e+01 -4.252008995613327791e-01 1.479622462931245996e-02
7.480868439100493150e-01 1.155281977831264406e+00 6.915566507859740142e+00 6.200202630183724750e+00 1.921762916591519987e+00 5.244234902653217567e-01 5.983095223196144286e-01 2.791556591793528330e+00 9.000000000000000000e+00 8.000000000000000000e+00 3.000000000000000000e+00 -1.571084284766705252e+02 2.400800000000151329e+02 2.316776779791435370e+00 -1.140381511129674452e-01 6.551797870636065675e-03
1.305579118729574439e+00 1.345602778337783079e+00 6.732524652613879113e+00 6.775155456492672812e+00 1.855937296615531640e+00 4.322752300375583001e-01 7.108886268450195223e-01 2.828329091063224610e+00 9.000000000000000000e+00 1.000000000000000000e+01 3.000000000000000000e+00 -4.159327329132502200e+02 3.000999999999997385e+02 1.661767080707814515e+01 -4.643785617568581270e-02 5.653005731221148050e-02
1.122532656401125317e+00 1.354418413138997801e+00 6.742824856452166671e+00 5.653602042566543417e+00 1.901729763780458660e+00 3.573223369496680291e-01 5.642169878652633086e-01 2.863022773734664739e+00 8.000000000000000000e+00 1.100000000000000000e+01 3.000000000000000000e+00 -3.599645181390418429e+02 3.301100000000244563e+02 1.218184488368934915e+01 -1.665554798500408884e+00 1.449073436567257789e-01
1.188059932877869374e+00 1.151481585077703373e+00 6.930640920430724883e+00 6.456978764292862216e+00 2.058808201666161519e+00 2.992334405532639519e-01 5.331194966401980873e-01 2.697307060932931488e+00 9.000000000000000000e+00 9.000000000000000000e+00 3.000000000000000000e+00 -4.957195954894007173e+02 2.700900000000045225e+02 2.254216221808740528e+01 2.450732302389165354e-02 2.518430268263732730e-03
1.322148716392006484e+00 1.375594749210824919e+00 6.935465232250463963e+00 5.783851504981827318e+00 1.799060431733767951e+00 4.303961360709445128e-01 6.480734135744128377e-01 3.050734108003867462e+00 9.000000000000000000e+00 1.200000000000000000e+01 3.000000000000000000e+00 -2.298675141089935323e+02 3.601200000000105774e+02 3.112969631811765225e+00 -5.435893613365726240e-02 7.014372714475771570e-03
1.503758564734100300e+00 1.364489858104171782e+00 6.374097364154647671e+00 6.707934605017355167e+00 1.973479182747852168e+00 7.153739411581168106e-01 6.622750191643509421e-01 2.820436989664286909e+00 9.000000000000000000e+00 1.000000000000000000e+01 2.000000000000000000e+00 -3.955211836154406910e+02 3.000999999999997385e+02 1.534194897596505314e+01 -1.943545575777061996e-01 6.280856202953657430e+00
1.525857244721828598e+00 1.127824279886394443e+00 7.039065707154203544e+00 6.936350175145877373e+00 2.164323420092082451e+00 4.493694901974873979e-01 7.074835671257183600e-01 2.944101150297729230e+00 9.000000000000000000e+00 1.000000000000000000e+01 2.000000000000000000e+00 -5.522744803526908299e+02 3.000999999999997385e+02 2.513903002204318327e+01 1.787508642519647362e-02 4.032855153270281136e-03
1.059044523614517397e+00 1.055676653487860994e+00 7.095930134101765319e+00 6.297595161589633506e+00 1.982125918257475083e+00 5.289506325552419952e-01 6.756706533030074624e-01 2.793430808257301390e+00 9.000000000000000000e+00 1.000000000000000000e+01 3.000000000000000000e+00 -5.441888980713134742e+02 3.000999999999997385e+02 2.463368112945709854e+01 2.373611500952478928e-02 9.955001943593444480e-03
1.057801154434551139e+00 1.093428608745615538e+00 7.105023171055060871e+00 6.975235679577066250e+00 1.937182706736076510e+00 4.578391514970429066e-01 5.920310522134624165e-01 2.804968648902183226e+00 8.000000000000000000e+00 8.000000000000000000e+00 3.000000000000000000e+00 -1.530623295465152864e+02 2.400800000000151329e+02 2.063895596656732501e+00 -2.312175096060042900e-01 2.871294970818207698e-02
1.127012466597616891e+00 1.400509357240704578e+00 7.000787660779755228e+00 6.551388158466128431e+00 1.736888046504255767e+00 3.164047379734526433e-01 6.323949709726701673e-01 2.688214626529550344e+00 1.000000000000000000e+01 1.100000000000000000e+01 3.000000000000000000e+00 -3.763744534304805711e+02 3.301100000000244563e+02 1.320746583940427321e+01 -9.844416641944231383e-01 1.674388408903186021e-01
1.417639559078000433e+00 1.072450230263688020e+00 6.616975447571730840e+00 7.007460148784726783e+00 1.883752924972434517e+00 3.758587078121453096e-01 6.083941943589842305e-01 2.848475977173796192e+00 9.000000000000000000e+00 9.000000000000000000e+00 3.000000000000000000e+00 -3.072018838742301341e+02 2.700900000000045225e+02 1.075980524213924383e+01 -1.346341045397850822e-01 6.280663790488451248e+00
1.416894449532393629e+00 1.455744253769213348e+00 7.205787716034537382e+00 6.337994380383030091e+00 1.894053045414178404e+00 5.219744422889810442e-01 5.957036219669511468e-01 2.925445082488252968e+00 1.000000000000000000e+01 1.100000000000000000e+01 2.000000000000000000e+00 -3.026257205532507442e+02 3.301100000000244563e+02 8.598170034577407250e+00 -2.642939960351970097e+00 6.270587636766707718e+00
9.904216626920172573e-01 1.199769707374542804e+00 6.632255090358866845e+00 5.669734620999063779e+00 1.903931484302057608e+00 3.572133775112412701e-01 5.482912166012910982e-01 2.797786671322734620e+00 1.000000000000000000e+01 1.000000000000000000e+01 3.000000000000000000e+00 -3.488920372796558240e+02 3.000999999999997385e+02 1.242762732997849540e+01 -2.641663959123687899e+00 4.451821850036288275e-01
1.119577024681007948e+00 1.131318298146344992e+00 6.600031223126976876e+00 6.897328031158399320e+00 2.061833452370412711e+00 6.636802964024025586e-01 6.509542293428898230e-01 2.778337961097995024e+00 9.000000000000000000e+00 1.000000000000000000e+01 2.000000000000000000e+00 -4.445885076933064965e+02 3.000999999999997385e+02 1.840865673083166243e+01 4.623585452792635109e-01 6.244318785025916974e+00
1.063956377427648814e+00 1.315001821475487720e+00 7.533330086318205332e+00 6.825823548449732492e+00 1.957153018866707228e+00 6.153829622768877128e-01 5.838526189248731679e-01 2.589624771940636894e+00 1.000000000000000000e+01 1.000000000000000000e+01 3.000000000000000000e+00 -2.211945159843637043e+02 3.000999999999997385e+02 4.446532249022738803e+00 -1.774986426353804436e+00 1.774792833551863680e-03
1.212442605534169271e+00 9.361251477405820864e-01 7.029774979582738226e+00 6.543434701994620184e+00 2.092891707975358617e+00 4.886068073344376206e-01 6.499035196567103378e-01 2.834302153860660756e+00 9.000000000000000000e+00 9.000000000000000000e+00 3.000000000000000000e+00 -4.976366950834449199e+02 2.700900000000045225e+02 2.266198094271516439e+01 -1.050881711979065186e-01 1.285531617909742470e-02
1.707880878140495051e+00 1.016691204377659030e+00 7.246197732046976370e+00 8.590817741610997871e+00 2.460980629125402164e+00 3.965843091547777699e-01 7.817837943365432141e-01 2.794415389985710263e+00 1.000000000000000000e+01 7.000000000000000000e+00 2.000000000000000000e+00 -2.273000109889838768e+03 7.174999999999948841e+01 1.482031936811493722e+01 -8.584163163045140932e-01 4.968519295876584752e-02
1.041448027287787292e+00 1.309414722470444437e+00 6.479165892899527712e+00 6.518717583936281201e+00 1.863473337288485521e+00 4.832370748774220126e-01 6.498733430001866207e-01 2.609896886455985054e+00 1.000000000000000000e+01 1.000000000000000000e+01 3.000000000000000000e+00 -3.298624877947811456e+02 3.000999999999997385e+02 1.123828048717382799e+01 -6.756234851090910931e-01 6.235781187884728460e+00
1.216029438831591536e+00 1.328800133173776876e+00 7.950441037036366509e+00 7.140830415389832986e+00 1.985106839880587559e+00 6.936560534492263175e-01 5.780123951585217634e-01 3.001072083234998633e+00 9.000000000000000000e+00 8.000000000000000000e+00 2.000000000000000000e+00 -2.288551842557231339e+03 1.121599999999979644e+02 1.452949015982701120e+01 -2.806898574380430222e+00 2.365824135342686485e-01
1.214622510188072102e+00 1.139984463766930967e+00 6.214150152864839072e+00 6.298652252160506393e+00 1.807364276815155213e+00 5.947881326464052876e-01 6.556239872438445193e-01 2.850487802522711611e+00 9.000000000000000000e+00 1.000000000000000000e+01 3.000000000000000000e+00 -1.805458329551904342e+02 3.000999999999997385e+02 1.905989559699410529e+00 -1.184872339173507622e-01 1.765372999060722467e-02
1.089307998258804533e+00 1.299335183649779735e+00 6.079723343388057977e+00 5.574024888347382856e+00 1.856092787820952328e+00 1.256086562588604461e-01 5.502913744207948987e-01 2.822508998536432223e+00 1.100000000000000000e+01 1.200000000000000000e+01 3.000000000000000000e+00 -5.719970038728604322e+02 3.601200000000105774e+02 2.449606274205345002e+01 1.261969186060979756e-02 6.234574470178171346e+00
1.350467365347503890e+00 1.201173773866345940e+00 7.512695856313632348e+00 7.556978241857564171e+00 2.462005521662656182e+00 4.896406076282032727e-01 6.541223312352946184e-01 2.669663079584642773e+00 1.000000000000000000e+01 9.000000000000000000e+00 4.000000000000000000e+00 -4.996938744908846957e+02 2.700900000000045225e+02 2.279055465568015393e+01 5.289062233090627285e-03 1.101980723094993231e-02
1.222670582945607043e+00 1.288919406707064619e+00 6.430758415650170257e+00 7.256372942173330287e+00 2.206145611117662941e+00 8.558342438998784996e-01 6.633347101185634864e-01 2.627117947946043142e+00 9.000000000000000000e+00 9.000000000000000000e+00 3.000000000000000000e+00 -4.989059753886533599e+02 2.700900000000045225e+02 2.274131096179069544e+01 5.863993138065914934e-02 6.280110510285415337e+00
1.244064506955448790e+00 1.065981258824832745e+00 6.691995679974260369e+00 6.975900582846300324e+00 2.202117101559494028e+00 7.842395587989425820e-01 6.387613725269495335e-01 2.639887008582932904e+00 8.000000000000000000e+00 8.000000000000000000e+00 3.000000000000000000e+00 -3.102163447474474651e+02 2.400800000000151329e+02 1.188602154671499278e+01 -4.727515312705490302e-01 6.256299328546933936e+00
6.826718524593996529e-01 1.182615171672441345e+00 6.769029297399550948e+00 6.342534233040901803e+00 1.996377873137511472e+00 4.007520756902264170e-01 6.415144329670199319e-01 2.861410427949036883e+00 8.000000000000000000e+00 9.000000000000000000e+00 3.000000000000000000e+00 -4.936847064486064482e+02 2.700900000000045225e+02 2.241498165303775991e+01 3.983007873507829477e-01 6.236421847075068747e+00
1.234001909889407278e+00 1.419716252187283700e+00 6.111917273261433081e+00 6.855311357164469044e+00 1.590929911614857861e+00 3.453267120390448031e-01 5.877591918888481759e-01 2.789258630406472150e+00 9.000000000000000000e+00 9.000000000000000000e+00 3.000000000000000000e+00 -4.273404799723324459e+02 2.700900000000045225e+02 1.826846749827063832e+01 2.682292029012819934e-02 1.030365283924301704e-02
9.772520924445976531e-01 1.647053949010499174e+00 7.026408363206146923e+00 6.104676012380444661e+00 1.631577263184066817e+00 4.224096323803787079e-01 6.298476019215907273e-01 2.837442523978450648e+00 1.000000000000000000e+01 1.100000000000000000e+01 3.000000000000000000e+00 -4.536713685742215603e+02 3.301100000000244563e+02 1.803852303588808326e+01 -5.796068276637288130e-02 1.243702018568339750e-02
9.279268185724747209e-01 1.151795454029393539e+00 6.348128566076277401e+00 6.010309235025167673e+00 1.862169285913924055e+00 6.899972812106344167e-01 6.363531345629994673e-01 3.147287078712148300e+00 9.000000000000000000e+00 1.100000000000000000e+01 3.000000000000000000e+00 -2.167460118009469738e+02 3.301100000000244563e+02 3.230688237558420717e+00 2.221569243831711393e-02 1.401406826299300690e-03
1.269446567103124979e+00 1.053717337337566562e+00 5.821117759549515824e+00 6.720257858565387821e+00 2.144828813793629774e+00 6.720588727585643518e-01 5.008187570865101357e-01 2.870298024842346862e+00 1.100000000000000000e+01 1.200000000000000000e+01 2.000000000000000000e+00 -4.497766094534896411e+02 3.601200000000105774e+02 1.685728809084277202e+01 -9.314067088054631127e-02 8.010447084674717291e-03
1.247400492889060519e+00 1.296494552934390976e+00 6.324546297003187156e+00 6.615479258986168176e+00 1.961112425377074420e+00 5.266051347989403331e-01 5.420994166501728051e-01 2.826938597444535350e+00 9.000000000000000000e+00 1.100000000000000000e+01 3.000000000000000000e+00 -5.582621895083408390e+02 3.301100000000244563e+02 2.457544934427053818e+01 -2.039472115611432324e-01 6.272278095227166617e+00
1.124850128243359837e+00 1.245662234919675537e+00 6.345062291687391998e+00 6.297417049124565125e+00 2.111166726224989354e+00 3.385010907474083064e-01 5.692940393626314544e-01 2.821108782962455486e+00 9.000000000000000000e+00 1.000000000000000000e+01 3.000000000000000000e+00 -3.509483195752311531e+02 3.000999999999997385e+02 1.255614497345195346e+01 -2.886017548478164496e+00 3.456638323814714003e-02
2.154414961272097084e+00 1.054114756543446552e+00 6.637130492645420432e+00 9.716534668157924770e+00 2.984733848686223823e+00 3.219231475736335502e-01 9.334877701425484675e-01 2.828260733014911654e+00 1.100000000000000000e+01 5.000000000000000000e+00 1.000000000000000000e+00 -9.295427515502491644e+01 1.500499999999998693e+02 1.120579697189061585e+00 -3.793378330674903598e-01 6.277729600786561726e+00
