1.173834337596072253e+00 1.156303506418797866e+00 6.901261225050363102e+00 5.750214336745032462e+00 1.800802887555606135e+00 7.303503005848849261e-01 5.531470864371038632e-01 3.066858239062889346e+00 9.000000000000000000e+00 1.300000000000000000e+01 4.000000000000000000e+00 -4.795463766579591720e+02 3.901299999999891384e+02 1.778008604112278590e+01 -5.190119507395329901e-01 4.782234234770887417e-03
1.256560704025444508e+00 1.434415381920612242e+00 7.460364957148267528e+00 5.969430513594153886e+00 1.920468327576128509e+00 5.385257361791030428e-01 5.066154891593607212e-01 3.100451018658646696e+00 9.000000000000000000e+00 9.000000000000000000e+00 3.000000000000000000e+00 -2.283447311194894155e+03 6.588000000000123180e+01 1.565670694968083154e+01 -1.167969166125599312e+00 6.220146172380676575e+00
1.215055586799886900e+00 1.384569241124944616e+00 6.605179970636218201e+00 6.458627945540693638e+00 1.884018882267720851e+00 5.821173925576988983e-01 5.793131005635153707e-01 2.923100246820563353e+00 9.000000000000000000e+00 1.200000000000000000e+01 4.000000000000000000e+00 -3.497732655088510114e+02 3.601200000000105774e+02 1.060707909430285767e+01 -1.273132863202087184e-01 3.317778671564360071e-03
9.315195000807554582e-01 1.299663319644908777e+00 6.526549408009422848e+00 6.162916386664606172e+00 1.986502603922721821e+00 7.042112198284866675e-01 5.654619792150542557e-01 2.941834579450387732e+00 9.000000000000000000e+00 1.000000000000000000e+01 3.000000000000000000e+00 -1.859219925798646784e+02 3.000999999999997385e+02 2.241999536241551017e+00 -4.271784128602741648e-02 6.259000742816462903e+00
9.654036948413325936e-01 1.178734259963742259e+00 6.660086752519951858e+00 6.001581067918887236e+00 1.831045294323081718e+00 6.383499998725370439e-01 5.825714937721593323e-01 2.788766973187139175e+00 9.000000000000000000e+00 1.100000000000000000e+01 3.000000000000000000e+00 -4.573493487313020296e+02 3.301100000000244563e+02 1.826839679570561259e+01 -9.876936230749890772e-03 6.204711870258436512e+00
1.206668943010347661e+00 1.384498634804311124e+00 6.042945847727787978e+00 5.707371890821231197e+00 1.906101932644650887e+00 4.986026785342269063e-01 5.490823443323497033e-01 2.836484243972656305e+00 9.000000000000000000e+00 1.000000000000000000e+01 4.000000000000000000e+00 -3.151538205230822314e+02 3.000999999999997385e+02 1.031898878269264586e+01 -9.624784683958965692e-01 4.828080341577569573e-02
1.008439879629875691e+00 1.168540004968578794e+00 6.793610445214134153e+00 5.615104167870956786e+00 1.645624716355192030e+00 6.492930926848825557e-01 5.073736919123336131e-01 2.899995226949926508e+00 1.000000000000000000e+01 1.000000000000000000e+01 3.000000000000000000e+00 -2.198417321537629959e+03 1.689999999999946851e+02 7.119832596102014577e+00 -2.942246539382597170e+00 3.900700635754129064e-01
1.095409129353667854e+00 1.190461550149662040e+00 6.455776380313142937e+00 5.359033451870772069e+00 1.654280903013716220e+00 6.573480991016750208e-01 5.546379657242086481e-01 2.666065630945107845e+00 9.000000000000000000e+00 1.100000000000000000e+01 3.000000000000000000e+00 -2.722002308080140551e+02 2.823700000000185355e+02 2.327941098701902592e-02 -1.057529926569314105e+00 2.803904309435488809e-02
1.288279393844090182e+00 1.210370601158137216e+00 6.786092948754655296e+00 6.838081536469755584e+00 2.234261392914223432e+00 5.507555622731030720e-01 6.236688692516398902e-01 2.422900639379693022e+00 8.000000000000000000e+00 9.000000000000000000e+00 3.000000000000000000e+00 -3.971660404333676979e+02 2.700900000000045225e+02 1.638256502708533802e+01 -1.095825818259767159e-01 1.291906333633896509e-02
1.031238556154703057e+00 1.478406925810582084e+00 7.348632484591336222e+00 6.016247264330333522e+00 2.055702054308984561e+00 6.404214447545095723e-01 5.578989721627671816e-01 2.583045541498184328e+00 9.000000000000000000e+00 1.000000000000000000e+01 4.000000000000000000e+00 -2.802295449523159050e+02 2.813999999999954866e+02 1.461294727951315507e-02 -1.050540454026627435e+00 6.282843686828616825e+00
8.989597913791350647e-01 9.937625632901043726e-01 7.114925302253488404e+00 5.255265076719749295e+00 1.985329771153201195e+00 6.073337632387435514e-01 4.509775063797933359e-01 2.922947264325426620e+00 1.000000000000000000e+01 1.100000000000000000e+01 4.000000000000000000e+00 -4.548080339000848653e+02 3.301100000000244563e+02 1.810956461875453982e+01 1.097724245514441338e-01 6.281783577286893738e+00
9.257227896294775160e-01 1.312867432859305961e+00 6.843098073064796338e+00 5.927633010699032035e+00 1.843101213371686864e+00 6.326766597687519811e-01 5.033000041806329206e-01 2.879451932208589415e+00 9.000000000000000000e+00 1.100000000000000000e+01 3.000000000000000000e+00 -3.071290266709843308e+02 3.301100000000244563e+02 8.879626666935754642e+00 3.144797804816524406e-02 2.027444463858528185e-03
1.034911885695605216e+00 1.186716521661115076e+00 7.751362020503078654e+00 6.371316523553521627e+00 1.778108715497098036e+00 5.134190127158861916e-01 5.802423772354166065e-01 2.903951575093768778e+00 9.000000000000000000e+00 1.100000000000000000e+01 4.000000000000000000e+00 -2.135173437257759872e+02 3.301100000000244563e+02 3.028896482860234496e+00 -1.332026998729570477e-01 6.276748272585365385e+00
1.070465977801980273e+00 1.270904174911055007e+00 6.824487657950841779e+00 6.059644623300971311e+00 1.831544233106433550e+00 6.776189793493749836e-01 6.320681313344596042e-01 3.103365514257684588e+00 9.000000000000000000e+00 1.100000000000000000e+01 3.000000000000000000e+00 -2.176832191165490258e+02 3.301100000000244563e+02 3.289263694783549852e+00 7.573327938815528626e-02 6.275086600126607905e+00
1.366197282318154960e+00 1.319734094223260934e+00 6.103724320883412879e+00 7.196206766099736640e+00 2.198402277009023464e+00 4.062541137774323130e-01 5.707392784812878039e-01 2.950183387292750758e+00 1.000000000000000000e+01 9.000000000000000000e+00 2.000000000000000000e+00 -3.848615470072198832e+02 2.700900000000045225e+02 1.561353418795110137e+01 -7.531787690252293999e-01 6.276751033732305807e+00
9.247796295707787495e-01 1.247205967031802754e+00 6.913472171587013548e+00 5.898936500025598662e+00 1.951575327451134045e+00 4.209114810467461942e-01 5.623413165508076572e-01 2.956903160014510146e+00 9.000000000000000000e+00 1.200000000000000000e+01 3.000000000000000000e+00 -4.769908436546514849e+02 3.601200000000105774e+02 1.855817772841538726e+01 -9.372655741872666646e-02 6.260507694506547871e+00
1.360943029724008158e+00 1.170299616111724950e+00 6.664639182357957381e+00 6.932779148048624052e+00 2.166557827590217755e+00 3.528809312194457481e-01 6.605901870970417589e-01 2.867664098364601788e+00 8.000000000000000000e+00 8.000000000000000000e+00 3.000000000000000000e+00 -2.315460769051682291e+03 6.039999999999906777e+01 1.782879806573016168e+01 -4.460725781936503154e+00 4.780017766552849601e+00
1.340936886949439799e+00 1.346435515333044064e+00 6.737189304511320920e+00 6.958650895409570936e+00 2.042671385856023925e+00 6.693332334111709025e-01 5.695442884926396054e-01 2.885137007639313023e+00 1.000000000000000000e+01 9.000000000000000000e+00 3.000000000000000000e+00 -2.398084254534674983e+03 3.158999999999995723e+01 2.389307840841718900e+01 -1.725671220288744312e+00 1.133163224787495649e+00
9.702228080585462155e-01 1.357072449329238761e+00 6.901933637823073120e+00 6.409570983409979661e+00 1.537468506859044126e+00 4.419231951904837308e-01 6.435439584257340861e-01 2.935543842151668859e+00 8.000000000000000000e+00 1.300000000000000000e+01 3.000000000000000000e+00 -4.619982981961642281e+02 3.901299999999891384e+02 1.668333113726060191e+01 -1.797128606470874690e-01 1.823786433266623083e-02
1.265178856591672396e+00 1.302790700396782242e+00 6.351829011058388375e+00 5.521989657499547732e+00 1.873066989003412841e+00 6.714809592154654672e-01 5.474158301481960587e-01 3.138187908165296136e+00 9.000000000000000000e+00 1.000000000000000000e+01 3.000000000000000000e+00 -1.897697419020684038e+02 3.000999999999997385e+02 2.482483868879283406e+00 -7.704201792737504217e-02 1.243523033307590044e-02
1.345138714676945124e+00 1.181817423216455110e+00 6.916187202089920660e+00 5.987467352280298805e+00 1.993850377892157688e+00 5.874280101010915800e-01 5.814321007216445292e-01 2.891209045877358719e+00 9.000000000000000000e+00 1.200000000000000000e+01 4.000000000000000000e+00 -4.544081130346012287e+02 3.601200000000105774e+02 1.714675706466224625e+01 -3.242780662383768636e-02 3.442021164788066842e-03
1.741333304305149099e+00 1.202837866105403997e+00 6.614537243063423055e+00 8.243613006122094689e+00 2.365024827913579486e+00 5.481295645460984023e-01 7.623516347314787112e-01 2.724315693125907156e+00 1.000000000000000000e+01 8.000000000000000000e+00 2.000000000000000000e+00 -2.441759306424717977e+02 2.400800000000151329e+02 7.758495665154014453e+00 -2.731078913840514488e+00 6.281526753556815557e+00
1.443863913460651016e+00 1.117363795578260266e+00 6.652464103700363118e+00 8.165521197764373795e+00 2.485820545740477616e+00 3.870501823004743325e-01 7.265396171536623315e-01 3.016839198541412248e+00 1.000000000000000000e+01 7.000000000000000000e+00 2.000000000000000000e+00 -2.308933761567900547e+03 1.160599999999951706e+02 1.568148509799395285e+01 -2.365389967465788001e-01 6.252424928994028797e+00
1.839352296145797094e+00 9.376122160629173363e-01 7.276602873719793863e+00 8.691393997186313669e+00 2.448790955804128089e+00 2.753205548204181730e-01 8.156274556876106363e-01 2.987468833152230996e+00 1.000000000000000000e+01 8.000000000000000000e+00 2.000000000000000000e+00 -2.491167585468805612e+02 2.272000000000131195e+02 1.715727027337958163e-02 -1.023853221098406152e+00 1.233802245309551827e-02
1.554038652105574903e+00 9.900938826181049368e-01 6.627439913445243747e+00 8.154543793425741427e+00 2.314986496186344667e+00 4.179423216828562770e-01 7.443906748638257076e-01 2.807090629713560048e+00 1.000000000000000000e+01 8.000000000000000000e+00 2.000000000000000000e+00 -4.716000784462560205e+02 2.400800000000151329e+02 2.197250490289052749e+01 -2.517024107083700724e+00 2.900248276784353832e-02
1.539514533320792911e+00 1.236944040369085229e+00 6.667507372948139555e+00 7.248411584598491331e+00 2.122100859712724663e+00 3.805714065730655404e-01 6.695807923529689676e-01 2.754964777609901549e+00 1.000000000000000000e+01 9.000000000000000000e+00 2.000000000000000000e+00 -3.099792033714239778e+02 2.700900000000045225e+02 1.093338771071385729e+01 -1.752842274380669862e-01 1.779721952577174512e-02
1.171468790299281970e+00 1.269722560358238939e+00 6.926606375024318751e+00 5.797646213795670356e+00 1.812481169089274591e+00 4.700312877897733776e-01 6.078605582137867058e-01 2.873625588789833873e+00 8.000000000000000000e+00 1.100000000000000000e+01 3.000000000000000000e+00 -5.113921749253984217e+02 3.301100000000244563e+02 2.164607343283663710e+01 2.311446290471182163e-02 2.214337185270241759e-02
1.087595485704883291e+00 1.381252266586740829e+00 6.030876604304159727e+00 5.887022905123206584e+00 1.983184381445953992e+00 6.014965271139823821e-01 5.482957986274328288e-01 2.915964602004341710e+00 8.000000000000000000e+00 1.100000000000000000e+01 3.000000000000000000e+00 -4.543275505432421255e+02 3.301100000000244563e+02 1.807953440895186858e+01 -1.647667872053545923e-01 6.273257974305743723e+00
1.382236161189251966e+00 1.420630644593519953e+00 6.686298981052545720e+00 6.082269916712255586e+00 2.273193809380828601e+00 6.516300183343204377e-01 4.613023732054397641e-01 2.695305954647573721e+00 9.000000000000000000e+00 1.000000000000000000e+01 3.000000000000000000e+00 -4.771234039746316284e+02 3.000999999999997385e+02 2.044208774841448673e+01 -3.185288374660073807e-02 1.992210032938012548e-02
9.545111895027335036e-01 1.403186830786321559e+00 6.863756781195890611e+00 5.680519717069001828e+00 2.099027266063961061e+00 6.852786338699593527e-01 5.855353175041055902e-01 2.689299159110083437e+00 8.000000000000000000e+00 1.100000000000000000e+01 3.000000000000000000e+00 -5.663385432719280743e+02 3.301100000000244563e+02 2.508022145449473683e+01 -8.427695429334926269e-02 6.270323720244909360e+00
1.119603851943376194e+00 1.160890738657355481e+00 7.345936877107726914e+00 5.393459843862389747e+00 2.020320470031824023e+00 5.373599453900499423e-01 5.447341597420762849e-01 2.842095062122503624e+00 9.000000000000000000e+00 1.000000000000000000e+01 4.000000000000000000e+00 -5.113817554494621618e+02 3.000999999999997385e+02 2.258323471559139151e+01 6.858846342199256818e-03 5.954082571849344217e-03
1.209063747060619143e+00 1.280218668892959322e+00 6.790124587788140431e+00 6.412349076286334437e+00 1.994889518814957352e+00 4.948498822199358660e-01 5.768130867029068742e-01 2.811091054384479371e+00 8.000000000000000000e+00 1.200000000000000000e+01 4.000000000000000000e+00 -4.443558782125422795e+02 3.601200000000105774e+02 1.651849238828356192e+01 1.577964364859381352e-02 5.608440056836423715e-04
9.992393683509961377e-01 1.188842088284397303e+00 6.545790194062515610e+00 5.954125416947562144e+00 1.881955206590685048e+00 5.325002536765242045e-01 5.349024288726895726e-01 2.906959384226466714e+00 8.000000000000000000e+00 1.100000000000000000e+01 3.000000000000000000e+00 -5.121792035183335656e+02 3.301100000000244563e+02 2.169526271989508359e+01 1.242220835775297572e-01 6.279696684347936930e+00
9.982716664817048446e-01 1.172969807689170807e+00 7.013068961590422923e+00 6.067175972058678646e+00 1.961236387288711969e+00 5.539116479734168541e-01 5.794081706117886199e-01 2.493520715602186577e+00 9.000000000000000000e+00 1.100000000000000000e+01 3.000000000000000000e+00 -5.648004879246004748e+02 3.301100000000244563e+02 2.498409299528676186e+01 -2.833289523385562614e-02 4.761853493986833996e-03
1.241430336481823771e+00 1.140479677514231627e+00 6.822089948523704095e+00 6.530403896618006243e+00 1.887951094615232694e+00 5.450693306072486033e-01 5.658355791156307601e-01 2.869264900592372491e+00 9.000000000000000000e+00 1.400000000000000000e+01 3.000000000000000000e+00 -4.760720798682845611e+02 4.201399999999720194e+02 1.662512999176865947e+01 -3.476486096723385710e-01 6.258873431010813171e+00
1.138727553927199265e+00 1.153003027047634799e+00 6.609092187941816299e+00 6.263188183005816256e+00 1.743768727733996604e+00 6.404644321032726406e-01 5.708194457394479837e-01 2.845643755400363961e+00 9.000000000000000000e+00 1.200000000000000000e+01 3.000000000000000000e+00 -2.267082666191100202e+02 3.601200000000105774e+02 2.915516663694044830e+00 -6.913433513286817989e-02 6.255602459858891073e+00
1.256908524000538430e+00 1.219726953517707324e+00 6.373118244723803727e+00 6.362870350525601459e+00 1.962325492622425172e+00 2.823851664001599815e-01 5.327237584141915061e-01 2.795913203363939559e+00 9.000000000000000000e+00 1.400000000000000000e+01 3.000000000000000000e+00 -6.013197771202069362e+02 4.201399999999720194e+02 2.445311107001381146e+01 -5.990074420316164605e-02 6.266246934874901697e+00
1.134586506459636102e+00 1.315845371323893342e+00 7.429700951135796316e+00 5.683485370947924942e+00 2.178272500246435150e+00 7.264570465639048624e-01 6.790152519216435811e-01 2.890877410405284120e+00 9.000000000000000000e+00 1.100000000000000000e+01 2.000000000000000000e+00 -5.718857235027894603e+02 3.301100000000244563e+02 2.542692021892357701e+01 2.056546893010618299e-02 6.279237342943721600e+00
1.100335163966054353e+00 1.286465059748245654e+00 7.542796341038333630e+00 5.869396140322947986e+00 2.001219300318306082e+00 8.007401006612577810e-01 4.208744400992828205e-01 2.739490696574121920e+00 8.000000000000000000e+00 1.000000000000000000e+01 4.000000000000000000e+00 -1.998932823194382991e+02 3.000999999999997385e+02 3.115205144964901862e+00 -2.790680210449613674e-01 6.278474522661188217e+00
9.342638255563912031e-01 1.275410236936886932e+00 7.052805023354028258e+00 5.411940177613183245e+00 2.077988948552391690e+00 5.422648206277611571e-01 5.556616073071618533e-01 2.884353843504620762e+00 8.000000000000000000e+00 1.100000000000000000e+01 3.000000000000000000e+00 -5.155373351104760786e+02 3.301100000000244563e+02 2.190514594440399065e+01 -1.289511033680150465e-01 6.419912753222055402e-02
1.228553185805132841e+00 1.642444988827154395e+00 6.373884395456378194e+00 6.871026885264567063e+00 1.479560020379729446e+00 6.314451171327526424e-01 6.140467555625852558e-01 2.817690520268615995e+00 8.000000000000000000e+00 1.100000000000000000e+01 3.000000000000000000e+00 -5.274668233473789769e+02 3.301100000000244563e+02 2.265073895921042535e+01 1.426869854429699547e-01 6.254544378518978043e+00
1.101688335609117830e+00 1.283432864405613216e+00 5.968595141939547766e+00 6.107422196515943646e+00 1.740482110055323162e+00 4.658726037903209161e-01 5.347460662058884928e-01 3.117902608562886257e+00 9.000000000000000000e+00 1.000000000000000000e+01 3.000000000000000000e+00 -5.468651031264392941e+02 3.000999999999997385e+02 2.480094394540246583e+01 6.405685095016380726e-02 6.265750233156829552e+00
9.219963797951189477e-01 1.202024539236407064e+00 7.107505082028972687e+00 5.302723581764960947e+00 1.817529836127856235e+00 3.784394445961271058e-01 5.854153305004530239e-01 3.100983306009945650e+00 8.000000000000000000e+00 7.000000000000000000e+00 3.000000000000000000e+00 -1.400800391189565630e+02 2.100699999999860097e+02 2.190314944935221497e+00 -7.602544272542385850e-02 1.113493999793746525e-02
2.168730448456888116e+00 9.064579593612940300e-01 7.047699870657549326e+00 9.882697413461182023e+00 2.927394673265390601e+00 2.318563010688618475e-01 9.304962396389538926e-01 2.985776285299666988e+00 1.100000000000000000e+01 5.000000000000000000e+00 1.000000000000000000e+00 -3.696954967326389010e+02 1.500499999999998693e+02 1.841690604578993629e+01 1.767953503954886874e-01 6.276682468163325979e+00
9.223585456377462188e-01 1.420828738431679561e+00 7.362635441295220851e+00 5.774363230118866319e+00 1.767192608070268900e+00 2.293552662104421935e-01 6.382852580105755624e-01 2.819238982005011440e+00 7.000000000000000000e+00 1.200000000000000000e+01 3.000000000000000000e+00 -5.880623994255406615e+02 3.601200000000105774e+02 2.550014996409596435e+01 6.732844743890915862e-02 5.716398517525878194e-03
7.794767995885123479e-01 1.638407150926928235e+00 6.233234445042080019e+00 6.334493228368859086e+00 1.807733465294437236e+00 5.355271922025128806e-01 5.654350547501100221e-01 2.755345429462755291e+00 9.000000000000000000e+00 1.000000000000000000e+01 3.000000000000000000e+00 -2.006500573647470276e+02 3.000999999999997385e+02 3.162503585296697395e+00 -1.604495693720907057e-01 1.789309095884217271e-02
1.340146388464848126e+00 1.053543703580871904e+00 6.392493497299207128e+00 6.305450357236484393e+00 1.751165159141106376e+00 7.628918376860213124e-01 5.931489489544005123e-01 2.860827349161307431e+00 8.000000000000000000e+00 1.200000000000000000e+01 3.000000000000000000e+00 -2.570535276387373642e+02 3.601200000000105774e+02 4.812095477420753831e+00 -1.323382280622860785e+00 6.281191771419236680e+00
2.154414961272097084e+00 1.054114756543446552e+00 6.637130492645420432e+00 9.716534668157924770e+00 2.984733848686223823e+00 3.219231475736335502e-01 9.334877701425484675e-01 2.828260733014911654e+00 1.100000000000000000e+01 5.000000000000000000e+00 1.000000000000000000e+00 -9.295427515502491644e+01 1.500499999999998693e+02 1.120579697189061585e+00 -3.793378330674903598e-01 6.277729600786561726e+00
