9.277896510566487898e-01 1.213822467339666034e+00 6.972906666274589327e+00 4.512100942121474390e+00 1.953892146364012872e+00 5.312356181812640799e-01 4.446210458099754681e-01 3.264638294593141588e+00 7.000000000000000000e+00 1.300000000000000000e+01 4.000000000000000000e+00 -5.646705033463723566e+02 3.901299999999891384e+02 2.310034395914861349e+01 3.651401202517639416e-02 6.276089842132582142e+00
1.018449194851402728e+00 1.437567545976767835e+00 6.567014069539554022e+00 5.674094024250262436e+00 1.963282253126477528e+00 7.953445302809356576e-01 4.766866666382488238e-01 2.943418833622120534e+00 7.000000000000000000e+00 1.200000000000000000e+01 4.000000000000000000e+00 -4.515289872562785831e+02 3.601200000000105774e+02 1.696681170351708090e+01 2.102901701724830263e-01 1.704860577350659351e-02
1.353339768370450225e+00 1.398501724124229018e+00 6.509233342205708261e+00 6.101186551524439672e+00 2.386670171866582812e+00 6.672174861995597839e-01 5.928057212611475002e-01 3.136253410096962124e+00 7.000000000000000000e+00 1.200000000000000000e+01 3.000000000000000000e+00 -5.809170888530476304e+02 3.601200000000105774e+02 2.505356805331514636e+01 -6.692998085409626596e-02 6.278469017232775506e+00
1.034348278885666383e+00 1.363885903380337661e+00 6.697525071933444707e+00 6.231003928741433384e+00 1.894144389633374725e+00 5.398661022561938028e-01 4.589339346399279318e-01 2.776809112175071981e+00 8.000000000000000000e+00 1.000000000000000000e+01 3.000000000000000000e+00 -4.074815518927467792e+02 3.000999999999997385e+02 1.608947199329668010e+01 3.747365133515960338e-03 6.235792167060998814e+00
9.480414470576347119e-01 1.244285305187944335e+00 7.269824232549609633e+00 5.477806690462040606e+00 2.024948743673431473e+00 6.613887268642657524e-01 5.948154937381953111e-01 2.883422387475939708e+00 7.000000000000000000e+00 1.100000000000000000e+01 4.000000000000000000e+00 -5.738987195648062425e+02 3.301100000000244563e+02 2.555273247279962945e+01 3.303069029014023550e-01 1.218703508747411186e-03
1.051061333501717820e+00 1.201319903188057481e+00 6.495318714943373983e+00 6.856419609408069604e+00 1.927558913875512925e+00 5.438683676527624744e-01 5.932189128376098575e-01 2.840667734369167086e+00 9.000000000000000000e+00 1.100000000000000000e+01 3.000000000000000000e+00 -4.926294549103290024e+02 3.301100000000244563e+02 2.047340343189479839e+01 5.243590572555049956e-02 6.279683994894782906e+00
1.155552942122619609e+00 1.197012491531176170e+00 6.802637077857491832e+00 5.100462710124581633e+00 2.051357742129344519e+00 6.176112860896865175e-01 4.964858606962642695e-01 3.139994067817797330e+00 7.000000000000000000e+00 1.200000000000000000e+01 4.000000000000000000e+00 -4.767996713878250716e+02 3.601200000000105774e+02 1.854622946173873643e+01 -2.160563079829838917e-01 1.546197884838473782e-03
9.121810620120351931e-01 1.448593670125806199e+00 7.023088908576204048e+00 4.805031522253174536e+00 1.892207147617254837e+00 7.375883512175840373e-01 4.383487503355217307e-01 3.207437940018332156e+00 7.000000000000000000e+00 1.000000000000000000e+01 4.000000000000000000e+00 -3.299681980487878263e+02 3.000999999999997385e+02 1.124488737804924909e+01 -3.203455506729547264e-01 2.146120580992001009e-02
1.002363185145685343e+00 1.428486089880493637e+00 6.824901246071714667e+00 5.188883097908917996e+00 1.824700505077536450e+00 7.324892697204611336e-01 3.895733469744709909e-01 2.953408989363505377e+00 8.000000000000000000e+00 1.200000000000000000e+01 4.000000000000000000e+00 -4.831132177830791079e+02 3.601200000000105774e+02 1.894082611144211370e+01 -7.085232471244892749e-02 6.278682816195495953e+00
8.801611091170450374e-01 1.375873810123805052e+00 7.049019679047860087e+00 5.100194286249005060e+00 1.961314145589078128e+00 8.707084871007056970e-01 3.992262271127602347e-01 2.809478289331103440e+00 8.000000000000000000e+00 1.300000000000000000e+01 3.000000000000000000e+00 -4.979803094253238669e+02 3.901299999999891384e+02 1.893220683908307933e+01 4.853733501470523792e-02 6.416465381092580078e-02
1.184189353459318861e+00 1.221438271812952614e+00 6.429597729382053650e+00 5.482351136223504895e+00 1.968659064266622849e+00 5.639914610586825860e-01 4.907425022739611564e-01 2.892361089121597839e+00 8.000000000000000000e+00 1.000000000000000000e+01 3.000000000000000000e+00 -4.191343391526160076e+02 3.000999999999997385e+02 1.681777119703850687e+01 3.832297654439676543e-02 6.266169134913751826e+00
1.048702995110006420e+00 1.261912943280461219e+00 6.853355303402522303e+00 4.524933243606688471e+00 1.973447075303149223e+00 5.205535451528041646e-01 5.205335807624680289e-01 3.137243602449784952e+00 8.000000000000000000e+00 1.100000000000000000e+01 4.000000000000000000e+00 -4.371560536144482398e+02 3.301100000000244563e+02 1.700631585090225073e+01 -9.167466016262151851e-02 3.601582111211423798e-02
1.535790481428816801e+00 1.187395304525480366e+00 6.856893600951779355e+00 7.794421237916886902e+00 2.526400831767615873e+00 5.661851625968157276e-01 7.423493418330645577e-01 3.030259207975096736e+00 1.000000000000000000e+01 8.000000000000000000e+00 2.000000000000000000e+00 -2.192632538369140093e+03 1.477600000000007014e+02 7.422033648071255207e+00 -2.413753674848314379e+00 2.542909047305618730e-01
1.363620869599004637e+00 1.145877630276460835e+00 6.591105793754159059e+00 6.343731468769629345e+00 2.315182064686761354e+00 5.490712164021901431e-01 6.155381717146684029e-01 2.971544673199658426e+00 8.000000000000000000e+00 1.000000000000000000e+01 3.000000000000000000e+00 -2.377511092782072410e+03 9.869999999999866702e+01 2.051006829887956329e+01 -1.782148663187073545e+00 5.908203597139525698e+00
9.276457119606607016e-01 1.145054305113379689e+00 7.368952799879679105e+00 4.624801226516471075e+00 2.080793260269709233e+00 7.583223278162567471e-01 5.096672254536201985e-01 3.244741039303698837e+00 7.000000000000000000e+00 1.300000000000000000e+01 4.000000000000000000e+00 -5.711700964758302916e+02 3.901299999999891384e+02 2.350656852973973443e+01 -1.672617388212964407e-02 9.850768628177242192e-03
1.046180122319714467e+00 1.355822077935449066e+00 6.853963477523048908e+00 5.476259898234667745e+00 2.009785976908551319e+00 8.383527343363953444e-01 4.728980187310233840e-01 2.849991920161041747e+00 9.000000000000000000e+00 1.200000000000000000e+01 4.000000000000000000e+00 -3.860452943674767994e+02 3.601200000000105774e+02 1.287408089796696764e+01 -2.027610490459688108e+00 1.620701450153596568e-01
9.876845951365418319e-01 1.051597522818914054e+00 6.644285751629047887e+00 5.234799930080259678e+00 2.031658697810929670e+00 6.816042615593620457e-01 5.194844495871577816e-01 2.968595626554511036e+00 7.000000000000000000e+00 1.300000000000000000e+01 4.000000000000000000e+00 -4.965611085998942826e+02 3.901299999999891384e+02 1.884350678749373031e+01 -3.985426493635291778e-01 1.262740001698648210e-02
1.272124170930683640e+00 1.242628680291323118e+00 7.291640567176676413e+00 5.446492807580026962e+00 1.860646286413887296e+00 4.958312174498368252e-01 4.650898266343577170e-01 3.014951962972797439e+00 8.000000000000000000e+00 1.300000000000000000e+01 4.000000000000000000e+00 -4.864750189566615290e+02 3.901299999999891384e+02 1.821312618479168677e+01 2.806923621762431181e-02 6.281642503152212953e+00
1.625463283368490330e+00 1.156791145695553746e+00 7.080733874426623942e+00 7.363194314737024015e+00 2.562230434532953183e+00 6.690831003203365768e-01 7.308577647325755766e-01 2.982913823468594572e+00 1.000000000000000000e+01 8.000000000000000000e+00 2.000000000000000000e+00 -3.708715192860566958e+02 2.400800000000151329e+02 1.567696995537807148e+01 -2.172886186288650323e-01 6.233554878161295498e+00
1.293424573296287017e+00 1.347312821981110131e+00 7.305310911855479539e+00 6.202774511754602038e+00 2.068987538283812544e+00 6.214821023451255755e-01 5.561644681257275069e-01 2.873207546438423243e+00 8.000000000000000000e+00 1.200000000000000000e+01 3.000000000000000000e+00 -5.769689069357607423e+02 3.601200000000105774e+02 2.480680668348471585e+01 -1.656680448511669845e-01 6.281670205822980968e+00
9.063617832398176422e-01 1.376515809559615500e+00 6.013851999706610663e+00 6.314047442253179376e+00 1.933296496493017047e+00 6.990070583198132459e-01 6.202596117670253761e-01 2.760820517180055500e+00 7.000000000000000000e+00 1.300000000000000000e+01 3.000000000000000000e+00 -6.029693086380567593e+02 3.901299999999891384e+02 2.549401928987888866e+01 5.119859037931453333e-02 6.277728924041559466e+00
9.569922372535510924e-01 1.391079436459974339e+00 6.980822411807978689e+00 6.494117179923254213e+00 2.075721621412813800e+00 5.747646961100594254e-01 5.395061094085943365e-01 2.929628249533697826e+00 9.000000000000000000e+00 1.400000000000000000e+01 3.000000000000000000e+00 -6.033055239145828637e+02 4.201399999999720194e+02 2.457722024466229982e+01 -1.349906849177268109e-03 6.267242176251447638e+00
1.100094755713614925e+00 1.512344420484783125e+00 7.148897273903300764e+00 5.057335182662897388e+00 1.943882091623211350e+00 6.996391794073704151e-01 4.606613047301132413e-01 3.077491662980213594e+00 7.000000000000000000e+00 1.200000000000000000e+01 3.000000000000000000e+00 -4.513088213463722127e+02 3.601200000000105774e+02 1.695305133414793275e+01 -1.612854817609376823e-01 1.457622905569651121e-02
1.157763715561776152e+00 1.346542691399269076e+00 6.564222699375117820e+00 6.077241468863070040e+00 1.905739955347038439e+00 6.167121657788040556e-01 5.252507618588776461e-01 2.844276166865872923e+00 9.000000000000000000e+00 1.100000000000000000e+01 3.000000000000000000e+00 -5.575780064760735968e+02 3.301100000000244563e+02 2.453268790475383909e+01 -1.748854838124470901e-02 4.767920622406052189e-04
7.542558107769994358e-01 1.137638873027209119e+00 6.662147552678786333e+00 5.619372000667736344e+00 2.078778701092142356e+00 5.429184423125683612e-01 4.726437979634138808e-01 2.873490026217372595e+00 7.000000000000000000e+00 1.300000000000000000e+01 4.000000000000000000e+00 -5.898579894436535369e+02 3.901299999999891384e+02 2.467456184022868371e+01 -1.259638682712545643e+00 6.268359179325094566e+00
1.239667933238772557e+00 1.295307855379089990e+00 7.256786233148130982e+00 6.297033153002651318e+00 2.177437543657592567e+00 5.461035558701685666e-01 5.553853001696362757e-01 3.090831123321482465e+00 8.000000000000000000e+00 1.100000000000000000e+01 3.000000000000000000e+00 -5.120871181015399998e+02 3.301100000000244563e+02 2.168950738134548217e+01 1.412541642001625131e-01 6.279057485411155604e+00
1.179424480574815082e+00 1.508481503305660665e+00 6.953463539101270463e+00 4.865069827313099893e+00 1.731189804936038357e+00 6.621539046393893901e-01 4.986924389780241218e-01 3.105547908209176811e+00 8.000000000000000000e+00 1.000000000000000000e+01 4.000000000000000000e+00 -3.295023028164959555e+02 3.000999999999997385e+02 1.121576892603100539e+01 -3.409365430556882126e-01 6.272461617044294613e+00
9.701412224061815026e-01 1.249696824844966692e+00 7.055684582084484902e+00 4.810024935902433185e+00 1.962961814571938524e+00 6.676917631885428417e-01 4.541399781781192968e-01 3.287796551445465454e+00 8.000000000000000000e+00 1.200000000000000000e+01 4.000000000000000000e+00 -3.714382939248723687e+02 3.601200000000105774e+02 1.196114337030419073e+01 2.841680063130225600e-02 7.923758680909692709e-03
8.459041178054500509e-01 1.291901942004821224e+00 6.787603387343025929e+00 4.811563060543787351e+00 1.866278769656429359e+00 8.596162344919642262e-01 4.543055836824632099e-01 2.788694064257334126e+00 7.000000000000000000e+00 1.200000000000000000e+01 4.000000000000000000e+00 -4.740862348495714400e+02 3.601200000000105774e+02 1.837663967809788446e+01 -1.266837994342109586e-01 6.274792188301600682e+00
1.337836244408775688e+00 1.258856663949280641e+00 7.203003995965059580e+00 7.171410637655283082e+00 2.307248003663484148e+00 6.350572656983197728e-01 6.930421267389138551e-01 2.696861634116945350e+00 9.000000000000000000e+00 1.000000000000000000e+01 2.000000000000000000e+00 -5.596122934398567850e+02 3.000999999999997385e+02 2.559764333999105901e+01 1.391225368842208265e-02 3.952195300188471013e-04
1.284064741875142968e+00 1.269214336706720792e+00 6.795283446568882724e+00 5.757767686593549428e+00 2.105994638449983025e+00 5.995384184671151973e-01 5.507337239478408142e-01 2.900159203628465132e+00 8.000000000000000000e+00 1.000000000000000000e+01 3.000000000000000000e+00 -2.241950435939758790e+03 2.493999999999901149e+02 7.328152246235211997e+00 -2.969205853872648682e+00 7.954512614032014373e-01
1.003599091527980658e+00 1.143066268494769222e+00 6.126247731046336575e+00 6.094803582047901180e+00 1.985528599779595726e+00 6.921968010111068104e-01 5.041290111123823969e-01 2.918497814591786366e+00 8.000000000000000000e+00 1.300000000000000000e+01 3.000000000000000000e+00 -4.670453268912473277e+02 3.901299999999891384e+02 1.699877043070329918e+01 1.855075947539503445e-01 6.279857372146119054e+00
9.056395723384249585e-01 1.148866996641525029e+00 6.955750763853209229e+00 5.272908936331089258e+00 1.691113366822626585e+00 7.056945180766952541e-01 4.148945924988427514e-01 2.806636314069145044e+00 8.000000000000000000e+00 1.100000000000000000e+01 4.000000000000000000e+00 -4.969835902911497101e+02 3.301100000000244563e+02 2.074553689319609262e+01 -6.970854491231612271e-02 6.276131411864171561e+00
1.162996575432735602e+00 1.130383215645208050e+00 7.179161997921319482e+00 6.782703315956134738e+00 1.992276755379766229e+00 4.647248255200728817e-01 4.835315867332881101e-01 2.829761677639046624e+00 9.000000000000000000e+00 1.000000000000000000e+01 3.000000000000000000e+00 -4.183723892364505446e+02 3.000999999999997385e+02 1.677014932727816898e+01 -2.853905074213518023e-01 6.112240430344306752e-04
1.008053723244288546e+00 1.256491306250915096e+00 7.300620903452763599e+00 6.285432820315747904e+00 2.070123692615182698e+00 6.597381359689006297e-01 5.045538064743995132e-01 2.891259579707177174e+00 8.000000000000000000e+00 1.000000000000000000e+01 3.000000000000000000e+00 -5.455860963241299260e+02 3.000999999999997385e+02 2.472100602025812677e+01 -2.026249514267098595e-01 1.055237032012157697e-02
1.036763359022808917e+00 1.250927805936479897e+00 6.720766804454807009e+00 7.166738261622493056e+00 1.879013994821323141e+00 7.346453949783789961e-01 6.429970825097032217e-01 2.763136201522580659e+00 9.000000000000000000e+00 1.200000000000000000e+01 3.000000000000000000e+00 -5.741784703708569850e+02 3.601200000000105774e+02 2.463240439817823102e+01 -8.998250286334180670e-02 6.279264606316379727e+00
2.078759667723253823e+00 8.310151012023864192e-01 7.101425737849437425e+00 9.260586354809321463e+00 2.993106906769095410e+00 3.246096081614473494e-01 9.488716981672857820e-01 2.957802770408333615e+00 1.100000000000000000e+01 5.000000000000000000e+00 1.000000000000000000e+00 -1.414827995850765490e+02 1.500499999999998693e+02 4.153612474067288396e+00 -7.412298939873541714e-01 6.274647309239146153e+00
1.521155805638668479e+00 1.086446512257839947e+00 6.801538667031693741e+00 7.008618394148392383e+00 2.476501271109827318e+00 5.258074963813619274e-01 5.984942869929485987e-01 2.906038749573399027e+00 9.000000000000000000e+00 1.000000000000000000e+01 2.000000000000000000e+00 -4.173635619890178532e+02 3.000999999999997385e+02 1.670709762431362222e+01 -3.967773758496387360e-02 6.218971780285685647e+00
1.116819024836369412e+00 1.107120967589743099e+00 7.492306738210332995e+00 6.432835259446301635e+00 2.260534090361149051e+00 5.324013842226014148e-01 5.784329314410936451e-01 2.846738928975574900e+00 8.000000000000000000e+00 8.000000000000000000e+00 3.000000000000000000e+00 -5.068359429632577644e+02 2.400800000000151329e+02 2.417474643520313649e+01 -1.385413809463754697e-01 6.282267049959918026e+00
1.542178169588684256e+00 1.232341469935631872e+00 7.505904846702883937e+00 5.901819323466580336e+00 1.561008547539855851e+00 5.961576060122928400e-01 4.109213953295061117e-01 3.134599059716308034e+00 8.000000000000000000e+00 1.400000000000000000e+01 5.000000000000000000e+00 -4.744447957917803365e+02 4.201399999999720194e+02 1.652342473698714542e+01 1.828940757197178302e-01 9.044576198683769441e-03
8.899018492360883936e-01 1.034921640169525370e+00 7.148352655386161381e+00 4.188552349306666756e+00 1.992770627320816557e+00 6.052788413437639736e-01 4.914370795118280233e-01 3.123154445574475080e+00 7.000000000000000000e+00 1.100000000000000000e+01 4.000000000000000000e+00 -4.587136758638208107e+02 3.301100000000244563e+02 1.835366724148803641e+01 -9.534980248560726013e-03 2.674954379440969490e-02
8.821853726963290176e-01 1.240170034586028924e+00 6.696719022048886139e+00 4.474693636807505648e+00 1.882731324508412518e+00 8.483083560643764898e-01 4.245754289196030373e-01 2.942797533252850428e+00 7.000000000000000000e+00 1.300000000000000000e+01 4.000000000000000000e+00 -4.861859021517328756e+02 3.901299999999891384e+02 1.819505638448364238e+01 1.519345099624774820e-01 7.851420519243951235e-03
8.650784934152163652e-01 1.485763459436933331e+00 6.415783624853049538e+00 6.005483253820685263e+00 1.698309268228452407e+00 8.348905488151852072e-01 4.611143473271781534e-01 2.743676555714670062e+00 7.000000000000000000e+00 1.100000000000000000e+01 4.000000000000000000e+00 -4.548263289974356667e+02 3.301100000000244563e+02 1.811070806233896491e+01 -3.791840211231305435e-01 6.278621526991481794e+00
8.899925390469110020e-01 1.414914018169021848e+00 6.014251607830945368e+00 4.779614994322634480e+00 1.789241075664363967e+00 9.054457881560389332e-01 4.055565559106282802e-01 2.796915491813767751e+00 6.000000000000000000e+00 1.200000000000000000e+01 4.000000000000000000e+00 -4.872303086200453777e+02 3.601200000000105774e+02 1.919814428875250556e+01 -3.296853110133885628e-02 6.282227570808855077e+00
7.099979622607187624e-01 1.335580658456993808e+00 6.721211746644181417e+00 4.519184257989567577e+00 2.041804501310769293e+00 7.495793412567144376e-01 4.617960638036241461e-01 3.086767213793744524e+00 8.000000000000000000e+00 1.300000000000000000e+01 4.000000000000000000e+00 -5.484600472368840656e+02 3.901299999999891384e+02 2.208719045230559530e+01 -1.218323412107975567e-01 6.261421979760511292e+00
7.977587357004073398e-01 1.294115934692369851e+00 5.517652097825257229e+00 5.980215683091215872e+00 1.694629470798012738e+00 5.481169219932365833e-01 4.944791858975599030e-01 2.801027879546669208e+00 6.000000000000000000e+00 1.200000000000000000e+01 4.000000000000000000e+00 -4.775036857619799093e+02 3.601200000000105774e+02 1.859023036012341379e+01 2.021424880550853898e-02 1.652409068725442173e-02
8.689213844037975143e-01 1.244206074722714606e+00 6.097803636279167883e+00 5.157963878682387815e+00 1.877278972746837971e+00 6.939702466286996607e-01 4.893588348614879568e-01 2.885740405199040737e+00 6.000000000000000000e+00 1.200000000000000000e+01 4.000000000000000000e+00 -5.171795463371472579e+02 3.601200000000105774e+02 2.106997164607137663e+01 1.109468167365121882e-01 6.193775140477755237e+00
2.026016741252986808e+00 9.425782397169362170e-01 6.831597622432743044e+00 9.523774853357505066e+00 2.997986252995783030e+00 3.336379466919241477e-01 9.235391911079374738e-01 2.850164027242414466e+00 1.100000000000000000e+01 5.000000000000000000e+00 1.000000000000000000e+00 -9.328754363600847910e+01 1.500499999999998693e+02 1.141408977250533807e+00 -2.958908087305501811e-01 6.278129334284123786e+00
