1.815091767168863557e+00 8.088476243709198377e-01 6.176733692507927920e+00 7.655353772266905388e+00 2.627113003304392347e+00 4.199165069436026076e-01 7.386272854607432992e-01 2.652815999017172466e+00 9.000000000000000000e+00 9.000000000000000000e+00 2.000000000000000000e+00 -5.079981963767180559e+02 2.700900000000045225e+02 2.330957477354473539e+01 2.294685693250154701e-01 9.939173776151832840e-03
5.087926698794866809e-01 7.521887108367728558e-01 6.872992570094378806e+00 5.836176624598950369e+00 1.343472732247729340e+00 4.815182795315200437e-01 3.438357300740005340e-01 3.108252167970216195e+00 8.000000000000000000e+00 1.400000000000000000e+01 4.000000000000000000e+00 -5.062192839617994196e+02 4.201399999999720194e+02 1.850933024761333812e+01 2.028920337601297641e-02 6.277970786242279999e+00
7.227482298505296665e-01 1.103747232869781270e+00 7.425360410464903360e+00 5.032772272071531106e+00 1.636260920986498224e+00 5.284740139987543772e-01 4.513726844126457194e-01 3.154032561245064592e+00 8.000000000000000000e+00 1.200000000000000000e+01 4.000000000000000000e+00 -4.465076125317117999e+02 3.601200000000105774e+02 1.665297578323165695e+01 3.784332387849866780e-02 6.274278306516645642e+00
7.013800288896064883e-01 1.198829077441166735e+00 7.320365746670492335e+00 4.859273051795780951e+00 1.545131698889377958e+00 6.311999448101126564e-01 2.544930293615772499e-01 3.140389193897235032e+00 8.000000000000000000e+00 1.100000000000000000e+01 5.000000000000000000e+00 -2.289018976671436860e+02 3.301100000000244563e+02 3.990431104195716561e+00 -9.617819406228175771e-03 6.265570879508785218e+00
8.991937014578691434e-01 1.369535196973652447e+00 6.635745217348865133e+00 5.238365095354634349e+00 1.705204531144946856e+00 7.926772260385590574e-01 4.691097686814788559e-01 2.518030810055870372e+00 6.000000000000000000e+00 1.200000000000000000e+01 4.000000000000000000e+00 -4.885245361457775175e+02 3.601200000000105774e+02 1.927903350911076430e+01 2.986114405420468854e-02 6.282915186471894842e+00
5.658516213835841357e-01 6.974021007987468712e-01 8.045181244530747122e+00 5.312412559385771615e+00 1.505204849682913792e+00 5.288943433606260180e-01 1.763825945822112273e-01 3.085373915932500211e+00 9.000000000000000000e+00 1.200000000000000000e+01 5.000000000000000000e+00 -2.207629862162745553e+02 3.601200000000105774e+02 2.543936638516830051e+00 2.153932542396884420e-02 6.270752288533284258e+00
7.140152890436860522e-01 1.274458746081293059e+00 7.138810401269148898e+00 4.236744475581454061e+00 1.604591364525145725e+00 6.834342381505027486e-01 4.284037391069214218e-01 3.032463085083488608e+00 5.000000000000000000e+00 1.400000000000000000e+01 5.000000000000000000e+00 -5.721061691592894931e+02 4.201399999999720194e+02 2.262726057245647127e+01 9.975773240156979305e-02 6.270938214307022918e+00
1.070157627360780461e+00 1.258707338349590144e+00 5.486465791743246001e+00 4.544391766114988407e+00 1.646595021935629344e+00 6.271706657804416718e-01 4.761904071257300752e-01 2.766843181781912797e+00 5.000000000000000000e+00 1.400000000000000000e+01 4.000000000000000000e+00 -5.625705294585968659e+02 4.201399999999720194e+02 2.203128309116317851e+01 3.643013756995304442e-02 9.427628579444125023e-03
1.458412384001768647e+00 1.106807247965761576e+00 6.814306568701969269e+00 6.927825134134060647e+00 2.410280881434435862e+00 3.780164789279953363e-01 6.532178260840483253e-01 3.134579320973008176e+00 9.000000000000000000e+00 9.000000000000000000e+00 2.000000000000000000e+00 -5.023595261992722953e+02 2.700900000000045225e+02 2.295715788745437891e+01 4.753085233787932018e-02 1.638579260321402359e-02
1.100617490082047123e+00 1.316837621975325279e+00 6.393107702017188920e+00 5.172348463727672652e+00 2.234660264273326646e+00 4.240644519756060493e-01 4.681714569518854452e-01 2.755794563907090655e+00 5.000000000000000000e+00 1.200000000000000000e+01 4.000000000000000000e+00 -5.314951590844987095e+02 3.601200000000105774e+02 2.196469744278083880e+01 3.939104648311937684e-03 2.986433592052603267e-03
9.832275384889668235e-01 1.636044281492467611e+00 6.574710272996147076e+00 5.417789958395896832e+00 1.958761007288871925e+00 6.750412682043573920e-01 4.454337904603989928e-01 2.834728564816205498e+00 7.000000000000000000e+00 1.200000000000000000e+01 4.000000000000000000e+00 -4.734749306076133735e+02 3.601200000000105774e+02 1.833843316297550530e+01 1.934319115994182492e-01 6.272349764205736200e+00
9.314232400834933090e-01 1.283824008325012533e+00 7.538828369057663181e+00 4.216716192621317028e+00 1.540021099446169384e+00 5.951924998722895044e-01 3.946244388491530475e-01 3.416838423889862586e+00 7.000000000000000000e+00 1.300000000000000000e+01 4.000000000000000000e+00 -4.171611739911805898e+02 3.901299999999891384e+02 1.388101087444912629e+01 -4.743638081087668268e-01 9.974108378684549622e-03
6.902483523916660424e-01 1.239516606899401685e+00 6.853851413716185448e+00 4.978934281945512907e+00 1.383342606847254519e+00 9.560957153511930873e-01 2.583600669027436569e-01 2.981222716230393477e+00 8.000000000000000000e+00 1.000000000000000000e+01 5.000000000000000000e+00 -1.714340123346683242e+02 3.000999999999997385e+02 1.336500770916777769e+00 -3.371316808338422066e-01 1.621145405201498274e-02
9.526866808115963536e-01 1.198287712205333033e+00 6.462301057273777793e+00 4.584846300523993001e+00 1.426731227928191625e+00 5.570049467802750121e-01 4.274988508637477813e-01 3.102278779132378261e+00 7.000000000000000000e+00 1.400000000000000000e+01 4.000000000000000000e+00 -5.461503280786967025e+02 4.201399999999720194e+02 2.100502050491941830e+01 7.399658778006024118e-02 2.595650615651479143e-03
1.015740103604191535e+00 1.269264029955986750e+00 7.864253960162931101e+00 4.024368414600711041e+00 1.374461551193449704e+00 4.792956598211783326e-01 3.939550962558082681e-01 3.211580907045024968e+00 7.000000000000000000e+00 1.300000000000000000e+01 4.000000000000000000e+00 -4.854262730066610629e+02 3.901299999999891384e+02 1.814757956291665408e+01 -6.553801726188777932e-02 4.526009382911038922e-03
7.690571645869905826e-01 9.979682717776088285e-01 7.642121871758424945e+00 4.897765159845538285e+00 1.430883976559043980e+00 6.770565472910795579e-01 2.689107126003050796e-01 2.897666321525641298e+00 9.000000000000000000e+00 1.200000000000000000e+01 4.000000000000000000e+00 -2.975799945764836139e+02 3.204000000000090722e+02 1.683577117459429673e-02 -1.058018408785643683e+00 7.535943359781182953e-03
9.946893683145929810e-01 8.380719252991163382e-01 7.169319395442327547e+00 5.519024805114859156e+00 1.646549130603606192e+00 7.411416656917360068e-01 4.014248851924113737e-01 2.825527471066207053e+00 9.000000000000000000e+00 1.200000000000000000e+01 4.000000000000000000e+00 -2.873761907053555547e+02 3.010800000000083401e+02 2.058574212416431487e-02 -1.063510746630295989e+00 6.273668249256067142e+00
1.382141516438061268e+00 1.565383608233418711e+00 6.562723756014559484e+00 7.673706383591550662e+00 2.620869502544150631e+00 9.570836922945975545e-01 6.857900865035667648e-01 2.855220124904346513e+00 8.000000000000000000e+00 1.000000000000000000e+01 3.000000000000000000e+00 -5.563808015669326323e+02 3.000999999999997385e+02 2.539567509793329947e+01 -2.321354482709656053e-01 6.253045759379503465e+00
9.962525894729270526e-01 1.232328022104239862e+00 7.080103819858972969e+00 4.456031045894934373e+00 1.847822388114006564e+00 7.051599934861780827e-01 4.510677852077835115e-01 2.747055030396315711e+00 7.000000000000000000e+00 1.300000000000000000e+01 4.000000000000000000e+00 -5.978828650943547700e+02 3.901299999999891384e+02 2.517611656839751078e+01 3.603706686161686212e-01 1.575392944159847985e-02
8.752234301447237019e-01 1.188414490208785868e+00 7.238292889098529415e+00 4.547631463990754241e+00 1.484165632998691198e+00 7.000635173555914692e-01 2.880848760082126425e-01 3.372239474653779379e+00 8.000000000000000000e+00 1.300000000000000000e+01 5.000000000000000000e+00 -2.562389161158025672e+02 3.901299999999891384e+02 3.823369757237999877e+00 -1.998256188726546256e-01 2.171102399006162934e-02
8.648190108575182222e-01 1.163856560727494882e+00 7.072641725284084302e+00 5.369973916563188787e+00 1.675907131238261849e+00 4.871773063681019145e-01 3.248393248349724094e-01 3.220801264296352162e+00 9.000000000000000000e+00 1.100000000000000000e+01 4.000000000000000000e+00 -1.952671201828007952e+02 3.301100000000244563e+02 1.888257511424285440e+00 -1.785051994199914338e-01 6.274447424968535358e+00
1.546108006869906015e+00 1.231639140865253168e+00 7.419833447903636525e+00 7.005483142334776758e+00 2.439389581598443435e+00 4.902037661089517218e-01 7.772695429544761447e-01 3.008590979763733575e+00 8.000000000000000000e+00 9.000000000000000000e+00 3.000000000000000000e+00 -5.026058242328404049e+02 2.700900000000045225e+02 2.297255151455238220e+01 4.504924188805144447e-01 3.478636551299883750e-02
1.079755634614377957e+00 1.097169974204644571e+00 6.104657028571025990e+00 5.076908621298014346e+00 1.427733597698267687e+00 5.248888167481068345e-01 4.093359116164985156e-01 2.925629921902030528e+00 7.000000000000000000e+00 1.500000000000000000e+01 4.000000000000000000e+00 -5.231284634544031178e+02 4.501499999999774104e+02 1.862834146590090256e+01 2.143054212467174202e-02 1.674473971301243189e-02
9.448696997167221889e-01 9.758383728949517888e-01 6.229361039726459381e+00 5.659696142247616635e+00 1.692881830675482924e+00 6.005833159332230053e-01 3.580448822993861357e-01 2.657153918574347795e+00 8.000000000000000000e+00 1.200000000000000000e+01 3.000000000000000000e+00 -4.776438595437244317e+02 3.601200000000105774e+02 1.859899122148244643e+01 -4.500686113982067804e-02 1.085123570759784564e-02
7.067380162634733232e-01 1.268103208499417933e+00 6.302415258146817578e+00 5.678806029036135072e+00 1.762218146598412361e+00 7.934928973626409476e-01 2.611012961406131150e-01 2.940508408920186501e+00 9.000000000000000000e+00 1.300000000000000000e+01 4.000000000000000000e+00 -3.533848939830456288e+02 3.901299999999891384e+02 9.894993373940691228e+00 -1.880573647038305873e+00 1.011187144533450266e-01
8.625036931207288315e-01 9.971568596639822646e-01 6.957313341503012616e+00 5.247106178568906820e+00 1.808284184530312810e+00 7.923351077917180074e-01 3.693618052156428799e-01 3.216977876387919544e+00 7.000000000000000000e+00 1.300000000000000000e+01 4.000000000000000000e+00 -4.824331393859524724e+02 3.901299999999891384e+02 1.796050871162236717e+01 -1.410172801987982227e-01 6.272926621420262805e+00
9.062489631514388799e-01 1.615329548845294561e+00 7.287014791957648896e+00 4.724130272836826627e+00 1.857704641423818526e+00 6.461627773411229292e-01 4.134628370273200626e-01 3.060768753916175644e+00 7.000000000000000000e+00 1.300000000000000000e+01 4.000000000000000000e+00 -5.010019671248835493e+02 3.901299999999891384e+02 1.912106044530555948e+01 1.065709084927853600e-01 6.275717366291370780e+00
8.715017972623240183e-01 1.795916241765672883e+00 6.190170498305146651e+00 4.886575251611104065e+00 1.992536200498053578e+00 1.028945289048879497e+00 4.394842888260390712e-01 2.744287726670105343e+00 6.000000000000000000e+00 1.200000000000000000e+01 4.000000000000000000e+00 -4.837679070654159545e+02 3.601200000000105774e+02 1.898174419158816661e+01 -3.741945906530078081e-01 6.275562175990069491e+00
9.367319338211543833e-01 5.799679404124346016e-01 5.953875134123137514e+00 5.510274824107688652e+00 1.619192548356818584e+00 6.660908512181347163e-01 4.092861098010133203e-01 2.687768167309527723e+00 6.000000000000000000e+00 1.400000000000000000e+01 5.000000000000000000e+00 -5.531825328014872412e+02 4.201399999999720194e+02 2.144453330009383052e+01 3.628577512264918870e-04 3.246298334885589637e-02
8.670238255115891857e-01 1.260971099933431150e+00 6.678412581979844553e+00 5.006845401625419356e+00 1.903924379328725935e+00 9.615439451229654821e-01 3.445212479404933248e-01 2.833307401073967835e+00 7.000000000000000000e+00 1.300000000000000000e+01 3.000000000000000000e+00 -4.990374221936480126e+02 3.901299999999891384e+02 1.899827638710333844e+01 1.198006543127005663e-01 6.256391915587795616e+00
1.179831545638555745e+00 1.399331816939072493e+00 6.807653989676987649e+00 5.063049038074940889e+00 1.590289192653777661e+00 7.773250857110709511e-01 3.367088403726904433e-01 3.076506361575352511e+00 8.000000000000000000e+00 1.200000000000000000e+01 4.000000000000000000e+00 -2.157718244278078714e+02 3.601200000000105774e+02 2.231989026737661419e+00 -1.101478624541149531e-01 6.279112801229508989e+00
7.638387941377405843e-01 1.399340148115555849e+00 6.005531982320090556e+00 5.028770250196287428e+00 1.858692583079752048e+00 7.791864624441744436e-01 3.991316805199311424e-01 2.800399045228743056e+00 7.000000000000000000e+00 1.500000000000000000e+01 4.000000000000000000e+00 -5.330774304857567358e+02 4.501499999999774104e+02 1.925015190536050014e+01 -7.527841395806153524e-02 6.674617533530487028e-03
8.932307927183408269e-01 1.175169844016267895e+00 7.166572399394385506e+00 5.322919092202238467e+00 1.709519543336555536e+00 5.531811254142187106e-01 3.545864808331120610e-01 2.951739948031146810e+00 8.000000000000000000e+00 1.200000000000000000e+01 4.000000000000000000e+00 -4.515526228614099296e+02 3.601200000000105774e+02 1.696828892883779005e+01 -1.300718434533674195e-01 6.280140977679050884e+00
1.184984306508184204e+00 9.963023309319611887e-01 4.783605688372166043e+00 4.890923336376834740e+00 1.795567187611968984e+00 5.652629348510267437e-01 4.610744996889430958e-01 2.652225982627076650e+00 5.000000000000000000e+00 1.200000000000000000e+01 3.000000000000000000e+00 -4.578123684751608380e+02 3.601200000000105774e+02 1.735952302969722183e+01 -2.770209544832766269e-01 1.206332606034018866e-02
6.358017172417875784e-01 8.574453153583942999e-01 6.616707169570401170e+00 4.284052764158832183e+00 1.619671114523007605e+00 3.230290817162827510e-01 4.617328996716232314e-01 3.235404547439391543e+00 6.000000000000000000e+00 1.200000000000000000e+01 5.000000000000000000e+00 -4.521849468791049276e+02 3.601200000000105774e+02 1.700780917994372743e+01 1.296848208880804765e-02 6.271093706410849400e+00
9.005471384869425666e-01 1.040532428662251041e+00 7.639132409077865837e+00 5.653013961989702629e+00 1.544722731979118358e+00 5.703073818289041697e-01 3.555237820411246141e-01 2.825106708258284360e+00 8.000000000000000000e+00 1.400000000000000000e+01 4.000000000000000000e+00 -4.738899475230348912e+02 4.201399999999720194e+02 1.648874672019055510e+01 -2.162939545601930136e-02 6.765337844385386004e-03
8.954711766553636876e-01 1.106892510027993826e+00 6.944944636896360102e+00 3.841772150579474410e+00 1.455328511582006712e+00 3.308049311114695246e-01 4.071380045977383011e-01 3.229997078372160768e+00 7.000000000000000000e+00 1.400000000000000000e+01 4.000000000000000000e+00 -4.808284547141234384e+02 4.201399999999720194e+02 1.692240341963358929e+01 -1.154953271620934308e-03 1.247251915028613212e-03
8.012878813281234525e-01 7.841977490507804349e-01 6.795563218154691221e+00 5.518804633952058225e+00 1.891636798268528930e+00 6.591921934543699679e-01 3.323787535980449181e-01 2.850158743447561704e+00 9.000000000000000000e+00 1.200000000000000000e+01 3.000000000000000000e+00 -5.415430379077032512e+02 3.601200000000105774e+02 2.259268986923112266e+01 9.472859221304001653e-02 1.203200731096904473e-02
1.115130802317394920e+00 1.084477751628337261e+00 5.886634639764273480e+00 5.809994089260146488e+00 1.407134222797632006e+00 6.150478136652126615e-01 4.344966830273709890e-01 2.732071683436581910e+00 6.000000000000000000e+00 1.500000000000000000e+01 4.000000000000000000e+00 -6.282063509053606367e+02 4.501499999999774104e+02 2.519570943158574750e+01 -7.608257853274834337e-02 6.277487015095351452e+00
9.373806783377941487e-01 7.832307878120227107e-01 6.650603562336502073e+00 5.793417834234172226e+00 2.012652488828989394e+00 5.038013219745094418e-01 4.115088256342667727e-01 2.812873878352798673e+00 9.000000000000000000e+00 9.000000000000000000e+00 4.000000000000000000e+00 -2.283173496899812108e+03 1.660500000000050136e+02 1.250928105623810005e+01 -1.356743338660954201e+00 1.774793434818114357e-01
1.078873933030374266e+00 1.312290646616381062e+00 7.498656929920048064e+00 3.700557745951364996e+00 1.640307826873424801e+00 5.795093681036580513e-01 4.170216481017517407e-01 3.478177682244336211e+00 7.000000000000000000e+00 1.200000000000000000e+01 4.000000000000000000e+00 -4.539699124939429566e+02 3.601200000000105774e+02 1.711936953087110425e+01 3.406468258854627312e-02 3.782416868703761086e-03
1.152248530684689465e+00 1.079642682145758981e+00 5.384045202246309003e+00 4.902126038188606039e+00 1.811985937512865519e+00 6.258016620870064939e-01 4.625536094258124176e-01 2.665456932506771626e+00 5.000000000000000000e+00 1.300000000000000000e+01 4.000000000000000000e+00 -5.030364940138609882e+02 3.901299999999891384e+02 1.924821837586664941e+01 1.592201308754513378e-01 8.844554196993982889e-03
9.334614401420171514e-01 1.018399532396165652e+00 6.107191168057113373e+00 6.228226891379143204e+00 2.087820484408516197e+00 1.150313517618266834e+00 3.950740348296070126e-01 2.470829607728980637e+00 9.000000000000000000e+00 1.000000000000000000e+01 2.000000000000000000e+00 -3.241981931465113576e+02 3.000999999999997385e+02 1.088426207165696979e+01 -3.284550424418303249e-02 6.277645413592297885e+00
1.117631403818969638e+00 1.441830699368172874e+00 7.031093995163854693e+00 5.735417919356283534e+00 1.926638949455618199e+00 8.179415859764654906e-01 6.107903273276895639e-01 2.573889784827172011e+00 6.000000000000000000e+00 1.400000000000000000e+01 2.000000000000000000e+00 -5.684253312541062542e+02 4.201399999999720194e+02 2.239720820338251528e+01 2.877769743123925195e-01 6.266362260620847557e+00
7.989800500263798400e-01 1.305489710074882792e+00 7.488128793825270968e+00 5.165075254442656139e+00 1.810702445298661090e+00 7.010851697404215654e-01 3.716305310536237028e-01 2.847554097742586166e+00 7.000000000000000000e+00 1.000000000000000000e+01 4.000000000000000000e+00 -4.402960733832902633e+02 3.000999999999997385e+02 1.814037958645565141e+01 1.128541670339257980e-02 6.275919907032378120e+00
1.296485569147839412e+00 9.378451569571167878e-01 3.919799628425008731e+00 5.126464377894778046e+00 1.822235451844627097e+00 7.500022528985613723e-01 5.928078170677107961e-01 2.385268446903934692e+00 4.000000000000000000e+00 1.600000000000000000e+01 4.000000000000000000e+00 -5.572966662928209871e+02 4.801600000000302657e+02 1.982604164330036767e+01 -1.669508954746054652e+00 2.266267319101450753e-03
1.052650195020330859e+00 1.368163784982570741e+00 5.279038504261354348e+00 5.556640675798802498e+00 1.809741309322740577e+00 7.764441022182404506e-01 5.302472732653549237e-01 2.671784527325913317e+00 5.000000000000000000e+00 1.400000000000000000e+01 4.000000000000000000e+00 -5.858794557132604268e+02 4.201399999999720194e+02 2.348809098207965107e+01 7.140119093145436135e-03 7.931951722378833419e-03
2.026016741252986808e+00 9.425782397169362170e-01 6.831597622432743044e+00 9.523774853357505066e+00 2.997986252995783030e+00 3.336379466919241477e-01 9.235391911079374738e-01 2.850164027242414466e+00 1.100000000000000000e+01 5.000000000000000000e+00 1.000000000000000000e+00 -9.328754363600847910e+01 1.500499999999998693e+02 1.141408977250533807e+00 -2.958908087305501811e-01 6.278129334284123786e+00
