1.164326340197363807e+00 1.208830360409472782e+00 7.223207260688035092e+00 6.455839488640052082e+00 2.003522316709064555e+00 7.199892982365994065e-01 5.912167628566923350e-01 2.971233688740806844e+00 8.000000000000000000e+00 1.100000000000000000e+01 3.000000000000000000e+00 -5.134337372264718624e+02 3.301100000000244563e+02 2.177367107665372714e+01 -8.221224535165343184e-02 1.286913333508737239e-02
1.113590698684665314e+00 1.306587397522283922e+00 6.429713144421598692e+00 6.246250175331900856e+00 1.885390354420975356e+00 5.689822208781170065e-01 6.312219952568777215e-01 2.947923853167207398e+00 8.000000000000000000e+00 1.100000000000000000e+01 3.000000000000000000e+00 -5.091725333609674635e+02 3.301100000000244563e+02 2.150734583505970221e+01 -1.485857076096174512e-01 1.463465366202027981e-02
1.411615323957078338e+00 1.326293012381169367e+00 6.899043644296522615e+00 6.254748752959503832e+00 1.838606821029541205e+00 5.917144746569724667e-01 5.235798508598523693e-01 2.827548900266740439e+00 9.000000000000000000e+00 1.200000000000000000e+01 3.000000000000000000e+00 -2.952996337181518811e+02 3.224400000000091495e+02 1.579073115006755096e-02 -1.045626606275160020e+00 1.859251270505904094e-02
1.257397245583433465e+00 1.300463501584240067e+00 6.708516232660162615e+00 5.384433510336679163e+00 1.949111060656371963e+00 5.321929404190921531e-01 5.933480603715379775e-01 3.124801491468867098e+00 8.000000000000000000e+00 1.000000000000000000e+01 4.000000000000000000e+00 -4.242957259325118002e+02 3.000999999999997385e+02 1.714035787078199391e+01 6.882987933775713829e-02 6.272143026164322954e+00
1.119991199060834219e+00 1.226155687683800011e+00 7.273570399722207647e+00 6.077226740385975212e+00 2.122801755703359383e+00 6.671170818601468433e-01 5.252992147124495581e-01 2.929723225173637591e+00 8.000000000000000000e+00 1.200000000000000000e+01 4.000000000000000000e+00 -2.196101877237364988e+03 1.995600000000045213e+02 6.020117327335178459e+00 -4.857550057901324436e+00 1.533422543010896311e+00
1.042562082331605300e+00 1.213407471639515345e+00 6.583060720440414570e+00 5.922447114149834491e+00 1.966125303517918255e+00 5.232613034601251156e-01 5.279903120196161037e-01 2.860001131105923022e+00 9.000000000000000000e+00 1.200000000000000000e+01 4.000000000000000000e+00 -4.788154890790854665e+02 3.601200000000105774e+02 1.867221806744251111e+01 -1.732279018810315915e-02 6.278157840308806747e+00
1.195741101892316749e+00 1.326922031226067444e+00 6.779778598251545496e+00 6.706515977048010946e+00 2.020868610942215593e+00 6.923191332500953088e-01 5.898497839183891589e-01 2.831815338081071776e+00 8.000000000000000000e+00 1.000000000000000000e+01 3.000000000000000000e+00 -2.220713587090469616e+02 3.000999999999997385e+02 4.501334919315443273e+00 -1.295839780517844764e+00 6.174980993439588950e+00
7.132678960445297811e-01 1.361141597858984031e+00 7.349432031108185548e+00 5.813387311413931613e+00 1.781629088596935251e+00 8.239506120628687924e-01 5.345965500445983842e-01 2.784735376500789172e+00 8.000000000000000000e+00 1.200000000000000000e+01 3.000000000000000000e+00 -4.582311381125612115e+02 3.601200000000105774e+02 1.738569613203474518e+01 3.202111115201078939e-01 6.172296599485813218e+00
1.007583705643687821e+00 1.368768048231931767e+00 7.401791768525227688e+00 5.880200979950727991e+00 1.816473941059377317e+00 6.417628286061354270e-01 5.296020324451101713e-01 2.989343545494990817e+00 8.000000000000000000e+00 1.300000000000000000e+01 4.000000000000000000e+00 -4.891227975775346977e+02 3.901299999999891384e+02 1.837861234859625981e+01 1.053468438314409394e-01 6.274443362937728530e+00
9.645753841025889175e-01 1.442679892196322422e+00 6.787382516579489433e+00 6.373998105207884457e+00 2.039195805322373101e+00 5.540397785868674818e-01 4.781001780570981463e-01 2.696436609422465658e+00 9.000000000000000000e+00 1.100000000000000000e+01 4.000000000000000000e+00 -3.599361109207357003e+02 3.301100000000244563e+02 1.218006943254521879e+01 -4.297372364199478212e-01 1.145190234374204863e-03
1.394815978021444414e+00 1.102312699246167371e+00 6.680388288980886990e+00 6.018456142705649548e+00 2.169230594701838211e+00 7.786128258538593805e-01 5.574877719732267423e-01 3.044916365597822860e+00 8.000000000000000000e+00 9.000000000000000000e+00 3.000000000000000000e+00 -2.385662597847453981e+03 8.478000000000194802e+01 2.145453736546580004e+01 -3.121298075403953654e+00 5.990893820269301173e+00
1.144169825422145292e+00 1.216072299814117352e+00 6.800790424184115501e+00 5.882260607612412429e+00 1.895856592843833788e+00 6.139650325759627991e-01 5.689542690700286620e-01 2.838530227157972430e+00 9.000000000000000000e+00 1.100000000000000000e+01 3.000000000000000000e+00 -2.084471262534494542e+02 3.301100000000244563e+02 2.712007890839827073e+00 -8.420377920181976172e-02 2.623851915698960369e-02
1.027654038578102780e+00 1.402672318745569857e+00 6.827581622747743495e+00 5.271518251520711296e+00 1.724406075248922754e+00 8.970209705019261959e-01 6.017608493863511043e-01 2.908191803007023513e+00 8.000000000000000000e+00 1.100000000000000000e+01 3.000000000000000000e+00 -2.785806934164089625e+02 3.301100000000244563e+02 7.095355838524794123e+00 -2.846329613188412822e+00 6.214487701455019497e+00
1.604706363360755006e+00 1.089536163164179783e+00 6.669451519670913875e+00 7.985974903183161722e+00 2.429914787310214042e+00 3.876708389572093294e-01 7.444373040637928263e-01 2.801170570238836977e+00 1.000000000000000000e+01 8.000000000000000000e+00 2.000000000000000000e+00 -4.299489760113428360e+02 2.400800000000151329e+02 1.936931100070845346e+01 -1.664791873872570882e+00 4.345840516120526992e-02
1.415620761780695291e+00 1.196557304988921322e+00 6.683141996067535118e+00 7.489713889157147086e+00 2.159174945038705218e+00 3.372731825162978980e-01 6.841818971880154754e-01 2.907239291918593427e+00 8.000000000000000000e+00 9.000000000000000000e+00 2.000000000000000000e+00 -4.396831990894132787e+02 2.700900000000045225e+02 1.903988744308818681e+01 -1.772869373112787361e+00 1.394010049862137030e-02
9.388281385337432505e-01 1.345087162858167318e+00 6.671026665805166900e+00 6.038468123342336291e+00 2.062016204100865391e+00 7.431411877557960732e-01 5.426318846901519999e-01 3.063688481126488838e+00 8.000000000000000000e+00 1.300000000000000000e+01 4.000000000000000000e+00 -5.059418048212406802e+02 3.901299999999891384e+02 1.942980030132788016e+01 -8.438461414976841657e-02 6.280517232716538167e+00
1.119815770187954307e+00 1.197567398063947630e+00 6.700220858993452211e+00 5.935964272083024795e+00 2.074815883744116629e+00 7.167536917571661892e-01 5.571883154914130110e-01 2.882025057267918466e+00 8.000000000000000000e+00 1.100000000000000000e+01 3.000000000000000000e+00 -4.280807584565625348e+02 3.301100000000244563e+02 1.643910990353439416e+01 -1.401583822192096762e-01 5.506435835857781402e-02
1.338978611445141187e+00 1.108642617993750967e+00 6.915935566289310721e+00 6.578123461408623029e+00 2.148004879593089278e+00 5.241240970672521593e-01 6.457318777829034184e-01 3.078225319732902143e+00 9.000000000000000000e+00 1.000000000000000000e+01 3.000000000000000000e+00 -4.725236565377965690e+02 3.000999999999997385e+02 2.015460353361229195e+01 -2.683550882764890400e+00 4.986571340279871145e-01
8.527946522681676411e-01 1.218790076738875960e+00 6.813148526068621536e+00 5.656910378488455571e+00 2.078179316545617716e+00 6.948203208013610244e-01 6.364716497782045845e-01 2.798841790575722577e+00 8.000000000000000000e+00 1.000000000000000000e+01 3.000000000000000000e+00 -4.221561258393892331e+02 3.000999999999997385e+02 1.700663286496183702e+01 2.266562888329292091e-01 6.266493427497042745e+00
1.025907452989111235e+00 1.176170678495582100e+00 6.560151398499314723e+00 6.489309522843448974e+00 1.888300365615305010e+00 5.569797318918242590e-01 5.679805247916260846e-01 2.929475450088566468e+00 9.000000000000000000e+00 1.200000000000000000e+01 4.000000000000000000e+00 -2.327140115698413183e+02 3.601200000000105774e+02 3.290875723114752738e+00 -3.199159890881976276e-01 6.275492202778081285e+00
9.492504668382348854e-01 1.391980788446038453e+00 7.289347460405171120e+00 5.722255911755200763e+00 1.788455534372267230e+00 9.292564112220426109e-01 5.370524678568854293e-01 3.139494726443258443e+00 8.000000000000000000e+00 1.100000000000000000e+01 3.000000000000000000e+00 -2.342936168459408236e+03 1.738000000000050704e+02 1.600226052871287052e+01 -3.294740779194399227e+00 1.668200871665317608e+00
1.590190425007375508e+00 1.145178887275407176e+00 6.573493059419682538e+00 7.381355993742878319e+00 2.565038643542667085e+00 4.665458969817680712e-01 6.417361431727738319e-01 2.975020803543947601e+00 1.000000000000000000e+01 9.000000000000000000e+00 2.000000000000000000e+00 -2.663033218867065557e+02 2.700900000000045225e+02 8.203645117919018404e+00 -7.704914887886291086e-02 6.272597976328518676e+00
1.074923934084736743e+00 1.491081212493505781e+00 7.039800521248102960e+00 6.336105215968419913e+00 1.665725647429666445e+00 5.976763063490987404e-01 5.958173852466944753e-01 2.882602518801574032e+00 9.000000000000000000e+00 1.100000000000000000e+01 3.000000000000000000e+00 -5.585192564555920853e+02 3.301100000000244563e+02 2.459151602847373752e+01 9.399961153626101851e-02 6.259087776791731450e+00
1.202133131104869745e+00 1.258929193815444103e+00 7.052752729908459806e+00 5.451064532094302528e+00 1.862022275660961013e+00 6.942800666719450842e-01 4.964335040035675606e-01 2.854701923581856260e+00 9.000000000000000000e+00 1.100000000000000000e+01 4.000000000000000000e+00 -4.593575853860517100e+02 3.301100000000244563e+02 1.839391158662746761e+01 -3.045440534453101866e-02 6.275673613572284815e+00
1.222674657138731025e+00 1.453526172694642238e+00 6.936462456203407179e+00 6.052146622985406843e+00 1.890195337364086292e+00 7.128516211612215825e-01 5.052786999367754328e-01 2.990814664125914124e+00 9.000000000000000000e+00 1.100000000000000000e+01 4.000000000000000000e+00 -4.591289470190035900e+02 3.301100000000244563e+02 1.837962168868696011e+01 -3.005225810880485793e-01 6.272470342109030206e+00
1.273413474051384497e+00 1.209972495496964617e+00 6.791094981081165827e+00 5.660790563387632091e+00 2.181163227488396750e+00 8.082142338593368835e-01 5.213994993341378725e-01 3.016682027461860205e+00 8.000000000000000000e+00 8.000000000000000000e+00 3.000000000000000000e+00 -1.619105393075205086e+02 2.400800000000151329e+02 2.616908706719558886e+00 -9.051742289001218911e-02 6.280351332542546849e+00
8.948812956490241888e-01 1.404992591663071444e+00 7.286540296659826055e+00 6.016985465134423450e+00 2.142550286399831805e+00 6.269307121321960885e-01 5.430254493766162316e-01 2.617493896971489153e+00 8.000000000000000000e+00 1.100000000000000000e+01 3.000000000000000000e+00 -5.175062300818315180e+02 3.301100000000244563e+02 2.202820188011370206e+01 1.058456133820442069e-01 8.337515707699314285e-03
1.216987350293688319e+00 1.350321785397112784e+00 6.716922945549832491e+00 6.677645181751214132e+00 2.184540765045346777e+00 5.928265686589295758e-01 5.800370320381751377e-01 2.952561904186312702e+00 1.000000000000000000e+01 1.100000000000000000e+01 4.000000000000000000e+00 -2.936261905834463732e+02 3.301100000000244563e+02 8.035699411464634068e+00 1.292008594066685473e-02 6.277312422006125381e+00
9.666880973271598787e-01 1.232471744766093558e+00 7.520535030150189648e+00 5.734737128673224937e+00 1.826803044977350021e+00 7.936407167630913362e-01 6.109257911791415863e-01 2.829027112881422834e+00 8.000000000000000000e+00 1.200000000000000000e+01 3.000000000000000000e+00 -4.751863878453848429e+02 3.601200000000105774e+02 1.844539924033622214e+01 -6.648969489866740634e-01 1.147589827484196690e-03
1.018973251716840611e+00 1.350575326486588956e+00 6.992163860579407419e+00 5.723136836260524163e+00 1.866833121708525445e+00 7.187423019885599285e-01 5.307697795949460895e-01 2.811427076165854189e+00 9.000000000000000000e+00 1.200000000000000000e+01 3.000000000000000000e+00 -2.278216107774307488e+02 3.601200000000105774e+02 2.985100673589091258e+00 -2.604026896365808086e-01 6.278471058889618206e+00
9.626947792251779878e-01 1.191675816345120431e+00 6.880005416126150131e+00 6.798181904626375172e+00 2.244705940019136925e+00 7.111023170408572458e-01 6.563054081679422502e-01 2.773179585369042854e+00 8.000000000000000000e+00 1.000000000000000000e+01 3.000000000000000000e+00 -5.494699662717185902e+02 3.000999999999997385e+02 2.496374789198241828e+01 6.250505627272802400e-02 6.254747546201365971e+00
1.235177732377393811e+00 1.385312759466056365e+00 6.579958447067256522e+00 5.417025421841346500e+00 1.915932760491529940e+00 5.197299155824981476e-01 6.340921619477937199e-01 2.886312612016025181e+00 1.000000000000000000e+01 1.200000000000000000e+01 3.000000000000000000e+00 -5.457098014608166068e+02 3.601200000000105774e+02 2.285311259130070383e+01 1.115637495581416894e-01 3.531388383217320612e-03
8.257375725376839837e-01 1.372193779587408180e+00 6.788060575731298840e+00 5.427308785908129707e+00 1.967593140778397753e+00 6.608183862620927718e-01 5.235198137668651830e-01 2.767176012611644698e+00 6.000000000000000000e+00 1.200000000000000000e+01 4.000000000000000000e+00 -4.920382597585025337e+02 3.601200000000105774e+02 1.949864123490607781e+01 -1.332903941058447561e-01 3.936411455818768050e-03
1.375930367161504408e+00 1.191668079440422634e+00 6.236467318317224340e+00 5.428709561899916380e+00 2.069072709293862999e+00 5.810223457361687327e-01 5.182746693586498532e-01 3.077161160558747888e+00 9.000000000000000000e+00 1.100000000000000000e+01 3.000000000000000000e+00 -2.145665200673384163e+02 3.301100000000244563e+02 3.094470004207886760e+00 -1.820584145102380202e-01 6.263469302596994304e+00
1.146386129388210273e+00 1.443236688616860830e+00 6.933973205739677681e+00 5.420914315934296290e+00 1.801490677894516779e+00 4.510598192896576597e-01 4.718379972685867729e-01 2.772994382282952142e+00 8.000000000000000000e+00 1.100000000000000000e+01 3.000000000000000000e+00 -4.374476989457205605e+02 3.301100000000244563e+02 1.702454368410677077e+01 -7.880376263389884950e-02 2.096072540002599446e-02
1.048439953377483302e+00 1.304789540394001968e+00 6.651193361819011329e+00 5.550356809838283390e+00 2.201259733440465105e+00 8.673156054261514925e-01 5.545083390523553035e-01 3.034904608236223211e+00 9.000000000000000000e+00 1.200000000000000000e+01 3.000000000000000000e+00 -5.779489333688152328e+02 3.601200000000105774e+02 2.486805833555062151e+01 -6.964369089133423674e-02 1.176483095208862711e-02
1.095345134130758735e+00 1.511356580362495095e+00 7.085752853002667884e+00 5.694202068871774713e+00 2.050586760644802276e+00 4.499642333137207628e-01 5.197341504497556830e-01 2.890338417663369075e+00 9.000000000000000000e+00 1.100000000000000000e+01 4.000000000000000000e+00 -3.344669951353410511e+02 3.301100000000244563e+02 1.058824969595805143e+01 -3.110179283771148939e-01 9.387462151218560480e-02
8.573731453335782238e-01 1.311013074089203423e+00 7.453961524001456063e+00 5.989345990554653554e+00 2.180884114148493147e+00 5.354020086530603129e-01 5.161839365493336995e-01 3.028615047171233421e+00 7.000000000000000000e+00 1.200000000000000000e+01 4.000000000000000000e+00 -5.241386759537651869e+02 3.601200000000105774e+02 2.150491724710999719e+01 -4.852647419183944016e-02 6.195620394608175374e+00
1.016587762215283686e+00 1.432761040580972089e+00 5.847002788208434332e+00 5.851096922085902818e+00 1.684082083613714476e+00 7.718870272644642316e-01 5.100263573173497988e-01 2.682585524200979510e+00 9.000000000000000000e+00 1.300000000000000000e+01 4.000000000000000000e+00 -2.271046946222691531e+03 3.422899999999908118e+02 6.243871638918514932e+00 -2.903953756289607391e+00 3.939411245957463725e-01
1.274499396081860247e+00 1.307728300492592588e+00 7.071060471474889475e+00 5.979286221626149533e+00 1.860664743956677469e+00 7.642847655088544911e-01 5.771877406249524833e-01 2.948250792745218174e+00 9.000000000000000000e+00 1.200000000000000000e+01 3.000000000000000000e+00 -2.247320145579337805e+02 3.601200000000105774e+02 2.792000909870530734e+00 1.883729921729439954e-02 6.278313377965834441e+00
1.292559155460133447e+00 9.774562323583382284e-01 7.183505321910502062e+00 7.065530341726526053e+00 2.021205516119030321e+00 5.316517900009370967e-01 7.275423017566975403e-01 2.782210278657391012e+00 9.000000000000000000e+00 1.100000000000000000e+01 3.000000000000000000e+00 -4.291293109630676099e+02 3.301100000000244563e+02 1.650464443519096136e+01 -9.539926022457512200e-03 2.944475052022437964e-02
8.044657662673244669e-01 1.112281626530678524e+00 6.432237431912807502e+00 4.717885963056062337e+00 1.645131741266556258e+00 7.125228675407266898e-01 4.547605030513937052e-01 2.992805590475470456e+00 7.000000000000000000e+00 1.100000000000000000e+01 4.000000000000000000e+00 -4.335964720374753369e+02 3.301100000000244563e+02 1.678384200234144430e+01 -3.771771040415582976e-01 1.218639118204341981e-02
1.169401934625695416e+00 1.274508577874758464e+00 6.540383504784984758e+00 6.735883576054957800e+00 1.909588804236602710e+00 4.794957494607189341e-01 6.039701147922449387e-01 2.855334435997032738e+00 8.000000000000000000e+00 1.100000000000000000e+01 3.000000000000000000e+00 -5.563316930265782503e+02 3.301100000000244563e+02 2.445479331416037638e+01 2.057567065437387183e-02 8.059197697906042568e-03
1.230764129769647441e+00 1.341724879795652248e+00 7.183192436228862832e+00 6.418671775898113552e+00 1.770864414042688573e+00 9.986732090328223066e-01 5.439996220267772076e-01 3.122777254812417969e+00 8.000000000000000000e+00 9.000000000000000000e+00 3.000000000000000000e+00 -1.760780721195984029e+02 2.700900000000045225e+02 2.564567007474758853e+00 9.357118154515634001e-03 1.768897885627662703e-02
1.072006669271956980e+00 1.019280551631792209e+00 6.815704903372985513e+00 6.480180918852260774e+00 1.880723896315028787e+00 5.747363506268435840e-01 6.443066740096694556e-01 2.893054379867032289e+00 8.000000000000000000e+00 1.000000000000000000e+01 4.000000000000000000e+00 -4.105391174816168132e+02 3.000999999999997385e+02 1.628056984260105722e+01 -4.226031973650556939e-02 6.274517859010452447e+00
2.002676424225046770e+00 1.066667026989034150e+00 7.267490548328629174e+00 9.934873383055021989e+00 2.967615035905919463e+00 2.384431116319464250e-01 9.034625170187227106e-01 2.721532688011398804e+00 1.100000000000000000e+01 6.000000000000000000e+00 1.000000000000000000e+00 -2.228657331606280422e+03 1.312800000000034402e+02 1.018858322539242423e+01 -4.868110563487994535e-01 6.046525431983080345e+00
1.110391032890625018e+00 1.174864750246946699e+00 7.236908081359820777e+00 5.629083785092481307e+00 2.025049850074232438e+00 7.354208233372269143e-01 4.648035644883978801e-01 2.932522599482700443e+00 9.000000000000000000e+00 1.100000000000000000e+01 4.000000000000000000e+00 -2.885512902112049574e+02 3.005200000000207865e+02 2.295043982798141563e-02 -1.024035200895131226e+00 3.802916424553999530e-03
2.154414961272097084e+00 1.054114756543446552e+00 6.637130492645420432e+00 9.716534668157924770e+00 2.984733848686223823e+00 3.219231475736335502e-01 9.334877701425484675e-01 2.828260733014911654e+00 1.100000000000000000e+01 5.000000000000000000e+00 1.000000000000000000e+00 -9.295427515502491644e+01 1.500499999999998693e+02 1.120579697189061585e+00 -3.793378330674903598e-01 6.277729600786561726e+00
