1.525523601184337830e+00 2.404219711702524798e+00 3.071996294725818366e+00 3.101410862738399388e+00 1.737952629968464890e+00 3.672080424237693097e-01 3.027640903173896003e-01 2.636731211024286647e+00 5.000000000000000000e+00 1.500000000000000000e+01 3.000000000000000000e+00 -6.314740138500085322e+02 4.501499999999774104e+02 2.539993836562624097e+01 -6.802912522397507045e-02 5.402079910752659309e-02
1.094295128516403093e+00 1.589491893770343722e+00 4.206781224886928960e+00 5.739743804067280131e+00 1.028928283277655398e+00 6.244628880832880924e-01 5.169886057831550863e-01 2.615756028794542942e+00 3.000000000000000000e+00 9.000000000000000000e+00 3.000000000000000000e+00 -1.849980068834418319e+02 2.700900000000045225e+02 3.122062930214973608e+00 -5.043934920333987826e-01 1.434532463413590829e-02
1.186338381563065258e+00 1.331370291899211855e+00 3.897497895728748052e+00 6.845183286177830340e+00 1.324315195063031858e+00 1.087414874647832486e+00 5.515684060272632028e-01 3.934426478629703183e+00 6.000000000000000000e+00 1.500000000000000000e+01 3.000000000000000000e+00 -2.275555243989236260e+03 9.465000000000073044e+01 1.426439024932722255e+01 -1.591764943370416852e+01 2.759883689332934154e+00
1.733851964634633980e+00 2.160406112586652050e+00 3.317594572601188396e+00 3.029929865718686610e+00 1.457812550000000318e+00 7.953884085392588510e-01 6.503277399236777612e-01 2.838838537547414109e+00 3.000000000000000000e+00 1.400000000000000000e+01 3.000000000000000000e+00 -6.284426522175438095e+02 4.201399999999720194e+02 2.614829076359735893e+01 -4.219048407691250446e-02 1.976528550715280289e-02
1.377837252425189840e+00 6.669850319448453746e-01 4.961124680649711571e+00 7.649749479712853351e+00 2.123615852704444862e+00 9.171135261077305589e-01 9.741105427412237727e-01 3.392769083240427364e+00 1.100000000000000000e+01 1.800000000000000000e+01 4.000000000000000000e+00 -7.223188765251385348e+02 3.848400000000120258e+02 1.259492218475979919e-02 -7.608211202004999230e+00 4.651848010513742082e+00
1.797247282411392089e+00 2.764187472379321608e+00 4.127544100987272202e+00 8.657737875045427245e+00 1.555730902001196903e+00 7.075515574679481778e-01 5.220721805650192504e-01 3.594349331965731587e+00 7.000000000000000000e+00 4.000000000000000000e+00 3.000000000000000000e+00 -2.386276861169385484e+03 8.879999999999986571e+00 2.386480382308660353e+01 -9.069233562134803028e-01 6.250420424987292556e+00
1.460932155108477071e+00 2.338418609040355367e+00 7.377088608416127791e+00 6.545776256345265942e+00 1.715028626477482110e+00 5.693845069411567206e-01 7.231619770454253970e-01 4.136452404523091708e+00 8.000000000000000000e+00 1.500000000000000000e+01 5.000000000000000000e+00 -4.974787296625667068e+02 4.501499999999774104e+02 1.702523310391112332e+01 -2.142475953246286702e-01 6.276310583205353844e+00
1.856056907056446770e+00 1.563188185318497014e+00 4.641648211520745804e+00 5.773646945582915357e+00 2.432932456403493759e+00 9.263947061036680308e-01 7.635261204039115457e-01 2.783424623227460426e+00 7.000000000000000000e+00 1.300000000000000000e+01 3.000000000000000000e+00 -6.028136292306584210e+02 3.901299999999891384e+02 2.548428932691648896e+01 -1.408096099237432786e-01 4.932785489217565711e-02
1.208920288225820538e+00 1.412371823242184465e+00 1.345671787811806963e+00 4.742703341651212767e+00 2.057612244517614375e+00 1.109855515216286559e+00 7.898305696594939418e-01 3.073242377808832249e+00 1.000000000000000000e+01 7.000000000000000000e+00 4.000000000000000000e+00 -2.389201832722072595e+03 2.219000000000006878e+01 2.363167704512953193e+01 -2.920405814244011022e+00 7.370427878673104782e-01
1.302625918380365455e+00 1.364533786928184167e+00 6.481373627724488884e+00 6.900005990101854891e+00 2.435027795751036006e+00 9.903459346637490945e-01 4.600556792755571833e-01 3.451399765993108382e+00 1.100000000000000000e+01 1.000000000000000000e+01 4.000000000000000000e+00 -4.186279664406347365e+02 3.000999999999997385e+02 1.678612290253968098e+01 -4.532190669495687191e-02 6.278102361072177118e+00
1.548541748668399221e+00 1.584688322195558774e+00 2.501071461147606811e+00 4.032717650097180417e+00 1.737766092969875054e+00 9.210726264038336941e-01 9.002318395337918777e-02 2.854372297152972138e+00 9.000000000000000000e+00 9.000000000000000000e+00 3.000000000000000000e+00 -2.035709868057274718e+02 1.440900000000041814e+02 1.520039521283736428e-02 -1.019180737903338185e+00 2.499852807662724177e-02
1.633877825454107313e+00 2.404858535562918842e+00 5.551571822410431345e+00 9.783515642091419551e+00 1.682029076357834940e+00 1.869562709171589954e-01 7.284653027921366153e-01 2.602911317631689592e+00 1.000000000000000000e+01 1.300000000000000000e+01 3.000000000000000000e+00 -5.949606320597703188e+02 3.901299999999891384e+02 2.499347700373598258e+01 -1.231559134355177526e-01 9.933364138082257516e-03
2.383996199394126658e-01 1.456914933508673293e+00 6.782513998014341183e+00 9.250526200050060766e+00 7.519798446409089454e-01 1.852622830171404278e+00 5.060994830845252368e-01 2.849171610875107952e+00 1.100000000000000000e+01 1.000000000000000000e+01 2.000000000000000000e+00 -2.184687790060694624e+03 1.208999999999974051e+02 7.764861878793481331e+00 -1.014214878011175047e+00 5.825591114597374442e+00
2.243375812340461017e+00 2.203035097019078403e+00 5.484306147081555949e+00 8.314355496993259820e+00 1.901974539100715234e+00 4.991561495418229688e-01 7.785081965869156129e-01 3.801199015003809301e+00 7.000000000000000000e+00 1.500000000000000000e+01 4.000000000000000000e+00 -5.024024871577651083e+02 4.501499999999774104e+02 1.733296794736102342e+01 -8.382940053661489532e-01 2.379064378835867369e-02
1.447698501235611612e+00 1.676480989462336035e+00 5.111636541182207338e+00 5.000273842865647467e+00 1.890276073256545342e+00 1.137461410259236860e+00 9.416520553775635793e-01 2.768819971493882370e+00 7.000000000000000000e+00 1.800000000000000000e+01 3.000000000000000000e+00 -5.771146626516019751e+02 5.401800000000090449e+02 1.918904141572483724e+01 -5.953995562857482271e-02 3.968580058762327667e-03
1.004350422313720070e+00 2.679110095067697817e+00 4.110410869108474863e+00 1.851050229250406964e+00 1.466094919276996089e+00 4.705509323013939427e-01 3.928209675730743311e-01 2.525073104623793974e+00 7.000000000000000000e+00 5.000000000000000000e+00 3.000000000000000000e+00 -2.297515355937097411e+03 3.490000000000015490e+01 1.750408474606855691e+01 -1.609386244158120149e+00 8.640714953451292257e-02
7.671256420994204683e-01 2.243910066356257005e+00 4.358381588568720488e+00 6.144986711456382089e+00 2.821124272299322389e+00 7.188883810648138972e-03 8.518166573964254251e-01 2.343182279404492085e+00 5.000000000000000000e+00 1.000000000000000000e+01 3.000000000000000000e+00 -5.715046959669981561e+02 3.000999999999997385e+02 2.634091849793739470e+01 2.798076765057467830e-01 2.185518728191430948e-02
1.917892033048073319e+00 2.163085805724958011e+00 5.017122629915140131e+00 8.868516561141909449e+00 1.848207606552749516e+00 6.595724491567270809e-01 5.742086717876623281e-01 2.293415401608687176e+00 6.000000000000000000e+00 1.100000000000000000e+01 4.000000000000000000e+00 -4.354541588639943939e+02 3.301100000000244563e+02 1.689994742899888536e+01 -6.574364268276643164e-03 2.555924199581745878e-03
7.394493744305064009e-01 1.922689646950715314e+00 6.689256313014379174e+00 4.968640247842358804e+00 2.902100559972218718e+00 1.036951808120361029e+00 7.697295224219625753e-01 3.392062851333735640e+00 7.000000000000000000e+00 1.100000000000000000e+01 3.000000000000000000e+00 -2.323938114626276274e+03 2.469500000000141426e+02 1.252894466414182872e+01 -7.090631005341537785e-01 1.785417810128445693e+00
1.838803055297158817e+00 2.012358168930768798e+00 4.455258145001091741e+00 7.990815878810028750e+00 2.177259362001330523e+00 6.566955178330803333e-01 9.358340999373748748e-01 2.921026801689877495e+00 7.000000000000000000e+00 9.000000000000000000e+00 4.000000000000000000e+00 -4.936586006983314974e+02 2.700900000000045225e+02 2.241335004364557904e+01 3.770910550861461541e-02 6.274747671521057057e+00
1.585611219348060930e+00 1.701218980215436716e+00 4.203111316703030731e+00 5.008037098520192743e+00 1.431087159936131892e+00 1.252428396223582929e+00 1.712403109013950209e-01 3.409990225659394358e+00 9.000000000000000000e+00 5.000000000000000000e+00 4.000000000000000000e+00 -2.385125339557918323e+03 1.015000000000000924e+01 2.375314622236988171e+01 -3.200490363886035805e+00 5.769815923651664541e-02
1.864945810173852747e+00 2.175949298389230346e+00 6.680960539599023029e+00 5.533393215308165303e+00 2.035689056072951697e+00 8.866809615119102261e-01 5.584373391371605377e-01 3.365061795213976747e+00 9.000000000000000000e+00 9.000000000000000000e+00 4.000000000000000000e+00 -2.266016921656115301e+03 1.292400000000036187e+02 1.258730760350711186e+01 -2.290695786221349728e+00 9.134599563567731562e-02
9.136704973721224698e-01 2.405221302249364701e+00 3.945177520687276562e+00 3.528376554910694907e+00 1.153777630854177616e+00 1.052054354457597540e+00 7.758250730847268128e-01 3.281467865169905185e+00 7.000000000000000000e+00 1.400000000000000000e+01 3.000000000000000000e+00 -4.805556281436764152e+02 4.201399999999720194e+02 1.690535175898065035e+01 1.184208384421445437e-01 6.251334256764322639e+00
7.195448614958717126e-01 2.469769288288413467e+00 2.738613857571698063e+00 6.447802515288782566e+00 2.001463220615188110e+00 2.491535515124472688e+00 8.918917924556322152e-01 2.470538966499524314e+00 4.000000000000000000e+00 1.200000000000000000e+01 2.000000000000000000e+00 -2.345281798806802271e+03 8.232000000000009265e+01 1.900761242542514751e+01 -2.277214077172138307e+00 5.629672784025608223e+00
1.235306030564376378e+00 2.069559618843668680e+00 4.672271340289957386e+00 7.176091186292756774e+00 1.803666956521774889e+00 9.416779210745003237e-01 5.058246937238417562e-01 2.271690724672512651e+00 1.100000000000000000e+01 1.100000000000000000e+01 4.000000000000000000e+00 -2.707777837085130841e+02 2.667500000000165983e+02 1.655024303581107553e-02 -1.048527152289890019e+00 6.275927281293967042e+00
1.251261573460524801e+00 1.410961741382780410e+00 3.101645169062852148e+00 6.469556107137405476e+00 3.227296226151432634e-01 5.930256920302801049e-01 4.828383329399226209e-01 2.072401772591350166e+00 5.000000000000000000e+00 1.200000000000000000e+01 4.000000000000000000e+00 -2.642975458331138725e+02 2.530800000000065495e+02 1.503560268066518602e-02 -1.056008140493032821e+00 6.831459259804020107e-03
1.297283057371986903e+00 2.706259398280353334e+00 2.766425020232795795e+00 4.794557300165276814e+00 5.507460596642932416e-01 4.874673053248734789e-02 4.112691416896693264e-01 2.683776320264549931e+00 5.000000000000000000e+00 1.000000000000000000e+01 4.000000000000000000e+00 -2.406286080727574245e+03 1.480999999999958732e+02 2.076475504547351747e+01 -1.022884762756186977e-01 6.276386780088008877e+00
1.311501474873519868e+00 2.154797934402041815e+00 5.096668730887307319e+00 7.962761754721991103e+00 1.034571859618706124e+00 9.755157502284287352e-01 5.874000636264249398e-01 2.426284718037608812e+00 7.000000000000000000e+00 1.300000000000000000e+01 4.000000000000000000e+00 -3.233631886376239777e+02 3.698499999999898478e+02 2.164958300502173652e-02 -1.050237507303106499e+00 4.091041174762466773e-03
1.891839612714440122e+00 1.844910969569065529e+00 3.497030509596879444e+00 3.418668701863984083e+00 1.435445204662238794e+00 5.761077727260488501e-01 3.513256579606503505e-01 2.938208426708412535e+00 2.000000000000000000e+00 2.000000000000000000e+00 4.000000000000000000e+00 -2.320757096974362412e+03 7.759999999999922515e+00 1.980481856089765458e+01 -1.390844904748156807e+00 6.281963507237027677e+00
9.358150484806105895e-01 2.484227680812258754e+00 5.314818775850818966e+00 5.836356307541265664e+00 1.536506472396746981e+00 1.485987432374057171e+00 5.902713968159691849e-01 2.455758969447314310e+00 1.000000000000000000e+01 7.000000000000000000e+00 3.000000000000000000e+00 -2.332870186595433552e+03 3.626000000000012591e+01 1.967126166221459371e+01 -9.234203672314421629e-01 6.249877195220380877e+00
6.256716888185684944e-01 1.207812169832794602e+00 4.144956953585346326e+00 2.943574240067778014e+00 1.724889570828784580e+00 1.038526142932115981e+00 5.658547217988376676e-01 2.951820191174943986e+00 1.100000000000000000e+01 1.400000000000000000e+01 4.000000000000000000e+00 -6.182025981503009007e+02 4.201399999999720194e+02 2.550828738439467713e+01 3.345620935991175382e-01 4.375692151847410116e-03
2.017483378036047714e+00 1.724680291080219918e+00 4.371245960806096953e+00 5.520813493173483799e+00 1.134818042143710182e+00 1.014756699010677110e+00 5.084424830161334841e-01 4.038410970520972754e+00 7.000000000000000000e+00 1.500000000000000000e+01 3.000000000000000000e+00 -2.373496254642721397e+03 5.279999999999967741e+01 2.169351591517009936e+01 -3.810581687980767462e+00 5.285411266804469932e+00
8.650109873130729099e-01 2.614165740002559968e+00 6.998997834049438538e+00 8.687694931795231668e+00 2.468789716613912333e+00 1.139651979464528786e+00 2.754394620887717360e-01 2.649631233791675644e+00 1.000000000000000000e+01 1.200000000000000000e+01 4.000000000000000000e+00 -4.519291329895911531e+02 3.601200000000105774e+02 1.699182081184911652e+01 6.973523620569625769e-02 6.338864649330311352e-03
1.477659493811030789e+00 2.643807426218481194e+00 4.176158246290431642e+00 3.404885063161013470e+00 4.907384704798783970e-01 1.017569137343250496e+00 4.868661200631965724e-01 3.330692523676346273e+00 6.000000000000000000e+00 9.000000000000000000e+00 4.000000000000000000e+00 -2.389319716874734695e+03 2.024999999999997513e+01 2.369966980467092554e+01 -2.772253285280522395e+00 2.195854784969849816e-01
1.057722042702236909e+00 1.830888975704666022e+00 4.124681245883295766e+00 9.203969870186487157e+00 1.368624467648909881e+00 1.102863033748670674e+00 8.078663288009590993e-01 2.583887773579698788e+00 7.000000000000000000e+00 1.200000000000000000e+01 4.000000000000000000e+00 -4.576764198231404634e+02 3.601200000000105774e+02 1.735102623894594842e+01 2.941886055731714189e-02 2.547013470985959316e-03
9.810006792154624122e-01 1.740795879879484698e+00 4.618313288349236601e+00 7.079647868219851148e+00 1.270056889332146000e+00 2.255088978022167789e-01 1.100352640271138327e-01 3.215688160743412460e+00 7.000000000000000000e+00 1.700000000000000000e+01 4.000000000000000000e+00 -5.509319343525104387e+02 5.101700000000154773e+02 1.849043339703141697e+01 -7.774277065196175118e-02 6.270426860722628781e+00
1.355992446497297887e+00 1.503401272623050122e+00 1.745093574548483906e+00 2.725905461179717548e+00 1.196400473183017343e+00 5.305300264307221125e-01 3.101811383043583392e-01 4.231581693607486372e+00 1.000000000000000000e+00 1.100000000000000000e+01 4.000000000000000000e+00 -2.355033788977632867e+03 4.014999999999984936e+01 2.093492431110206198e+01 -3.305736529269242663e+00 5.303978041557765977e+00
1.174002548394966761e-01 2.481172912595966729e+00 7.878748833191397516e+00 6.753235751908625240e+00 9.718191320575425562e-01 1.034886432344992446e+00 6.075215603335275549e-01 2.572443181111006005e+00 1.100000000000000000e+01 1.000000000000000000e+01 3.000000000000000000e+00 -5.065047170500033644e+02 3.000999999999997385e+02 2.227841981562522022e+01 1.110388848727262845e-01 6.281574136376827155e+00
1.884937295939356883e+00 9.322411821371309193e-01 4.964553275642265895e+00 8.615640446747462988e+00 1.715676099176329794e+00 5.338680404794352574e-01 4.687367144730277824e-01 2.655250002069685422e+00 8.000000000000000000e+00 1.600000000000000000e+01 4.000000000000000000e+00 -5.059846092697022186e+02 4.801600000000302657e+02 1.661903807935544108e+01 1.594705948109179372e-01 1.509237720577877393e-03
1.416318311671989072e+00 2.504146548322233823e+00 3.044535723108101610e+00 6.159328782206094921e+00 9.697571863936076397e-01 4.521749743862307769e-01 6.548484472168546455e-01 2.661514952600636530e+00 8.000000000000000000e+00 1.200000000000000000e+01 4.000000000000000000e+00 -2.935931832673185227e+02 3.601200000000105774e+02 7.095823954207075346e+00 6.551798225087546168e-02 3.331154897496553871e-03
8.440721897680426578e-01 2.972061326213220500e+00 1.710475027404919857e+00 9.043043080001680778e+00 2.268200934555967940e+00 1.549720257995007011e-01 7.551544073343980923e-01 2.925585303653526648e+00 1.100000000000000000e+01 9.000000000000000000e+00 5.000000000000000000e+00 -4.688405437609740147e+02 2.700900000000045225e+02 2.086222148506073282e+01 -9.754006908389400987e-03 2.779935023562235888e-02
1.495834984034213777e+00 1.179026406301424412e+00 5.782027945457005380e+00 5.036393651948937844e+00 2.248940093204454094e+00 1.723133216326923955e+00 6.078499948752615900e-01 3.237813475512153705e+00 9.000000000000000000e+00 1.200000000000000000e+01 3.000000000000000000e+00 -1.040488178716918810e+03 1.479600000000025659e+02 7.494665085317514519e-03 -1.318099451941193045e+01 3.058486295676181577e+00
8.806108835869304041e-01 1.319605173489090566e+00 4.415157956688478436e+00 5.942642807870926802e+00 1.729457480592316632e+00 7.932073857170818254e-02 4.257054347718285947e-01 2.747630523463426400e+00 8.000000000000000000e+00 9.000000000000000000e+00 4.000000000000000000e+00 -5.314601614446743270e+02 2.700900000000045225e+02 2.477594759029200588e+01 2.681828396871594952e-02 6.273469141819239425e+00
1.482821155352887388e+00 2.756822531845827484e+00 2.742259933216975476e+00 8.614468749002812231e+00 1.739747274028597745e+00 3.971003558369074482e-01 8.380521851439993730e-01 2.481222286742566396e+00 2.000000000000000000e+00 7.000000000000000000e+00 4.000000000000000000e+00 -3.911209974057063619e+02 2.100699999999860097e+02 1.788037483785708304e+01 -4.242302049658780438e-02 1.694231176711140548e-03
9.428780593801749932e-01 1.032643357801567463e+00 6.091417736757341217e+00 4.765000061700225054e+00 1.849612596706440737e+00 7.462961506871925721e-01 7.435553868404218836e-01 2.176562815585745270e+00 9.000000000000000000e+00 1.400000000000000000e+01 2.000000000000000000e+00 -6.041389802171811425e+02 4.201399999999720194e+02 2.462931126357469225e+01 -2.091278945966026925e-02 3.119587474939514854e-04
1.111766295524414083e+00 2.134226201291109071e+00 6.750970211480193051e+00 9.251440116767852828e+00 1.711124884928918455e+00 2.729716961911651252e-01 3.248428090640786414e-01 3.053204695939266244e+00 9.000000000000000000e+00 9.000000000000000000e+00 3.000000000000000000e+00 -2.392015518952938237e+03 4.842000000000057724e+01 2.298784493455862687e+01 -1.571409269365445782e+00 1.889949014231747382e-01
1.091559355104624984e+00 1.990150542154168978e+00 3.786585978186708168e+00 6.618093191954407928e+00 1.546112446180598399e+00 1.451286852942720529e+00 7.780719900951869050e-01 2.004677747783399688e+00 6.000000000000000000e+00 6.000000000000000000e+00 2.000000000000000000e+00 -1.560066949515702390e+02 1.800600000000052887e+02 4.123543434472974667e+00 -1.988634691571969260e+00 6.268231263486558902e+00
5.318723457040498426e-01 1.284745806243998478e+00 1.416416162279863000e+00 8.296804829505893153e+00 2.082220212346898691e+00 6.970855591438469556e-01 6.491072848211841828e-01 3.481334972806227945e+00 7.000000000000000000e+00 6.000000000000000000e+00 4.000000000000000000e+00 -7.350166193616759358e+01 1.464000000000040131e+02 1.885387101034947943e-02 -9.796566481078063937e-01 7.140346597847013754e-04
