6.160532769143267640e-01 1.678045649369821035e+00 4.860362492253353039e+00 4.473190487525611658e+00 1.469689266376153824e+00 9.620062308957626485e-01 8.758836030951964169e-01 3.681377406360518911e+00 1.000000000000000000e+01 8.000000000000000000e+00 4.000000000000000000e+00 -1.441763011195237141e+02 2.400800000000151329e+02 1.508518819969759894e+00 -2.391252250999488516e-02 6.281282102010872670e+00
1.355886525854246516e+00 2.234485856913932533e+00 4.940814701740169568e+00 6.688580875529798853e+00 1.972601281573032939e+00 1.277528350131399426e+00 8.288118914553955774e-01 2.004498269300909463e+00 8.000000000000000000e+00 9.000000000000000000e+00 4.000000000000000000e+00 -4.961595907385536748e+02 2.700900000000045225e+02 2.256966192115946157e+01 -6.095079146694212802e-02 3.781699651560226257e-03
1.822465928538345437e-01 2.221696301426876463e+00 5.025609900712451505e+00 6.120817587798430104e+00 1.432211194073336191e+00 1.472061315357892752e+00 5.480797902969076763e-01 2.076434574921275811e+00 9.000000000000000000e+00 1.300000000000000000e+01 4.000000000000000000e+00 -4.663563642238767670e+02 3.901299999999891384e+02 1.695571026399263914e+01 4.254172919519707413e-02 5.630784743370753631e-03
1.091492717343076180e+00 1.119566971423700208e+00 1.036643179926902025e+00 9.694133137332993755e+00 9.812682127248848474e-01 8.211174510409727789e-01 9.595260587675149555e-01 3.886740469842419721e+00 3.000000000000000000e+00 1.300000000000000000e+01 5.000000000000000000e+00 -2.269844822576264960e+03 4.667000000000020776e+01 1.540686391101653641e+01 -6.084665653780199079e+00 5.288551535755724453e-01
1.515231967813206904e+00 1.896845978297121205e+00 4.480287070495135637e+00 5.327990132768208653e+00 1.737611517199419087e+00 7.517452065575358500e-01 2.478197041020756275e-01 2.976245702171236296e+00 7.000000000000000000e+00 1.100000000000000000e+01 5.000000000000000000e+00 -2.325053268586142110e+02 3.301100000000244563e+02 4.215645428662623928e+00 -1.484055368171710132e+00 6.281705580817507517e+00
7.156485344055680820e-01 2.357354695771132214e+00 2.713564449731028283e+00 7.175717041762615267e+00 1.583280787898860842e+00 6.567503803567456000e-01 5.223299119963149550e-01 3.410193525972367912e+00 8.000000000000000000e+00 7.000000000000000000e+00 1.000000000000000000e+00 -2.171538851211903136e+02 1.600899999999908800e+02 2.141634041378030068e-02 -9.968432639007047680e-01 6.842705612258193071e-03
1.003288065389988937e+00 2.358168074344829890e+00 6.501285766129008437e+00 4.618413520902725722e+00 2.126776510018057564e+00 4.048231083119435691e-01 4.051417528982075855e-01 2.877231001278278466e+00 5.000000000000000000e+00 5.000000000000000000e+00 2.000000000000000000e+00 -2.547751573370204028e+02 1.500499999999998693e+02 1.123438483356377837e+01 -7.209779853547862438e-02 6.278983647179714467e+00
6.122472247521424382e-01 2.901390296377040379e+00 4.137037059085598045e+00 5.580506774484946142e+00 1.793617696449932186e+00 9.278293500677429195e-01 8.493358896667148050e-01 2.407535902648274995e+00 5.000000000000000000e+00 1.000000000000000000e+01 3.000000000000000000e+00 -5.645830609196701744e+02 3.000999999999997385e+02 2.590831630747939585e+01 1.005319011230321191e-02 3.521237024253047465e-04
7.862248501832005410e-01 2.482219087432556037e+00 3.944126338404482457e+00 4.430909624884626474e+00 1.587968728858713874e+00 4.397945409264916172e-01 5.614902729816397819e-01 3.029473233811442956e+00 6.000000000000000000e+00 1.000000000000000000e+01 2.000000000000000000e+00 -4.333662143859290836e+02 3.000999999999997385e+02 1.770726339912057412e+01 -3.242099420597436832e-01 9.228380662263694842e-03
1.332593362253705394e+00 1.501006060514622265e+00 5.417886634346732677e+00 4.979242483461995938e+00 2.578767623252456787e+00 3.196281298399706317e-01 4.494603092030167724e-01 2.941662698890066263e+00 8.000000000000000000e+00 1.000000000000000000e+01 2.000000000000000000e+00 -5.432104700862447544e+02 3.000999999999997385e+02 2.457252938039030710e+01 -4.142958449969635915e-01 2.620912165646000630e-02
5.998437470816262440e-01 2.771133382544571866e+00 6.695237144248300964e+00 5.526558016307406618e+00 1.684697048624998583e+00 1.454125532063870851e+00 4.755420473016804261e-01 2.944662906843299677e+00 6.000000000000000000e+00 5.000000000000000000e+00 3.000000000000000000e+00 -2.331326151266320721e+03 2.525000000000022382e+01 1.991882195414502377e+01 -3.538024119261912181e-01 5.086351193591483799e+00
2.140223924704375946e+00 2.871738297745148216e+00 2.001916640869675579e+00 4.341883755260951716e+00 2.264526102328074497e+00 2.842102791688369545e-01 6.354940677656655268e-01 3.193763699973747539e+00 3.000000000000000000e+00 7.000000000000000000e+00 3.000000000000000000e+00 -5.056508465426327348e+02 2.100699999999860097e+02 2.503849040891498134e+01 9.408936146576739323e-02 4.251963164760309832e-02
1.926260244556759371e+00 1.466945076900950440e+00 2.008441839771654802e+00 8.352351046920137634e+00 1.688349475713641690e+00 2.952003759579531206e-01 6.195665506073355644e-01 2.482353977508271470e+00 1.100000000000000000e+01 1.400000000000000000e+01 4.000000000000000000e+00 -3.298957498363931222e+02 3.810799999999758256e+02 2.015795308047181253e-02 -1.046354503737126684e+00 1.162341160299371762e-03
1.312940806082901979e+00 1.800898530385235397e+00 1.227133969623253718e+00 1.004673621633954905e+00 1.900211011847680265e+00 5.966266377006141930e-01 8.395562577716195740e-01 3.279430996466329518e+00 6.000000000000000000e+00 5.000000000000000000e+00 3.000000000000000000e+00 -2.389989117469906887e+03 1.085000000000001918e+01 2.403525734186916907e+01 -5.828917444051370800e-02 5.745358505748699329e+00
1.247280053644516773e+00 2.746706080512810288e+00 3.184739112340325029e+00 7.662494537694777286e+00 2.195635655618676463e+00 4.295902447047316164e-01 5.527465670643962881e-01 4.027792987315886641e+00 1.000000000000000000e+01 1.100000000000000000e+01 5.000000000000000000e+00 -2.083184564266546772e+02 3.301100000000244563e+02 2.703966026665152622e+00 1.683349281596275560e-01 2.409403161657038689e-02
9.524956244170512676e-01 1.834702722931061514e+00 4.740247978913878946e+00 5.648928685708256126e+00 1.204238388939337989e+00 8.453835352200279596e-01 5.714182116820027968e-01 2.495586375491120279e+00 7.000000000000000000e+00 1.100000000000000000e+01 4.000000000000000000e+00 -4.619956811736805662e+02 3.301100000000244563e+02 1.855879257335427113e+01 -4.795659814347771194e-02 6.282478207538479964e+00
1.248938359677049803e+00 2.219556242734283202e+00 5.021375337287955709e+00 8.229082553294256641e+00 1.964268012381784612e-01 4.185961580175348029e-01 4.930235509003488836e-01 3.536678093764984876e+00 3.000000000000000000e+00 1.300000000000000000e+01 5.000000000000000000e+00 -2.268559248487185869e+03 7.631000000000011596e+01 1.440026553044911140e+01 -4.179707774961930689e+00 5.031944173516665231e+00
3.809068404090509841e-02 7.872175125263249917e-01 4.233032937804127371e+00 5.254521901360962310e+00 1.330664448832170166e+00 1.196017014384758159e+00 6.517754396383642623e-01 3.589660821677058689e+00 7.000000000000000000e+00 5.000000000000000000e+00 5.000000000000000000e+00 -2.214701169784906597e+03 4.464999999999960067e+01 1.202351061155667189e+01 -4.532188970317001520e+00 1.837796680736736743e+00
1.351219770521348673e+00 2.011125143706458118e+00 1.778260769403898989e+00 7.192777205332160584e+00 1.699737501599743128e+00 1.130069117381541810e+00 4.697292684710731026e-01 3.787915456214176579e+00 8.000000000000000000e+00 1.000000000000000000e+01 3.000000000000000000e+00 -2.365472015543818088e+03 2.780000000000012506e+01 2.197325097148863193e+01 -1.712138846222311273e+00 5.287181501552582930e+00
2.029506990967471225e+00 2.743183117443015462e+00 6.069121536489245017e+00 2.627962691560615127e+00 2.219061484416518404e+00 6.223004320116524157e-01 3.867479092022850784e-01 3.516558360954203266e+00 9.000000000000000000e+00 1.700000000000000000e+01 3.000000000000000000e+00 -6.574355808649810342e+02 5.101700000000154773e+02 2.514691130406083275e+01 2.142068629732232776e-01 6.272343759726651591e+00
1.160752333059592356e+00 2.125504088745626241e+00 2.425036675797520580e+00 9.411385826589997450e+00 1.192306746261371897e+00 7.456492244811410153e-01 7.930233751383828356e-01 3.608508419757112229e+00 2.000000000000000000e+00 1.600000000000000000e+01 4.000000000000000000e+00 -2.403104077200690426e+03 4.367999999999977234e+01 2.382900482504316386e+01 -5.843637719080207127e+00 1.562131454080600390e+00
1.142007075827537133e+00 1.708680873679988110e+00 7.036351249660834917e+00 6.357141072555068995e+00 2.135062731784071577e+00 7.285736993435357745e-01 6.704733355293814867e-01 2.530033011421124911e+00 1.000000000000000000e+01 1.600000000000000000e+01 4.000000000000000000e+00 -5.683745141662852802e+02 4.801600000000302657e+02 2.051840713539188243e+01 -1.525345135681124842e-02 6.279580974744185973e+00
2.093259154520829002e-01 2.699644673056004862e+00 5.535011452118657971e+00 7.618056123175553473e+00 1.136149528650912233e+00 1.028136965049318619e+00 5.481344633258763421e-01 3.354219646233763008e+00 9.000000000000000000e+00 1.600000000000000000e+01 4.000000000000000000e+00 -5.925047035978110443e+02 4.801600000000302657e+02 2.202654397486224624e+01 3.614118971790708512e-02 4.686342220990624696e-03
1.009528855304014039e+00 1.611804934223703523e+00 4.727870629681961034e+00 3.698362249439417049e+00 2.462333013791618175e+00 2.871123139852091999e-01 3.605504084600802961e-01 3.117594531294544780e+00 9.000000000000000000e+00 1.400000000000000000e+01 3.000000000000000000e+00 -5.995973388867214453e+02 4.201399999999720194e+02 2.434545868042096473e+01 -2.148515559170874056e-01 6.257107846163652454e+00
5.559362276563932781e-01 1.828350519626708026e+00 4.575741291402802169e+00 7.971869433859874121e+00 1.927803313901593985e+00 3.938451118861775457e-01 6.318371444964766548e-01 3.291759404051490367e+00 1.000000000000000000e+01 1.400000000000000000e+01 5.000000000000000000e+00 -4.811652586545914687e+02 4.201399999999720194e+02 1.694345366591284119e+01 7.145843117755316942e-02 6.274740403713169989e+00
1.288127059078183478e+00 1.580358362335979372e+00 5.236463508809097611e+00 5.912823785593090520e+00 1.604195875432305574e+00 7.217769116400218898e-01 4.280860072338710798e-01 2.988942307112800290e+00 9.000000000000000000e+00 9.000000000000000000e+00 5.000000000000000000e+00 -1.485159534229235874e+02 2.700900000000045225e+02 8.419345889325836607e-01 -5.296279613087465643e-01 3.267610832390272640e-02
7.706352890084678942e-01 2.061064600825949000e+00 4.497028544288609098e+00 3.952834892028183500e+00 1.863275604747936409e+00 4.409394403849468125e-01 4.218546826832250130e-01 3.457604149317189624e+00 9.000000000000000000e+00 4.000000000000000000e+00 4.000000000000000000e+00 -2.388216823354733151e+03 8.679999999999990834e+00 2.399230145967082350e+01 -2.502904290476699600e-01 6.070162682112039576e+00
7.317817788280289726e-01 1.950764810161653706e+00 5.288238350256706966e+00 7.898454666526933288e+00 6.294084040405695246e-01 1.086242488807131368e+00 8.068141764200166266e-01 2.034985754611532194e+00 9.000000000000000000e+00 1.100000000000000000e+01 3.000000000000000000e+00 -2.898444172125992395e+02 3.020600000000209775e+02 2.379787369745427206e-02 -1.058907615344258035e+00 6.279853294247755180e+00
2.371743601821836744e+00 2.236469240665912572e+00 5.892902568965458165e+00 4.855784102315526596e+00 2.177690425409424257e+00 2.137595080403287273e-02 3.877526182377936670e-01 2.752187779771998244e+00 8.000000000000000000e+00 1.300000000000000000e+01 2.000000000000000000e+00 -4.612460819747660707e+02 3.901299999999891384e+02 1.663631762342322062e+01 4.456052694667246572e-02 3.408515687439346315e-04
7.544386647275337365e-01 1.734858163670990994e+00 3.571676859108261937e+00 3.569891282231063556e+00 2.185342697334700990e+00 2.029502130904798363e-01 2.552406680053673771e-01 3.808451842990387082e+00 9.000000000000000000e+00 1.300000000000000000e+01 3.000000000000000000e+00 -5.853786119564139199e+02 3.901299999999891384e+02 2.439460074727621119e+01 2.014947243153101253e-01 6.236395289131472452e+00
6.761350945972040005e-01 1.040940796688729186e+00 2.582469033870388841e+00 6.138461052853743105e+00 2.483497545005178164e+00 1.018078408169426297e+00 7.911052105579172711e-01 2.751647370482067423e+00 8.000000000000000000e+00 8.000000000000000000e+00 4.000000000000000000e+00 -2.867463744867266087e+02 2.400800000000151329e+02 1.041914840541993925e+01 -1.242404160223981868e-01 6.276912206020466733e+00
1.150260208042816812e+00 1.703825304536128460e+00 4.655687738493767824e+00 6.732525248105430293e+00 7.651467321607425820e-01 2.930618786826444389e-01 9.131187993080868148e-01 3.172965445815718599e+00 1.100000000000000000e+01 8.000000000000000000e+00 4.000000000000000000e+00 -2.391558014562347125e+03 1.943999999999993733e+01 2.386487591014668297e+01 -1.808686213986009150e+00 8.364346225376061497e-03
1.369368971355212405e+00 2.475559618369925552e+00 6.635136136945980923e+00 8.250667896183710326e+00 1.568683575826237409e+00 5.789642451011269841e-01 8.142696929482614587e-01 3.042919593752299701e+00 6.000000000000000000e+00 9.000000000000000000e+00 3.000000000000000000e+00 -3.322858873917149936e+02 2.700900000000045225e+02 1.232755546198204577e+01 -2.163476297724847175e+00 2.138717122621162578e-02
7.714670039707864913e-01 1.545502885519849823e+00 1.586236825789452132e+00 6.614779085568738282e+00 2.395385664935864689e+00 4.043267466860370196e-01 4.292662771547580136e-01 2.951677284059285533e+00 6.000000000000000000e+00 4.000000000000000000e+00 4.000000000000000000e+00 -2.270673255824603530e+03 3.311999999999947164e+01 1.588207848903773467e+01 -2.314814731562430117e-01 5.918685727419301656e+00
1.123114508603831885e+00 1.528366545705027280e+00 4.232266022542448880e+00 6.645268607021582952e+00 1.438976951398344806e+00 5.475489897004930384e-01 7.932354514850306071e-01 3.040662189814244520e+00 5.000000000000000000e+00 1.200000000000000000e+01 5.000000000000000000e+00 -4.636486033943982648e+02 3.601200000000105774e+02 1.772428771214956100e+01 -2.401857820149605194e-01 1.066197133966273469e-02
1.332315516546529466e+00 2.373542768734296704e+00 6.624306726996402439e+00 7.342412545786388023e+00 9.462997597004788597e-01 8.825056660717277568e-01 7.109548151772147051e-01 3.420166900761248741e+00 4.000000000000000000e+00 7.000000000000000000e+00 3.000000000000000000e+00 -2.263752656353046007e+02 1.889299999999880697e+02 1.553281387658409125e-02 -1.004140782973789614e+00 2.313929974090816327e-02
6.040471751493500241e-01 2.401468845840132982e+00 3.546800267577492782e+00 3.008010675077784413e+00 1.914116976842575868e+00 1.176497328231601580e+00 8.081865634147435973e-01 2.130334748873986772e+00 6.000000000000000000e+00 5.000000000000000000e+00 3.000000000000000000e+00 -2.229682371464549306e+03 1.401499999999976183e+02 9.975460716534403360e+00 -2.373249265464740354e+00 1.240810063704719024e+00
1.609711819207884309e+00 2.154139121168209936e+00 1.984499017691757627e+00 4.406135840850557983e+00 2.028093675271164464e+00 5.986889198696704328e-01 1.774909097419641313e-01 3.118372665442280312e+00 5.000000000000000000e+00 9.000000000000000000e+00 4.000000000000000000e+00 -1.652415600777987095e+02 2.700900000000045225e+02 1.887285004862278015e+00 -6.784799921465802797e-01 6.218537120313487598e+00
5.688557859717877641e-01 2.786614393131544354e+00 3.514987357871496965e+00 3.325206556326129714e+00 2.157342105020715994e+00 8.945371270125408447e-01 4.830380600572273808e-01 3.355386639177557306e+00 4.000000000000000000e+00 4.000000000000000000e+00 3.000000000000000000e+00 -2.265433614612666133e+03 3.019999999999953388e+01 1.564585091329164257e+01 -3.814545361486402442e+00 1.296143083738401147e+00
1.634159550404600703e+00 2.223806109458710711e+00 2.085337953199244865e+00 8.888282312238850125e+00 8.211766981993048331e-01 1.479522540448745538e+00 1.152079446195471424e-01 2.586678113717027383e+00 9.000000000000000000e+00 7.000000000000000000e+00 5.000000000000000000e+00 -2.362425176005927824e+03 2.709000000000008868e+01 2.180501100037048445e+01 -1.320659651643157684e+00 1.636728806701626127e-02
1.122743458959832186e+00 2.471068451517829168e+00 5.118203160216380887e+00 9.003176985608709160e+00 8.611073711078767179e-01 1.621309950651264931e+00 4.668240142314751817e-01 2.448590639269521141e+00 9.000000000000000000e+00 1.000000000000000000e+01 4.000000000000000000e+00 -2.359161398224819550e+03 5.360000000000049170e+01 2.077258738905120339e+01 -5.390397177963374142e-01 5.097195518480558685e-02
1.270947537573928754e+00 1.589771164528617442e+00 5.310402166879408803e+00 5.469569086028331917e+00 8.918051956880113096e-01 7.984881135811575659e-01 5.328265708490278474e-01 3.429512426729161234e+00 7.000000000000000000e+00 3.000000000000000000e+00 4.000000000000000000e+00 -2.382506165619235162e+03 6.210000000000007070e+00 2.371257285120219649e+01 -3.470270497622650829e+00 2.407305120413746544e-02
4.722950613464728109e-01 2.022686578437093097e+00 4.379048849581987035e+00 3.758297296848771119e+00 1.515656499067373320e+00 1.559818925208283469e+00 8.288767345900612815e-01 2.164370470327924068e+00 3.000000000000000000e+00 3.000000000000000000e+00 2.000000000000000000e+00 -1.998334257696784846e+02 9.003000000000264436e+01 9.676151610604822650e+00 -1.494026778380220133e+00 6.274143537622554057e+00
1.186875823641186933e+00 1.279329216903718702e+00 5.963758625618193143e+00 4.551314700237798050e+00 1.483212850092108681e+00 7.094631708138348092e-01 5.505917505451631833e-01 2.555629537306198351e+00 7.000000000000000000e+00 1.200000000000000000e+01 4.000000000000000000e+00 -3.563669050318503082e+02 3.601200000000105774e+02 1.101918156449031372e+01 -1.222896875575937847e-01 6.272901861518616506e+00
1.561974164666917408e+00 2.123691988761604144e+00 3.713557611581251194e+00 7.731458715953626104e+00 1.256805257535087428e+00 2.840792679173104740e-01 1.285315136693633287e-01 2.355923860638122314e+00 3.000000000000000000e+00 1.000000000000000000e+01 2.000000000000000000e+00 -5.457121234305367352e+02 3.000999999999997385e+02 2.472888271440855235e+01 -3.934803557734423141e-02 6.281641841498790235e+00
1.801943678076681987e+00 1.327460250289314247e+00 3.161006438369367899e+00 8.279839980708112890e+00 1.238129965709711344e+00 1.111731883869739868e-01 8.483831252740507978e-01 3.638257449956343148e+00 1.000000000000000000e+01 1.300000000000000000e+01 4.000000000000000000e+00 -2.401004733107411539e+03 3.744000000000002615e+01 2.389279581921322659e+01 -2.581150250921308009e-01 6.282649238897715982e+00
1.657644027547422461e+00 1.975163667199562489e+00 3.065128540271308211e+00 5.852408142285220549e+00 3.602141203132096514e-01 1.139483646673336237e+00 6.822967470303912263e-01 2.476410039703360599e+00 8.000000000000000000e+00 1.600000000000000000e+01 2.000000000000000000e+00 -2.407459093826159005e+03 5.231999999999958817e+01 2.383119336413496470e+01 -1.444651965055566478e+00 2.052642303158759007e-01
5.318723457040498426e-01 1.284745806243998478e+00 1.416416162279863000e+00 8.296804829505893153e+00 2.082220212346898691e+00 6.970855591438469556e-01 6.491072848211841828e-01 3.481334972806227945e+00 7.000000000000000000e+00 6.000000000000000000e+00 4.000000000000000000e+00 -7.350166193616759358e+01 1.464000000000040131e+02 1.885387101034947943e-02 -9.796566481078063937e-01 7.140346597847013754e-04
