1.825998776305867710e-01 1.305413007010535198e+00 6.617803156320111846e+00 6.569081562947776121e+00 1.973333986189435674e+00 6.234212903536568984e-01 1.353676381875755785e-01 2.434205699902856512e+00 8.000000000000000000e+00 1.300000000000000000e+01 5.000000000000000000e+00 -5.453613806414090277e+02 3.901299999999891384e+02 2.189352379008840188e+01 -2.519862801636080230e-01 3.459990469327035856e-02
9.885318076988878211e-01 1.464224239092390301e+00 4.547866505139931625e+00 7.913178183506261121e+00 1.218499719578560292e+00 2.980657851438237027e-01 7.254241807189456548e-01 3.168826060764540209e+00 8.000000000000000000e+00 1.700000000000000000e+01 4.000000000000000000e+00 -5.294874115196896582e+02 5.101700000000154773e+02 1.715015071998011820e+01 -1.644927647749254707e-01 1.316418024935028797e-02
1.793718185705197588e-01 1.812299053877650667e-01 4.530318340259809951e+00 2.169400229851612849e+00 1.844279012508633464e+00 9.056651705412254172e-01 3.066653085557433656e-01 2.090314698843154684e+00 3.000000000000000000e+00 1.200000000000000000e+01 2.000000000000000000e+00 -6.123301570113036405e+02 3.601200000000105774e+02 2.701688481320614699e+01 -1.798688859966485198e-01 6.282418416995260380e+00
7.923834081080733949e-01 1.071769188020504915e+00 5.014054320045887359e+00 5.799251402860670090e+00 2.444624199986836999e+00 8.849638215853774525e-01 6.031739686684775004e-01 3.689931278235776713e+00 8.000000000000000000e+00 1.800000000000000000e+01 5.000000000000000000e+00 -6.262218066644747978e+02 5.401800000000090449e+02 2.225823791652939221e+01 -7.496934280912569137e-02 6.238926713818419678e+00
3.551094342941596427e-03 1.520999312648931845e+00 2.767100291654128963e+00 6.929833952581605949e+00 9.060549775793496075e-01 7.771311455187115413e-01 4.063627361963100260e-01 2.179667958805184380e+00 7.000000000000000000e+00 1.100000000000000000e+01 3.000000000000000000e+00 -5.310347014583342116e+02 3.301100000000244563e+02 2.287373134114512752e+01 -1.670037322277455050e-01 2.931226513799740918e-04
1.481266997997683799e+00 1.907547628130243256e+00 3.080908041763151139e+00 7.792195351625062827e+00 1.474088415146552533e+00 4.543816794528390823e-01 4.134005724433045814e-01 3.453270189541150170e+00 7.000000000000000000e+00 7.000000000000000000e+00 5.000000000000000000e+00 -2.300988885811436376e+03 4.242000000000015092e+01 1.748618036321475699e+01 -1.852153430204646511e+00 4.259618592115256286e-01
1.867301616200530701e+00 1.321763819823496888e+00 5.130318672964177651e+00 3.837061199275778822e+00 1.774043193967247856e+00 1.556713089395376004e+00 4.820443256568212043e-01 2.205304133626170504e+00 1.000000000000000000e+00 1.000000000000000000e+01 2.000000000000000000e+00 -4.604715051580357112e+02 3.000999999999997385e+02 1.940134407237724190e+01 6.043870362370494520e-02 6.282851854614336595e+00
1.512573601388341515e+00 1.885921219237196578e-02 2.726505551912913994e+00 4.963349275198441823e+00 2.344581017421185187e+00 9.087476135958741930e-01 3.208838387317883845e-01 3.064282996580144580e+00 6.000000000000000000e+00 1.300000000000000000e+01 4.000000000000000000e+00 -2.389161386704156030e+03 3.031599999999921806e+02 1.484883666900996957e+01 -4.120036399391840298e+00 5.036730819978942009e+00
9.976136930118100210e-01 1.642927721077913406e+00 9.545958399897408242e+00 4.520313678216209219e+00 1.339044662906557992e+00 9.574369423889046438e-01 5.712002022341740037e-01 2.275867036779226638e+00 1.100000000000000000e+01 1.600000000000000000e+01 5.000000000000000000e+00 -5.665909516250610523e+02 4.801600000000302657e+02 2.040693447656537174e+01 -1.725642884048458892e-03 6.270372653206524483e+00
9.307610866864172161e-01 1.141469416662897807e+00 5.513625011249374985e+00 7.058274458065022294e+00 4.496019120918726131e-01 1.128871229037708090e+00 4.617147156934394148e-01 4.255274509886904255e+00 1.100000000000000000e+01 1.600000000000000000e+01 5.000000000000000000e+00 -2.352954401674415294e+03 4.175999999999981327e+01 2.075465010465097393e+01 -6.375488959890264873e+00 3.503058538532964228e+00
2.091965501000064842e-01 1.138552116667030045e+00 7.414139208275067006e+00 7.267238715745095057e+00 4.846119220265173722e-01 2.136310687030333333e-01 3.969334036526601106e-01 4.904491510544348287e+00 8.000000000000000000e+00 1.000000000000000000e+01 3.000000000000000000e+00 -2.194536094027285799e+03 6.110000000000059828e+01 1.024913087670534395e+01 -2.631824603472584290e+00 3.393936512560543628e-01
1.948378233941123971e+00 9.776960307468183231e-01 8.942706777191359535e+00 6.159125260696971971e+00 2.450541717924195506e+00 1.074601236938495852e+00 5.597123541572635030e-01 3.565467372448171357e+00 8.000000000000000000e+00 1.400000000000000000e+01 3.000000000000000000e+00 -2.380849997398890991e+03 3.455199999999792908e+02 1.300562483743133946e+01 -2.443392840983968028e+00 5.419910788956865400e-01
1.767337376039191943e+00 2.098748865425768440e+00 4.363157614016169639e+00 1.884547768604587503e+00 1.821273402942981789e+00 7.580542952953217561e-01 4.595305476184318172e-01 2.400066436996533437e+00 7.000000000000000000e+00 1.300000000000000000e+01 2.000000000000000000e+00 -5.651350332878122344e+02 3.901299999999891384e+02 2.312937708048860586e+01 -2.835213461066014157e-02 6.271478021604878883e+00
1.292420638948425626e+00 1.404377456769028809e+00 2.551625060936892453e+00 4.236121043265781871e+00 2.141916985384008321e+00 6.554056765521323324e-01 3.608896684626190510e-01 2.876852996181651356e+00 2.000000000000000000e+00 1.200000000000000000e+01 2.000000000000000000e+00 -4.708791544529424868e+02 3.601200000000105774e+02 1.817619715330857488e+01 6.057198835766180317e-02 6.276793903290309729e+00
7.854506563880119252e-01 1.585894598301510250e+00 7.196960999225930244e+00 4.950772435257674076e+00 1.127703551972982776e+00 6.413451620674013309e-01 5.091283230899270595e-01 2.509372698829859694e+00 9.000000000000000000e+00 1.000000000000000000e+01 4.000000000000000000e+00 -2.664055231457559785e+02 2.593999999999904844e+02 2.349287773634207988e-02 -1.016192241517057671e+00 8.598795464172716979e-03
7.837259463064998322e-01 1.336198420395260378e+00 4.981831490038460153e+00 5.299503214426045439e+00 2.026744547729315116e+00 8.787422192492488904e-02 6.080600047493979199e-01 2.023234462640676856e+00 9.000000000000000000e+00 4.000000000000000000e+00 3.000000000000000000e+00 -2.303878950120164518e+03 4.167999999999928917e+01 1.768993438251030881e+01 -1.361137587319591447e+00 1.938830501949744822e-01
6.714263594666169954e-01 1.171760189645397077e+00 5.501334082216221333e+00 7.623093993213774233e+00 2.788506085912358934e+00 1.057914456869616826e+00 8.504612818886971848e-01 2.689986524846385674e+00 4.000000000000000000e+00 6.000000000000000000e+00 4.000000000000000000e+00 -2.214215213718385712e+03 8.958000000000187413e+01 1.058907585739904000e+01 -8.857365459050733136e+00 1.256926252717171177e+00
3.659619200187882448e-01 1.504163585667428915e+00 3.842137559261407986e+00 7.581937463494316631e+00 1.815974852613132740e+00 9.535259603957731978e-01 6.967879266112385617e-01 2.353848668270009270e+00 6.000000000000000000e+00 1.200000000000000000e+01 3.000000000000000000e+00 -5.355500703367415554e+02 3.601200000000105774e+02 2.221812939604602022e+01 -7.380735674665273027e-02 2.315496976675213148e-03
1.125035049685040089e+00 1.275984103388411395e+00 4.505535272321543161e+00 6.991552075824829515e+00 1.590796066856136504e+00 1.926107649702135660e-02 6.652225623005958433e-01 3.151373272291118521e+00 8.000000000000000000e+00 8.000000000000000000e+00 3.000000000000000000e+00 -2.400638263203730105e+02 2.246400000000127193e+02 1.476623201192532077e-02 -1.058896023117260166e+00 3.812951778902536060e-02
8.495684565475449812e-01 2.230410196032027059e+00 5.962664670503755815e+00 3.662778635892431911e+00 1.172005797421981743e+00 1.627308915909473352e-01 6.158016956024220390e-01 2.484858257865299347e+00 1.000000000000000000e+01 7.000000000000000000e+00 2.000000000000000000e+00 -2.394498939329099812e+03 2.373000000000007503e+01 2.391462120806874125e+01 -3.817437443031961863e-01 6.243897009607495718e+00
1.853736189646765453e+00 1.666305142562320540e+00 4.212408629982995478e+00 4.279701922687342730e+00 1.178965847041783199e+00 4.865830863027520437e-02 6.604473071080678714e-01 2.185299032481328840e+00 2.000000000000000000e+00 8.000000000000000000e+00 1.000000000000000000e+00 -4.897739836277495442e+02 2.400800000000151329e+02 2.310837397673387272e+01 1.639554939847792658e-01 3.628901729098183218e-03
1.101584647462728883e+00 1.089959094318203592e-01 6.913851807011202055e+00 6.993381256959034786e+00 8.150409463286488743e-01 2.108090755007112627e-01 3.130997700976513309e-01 4.341110436641848480e+00 6.000000000000000000e+00 5.000000000000000000e+00 5.000000000000000000e+00 -2.263184432905485210e+03 2.190000000000017621e+01 1.576465205659282098e+01 -1.754825729085849995e+00 4.246620233112918807e-01
1.150905200135937223e+00 1.290794072088741196e+00 1.408882090530303444e+00 2.260989287216462529e+00 4.796371620345816211e-01 3.462688124433239700e-01 6.535438355192890736e-01 2.653235539671575882e+00 7.000000000000000000e+00 1.000000000000000000e+01 1.000000000000000000e+00 -2.169639483895009562e+03 9.459999999999890008e+01 7.646217743438119996e+00 -2.218354175884191370e+00 3.494700093255015960e-01
5.092911890870355229e-01 6.705652657386825810e-01 4.665607647978811556e+00 6.822337720866455513e+00 2.263428641190531998e+00 1.165187793858513787e+00 5.486957703639855355e-01 2.617830443549780561e+00 9.000000000000000000e+00 1.800000000000000000e+01 4.000000000000000000e+00 -5.606603829426643415e+02 5.401800000000090449e+02 1.816064893391623869e+01 -9.961172830137510203e-02 7.354510276208101396e-03
1.321048581855354120e-01 1.121192819551761310e+00 7.063345012048605653e+00 4.904751028980141037e+00 2.877430347388314047e+00 5.755872406151347764e-01 6.276788144091357546e-01 2.886040712348633352e+00 8.000000000000000000e+00 8.000000000000000000e+00 4.000000000000000000e+00 -5.006072455072846878e+02 2.400800000000151329e+02 2.378545284420481920e+01 9.808705657110891596e-02 8.789946575136653450e-03
1.609196142867580059e+00 1.241411580103618295e+00 6.859790104216310525e+00 8.607483674859018663e+00 2.114975184777314610e+00 7.436600317722001918e-01 6.607776119585294650e-01 3.090075427012295872e+00 7.000000000000000000e+00 9.000000000000000000e+00 5.000000000000000000e+00 -4.679043481034642014e+02 2.274300000000073396e+02 8.483468303880383615e-03 -2.373441129497740221e+00 4.942447419256684960e+00
8.447486679313327418e-01 1.874178143963978194e-01 6.633822542860774440e+00 2.915844845513918315e+00 1.873865822147398275e+00 1.867796045465279220e-01 2.781249229366042908e-01 2.480405315676848410e+00 7.000000000000000000e+00 7.000000000000000000e+00 4.000000000000000000e+00 -3.717337718694426485e+02 2.100699999999860097e+02 1.666867324184060095e+01 3.541751560442204377e-02 5.322642698984303422e-03
8.053618868843389622e-01 1.135271058924284704e+00 7.479538804195598800e+00 3.613949224112006586e+00 1.068455899893435257e+00 6.255900112322210216e-01 5.462607406985016123e-01 3.547732528246909212e+00 9.000000000000000000e+00 1.800000000000000000e+01 5.000000000000000000e+00 -5.244340625609336257e+02 5.401800000000090449e+02 1.589650391005806718e+01 8.879376217738359223e-02 9.263700027382952562e-02
6.796555238729388160e-01 1.603368420441638076e+00 7.210170650483012977e+00 4.981331749607560866e+00 1.302712919108888645e+00 1.068642825314678468e+00 6.213687380513397418e-01 2.666662651842854892e+00 8.000000000000000000e+00 1.000000000000000000e+01 3.000000000000000000e+00 -2.643919199665701285e+02 2.646999999999916895e+02 2.316095093665725135e-02 -1.057042915519402548e+00 2.511832240187185719e-02
1.169741922937953538e+00 1.408483238856774733e+00 3.079783528948276228e+00 6.222315850485953703e+00 2.050248531865604740e+00 7.820594328186964983e-01 4.830174735326427937e-01 2.376556908268064650e+00 6.000000000000000000e+00 1.100000000000000000e+01 2.000000000000000000e+00 -5.671241706747879334e+02 3.301100000000244563e+02 2.512932316717348158e+01 2.965018270171153325e-02 6.257518822648971302e+00
2.071094334693575512e+00 8.266894290233999243e-01 6.441557068779073525e+00 4.469910022927464865e+00 1.669280081618413236e+00 3.098720906861418545e-02 5.038759968412953594e-02 3.061300589780667103e+00 4.000000000000000000e+00 1.300000000000000000e+01 4.000000000000000000e+00 -5.864111916297105154e+02 3.901299999999891384e+02 2.445913697685724486e+01 -4.869636277833725574e-02 2.160666389992051128e-03
9.220739293246880131e-01 1.508993511877153804e+00 3.864301589173023910e+00 5.709095429509468467e+00 2.290109490542099557e+00 6.699235547362368814e-01 4.498353388545579534e-01 2.129069831705062033e+00 9.000000000000000000e+00 9.000000000000000000e+00 3.000000000000000000e+00 -4.295893435566281369e+02 2.700900000000045225e+02 1.840902147228911900e+01 -2.781648052149370831e-01 3.491181218376118722e-04
8.131825948098936330e-01 2.375630892684491791e+00 6.503273182391824392e+00 2.402732972464744599e+00 1.688106158381682320e+00 1.355570142621512097e+00 7.850356695571946153e-01 3.383652509589814450e+00 6.000000000000000000e+00 9.000000000000000000e+00 5.000000000000000000e+00 -4.017015204284194851e+02 2.700900000000045225e+02 1.666603252677607472e+01 5.280882577350967111e-01 6.054525326853482881e+00
8.122110413709284771e-01 1.269843847979183149e+00 3.899412700318003466e+00 3.245072804047750115e+00 9.909480394062186726e-01 2.179659266746353241e-02 4.511935237200347948e-01 2.601350578254903567e+00 9.000000000000000000e+00 1.100000000000000000e+01 4.000000000000000000e+00 -5.052340564269606489e+02 3.301100000000244563e+02 2.126119102668427630e+01 7.446985077870832415e-02 3.916490065748234883e-03
7.150225437634301073e-01 1.792896975715607466e+00 5.122354115591797097e+00 4.048228026353339004e+00 2.079857703416686299e+00 4.157915665686540141e-01 3.653565559552715558e-01 2.923122524067080175e+00 7.000000000000000000e+00 1.500000000000000000e+01 1.000000000000000000e+00 -5.310027666761054661e+02 4.501499999999774104e+02 1.912048541725729933e+01 1.905632202680854204e-01 6.229708023690231578e+00
1.046946355375370841e+00 1.359160134531945507e+00 1.729849534552518442e+00 9.327392065767536877e+00 2.397451417507669547e+00 3.266445691331471557e-01 3.099235422256069183e-01 3.947807533459166685e+00 8.000000000000000000e+00 1.500000000000000000e+01 3.000000000000000000e+00 -2.268134081313523438e+03 5.294999999999967599e+01 1.510369258209521348e+01 -9.138293743336538100e+00 4.962805888252336040e+00
2.097828230780022896e+00 1.067779373895277661e+00 3.835839532809095509e+00 1.559867417210246021e+00 2.220052171898959870e+00 1.040181847841752605e+00 5.983362263593581254e-01 2.223310718383860962e+00 2.000000000000000000e+00 1.100000000000000000e+01 1.000000000000000000e+00 -5.807932074989766988e+02 3.301100000000244563e+02 2.598363796868527942e+01 -1.134157874134438804e-01 6.271358742385849894e+00
1.709437145024321314e+00 1.960787523496105411e+00 6.406632966391759609e+00 3.250426136223561357e+00 4.866690623791596892e-01 1.073216145254384024e+00 2.795577139115189569e-01 2.797901589522961530e+00 1.000000000000000000e+00 9.000000000000000000e+00 1.000000000000000000e+00 -6.351156374328082848e+02 1.546200000000045804e+02 1.722943383569158077e-02 -5.975401467030383884e+00 1.890278103990045810e+00
2.886869592909032001e+00 2.343592286130749880e+00 4.194066408159441650e+00 8.331291664018371179e+00 2.279738334405140954e+00 1.311805946496241493e+00 7.608523540188615319e-01 2.802784072376051316e+00 8.000000000000000000e+00 8.000000000000000000e+00 2.000000000000000000e+00 -2.172132285910359769e+03 1.000799999999982219e+02 7.630767869397536707e+00 -1.773876265753282500e+00 6.118969167214230787e+00
2.879320154339952142e-01 1.960009765584420194e+00 2.148768756428868443e+00 8.518560619271049461e+00 1.983927248248044783e+00 1.482501327625616039e+00 6.456434034151995460e-01 2.956696074597259027e+00 8.000000000000000000e+00 1.100000000000000000e+01 5.000000000000000000e+00 -5.035831499082845539e+02 3.301100000000244563e+02 2.115800936926702036e+01 -1.334437965883439881e-01 1.658003104339506595e-01
1.591710606327037647e+00 3.443170114688857697e-01 5.326122828197735970e+00 5.773937288578112614e+00 2.775584291098364353e+00 3.070421020918351340e-01 5.291850332069565344e-01 3.514930570717971658e+00 4.000000000000000000e+00 1.200000000000000000e+01 4.000000000000000000e+00 -5.963803143073373576e+02 3.601200000000105774e+02 2.602001964420825786e+01 6.277173552220226271e-02 1.327374555891372779e-02
1.085343978357909966e+00 1.668717683870996726e+00 3.712667023764287144e+00 3.927777889919098264e+00 1.901912297168105725e+00 5.675034529947615702e-01 5.688297186952653295e-01 2.525426187732047190e+00 4.000000000000000000e+00 1.700000000000000000e+01 3.000000000000000000e+00 -6.242893662588063535e+02 5.101700000000154773e+02 2.307527289117491165e+01 -1.207556204334502697e-02 9.779559579227575794e-02
3.935166605627191672e-01 9.786750157266101979e-01 9.095226245379414820e+00 6.605625286521473072e+00 2.419146741834328651e+00 1.609416721222984181e+00 5.393319441378824353e-01 2.883891736178479270e+00 8.000000000000000000e+00 1.500000000000000000e+01 5.000000000000000000e+00 -2.410496519709291533e+03 3.470999999999930310e+02 1.480915748183093683e+01 -1.189433890303919217e+00 1.338745119869217293e+00
1.744180346774576451e+00 2.038575154508083465e+00 4.916230595151670713e+00 3.064012077837614978e+00 1.807882826634322981e+00 1.711446411116791744e+00 8.194339427526109443e-02 3.221827037775951474e+00 8.000000000000000000e+00 1.100000000000000000e+01 2.000000000000000000e+00 -2.846220513055412766e+02 2.911700000000196269e+02 2.467786118985548088e-02 -1.025257507085374664e+00 1.588449738075708648e-03
6.983248134335210411e-01 1.392490549940273326e+00 2.645466968582351974e+00 7.984630287282485916e+00 2.585177880288122232e+00 6.347196823479617223e-03 3.869105156869509510e-01 3.755353793800463968e+00 1.100000000000000000e+01 1.400000000000000000e+01 4.000000000000000000e+00 -6.125346912991142290e+02 4.201399999999720194e+02 2.515404320619551370e+01 7.783285923458384270e-02 1.941465246261749739e-02
2.153872434829020022e-01 3.646237790213709973e-01 9.401307875737202835e+00 6.693928166703695837e+00 1.041726192814318885e+00 2.902475559599906330e-01 3.952183125909201622e-01 3.551773606262865979e+00 1.000000000000000000e+01 7.000000000000000000e+00 5.000000000000000000e+00 -1.756928970735158373e+02 1.204699999999947408e+02 2.428721602931926266e-02 -1.030709934954114448e+00 7.592275960459868300e-02
9.226440878998194428e-01 1.226984435784123750e+00 7.741290657126875807e+00 5.254288696989398488e+00 2.932820254652867220e+00 7.621356863788051328e-01 7.733611975039851316e-01 4.342070345941186460e+00 7.000000000000000000e+00 7.000000000000000000e+00 4.000000000000000000e+00 -2.331129485298476538e+03 2.590000000000008384e+01 1.988621783115479147e+01 4.074344452758631441e-01 5.454423192120928299e+00
1.167138884096218243e-01 5.942030763580458119e-01 9.910543548681427950e+00 5.514209225505021017e+00 1.196667996248930610e+00 1.983729716694790923e-01 1.554863097578252917e-01 3.623991948677041997e+00 1.100000000000000000e+01 7.000000000000000000e+00 5.000000000000000000e+00 -1.188340294330851492e+02 2.100699999999860097e+02 8.624393395682591335e-01 -3.230240496598626998e-01 3.877025619511087484e-03
