1.101809454610247041e+00 1.856505574773068545e+00 4.697280335270122009e+00 3.404190314430797226e+00 2.614829151495529747e+00 1.621138108806176037e-01 5.126587124495962655e-01 2.598596771363755664e+00 6.000000000000000000e+00 1.500000000000000000e+01 4.000000000000000000e+00 -6.086182622963850690e+02 4.501499999999774104e+02 2.397145389352477096e+01 1.416772332091116304e-01 6.276667250830260336e+00
9.445887693694494658e-01 2.103881774868882726e+00 6.850045194707648832e+00 3.686373424850627245e+00 9.101821249276809134e-01 7.415755144099818175e-01 6.909049702257289427e-01 2.382892170630233508e+00 5.000000000000000000e+00 3.000000000000000000e+00 3.000000000000000000e+00 -2.256891082901081518e+03 2.052000000000002089e+01 1.541444268131757589e+01 -2.361797636396600453e+00 5.096747863181011473e-02
1.510715195255739607e+00 1.941592021152953595e+00 6.743542449196676891e+00 8.666885803458033166e+00 1.450680130653352551e+00 1.072740028768929044e+00 4.692526831056155201e-01 3.329842780816950842e+00 6.000000000000000000e+00 3.000000000000000000e+00 4.000000000000000000e+00 -2.383622679698418324e+03 6.450000000000009059e+00 2.377485498115112961e+01 -3.443246829337233361e+00 3.278865472640356271e-02
1.351998892659197704e+00 2.675689817554872452e+00 2.841176495199950303e+00 4.034172559515524448e+00 1.812958703939264726e+00 4.182957015917727617e-01 3.775561341725610642e-01 2.766539022350252175e+00 5.000000000000000000e+00 8.000000000000000000e+00 4.000000000000000000e+00 -2.515714875289590395e+02 2.277600000000132070e+02 2.398409305198496988e-02 -1.056884050874726366e+00 6.276351292805784077e+00
1.143983132046486828e+00 1.991994664537562132e+00 1.041157890065979252e+00 8.563109719188844338e+00 1.017086035193718541e+00 5.981153462961417144e-01 3.252386727778060482e-01 2.631969700424672265e+00 7.000000000000000000e+00 9.000000000000000000e+00 3.000000000000000000e+00 -1.995680800327133397e+02 1.521000000000044849e+02 2.092634058659699134e-02 -1.004976846476814512e+00 4.963600549143713098e-02
2.363953680677649327e+00 1.934446084792372789e+00 5.213105186394425772e+00 5.777614430472666207e+00 1.780477683918853193e+00 1.210845846239871904e-03 3.736422348470523902e-01 2.231443085450149688e+00 8.000000000000000000e+00 9.000000000000000000e+00 2.000000000000000000e+00 -2.364825222633862722e+03 1.675800000000050716e+02 1.756470141461625900e+01 -5.887368761935326544e-01 6.275015789845664216e+00
1.589597336219826351e+00 2.395746882842403114e+00 5.130382629177688614e+00 4.123682665917303147e+00 1.257491525207596661e+00 9.250382000569625784e-01 2.204015541160853908e-01 2.431654192492842537e+00 8.000000000000000000e+00 1.100000000000000000e+01 4.000000000000000000e+00 -2.954523684295132284e+02 3.220800000000234604e+02 1.817044397600564576e-02 -1.072379001395329823e+00 1.735075162686922773e-02
6.792143646002997137e-01 1.855954734233115300e+00 5.300916902943940912e+00 8.263219393292242643e+00 1.893472935466300022e+00 1.356295154345793064e+00 2.142297957432544031e-01 3.065872150802411156e+00 1.000000000000000000e+01 1.900000000000000000e+01 5.000000000000000000e+00 -9.192890461011318166e+02 2.371199999999976455e+02 -2.824191944491788453e-02 -1.777610416845019259e+01 2.415316941393130801e+00
1.408887727990808303e+00 1.362137963958471643e+00 4.344318405313146059e+00 1.544159699778859585e+00 1.146817003152113212e+00 6.770272994407680045e-01 3.787389553431226297e-01 2.922552948555808605e+00 8.000000000000000000e+00 7.000000000000000000e+00 4.000000000000000000e+00 -2.287384763008702521e+03 6.831999999999982265e+01 1.582654768804390244e+01 -1.125442924913156117e+00 6.274615125898939993e+00
1.524767330421424205e+00 1.066142629437072831e+00 4.756660618480110791e+00 2.965383204946721030e+00 2.318476755298953140e+00 2.016491156108615179e+00 8.528658109664610798e-01 2.858283865657942791e+00 1.000000000000000000e+01 1.200000000000000000e+01 3.000000000000000000e+00 -2.246748939393721685e+03 1.635600000000031571e+02 1.031055871210749864e+01 -2.468759516437102342e+00 1.574434028914870609e+00
1.181625232895405997e+00 1.761129071787229661e+00 2.089151996489399199e+00 4.050923039776821000e+00 2.178508759270912254e+00 1.008662648380241222e+00 3.972991413524023518e-01 2.367162405054136443e+00 1.000000000000000000e+01 1.400000000000000000e+01 5.000000000000000000e+00 -5.033890642013111005e+02 4.201399999999720194e+02 1.833244151258281818e+01 -1.015159774654167402e-02 6.252502130332524999e+00
6.824230643528583773e-01 1.584841730066589571e+00 3.624255029276564066e+00 4.825924307819660974e+00 1.824735013163474751e+00 7.483309347967683767e-01 4.517271176469459526e-01 2.566996448118282537e+00 9.000000000000000000e+00 1.000000000000000000e+01 3.000000000000000000e+00 -3.287430518498250649e+02 3.000999999999997385e+02 1.116831574061407473e+01 -5.229818776506685030e-01 6.265664262909354854e+00
1.026223145303561957e+00 1.328805605160562120e+00 3.140194612360273752e+00 7.630921228810346513e+00 2.593098454467605229e+00 8.988716197715825862e-01 3.178789661889908080e-01 3.180150718933865583e+00 1.000000000000000000e+01 1.100000000000000000e+01 3.000000000000000000e+00 -8.304365446400721567e+02 2.269300000000116597e+02 1.844741292788355802e-02 -7.802666947902038075e+00 3.915379752141523895e+00
1.819562916055225354e+00 1.984686554482236520e+00 3.629573359955800882e+00 7.426143033823678685e+00 2.492359260407110977e+00 1.056636215272366730e+00 4.695767456810638896e-01 3.198929780331094541e+00 4.000000000000000000e+00 1.000000000000000000e+01 5.000000000000000000e+00 -2.279950748848293188e+03 9.079999999999911608e+01 1.465942180301837539e+01 -2.002592853336108814e+00 6.208745548480490761e+00
4.979508070462828062e-01 7.680942554244936105e-01 1.360817186826905445e+00 4.864559062875848383e+00 2.279448538675020064e+00 3.149748842763736567e-01 4.930825470242445885e-01 3.853387197686267029e+00 5.000000000000000000e+00 5.000000000000000000e+00 2.000000000000000000e+00 -2.389219750410833512e+03 9.800000000000004263e+00 2.401998440067708529e+01 -3.987728253379196897e-02 5.963227926461536654e+00
8.495087335537527817e-01 2.318963560837379312e+00 3.772699268801283257e+00 9.651208045509420685e+00 8.075529408717864177e-01 5.791989815438309819e-01 5.946567262263269260e-01 3.676511937582366052e+00 8.000000000000000000e+00 1.000000000000000000e+01 3.000000000000000000e+00 -2.393695182795183314e+02 2.087999999999924228e+02 1.639716258808591662e-02 -1.008691579969361429e+00 1.361964885341284022e-02
6.955121268634996134e-01 7.270778449184839287e-01 6.396169112403058854e+00 7.391699360307573130e+00 1.393739378039557941e+00 8.412005696822838496e-01 8.465828406163881104e-01 2.910210045691616898e+00 7.000000000000000000e+00 8.000000000000000000e+00 4.000000000000000000e+00 -1.573852132025921264e+02 2.400800000000151329e+02 2.334075825161534112e+00 -1.438211370347298457e-01 1.289218836828824946e-03
3.709782394861972366e-01 1.413075324766342566e+00 5.841589028116271010e+00 7.112943560218123018e+00 1.810805530530634977e+00 1.034614126233930564e+00 4.154601561534567722e-01 3.839747799742013967e+00 9.000000000000000000e+00 1.500000000000000000e+01 5.000000000000000000e+00 -5.534053418704738760e+02 2.827500000000027853e+02 1.924582811007045924e-02 -7.973834068610581305e+00 5.022600846364650096e+00
9.549744468991869795e-01 1.866018657839169315e+00 3.191237616310915293e+00 6.490388124128812386e+00 2.188221079857027185e+00 9.907212102584932456e-01 5.245469810974927594e-01 2.710710358650307406e+00 8.000000000000000000e+00 7.000000000000000000e+00 5.000000000000000000e+00 -2.185019054781834257e+03 1.334899999999934721e+02 7.392128423864837039e+00 -7.237907634884328978e+00 1.324597857142690183e+00
1.199125522603270211e+00 2.258534095699457289e+00 4.614114319878214410e+00 4.292432632478697663e+00 1.963898542723661933e+00 9.234773310428130433e-01 7.377667346382907887e-01 2.539487787490304793e+00 7.000000000000000000e+00 1.200000000000000000e+01 3.000000000000000000e+00 -4.641490034218031724e+02 3.601200000000105774e+02 1.775556271386236773e+01 -3.746222427707232572e-02 5.238442412187808289e-02
1.363380534119233989e-01 2.040219071583952992e+00 4.629242506302719384e+00 3.781853895938430021e+00 2.251110546804393042e+00 4.406671587251700384e-01 4.005360779846423025e-01 3.095388016889938587e+00 1.000000000000000000e+01 1.600000000000000000e+01 4.000000000000000000e+00 -6.422546061398912798e+02 4.801600000000302657e+02 2.513591288374225741e+01 3.867829237726399388e-02 6.278356220471445148e+00
8.788357717859514029e-01 1.925042743044518723e+00 4.635662858249185447e+00 5.606155100073532793e+00 2.359539390374724821e+00 6.798827326882537214e-01 4.590983560861889856e-01 3.350568174608263394e+00 7.000000000000000000e+00 1.600000000000000000e+01 3.000000000000000000e+00 -6.394466686533706934e+02 4.801600000000302657e+02 2.496041679083472076e+01 -8.150276245743401371e-02 6.281208369569941219e+00
6.037182473212139300e-01 1.551890116024825739e+00 4.499992947201613802e+00 2.668496814414894835e+00 1.896262172006264013e+00 1.321129911366793475e-01 5.848047157107183480e-01 3.327827734786967806e+00 7.000000000000000000e+00 8.000000000000000000e+00 5.000000000000000000e+00 -4.628897418584260777e+02 2.400800000000151329e+02 2.142810886615115606e+01 2.891320172083586271e-03 6.266248558285857584e+00
1.956502782911907268e+00 2.470557688310099920e+00 6.109569569518924936e+00 5.439696373915987593e+00 2.162411865895329299e+00 6.594412975267660570e-02 3.077996961952165211e-01 2.808667061658277397e+00 5.000000000000000000e+00 1.900000000000000000e+01 4.000000000000000000e+00 -7.056526401344128772e+02 5.701900000000110822e+02 2.628485250840046206e+01 -8.287236753865259709e-02 6.281201912667171428e+00
1.029263737709929183e+00 1.894399300452024093e+00 6.294280126972811473e+00 8.418042856355723913e+00 1.687550417090716959e+00 1.030248621702753331e+00 6.252978227073847650e-01 3.669999169113657089e+00 1.000000000000000000e+01 1.700000000000000000e+01 3.000000000000000000e+00 -1.010111936672343973e+03 1.932899999999962972e+02 2.449640270095357342e-02 -9.648223932442901329e+00 3.271253499401541198e+00
1.272973543346643144e+00 2.201928637244304099e+00 4.809670588905322397e+00 6.295390149400039270e+00 1.721376804533421900e+00 5.109958561477183636e-01 8.760209967392762476e-01 3.163853122938975471e+00 6.000000000000000000e+00 1.500000000000000000e+01 4.000000000000000000e+00 -6.359654058897725690e+02 4.501499999999774104e+02 2.568065036811148971e+01 9.008835252862636839e-03 1.398761660726854927e-02
6.564260166014732611e-01 2.463982450163529681e+00 5.037367439390526336e+00 3.208777578396891705e+00 1.261365705587617736e+00 1.363400846488726503e-01 5.501358920358818683e-01 2.592403198873656223e+00 5.000000000000000000e+00 8.000000000000000000e+00 3.000000000000000000e+00 -5.158469355388341455e+02 2.400800000000151329e+02 2.473793347117666030e+01 -2.624658403301961818e-02 6.279978943534300306e+00
3.851023266577777160e-01 2.219341127333693375e+00 6.273696367130299656e+00 6.709163723577940885e+00 1.484263842723674065e+00 8.335614413803762446e-01 9.528688387462201925e-01 2.592821153582876015e+00 5.000000000000000000e+00 6.000000000000000000e+00 3.000000000000000000e+00 -4.719300776889343183e+02 1.800600000000052887e+02 2.386875485555822962e+01 -1.677292137308482867e-01 1.314753158435314970e-02
2.078302198582570259e+00 2.685335097314785369e+00 3.989912718851071904e+00 4.615043301189368563e+00 1.196535720553501880e+00 1.804802105951708313e+00 5.430001878537162874e-01 2.484998063930281553e+00 7.000000000000000000e+00 8.000000000000000000e+00 5.000000000000000000e+00 -2.337869782728876999e+03 5.111999999999926558e+01 1.951936142055485846e+01 -2.932901714304095186e+00 9.146407953073476538e-01
1.009425548667326034e+00 2.054038202970841276e+00 6.700272887408909028e+00 4.565490178569175939e+00 1.658044921634806990e+00 1.681619276688373521e+00 4.589038017644533340e-01 3.022656916884117528e+00 7.000000000000000000e+00 1.000000000000000000e+01 4.000000000000000000e+00 -2.271865883546240184e+03 1.368999999999965098e+02 1.271349272164011524e+01 -1.649208327612792901e+00 5.744777222746552114e-01
3.331676402557026684e-02 2.397478789422242240e+00 3.995529581882326653e+00 7.543212547879535990e+00 1.752899089289425616e+00 3.176304733341110964e-01 6.072270432563091624e-01 3.287813990772095352e+00 6.000000000000000000e+00 1.400000000000000000e+01 4.000000000000000000e+00 -6.226644633791141814e+02 4.201399999999720194e+02 2.578715396119551073e+01 -2.383082334096114224e-02 6.275197286254241114e+00
7.321576192621057633e-01 2.616848696551232312e+00 5.393992229416731732e+00 6.140793051806108238e+00 1.747380199220654129e+00 8.765112393099709909e-01 6.485960301396889172e-01 2.704559792549348529e+00 1.100000000000000000e+01 9.000000000000000000e+00 3.000000000000000000e+00 -3.994587493947858547e+02 2.700900000000045225e+02 1.652585933717397282e+01 3.631217493585977424e-02 6.275121343473314184e+00
2.783108010544085520e+00 2.231429872395914948e+00 4.685758655430145581e+00 6.038066952787444208e+00 2.225598024027118704e+00 1.408412805822313540e+00 4.810821178262008613e-01 2.940817323853682552e+00 7.000000000000000000e+00 1.300000000000000000e+01 4.000000000000000000e+00 -2.314406271869450393e+03 1.302599999999982288e+02 1.557976699184069780e+01 -1.626025536697126794e+00 5.537212288536336402e+00
1.861187577849591657e+00 3.943731776214172147e-01 5.245827812345760677e+00 5.564967113012835753e+00 1.490552532895900617e+00 3.106411650307631112e-01 6.566214401536172307e-01 3.001635755398289973e+00 7.000000000000000000e+00 1.200000000000000000e+01 4.000000000000000000e+00 -2.379391149842730897e+02 3.601200000000105774e+02 3.617444686516738450e+00 -3.827242338022848189e-01 3.140307486222438348e-03
1.172040923423684822e+00 2.075911793543829820e+00 4.953941959087532432e+00 6.725389868101600221e+00 8.640721747920405704e-01 7.838334328753937541e-02 6.835158115127279999e-01 2.083212463220928790e+00 8.000000000000000000e+00 1.600000000000000000e+01 5.000000000000000000e+00 -5.666974787173580808e+02 4.801600000000302657e+02 2.041359241983393247e+01 -3.692986367727018465e-02 6.281754060313976318e+00
7.339426005686080501e-01 1.824737404377201999e+00 3.402517079704133529e+00 4.553017419923236275e+00 2.016397806208434229e+00 1.109111634424508885e+00 6.740683166742571508e-01 2.493450107920135661e+00 8.000000000000000000e+00 1.000000000000000000e+01 3.000000000000000000e+00 -4.198158546086822298e+02 3.000999999999997385e+02 1.686036591304264931e+01 4.973886498401973444e-02 6.254218044150610112e+00
7.611464198643385082e-01 9.211758299588999055e-01 6.757143296893763029e+00 7.149509041309517698e+00 6.895559036956167009e-01 1.177778477981631600e+00 6.535909277595749467e-01 2.090926983434780340e+00 8.000000000000000000e+00 1.900000000000000000e+01 4.000000000000000000e+00 -2.319650036411329893e+03 3.385799999999964598e+02 9.397502275708225383e+00 -1.495914894838446196e+00 5.760601486648117664e+00
1.672477437592289728e+00 5.766653774535758226e-01 3.896754483253057177e+00 1.570984245205632401e+00 2.096578951173699856e+00 1.449023602525335352e+00 1.831422030705581738e-01 2.561925975948662781e+00 1.100000000000000000e+01 1.400000000000000000e+01 4.000000000000000000e+00 -4.316234143636384033e+02 3.151399999999822512e+02 2.445824935734740302e-02 -1.251177803333185068e+00 5.010667527780631403e+00
7.012864552292283893e-01 7.553795440283038731e-01 3.567095037345349162e+00 8.027075764941418612e+00 1.584684916690100032e+00 1.627061757279103293e+00 5.256284810550757580e-01 2.541309961231834169e+00 9.000000000000000000e+00 8.000000000000000000e+00 3.000000000000000000e+00 -3.051264399193439090e+02 2.400800000000151329e+02 1.156790249495852230e+01 -2.606777223423760059e+00 4.255790373956115646e-02
6.748345040850546317e-01 1.452882301816139421e+00 5.269930009044392349e+00 4.139281145265869100e+00 1.628505702748105133e+00 4.595680612900703288e-01 9.568693171433537703e-01 2.650263659273308647e+00 5.000000000000000000e+00 5.000000000000000000e+00 3.000000000000000000e+00 -2.220855562739640391e+03 9.619999999999667750e+01 1.079722267122762247e+01 -6.577798237648828206e+00 1.714013153979855542e+00
1.617483169726950942e-01 1.768233643022097734e+00 4.718383333572164773e+00 8.671834810939516913e+00 1.116656352911352235e+00 8.939035714007340649e-01 6.371443654557834568e-02 2.317305988597856192e+00 8.000000000000000000e+00 1.000000000000000000e+01 4.000000000000000000e+00 -2.886783639439587432e+02 3.000999999999997385e+02 8.664272746497427846e+00 -1.255154832702045198e+00 6.269091928298500704e+00
1.476352629213564471e+00 2.219743316314194637e+00 3.635898470085461298e+00 8.790456630223980383e+00 1.427939155942744565e+00 8.758589034579267185e-01 6.288875763360040061e-01 2.891107032925206433e+00 3.000000000000000000e+00 1.200000000000000000e+01 4.000000000000000000e+00 -4.662458120541756443e+02 3.601200000000105774e+02 1.788661325338564723e+01 1.113036662533890275e-01 6.274214972477265562e+00
6.860974791614887769e-01 1.753153055884769662e+00 3.515602108979850371e+00 8.141853399806121772e+00 9.808719903274885077e-01 4.840654244907866555e-01 6.511951754956597505e-01 2.559520893921469753e+00 9.000000000000000000e+00 1.100000000000000000e+01 3.000000000000000000e+00 -3.401119113427972707e+02 3.301100000000244563e+02 1.094105695892406516e+01 -4.355330451067886133e-02 2.708027934805938564e-02
1.409729891762997012e+00 1.059094801936303565e+00 6.953809420118335360e+00 5.010277636115336719e+00 2.082255407114131707e+00 7.322286523508292344e-02 4.261961245894851369e-01 2.151403850274268059e+00 1.000000000000000000e+01 1.200000000000000000e+01 3.000000000000000000e+00 -5.746709744929564749e+02 3.601200000000105774e+02 2.466318590580944914e+01 2.204103663693976478e-01 6.282210943571622686e+00
3.504600661194284816e-01 2.256449582258231779e+00 5.398271458802946121e+00 3.689807539961683425e+00 1.761307691116656526e+00 1.416804711429598740e+00 9.553304462140284059e-01 2.749176726475258015e+00 9.000000000000000000e+00 8.000000000000000000e+00 3.000000000000000000e+00 -4.574371040239249169e+02 2.400800000000151329e+02 2.108731900149483351e+01 -7.085690765949187453e-02 6.273086490493320788e+00
6.612623145969908078e-01 1.321026651213003333e+00 5.354427307871636010e+00 4.615158731252114066e+00 1.597324125965139840e+00 1.441476923620526485e+00 9.871264884384627347e-01 2.002284076899308651e+00 4.000000000000000000e+00 8.000000000000000000e+00 4.000000000000000000e+00 -4.765493545983407557e+02 2.400800000000151329e+02 2.228183466239582344e+01 2.769174024176589977e-01 6.245817548683130660e+00
7.103848205940144211e-01 2.663250570878994861e+00 6.056123016623959465e+00 8.715009438840894518e+00 2.029845054647360758e+00 1.759545231704247037e+00 9.075944924417539417e-01 3.177725814964525330e+00 8.000000000000000000e+00 9.000000000000000000e+00 4.000000000000000000e+00 -4.084710235308577921e+02 2.700900000000045225e+02 1.708912647067846891e+01 1.189320131185187673e-02 5.684729779195095076e-03
5.318723457040498426e-01 1.284745806243998478e+00 1.416416162279863000e+00 8.296804829505893153e+00 2.082220212346898691e+00 6.970855591438469556e-01 6.491072848211841828e-01 3.481334972806227945e+00 7.000000000000000000e+00 6.000000000000000000e+00 4.000000000000000000e+00 -7.350166193616759358e+01 1.464000000000040131e+02 1.885387101034947943e-02 -9.796566481078063937e-01 7.140346597847013754e-04
