7.020078380012503283e-01 1.174466540863231989e+00 4.119267447706532081e+00 3.435986600259154145e+00 1.424428135194646616e+00 6.565277684358491461e-01 1.949651474013558705e-01 2.596921508203057893e+00 5.000000000000000000e+00 9.000000000000000000e+00 3.000000000000000000e+00 -2.686424385145028282e+02 2.700900000000045225e+02 8.349839907156283658e+00 8.475293164287023284e-03 6.256039789788531813e+00
7.226649072696738063e-01 2.053981088836761781e+00 6.905875046296516828e+00 1.206981236197262497e+00 1.921745656719126893e+00 4.605035835922307030e-01 2.856354037625893905e-01 2.891605566661812787e+00 5.000000000000000000e+00 8.000000000000000000e+00 3.000000000000000000e+00 -5.202348590664133781e+02 2.400800000000151329e+02 2.501217869165036589e+01 1.429440006217379544e-01 1.239197062031795193e-02
1.139715646866007681e+00 7.165447979638482900e-01 6.611047757512885426e+00 4.809660126450157946e+00 2.015650886174562118e+00 6.939459272176378146e-01 5.600609159482758947e-01 2.980851233259913968e+00 9.000000000000000000e+00 1.400000000000000000e+01 3.000000000000000000e+00 -1.073328976161514447e+03 3.518199999999786769e+02 9.550735538507326705e-03 -8.333906433723019092e+00 3.263251052977006239e+00
4.954276152743471440e-01 1.535647256427419061e+00 5.827053829418106012e+00 5.390280301198623114e+00 1.180115056372144533e+00 3.222613155881633440e-01 2.057992168997083704e-01 2.397047376817639019e+00 8.000000000000000000e+00 1.300000000000000000e+01 3.000000000000000000e+00 -4.877044896120351041e+02 3.901299999999891384e+02 1.828996810075253521e+01 -3.600264037254958388e-02 2.973604497823600576e-02
8.372477729709435490e-01 1.478349784090990493e+00 7.240032356615950349e+00 3.498874517016631547e+00 1.322197595524746028e+00 1.013445564857187842e+00 2.404789347022467938e-01 2.540338936398956804e+00 1.000000000000000000e+01 1.400000000000000000e+01 4.000000000000000000e+00 -3.126552241465347493e+02 3.462199999999792226e+02 2.147674392915871824e-02 -1.034138230134322711e+00 6.282646874208851706e+00
9.392270793724266653e-01 1.657425176433194647e+00 5.441440978383148774e+00 2.951288961252148901e+00 1.140703826489712913e+00 1.129575618659262926e+00 1.286357601353068647e-01 2.742953844683565734e+00 9.000000000000000000e+00 9.000000000000000000e+00 4.000000000000000000e+00 -2.277141026861410410e+03 7.164000000000145008e+01 1.508256417883808709e+01 -1.437738818963134602e+00 2.547603735447569462e-01
5.766358709865750942e-01 1.418224253011802327e+00 7.011970947270608434e+00 4.155803882268782168e+00 1.579122276768731403e+00 1.607627673922277900e+00 3.205929382573196040e-01 2.775838482656881823e+00 7.000000000000000000e+00 1.200000000000000000e+01 4.000000000000000000e+00 -2.183851225595634787e+03 1.588800000000029797e+02 6.525701599727077529e+00 -1.998773446865776648e+01 3.273818815054762243e+00
7.139359914778664606e-01 1.662730688674362245e+00 5.046340290115770344e+00 4.749026203804592505e+00 9.270019340034801880e-01 4.564819347942567496e-01 1.168576320965037663e-01 2.724464556581349672e+00 5.000000000000000000e+00 1.200000000000000000e+01 3.000000000000000000e+00 -2.452073003833560847e+02 3.601200000000105774e+02 4.071706273959424749e+00 -1.261369777352981947e+00 6.277732402883174245e+00
1.126609273926932664e+00 1.033002154316930987e+00 5.962550877025491580e+00 2.861193101524265536e+00 1.764117980984483358e+00 5.980047512143525923e-01 4.661804260173497139e-01 2.923302061628949122e+00 7.000000000000000000e+00 1.200000000000000000e+01 2.000000000000000000e+00 -3.966391982947355928e+02 3.601200000000105774e+02 1.353619989342064400e+01 -5.060399997930827704e-02 4.702126987696786387e-04
5.536376415036742271e-01 1.295125239618740487e+00 5.792101538046621201e+00 2.007251160751845731e+00 1.626207376459436471e+00 1.275435289618678247e+00 3.547908109632918472e-01 2.573942649468730970e+00 5.000000000000000000e+00 9.000000000000000000e+00 3.000000000000000000e+00 -4.059111198516800414e+02 2.700900000000045225e+02 1.692913249072985948e+01 -2.912715825587371410e-01 6.271902211548721517e+00
4.971473240493559098e-01 8.418533203624773975e-01 7.457274857949127700e+00 5.130700278015652316e+00 1.573672944924226380e+00 4.905477518508617463e-01 1.916349768823761845e-01 3.357701813158589399e+00 6.000000000000000000e+00 7.000000000000000000e+00 4.000000000000000000e+00 -1.453841008318790387e+02 2.100699999999860097e+02 2.521818801992876669e+00 -1.672963384301304757e-01 5.528523806740391969e-03
1.049605781562713780e+00 8.811163197993396867e-01 7.886068226406313997e+00 5.304851007358304393e+00 1.849305151361341437e+00 2.954259274638102450e-01 1.340545614716845413e-01 3.106349640464598050e+00 1.000000000000000000e+01 1.000000000000000000e+01 4.000000000000000000e+00 -2.567975088075859844e+02 2.370999999999908141e+02 2.212243491941204288e-02 -1.056059035138330771e+00 6.278259467292587992e+00
1.180457908844425363e+00 7.870495059275616212e-01 5.723964065293841941e+00 4.031939723660369346e+00 1.782147702555419766e+00 6.456981351382136136e-01 5.281657025884127776e-01 2.976820953027659478e+00 7.000000000000000000e+00 1.400000000000000000e+01 2.000000000000000000e+00 -6.136005405648136275e+02 4.201399999999720194e+02 2.522065878530172967e+01 -3.854539775735072449e-01 2.845067405353645523e-02
7.672235823869870686e-01 1.540945263208652216e+00 4.946444659243706354e+00 2.495065478597798148e+00 2.029991073206253382e+00 1.213662094338858966e+00 5.731613298750872776e-01 2.676245849017029776e+00 8.000000000000000000e+00 8.000000000000000000e+00 3.000000000000000000e+00 -2.606992776192406609e+02 2.400800000000151329e+02 8.791204851202067516e+00 -7.832230044015165982e-01 6.216794800392935194e+00
6.928142620061875645e-01 9.536836657718372745e-01 6.134330643566189956e+00 3.751486358798040932e+00 1.270873410311447405e+00 1.172714958786876815e-01 1.722129839467778922e-01 3.248821200181422064e+00 8.000000000000000000e+00 8.000000000000000000e+00 4.000000000000000000e+00 -2.212770641337242978e+03 8.519999999999853912e+01 1.063566508357772733e+01 -1.872880296107162779e-01 3.618920689535005258e-02
5.591156612883259047e-01 1.959464985251990088e+00 5.678693615286929841e+00 1.308668935896505570e+00 1.181090448258107717e+00 3.758680582423287175e-01 1.126319493382651055e-01 2.583841556318951849e+00 6.000000000000000000e+00 1.000000000000000000e+01 3.000000000000000000e+00 -3.613421552611399079e+02 3.000999999999997385e+02 1.320575970382125242e+01 3.302712317862584179e-02 6.256264179875660858e+00
4.020862614515078870e-01 1.010850787070970647e+00 5.874980368234531625e+00 2.721865659305338081e+00 1.888674275523545942e+00 3.828368000326661802e-01 1.497336006623036231e-01 2.543776208842141617e+00 6.000000000000000000e+00 1.300000000000000000e+01 3.000000000000000000e+00 -5.377443627200076435e+02 3.901299999999891384e+02 2.141746017000081892e+01 -2.622834315170651243e-01 6.281869652468174969e+00
5.053158131878494608e-01 1.809948163784594222e+00 7.361861521212097692e+00 4.620964979773950709e+00 1.395385197873429295e+00 7.131121639930992906e-02 4.794174637051935584e-01 2.775041467209800050e+00 7.000000000000000000e+00 1.000000000000000000e+01 4.000000000000000000e+00 -4.150053899855830650e+02 3.000999999999997385e+02 1.655971187409895151e+01 7.187314284305415524e-02 9.056118827138526228e-03
1.359860952038029591e+00 1.210827408050006326e+00 5.535031755689812982e+00 3.479887934052305898e+00 1.978156314511310798e+00 6.421420149387518927e-01 6.029550995566600458e-01 2.512749019689603180e+00 6.000000000000000000e+00 1.200000000000000000e+01 3.000000000000000000e+00 -5.926547752167359704e+02 3.601200000000105774e+02 2.578717345104567116e+01 -4.120931350462327947e-01 3.118989365964370750e-03
1.139268597560475271e+00 1.137578169462955424e+00 7.425731520680601605e+00 5.221163575559142345e+00 1.744108941932959400e+00 5.831905802725583232e-01 2.252835485240336499e-01 2.823920493042213486e+00 9.000000000000000000e+00 1.100000000000000000e+01 4.000000000000000000e+00 -2.762405223494598658e+02 2.754400000000176760e+02 2.187641016115333265e-02 -1.065156375143474499e+00 6.278731964703351487e+00
8.032883832059418694e-01 1.286291561625988678e+00 7.047759821548091885e+00 3.413865727919899840e+00 1.586413498824613466e+00 1.301407321954545004e+00 3.345222628908364193e-01 2.794750258758917916e+00 7.000000000000000000e+00 1.400000000000000000e+01 4.000000000000000000e+00 -2.302079261154357937e+03 2.725799999999863985e+02 1.036182882214779077e+01 -5.362946387695981088e+00 1.373454063978309048e+00
7.452109348637256936e-01 1.618887214700354793e+00 5.108383432729667994e+00 4.760353048438355827e+00 1.848431288602769396e+00 1.142241230908495053e+00 2.838820669727393775e-01 2.868711515045176075e+00 8.000000000000000000e+00 1.100000000000000000e+01 3.000000000000000000e+00 -4.220987620892212817e+02 3.301100000000244563e+02 1.606523513057556585e+01 -1.008933643352083603e-01 6.171514923744454428e+00
3.289209882396851303e-01 8.562592478428471265e-01 5.796416082983866680e+00 5.020978024149282959e+00 2.053326394033020641e+00 1.111269069970198808e+00 3.536953538102659000e-01 2.786251928560167901e+00 6.000000000000000000e+00 1.300000000000000000e+01 3.000000000000000000e+00 -5.040069648409690899e+02 3.901299999999891384e+02 1.930887280256090932e+01 -1.085811453079667116e-01 1.346704763534243426e-02
8.640889717402052694e-01 1.800726834940017396e+00 7.014855963245496540e+00 4.112641332507490866e+00 1.642710978201182170e+00 9.207741799834736618e-01 4.915746596683343017e-01 2.962508501253143578e+00 7.000000000000000000e+00 1.300000000000000000e+01 3.000000000000000000e+00 -4.747878214056643174e+02 3.901299999999891384e+02 1.748267633785436104e+01 -3.490864899706788704e-02 6.267503386028851153e+00
5.941263495729636190e-01 1.425207256294690916e+00 7.920979092337270266e+00 3.166060966535408028e+00 1.355394865235375557e+00 4.207266478769087770e-01 1.825801211122993206e-01 3.368076192915430589e+00 8.000000000000000000e+00 8.000000000000000000e+00 4.000000000000000000e+00 -1.036937927477964934e+02 2.066400000000099055e+02 2.336204673697162004e-02 -9.603695755757876151e-01 7.162223742402495930e-03
3.557538214759199402e-01 1.957112962474619522e+00 5.225907408303268831e+00 4.421319218786883276e+00 1.504152692635345900e+00 1.286758802462504070e+00 3.258745954363748698e-01 2.777757365486130503e+00 9.000000000000000000e+00 1.000000000000000000e+01 4.000000000000000000e+00 -2.799247478097790918e+02 2.856999999999964643e+02 2.250878481604953740e-02 -1.002180802236569246e+00 7.149823473665798887e-03
3.277367664433374350e-01 8.789967505717296570e-01 6.864424559548933047e+00 4.379789017528672446e+00 1.737009704178620773e+00 6.806062825169101327e-02 3.033114487774365431e-01 3.358640697389952745e+00 9.000000000000000000e+00 8.000000000000000000e+00 4.000000000000000000e+00 -5.018311190180473318e+02 2.400800000000151329e+02 2.386194493862748445e+01 9.039468259259289540e-03 6.338994212854024042e-03
5.410431660008219179e-01 1.904915005731719235e+00 4.736752517682998764e+00 2.194761033047702981e+00 1.037373431522083056e+00 7.262087365197994471e-01 1.654268231733309336e-01 2.510868514961453801e+00 5.000000000000000000e+00 9.000000000000000000e+00 3.000000000000000000e+00 -2.075395187861391548e+02 2.700900000000045225e+02 4.530907424133555850e+00 -2.072455044809935032e+00 6.215806560718898588e+00
5.218925503960932799e-01 6.586950118481753602e-01 7.759429275136909610e+00 4.245122671290357808e+00 1.407804155893198628e+00 2.528292647654003522e-01 2.532879780952486115e-01 3.054697624055460636e+00 8.000000000000000000e+00 1.100000000000000000e+01 4.000000000000000000e+00 -3.503082626561862298e+02 3.301100000000244563e+02 1.157832891601087333e+01 -2.920004124736150924e-02 6.275697635037622568e+00
1.203117187784442876e+00 1.721337612913467208e+00 6.620382438854368168e+00 5.266892498438103587e+00 1.692752059963338773e+00 1.462166697698656037e+00 5.416210557483318588e-01 2.414149167267094942e+00 8.000000000000000000e+00 1.200000000000000000e+01 4.000000000000000000e+00 -4.424453089085358783e+02 3.601200000000105774e+02 1.639908180678316185e+01 -4.115263525630911134e-01 9.102636900550070687e-02
8.823697933415910466e-01 2.398128710886211046e+00 5.072943564134796191e+00 3.348149357472598009e+00 1.977817067475867940e+00 7.730630862148514248e-01 3.720287161398589948e-01 2.995840270793687310e+00 5.000000000000000000e+00 7.000000000000000000e+00 3.000000000000000000e+00 -3.450492514864478153e+02 2.100699999999860097e+02 1.500089071790342388e+01 -2.707071676368346669e-01 2.497747079782286495e-03
9.911403271686148875e-01 1.119798518508892560e+00 6.492361918546747823e+00 3.853875228335085890e+00 2.083321417779461449e+00 6.082709337603631194e-01 4.396659072653430478e-01 2.629296940307547903e+00 7.000000000000000000e+00 1.400000000000000000e+01 4.000000000000000000e+00 -5.452387888797925370e+02 4.201399999999720194e+02 2.094804930498791151e+01 9.841462984172760775e-02 1.778684659639261090e-02
4.009019493001790280e-01 1.913216233608346251e+00 7.288678397244319207e+00 5.371786459569547034e+00 1.479233507879799792e+00 9.293099823731242326e-01 3.311307251481784286e-01 2.973674027884199766e+00 8.000000000000000000e+00 1.300000000000000000e+01 4.000000000000000000e+00 -4.907554303401628886e+02 3.901299999999891384e+02 1.848065189626051819e+01 -9.676470477054721631e-03 1.160142008830158770e-02
1.204743417175673015e+00 1.748651707658562371e+00 5.686231293059602621e+00 2.513638368771859088e+00 1.775141508703963034e+00 1.228085915381932569e+00 4.638672072685209313e-01 2.684565916385614148e+00 6.000000000000000000e+00 1.200000000000000000e+01 4.000000000000000000e+00 -2.367446785169192481e+03 2.510400000000064722e+02 1.512042407307433045e+01 -5.936439608407630963e-01 5.818561248360555993e+00
3.647617018860497828e-01 2.034774445570185719e+00 8.997565283790406099e+00 3.011266444826015132e+00 1.459735163337739783e+00 6.728694402256072404e-01 1.591862532161742727e-01 2.747603841381363043e+00 7.000000000000000000e+00 1.000000000000000000e+01 5.000000000000000000e+00 -3.147305359902759392e+02 3.000999999999997385e+02 1.029253349939225437e+01 -5.282619271490174295e-02 1.999325586873279548e-02
1.148558713330679826e+00 1.363655545400954017e+00 5.322600356057309412e+00 4.067880993756002539e+00 1.680601943404557375e+00 1.412154940426344485e+00 3.453898013977714232e-01 2.569035097449134497e+00 7.000000000000000000e+00 1.100000000000000000e+01 3.000000000000000000e+00 -4.608989710658653962e+02 3.301100000000244563e+02 1.849024819161582300e+01 8.804082232085080895e-02 7.813814809172647813e-03
6.399481636763284520e-01 6.860950038533684125e-01 7.751277437487072319e+00 4.172179893315776766e+00 1.653243177447683454e+00 6.327767724415899186e-01 3.826059063012965389e-01 3.635962561067701326e+00 7.000000000000000000e+00 9.000000000000000000e+00 5.000000000000000000e+00 -4.313148115360443171e+02 2.700900000000045225e+02 1.851686322100263027e+01 2.515093162177586827e-02 9.056948820638310860e-02
9.506312460389615415e-01 2.078903769469197638e+00 4.518518407012250826e+00 3.914164624970636552e+00 1.514725189506290981e+00 7.561330078024375290e-02 4.332909085469519028e-01 2.821670195848280382e+00 6.000000000000000000e+00 6.000000000000000000e+00 3.000000000000000000e+00 -2.391661231111908364e+03 3.029999999999973781e+01 2.353195194449429195e+01 -2.153426975126677689e+00 3.218132387616917667e-01
3.995612763134953616e-02 1.518682696440617708e+00 7.318607459380165103e+00 6.653899981777191108e+00 2.289944606357896095e+00 1.680727772050976343e+00 2.020889494907472383e-01 3.256686683904892021e+00 9.000000000000000000e+00 1.300000000000000000e+01 4.000000000000000000e+00 -2.274821282964473994e+03 2.421899999999943134e+02 9.607892685279818323e+00 -1.294280648631081831e+00 5.686301541028525364e+00
9.070116962402536842e-01 2.296037820458774359e+00 2.639479073903243211e+00 3.142197475676920870e+00 2.295961459141781180e+00 3.381867248977323270e-01 2.477696817806387397e-01 2.608047333409358348e+00 2.000000000000000000e+00 5.000000000000000000e+00 2.000000000000000000e+00 -4.635774460597257303e+02 1.500499999999998693e+02 2.428452787873286312e+01 -6.912334935780573009e-02 6.275416689838435147e+00
5.266373072848216097e-01 1.269217234293087415e+00 8.939270237986107759e+00 4.924341268055265175e+00 1.402166371194066397e+00 2.350822571229156388e-01 2.378165356641106232e-01 3.871962472240332520e+00 8.000000000000000000e+00 1.500000000000000000e+01 4.000000000000000000e+00 -6.195456072204575548e+02 4.501499999999774104e+02 2.465441295127930132e+01 -4.631057483223763316e-02 6.282474912916514498e+00
9.107279752147825480e-01 1.781424185678344596e+00 5.428480956092186283e+00 3.796072869375112457e+00 1.561436679222838020e+00 5.095974691247185939e-01 1.316007666123334696e-01 2.830446135615783732e+00 7.000000000000000000e+00 9.000000000000000000e+00 4.000000000000000000e+00 -2.472453867282525550e+02 2.152800000000068792e+02 1.871647231319912424e-02 -1.059014268172851159e+00 7.515478604816355768e-04
4.992177962973826100e-01 4.492341625847208197e-01 6.489138628433435585e+00 4.904252891069885933e+00 1.362364279988451665e+00 4.299984346313657224e-01 2.097675062509047617e-01 3.003757472413682184e+00 9.000000000000000000e+00 1.300000000000000000e+01 4.000000000000000000e+00 -3.183567716429795951e+02 3.664699999999899660e+02 1.781717783272007347e-02 -1.092212960668551336e+00 1.567811555518252783e-02
5.098225987269675574e-01 1.638929233856438294e+00 6.289404917251418148e+00 4.170003763043609979e+00 1.829786511179715802e+00 1.127702159778227298e+00 3.336475104256984014e-01 2.815857086903480688e+00 7.000000000000000000e+00 1.400000000000000000e+01 2.000000000000000000e+00 -5.746476535970068653e+02 4.201399999999720194e+02 2.278610334981379992e+01 -1.562594425193485792e+00 9.574252819361783740e-02
3.587815594499189631e-01 8.096011463145619258e-01 9.883902686396965009e+00 4.985158625846497493e+00 1.045851117308916223e+00 3.009383138670102542e-01 2.106860766389967443e-01 3.915824453239845404e+00 1.100000000000000000e+01 1.000000000000000000e+01 5.000000000000000000e+00 -2.067188189069492523e+02 2.994999999999996021e+02 2.364951457878531477e-02 -1.284420940897522234e+00 2.683376180915467701e-01
9.018108839549019429e-01 7.726432492541887020e-01 4.431374695949847009e+00 3.835767344699332781e+00 1.898529425280590655e+00 7.891762527278247674e-01 4.498759206878312211e-01 2.795990459121362015e+00 7.000000000000000000e+00 1.200000000000000000e+01 2.000000000000000000e+00 -5.836118133007496454e+02 3.601200000000105774e+02 2.522198833129651874e+01 -9.211718822318162858e-02 6.274950073896214953e+00
7.619060143644000860e-01 2.000718810397986047e+00 7.090726892729330544e+00 4.381606850163838551e+00 5.705871475169568274e-01 1.770248104993438432e+00 1.786272188931988247e-01 2.244951051772839712e+00 7.000000000000000000e+00 1.400000000000000000e+01 4.000000000000000000e+00 -7.946529829828716629e+02 2.692199999999867259e+02 1.626071519421146139e-02 -4.804257931270361048e+00 3.905055022212068128e+00
1.167138884096218243e-01 5.942030763580458119e-01 9.910543548681427950e+00 5.514209225505021017e+00 1.196667996248930610e+00 1.983729716694790923e-01 1.554863097578252917e-01 3.623991948677041997e+00 1.100000000000000000e+01 7.000000000000000000e+00 5.000000000000000000e+00 -1.188340294330851492e+02 2.100699999999860097e+02 8.624393395682591335e-01 -3.230240496598626998e-01 3.877025619511087484e-03
