4.290072743511761377e-01 2.670979336251835701e+00 5.856224384284693940e+00 4.789163256020717796e+00 1.246227766557898242e+00 3.411540809279141051e-01 2.381118472451075885e-01 2.900444062772617571e+00 9.000000000000000000e+00 1.000000000000000000e+01 3.000000000000000000e+00 -4.418237007469580249e+02 3.000999999999997385e+02 1.823585629668488295e+01 -5.897273059709026016e-02 6.283117695589242935e+00
7.572926095691072668e-01 1.152083024699813052e+00 6.525562140609840078e+00 3.703670794663418420e+00 9.175957514063505238e-01 7.434500416450828819e-01 3.720793638717188601e-01 2.209261074851795126e+00 9.000000000000000000e+00 1.100000000000000000e+01 5.000000000000000000e+00 -1.510401537851003866e+02 3.012900000000208820e+02 2.469711156812103015e-02 -8.583780300715001532e-01 1.343240957091662580e-02
7.926713973416217307e-01 1.365249440287376936e+00 7.981151546236794125e+00 6.350018200808425384e+00 1.577912126170956109e+00 3.785893576491116685e-01 3.814210791948766666e-01 2.887325398754364336e+00 8.000000000000000000e+00 1.100000000000000000e+01 4.000000000000000000e+00 -5.066834773229051621e+02 3.301100000000244563e+02 2.135177983268080837e+01 -6.391771164954378470e-01 6.278898159319647121e+00
1.275824133399076743e+00 1.947623896093140461e+00 7.039459328353554923e+00 3.314344075551244995e+00 1.922463460113732703e+00 4.465220568880615137e-01 3.117441885398699597e-01 2.322344193910831578e+00 8.000000000000000000e+00 1.200000000000000000e+01 3.000000000000000000e+00 -5.450350300590630468e+02 3.601200000000105774e+02 2.281093937869110988e+01 5.160338895128530751e-04 6.283043001063717270e+00
6.737410566994372907e-01 1.263558197704800712e+00 6.101328261869635838e+00 3.237817709733742166e+00 1.211974550874674206e+00 6.141691908446366144e-01 4.227317138735532387e-01 2.767591596596426395e+00 6.000000000000000000e+00 1.100000000000000000e+01 4.000000000000000000e+00 -3.365614664205901931e+02 3.301100000000244563e+02 1.071915415128612281e+01 -4.586984419945341895e-02 1.058464490080623932e-03
7.984774032427861545e-01 1.428233751315052924e+00 7.414379714724065096e+00 3.753032783419187002e+00 1.390314115408473272e+00 1.372353268580734698e+00 3.084117021163205741e-01 2.682295111337552385e+00 7.000000000000000000e+00 1.100000000000000000e+01 4.000000000000000000e+00 -2.737221857623098344e+02 2.756600000000177033e+02 1.993542746638752444e-02 -1.041057974570283484e+00 1.172843781515430645e-02
8.591859163172343994e-01 1.214542284413281603e+00 7.166199583305788323e+00 3.753932795939457723e+00 1.069014102313013526e+00 9.505435231153889220e-01 3.086551620375453386e-01 2.911446970738739815e+00 8.000000000000000000e+00 1.300000000000000000e+01 4.000000000000000000e+00 -2.260534054357334753e+03 2.126799999999953457e+02 9.637128397333542651e+00 -3.371669687801315263e+00 8.094612204788841359e-01
3.782062827480410228e-01 1.536156905412439988e+00 5.412809770051101310e+00 4.445784388456750058e+00 7.690616739934559298e-01 8.770614088456780699e-01 1.819612477977824161e-01 2.797570015749375028e+00 7.000000000000000000e+00 9.000000000000000000e+00 5.000000000000000000e+00 -1.140708405408367980e+02 2.276100000000073464e+02 1.661503380207046687e-02 -9.008623908324161489e-01 1.218992214811898123e-02
1.429703666028061815e-01 1.400571342460960489e+00 6.167233533856998129e+00 3.532127774400687592e+00 1.571325092724899397e+00 9.372777542929604522e-01 2.947318640523699518e-01 2.905522281668441842e+00 8.000000000000000000e+00 1.200000000000000000e+01 4.000000000000000000e+00 -4.374636577565995026e+02 3.601200000000105774e+02 1.608772860978713837e+01 2.709010503779986367e-02 6.270601246020137687e+00
4.857591074038722923e-01 1.713887460428355825e+00 7.518822200991578164e+00 3.615264754252074830e+00 1.098923475331730737e+00 1.558589601912803158e-01 4.475592181039184103e-01 2.837170330568402843e+00 6.000000000000000000e+00 1.100000000000000000e+01 4.000000000000000000e+00 -4.622433016123844709e+02 3.301100000000244563e+02 1.857426885077326517e+01 -1.282755173595898412e+00 1.105177578089477919e-02
7.788803236441971256e-01 1.100098926091646723e+00 7.391645413964932132e+00 5.690214442224268865e+00 1.172275587321797152e+00 1.042154937615796806e+00 2.265358574874939690e-01 2.768338800578853842e+00 1.100000000000000000e+01 1.500000000000000000e+01 5.000000000000000000e+00 -6.384496177481968289e+02 4.291499999999805937e+02 5.986165360082063014e-05 -3.437804942432611366e+00 1.581996064388520251e+00
6.994313354181942444e-01 8.453212896269290955e-01 5.463741816674569485e+00 3.612977144488858983e+00 9.162556470448479651e-01 4.132867972878129237e-01 2.683439901492967739e-01 3.207424735372407465e+00 8.000000000000000000e+00 1.100000000000000000e+01 4.000000000000000000e+00 -2.609238940311784063e+02 2.427700000000136242e+02 1.576076851553629560e-02 -1.070184983799530309e+00 6.282219320556562181e+00
1.268432575773172921e-01 1.124336910939271350e+00 7.514095996540967271e+00 4.123432029774702912e+00 1.197928575929704254e+00 6.852335655103052314e-01 2.101364999808626732e-01 2.843653415526106620e+00 8.000000000000000000e+00 1.200000000000000000e+01 4.000000000000000000e+00 -3.134285812395610833e+02 3.601200000000105774e+02 8.335536327472237161e+00 -2.172387456591437505e-02 6.273627353711369814e+00
8.897234561683813325e-01 1.267865091835465696e+00 7.195287639446983796e+00 4.220333335007165232e+00 1.277586876284710904e+00 6.877742316597680317e-01 3.622730705929055883e-01 2.705256047744700076e+00 7.000000000000000000e+00 1.000000000000000000e+01 4.000000000000000000e+00 -2.836532218697077496e+02 3.000999999999997385e+02 8.350201366856740748e+00 -1.081319356439753437e-02 1.046627758265582936e-02
4.376582640467248098e-01 1.865129038505992209e+00 7.585899072526172127e+00 3.258055956353175908e+00 1.339304799561250814e+00 4.457249777870094798e-01 3.736339965378501216e-01 3.078863227481058118e+00 7.000000000000000000e+00 1.100000000000000000e+01 4.000000000000000000e+00 -4.393128287793477398e+02 3.301100000000244563e+02 1.714111429870846948e+01 -6.035194802851501228e-02 6.277052431382647235e+00
1.005960784812611308e+00 1.060139568644150820e+00 6.670739439198298371e+00 3.402800079532811939e+00 6.055298111765347047e-01 5.002020109088576305e-01 3.352022573896475399e-01 2.500844890193860692e+00 7.000000000000000000e+00 1.300000000000000000e+01 4.000000000000000000e+00 -2.870339177583444439e+02 2.966599999999924080e+02 1.451364112420927034e-02 -1.065261853697701211e+00 6.279773585151374071e+00
6.092933703819102265e-01 1.866411234419798726e+00 7.437374573815694667e+00 4.030379317724205102e+00 1.777713809182263738e+00 2.783760247854326630e-01 2.235347054474617345e-01 2.685363212821910928e+00 6.000000000000000000e+00 1.100000000000000000e+01 4.000000000000000000e+00 -5.345567009251717536e+02 3.301100000000244563e+02 2.309385630782247034e+01 -1.883780043166849438e-01 9.043064299759429048e-03
5.803204017475316334e-01 8.761336502954496508e-01 6.353049872042566548e+00 4.372091231300909264e+00 1.731490294670180230e+00 9.754574145756950143e-01 3.428088622749280723e-01 2.734051460001155842e+00 8.000000000000000000e+00 6.000000000000000000e+00 4.000000000000000000e+00 -2.046108257905735002e+02 1.384800000000037130e+02 1.505716117498335539e-02 -1.082118022775452104e+00 1.463307156964780559e-02
7.097269291213336162e-01 1.696378801035623995e+00 6.908980434882930233e+00 4.712951836201476397e+00 1.530596784490781292e+00 4.192168705137339080e-02 4.505771001657329911e-01 3.254671485257778052e+00 9.000000000000000000e+00 1.200000000000000000e+01 4.000000000000000000e+00 -4.514159706032737631e+02 3.601200000000105774e+02 1.695974816270427965e+01 -3.190111047599639704e-01 3.833762208482985323e-02
8.570764155845562726e-01 1.264308908468199100e+00 6.321338267412267342e+00 5.018490242669884083e+00 1.540193274820572222e+00 9.072566362274855356e-01 3.396831414084443557e-01 2.774762998790599511e+00 7.000000000000000000e+00 1.300000000000000000e+01 5.000000000000000000e+00 -4.925282147800337498e+02 3.901299999999891384e+02 1.859145092375245056e+01 -9.775578396848096097e-02 3.587013227710306867e-02
5.382849674041140231e-01 1.471072714112807267e+00 6.702315831199324059e+00 3.431767604687022022e+00 9.066671232406442460e-01 8.997671956958013251e-01 4.507981315269699030e-01 2.857284370127894491e+00 7.000000000000000000e+00 8.000000000000000000e+00 5.000000000000000000e+00 -2.290869620364433104e+02 1.870400000000068417e+02 2.422059091977720249e-02 -1.575606357956214509e+00 8.424466995559678484e-01
7.612840493148166354e-01 2.174583021775086333e+00 7.512163555073350096e+00 2.233693754924680253e+00 1.588479708493735432e+00 5.808878716422481991e-01 4.021922707658337481e-01 3.147977995503926429e+00 8.000000000000000000e+00 1.200000000000000000e+01 3.000000000000000000e+00 -4.850672965048492529e+02 3.601200000000105774e+02 1.906295603155274776e+01 1.407658607140128970e-01 4.614955778525775543e-02
3.385229793617206551e-01 1.529008878034588736e+00 8.540196807564644388e+00 3.322977336903868650e+00 1.052586788733474332e+00 7.288578194706721858e-01 3.522775083111965300e-01 2.943309764863409672e+00 7.000000000000000000e+00 1.300000000000000000e+01 4.000000000000000000e+00 -3.896211270904045705e+02 3.901299999999891384e+02 1.215975794315062686e+01 -1.063471364903182170e+00 6.152216223143698315e+00
3.743853017998311494e-01 1.859361899263579421e+00 7.774271036140696367e+00 4.869592402377947771e+00 1.100274722217896795e+00 4.283539234017347819e-01 4.157127997157692434e-01 2.951385310918404947e+00 8.000000000000000000e+00 8.000000000000000000e+00 3.000000000000000000e+00 -3.842705567023594426e+02 2.400800000000151329e+02 1.651440979389699137e+01 7.643788331443698847e-02 4.783451369716651587e-03
1.215477650272516641e+00 1.003694332320141269e+00 7.715712937993573384e+00 3.739322417843448765e+00 1.678079129369539846e+00 2.034917820325608528e-01 2.613238436338208848e-01 2.633395817970420438e+00 9.000000000000000000e+00 8.000000000000000000e+00 4.000000000000000000e+00 -2.539899328131308778e+02 2.328000000000139948e+02 2.302726616002834237e-02 -1.012198296988621182e+00 5.643140517837403648e-03
7.816819782950982232e-01 1.115822564104706593e+00 6.184818448721401296e+00 5.936664720698133557e+00 1.024568875384582300e+00 9.522131901001285037e-01 2.630214490121808857e-01 2.737523716629580051e+00 9.000000000000000000e+00 1.000000000000000000e+01 4.000000000000000000e+00 -2.203133194367416309e+03 1.054999999999982805e+02 9.398949647963540599e+00 -2.324469767799876241e+00 6.041237437867311932e+00
9.886025926542811870e-01 1.607144109941520904e+00 7.071871574274966044e+00 3.723577211255411079e+00 1.399127317275798754e+00 9.046374961898659972e-01 3.917722583947991222e-01 2.709954100658802378e+00 7.000000000000000000e+00 1.400000000000000000e+01 4.000000000000000000e+00 -4.644671548398114282e+02 4.201399999999720194e+02 1.589982217748908688e+01 -6.231542400175063556e-02 6.272172658842492865e+00
4.978124772345710047e-01 1.105754855912693735e+00 7.230800944342872683e+00 4.615022716483387022e+00 1.275420774795435142e+00 4.902657869442184069e-01 4.217241189722236161e-01 3.295385073174864399e+00 1.000000000000000000e+01 1.200000000000000000e+01 4.000000000000000000e+00 -3.089181349216482317e+02 3.446400000000099908e+02 2.282462595940812355e-02 -1.044444627187618213e+00 6.273444062529422105e+00
8.463587118337154713e-01 1.879350986464750628e+00 8.126160260921661660e+00 4.330603250410947958e+00 1.095967561725350370e+00 6.129177634342541925e-01 4.473702312887067878e-01 3.051027844828462232e+00 7.000000000000000000e+00 1.200000000000000000e+01 3.000000000000000000e+00 -2.227591853957353862e+02 3.601200000000105774e+02 2.668699087233131095e+00 -2.538710741550345151e-01 1.195233515916568900e-02
1.052165669887094479e+00 1.644595815779574366e+00 7.532987359755962231e+00 4.752531976664054802e+00 1.044090613388418909e+00 5.614637609099475402e-01 3.103247075388725906e-01 2.474795103474624725e+00 6.000000000000000000e+00 1.000000000000000000e+01 4.000000000000000000e+00 -2.771425945031244282e+02 3.000999999999997385e+02 7.943287156445284936e+00 3.253383073921572305e-02 3.195753899902342710e-03
7.070375650357439978e-01 1.295050357595792123e+00 8.577398775819800036e+00 3.187832443559718953e+00 1.118844910612244448e+00 3.722937783670577927e-01 3.837316712578758282e-01 3.490887744173587937e+00 7.000000000000000000e+00 1.100000000000000000e+01 4.000000000000000000e+00 -3.432072247321527243e+02 3.301100000000244563e+02 1.113451404575878101e+01 -1.376253473605536792e-01 8.528675020063642906e-03
7.201159581635933060e-01 1.518038226935265023e+00 6.262904661603068135e+00 3.468387101098335812e+00 1.321527609046200258e+00 2.609807314312450055e-01 2.847853872854713697e-01 2.716859455190511419e+00 8.000000000000000000e+00 1.000000000000000000e+01 4.000000000000000000e+00 -5.144468980415495025e+02 3.000999999999997385e+02 2.277480612759685030e+01 -6.371825696830438202e-04 1.975457182133522581e-03
7.272681838810823862e-01 1.328460983891189384e+00 5.980446662876934383e+00 3.989363174244543675e+00 1.599062304488899633e+00 3.557549168983298871e-01 3.490610973555320906e-01 2.451195044225916941e+00 8.000000000000000000e+00 1.100000000000000000e+01 4.000000000000000000e+00 -4.361845098905688474e+02 3.301100000000244563e+02 1.694559436815978870e+01 4.912306955554411603e-02 6.277389940820822467e+00
7.804791828033460499e-01 1.813982947075149177e+00 7.892427823470287152e+00 2.444498677277523679e+00 1.301377198721731077e+00 7.439985380141211913e-01 2.730145241906138942e-01 3.428482462973576173e+00 8.000000000000000000e+00 1.000000000000000000e+01 4.000000000000000000e+00 -2.181782223736841843e+03 1.224999999999973141e+02 7.533263983552709320e+00 -2.172614041970990062e+00 5.893108158486972670e+00
7.416206019824169715e-01 1.670721115823501801e+00 7.033509034973994822e+00 5.656279050412317488e+00 1.389144852958809295e+00 6.126515809858120720e-01 3.681913865858520984e-01 3.015448593642552577e+00 8.000000000000000000e+00 1.000000000000000000e+01 4.000000000000000000e+00 -2.218456203280632053e+03 1.946999999999932243e+02 7.569137705039699071e+00 -1.282356748232071242e+00 1.946455421973490585e-01
1.204277061483219669e+00 1.513802025127483075e+00 6.522940567236125808e+00 1.633454512815198045e+00 1.202721328724178029e+00 4.929244018505388736e-01 3.256317121754770394e-01 2.862771969323360644e+00 8.000000000000000000e+00 9.000000000000000000e+00 4.000000000000000000e+00 -2.596871354781182504e+02 2.488500000000081513e+02 1.653575276322146945e-02 -1.059079586718957078e+00 1.425265733737451218e-02
1.048101958917257326e+00 1.620037428287224301e+00 4.827479688732075225e+00 5.451427243291340652e+00 1.494447241357753420e+00 8.449306149482797013e-01 2.111201315298519565e-01 3.209239211542105785e+00 9.000000000000000000e+00 1.500000000000000000e+01 5.000000000000000000e+00 -2.768450176456282179e+02 4.501499999999774104e+02 3.235626102852469987e+00 5.338630723935403055e-02 6.222916674574750395e+00
1.095280989040075204e+00 1.374599332589816703e+00 7.080693198539984579e+00 1.529913450694999177e+00 1.470352555991774501e+00 4.227618018163485369e-01 5.898776064394330998e-01 3.105838672153347968e+00 6.000000000000000000e+00 1.100000000000000000e+01 4.000000000000000000e+00 -5.015467939668313306e+02 3.301100000000244563e+02 2.103073712292619390e+01 -1.968321957985784465e+00 8.200382464386812842e-03
4.955232271861161331e-01 1.099065287778566713e+00 7.895287312510370192e+00 4.478367726520106729e+00 1.095208893140281026e+00 7.695724443308344931e-01 3.877533021650404477e-01 2.909372331498618180e+00 1.000000000000000000e+01 1.200000000000000000e+01 5.000000000000000000e+00 -2.157486254323316643e+02 3.601200000000105774e+02 2.230539089520399365e+00 -4.457574994163757132e-01 6.269233189710941012e+00
3.126692812303871749e-01 2.064160197140874509e+00 7.575681083599503651e+00 3.432393538790219800e+00 2.009749048173661734e+00 5.910332525616845967e-01 2.135094418851952169e-01 2.500534163568673751e+00 7.000000000000000000e+00 9.000000000000000000e+00 4.000000000000000000e+00 -5.039632914962966197e+02 2.700900000000045225e+02 2.305739321851839918e+01 4.049452539259657674e-02 2.211496628823403365e-02
6.154714955334334991e-01 1.523806015822709803e+00 5.142453784282950302e+00 5.694150525276615582e+00 1.657888553234963647e+00 1.130516768576331765e+00 2.298734606015011839e-01 2.981152723907686930e+00 8.000000000000000000e+00 1.400000000000000000e+01 5.000000000000000000e+00 -3.825028653973006953e+02 4.201399999999720194e+02 1.077705408733216785e+01 -1.442672145750832635e-01 1.127287396106231403e-03
7.712208511157890856e-01 1.243642453251823321e+00 6.296374425594852831e+00 2.887541508894267306e+00 1.349124666056089605e+00 6.955583671609725238e-01 4.629422373421624992e-01 2.363506602581213922e+00 6.000000000000000000e+00 1.200000000000000000e+01 5.000000000000000000e+00 -4.555535094189797860e+02 3.601200000000105774e+02 1.721834433868590608e+01 -2.411278812935421512e-01 4.004534904356482627e-03
5.314879181674582176e-01 2.146101099225377951e+00 6.757020131555295350e+00 4.366448693458367281e+00 1.459416122027898721e+00 1.648027824471446912e-01 3.640345945326624033e-01 2.971436124609072582e+00 5.000000000000000000e+00 1.000000000000000000e+01 4.000000000000000000e+00 -5.577040337436130812e+02 3.000999999999997385e+02 2.547837710897582397e+01 -1.091681594253322563e-01 3.453484906131689802e-03
1.616151404375856804e-01 1.789914266955353828e+00 7.036437518321599249e+00 3.427229753769163612e+00 6.998129636620912253e-01 4.528711656845081923e-01 3.052641937472956313e-01 2.891557667064078352e+00 7.000000000000000000e+00 1.100000000000000000e+01 4.000000000000000000e+00 -4.321410894290744977e+02 3.301100000000244563e+02 1.669288058931639185e+01 -3.241747799762220716e-02 6.277559044120717857e+00
5.702376732943428284e-01 2.265553169549768597e+00 5.821073173350943541e+00 2.261486978854305718e+00 1.394388008916427779e+00 6.928862487123075287e-01 3.951407630709656837e-01 3.146239482862196901e+00 7.000000000000000000e+00 1.200000000000000000e+01 4.000000000000000000e+00 -4.486585821236441802e+02 3.601200000000105774e+02 1.678741138272743072e+01 6.696543545424385457e-03 2.968330526412543691e-03
9.877289956023568851e-02 1.236308958221787435e+00 7.364745180421304660e+00 3.803853736922742090e+00 1.562367415303886897e+00 4.239947808950635388e-01 1.703095297755990445e-01 2.504661006148478197e+00 8.000000000000000000e+00 1.500000000000000000e+01 4.000000000000000000e+00 -5.749798121940243618e+02 4.501499999999774104e+02 2.186905076212723031e+01 -2.489436081822106184e-01 8.485689401167562096e-03
5.438575866763530886e-01 1.224483200331250909e+00 7.273518279243448070e+00 2.878385283682157958e+00 1.567260436083406816e+00 5.178746607297715077e-01 1.587922384661105690e-01 2.783808077933845659e+00 9.000000000000000000e+00 1.500000000000000000e+01 5.000000000000000000e+00 -3.962004687344784202e+02 4.501499999999774104e+02 1.069534179590560719e+01 -2.008777277321381269e-02 1.043719423620181885e-02
5.941263495729636190e-01 1.425207256294690916e+00 7.920979092337270266e+00 3.166060966535408028e+00 1.355394865235375557e+00 4.207266478769087770e-01 1.825801211122993206e-01 3.368076192915430589e+00 8.000000000000000000e+00 8.000000000000000000e+00 4.000000000000000000e+00 -1.036937927477964934e+02 2.066400000000099055e+02 2.336204673697162004e-02 -9.603695755757876151e-01 7.162223742402495930e-03
