8.688521616713250628e-01 1.743539391437937347e+00 5.754569535217608944e+00 3.210370567888897408e+00 1.731563648234964337e+00 7.229769620276447206e-01 3.302380696405127769e-01 3.059811268386100735e+00 1.000000000000000000e+01 1.300000000000000000e+01 4.000000000000000000e+00 -2.398769113693624035e+02 3.901299999999891384e+02 2.800744460585488760e+00 -2.326210820915093624e-01 1.643928077057267914e-02
1.106264396225563384e+00 1.195771298456324017e+00 6.979930847546786055e+00 3.182588031585084742e+00 1.235164223238298220e+00 1.903188559002306213e-01 2.927278223195488027e-01 2.375301640864449837e+00 7.000000000000000000e+00 1.200000000000000000e+01 4.000000000000000000e+00 -3.539085977248929566e+02 3.601200000000105774e+02 1.086553735780547925e+01 -3.941469658284462163e-01 6.266734074735381910e+00
1.159986244652918552e+00 1.396713754737490820e+00 6.783597847901080335e+00 4.861039062455171589e+00 1.014292068388933821e+00 5.420600351770915593e-01 3.335844681638749365e-01 2.489631055211628752e+00 7.000000000000000000e+00 1.100000000000000000e+01 4.000000000000000000e+00 -2.935896632582981738e+02 3.301100000000244563e+02 8.033416453642873378e+00 6.744386043011113552e-02 6.282631789434807601e+00
9.909232238420691008e-01 1.140141707891487721e+00 7.198207505787064697e+00 3.708068864807211984e+00 1.172542435969949892e+00 3.907140272511524515e-01 2.659882464987348705e-01 2.885690872896348402e+00 9.000000000000000000e+00 1.000000000000000000e+01 4.000000000000000000e+00 -2.628317581988550842e+02 3.000999999999997385e+02 7.048859887428450932e+00 -4.921172733723893494e-02 6.224308522721217450e-03
4.267948933454684957e-01 1.540168444158824590e+00 6.431142205793784150e+00 3.875548673766455288e+00 1.328319932447199037e+00 3.546241039876860679e-01 2.806427193425560795e-01 2.872289836290784049e+00 6.000000000000000000e+00 8.000000000000000000e+00 3.000000000000000000e+00 -5.161574999639900625e+02 2.400800000000151329e+02 2.475734374774890867e+01 5.550573990317971690e-02 7.275364559435145220e-03
8.843188739629503914e-01 1.595029059555607365e+00 7.861762753529148995e+00 3.962582053156955997e+00 1.274887188788343950e+00 3.774262397098921973e-01 4.488194349215047785e-01 2.531045462868299456e+00 6.000000000000000000e+00 1.200000000000000000e+01 4.000000000000000000e+00 -4.778494697048582225e+02 3.601200000000105774e+02 1.861184185655330836e+01 6.904635189841246135e-03 1.021861032791861017e-02
2.799574068807701988e-01 1.441137748284855302e+00 7.285245924420538088e+00 4.177373610678641214e+00 1.225664951594490626e+00 6.204483676397297698e-01 2.956292050412757111e-01 3.181839936982552963e+00 9.000000000000000000e+00 1.000000000000000000e+01 4.000000000000000000e+00 -1.823711300610921455e+02 3.000999999999997385e+02 2.020070628818267267e+00 -1.579219323951434606e-01 7.837898636407381048e-03
1.025754285327132198e+00 9.222713898855413595e-01 7.176033171221003926e+00 5.067702413256879979e+00 1.396405285307799060e+00 2.576690882385281323e-01 3.084393878103017794e-01 2.914720656606373694e+00 7.000000000000000000e+00 1.000000000000000000e+01 5.000000000000000000e+00 -2.591345880909147468e+02 2.958999999999987836e+02 1.913445247588246162e-02 -1.016564588083481047e+00 8.860205959641308249e-02
1.133643041037085020e+00 9.502634311668212153e-01 7.344405813572459252e+00 5.424411706833158320e+00 9.755344450156127056e-01 4.780927903820192393e-01 3.510504682100842322e-01 2.960047789394324003e+00 7.000000000000000000e+00 1.000000000000000000e+01 4.000000000000000000e+00 -2.387953733927983251e+02 2.093999999999923887e+02 1.535475013985185440e-02 -1.010006954360146425e+00 1.619549703316872091e-02
9.683546169844787777e-01 1.455690971613379459e+00 7.363601223596722534e+00 3.471664823097489361e+00 9.219154875868609267e-01 2.315143528529470807e-01 3.480586851565111717e-01 3.107598313669356127e+00 7.000000000000000000e+00 1.100000000000000000e+01 4.000000000000000000e+00 -1.672612509612572467e+02 3.301100000000244563e+02 1.378906850778133797e-01 -9.911109187173519075e-01 3.021901853723132567e-03
7.012199642933453214e-01 7.202170097358929768e-01 7.428731591294005732e+00 4.744887533062179585e+00 1.323900428339475521e+00 3.253948896315433936e-01 2.619104305284141176e-01 3.375850011554128560e+00 8.000000000000000000e+00 1.200000000000000000e+01 4.000000000000000000e+00 -2.249498226639678364e+02 3.601200000000105774e+02 2.805613916497658789e+00 -2.079862260772077226e-02 9.492377559200362858e-03
5.662695416516607683e-01 1.304602095265252615e+00 6.329497433810054474e+00 2.789470539586009767e+00 1.528264529964524332e+00 5.927063417217039998e-01 2.823422750136774795e-01 2.689845699898822051e+00 6.000000000000000000e+00 1.100000000000000000e+01 4.000000000000000000e+00 -4.442271662461105279e+02 3.301100000000244563e+02 1.744826039038114374e+01 5.599563358186435136e-02 6.283182031027489067e+00
8.742970748549427906e-01 1.670940134109662356e+00 6.664498908108696718e+00 5.536004693924103215e+00 1.211713293986078410e+00 1.285406550943365200e+00 3.821963322499383753e-01 2.923184119696897287e+00 1.000000000000000000e+01 1.700000000000000000e+01 3.000000000000000000e+00 -1.075390179813369286e+03 3.224899999999979059e+02 -3.647222247413681173e-02 -1.020758552937461872e+01 3.281621625017172583e+00
1.023478063910052693e+00 1.470657540845454525e+00 7.765531167737957041e+00 3.792141051169947819e+00 1.440792986752396976e+00 9.680113886371174425e-01 1.970158597312844651e-01 3.484884293970774927e+00 8.000000000000000000e+00 1.000000000000000000e+01 4.000000000000000000e+00 -9.069609252353158126e+02 1.562999999999954071e+02 -4.663175653945859922e-02 -8.288775303395873095e+00 3.469947253620322414e+00
6.384733374453483989e-01 1.670074862782120029e+00 7.234091970766454160e+00 5.115801138408242466e+00 1.989149146174840066e+00 9.504849530584111861e-01 5.111873304269834994e-01 2.931857107743581103e+00 9.000000000000000000e+00 1.400000000000000000e+01 4.000000000000000000e+00 -5.452514119974193818e+02 4.201399999999720194e+02 2.094883824983958576e+01 3.200058642413466242e-02 6.264609248900803173e+00
5.399113593425227675e-01 1.245917402183857270e+00 8.032014527773691626e+00 3.344517221741246438e+00 1.145913343546510532e+00 3.299886589089314759e-01 1.585290720713918577e-01 3.356808042887722277e+00 1.000000000000000000e+01 1.200000000000000000e+01 4.000000000000000000e+00 -4.332462966569876244e+02 3.601200000000105774e+02 1.582414354106139776e+01 6.825969314688060119e-02 7.228592706777448029e-03
3.935513787919709405e-01 9.925062650892977345e-01 6.559741779288075669e+00 5.254339659079344749e+00 1.358455130144685441e+00 6.333352262133883359e-01 2.201789511620423911e-01 2.706400498560164625e+00 1.000000000000000000e+01 1.300000000000000000e+01 4.000000000000000000e+00 -3.611472728273724897e+02 3.901299999999891384e+02 1.038014205171112181e+01 1.426594932276558647e-01 6.247519285485201301e+00
1.036366989456061649e+00 8.069536931221261700e-01 8.406266811548057660e+00 3.870103466201410658e+00 1.382436409321668780e+00 6.281566300216672172e-01 2.407687964472133291e-01 2.505060060988433701e+00 1.000000000000000000e+01 1.100000000000000000e+01 4.000000000000000000e+00 -2.594563696236067472e+02 2.416700000000134878e+02 1.611669576317990848e-02 -9.820756601683564568e-01 6.280436522449640790e+00
3.763906021145948522e-01 1.330136251144134363e+00 7.768909389895386930e+00 3.539531143938194901e+00 9.915250112610061173e-01 5.571975888816573796e-01 1.346308443675451605e-01 2.926554479938254794e+00 1.000000000000000000e+01 9.000000000000000000e+00 4.000000000000000000e+00 -2.241813871615222070e+03 1.512000000000044508e+02 1.038836697595123226e+01 -1.954621664549803572e+00 2.393387039192517440e-01
4.907225101514587351e-01 1.821185083130773430e+00 6.983361079717114173e+00 4.267075267923607029e+00 1.333492216776883899e+00 3.187622295330702626e-01 2.388988472034290489e-01 3.251200902167683982e+00 7.000000000000000000e+00 1.100000000000000000e+01 4.000000000000000000e+00 -4.625203411909336069e+02 3.301100000000244563e+02 1.859158382443258617e+01 1.729263016087205507e-02 6.272657910809039450e+00
9.094440367788746427e-01 1.941127842129877878e+00 7.127304264933352229e+00 4.624990836282135476e+00 1.217802700605222554e+00 4.014346847193979717e-01 5.496868010063067356e-01 2.869436855745504555e+00 7.000000000000000000e+00 1.100000000000000000e+01 4.000000000000000000e+00 -4.356746008434503210e+02 3.301100000000244563e+02 1.691372505271488080e+01 6.960871151157878300e-03 6.322269374245475908e-03
8.644975978786323401e-01 1.705403181934184387e+00 8.027455202658899225e+00 3.147358910127479259e+00 1.447901823033301616e+00 4.706560549919009406e-01 2.023367671258213540e-01 3.034484788977392711e+00 1.000000000000000000e+01 1.100000000000000000e+01 4.000000000000000000e+00 -2.869084173943267615e+02 2.993100000000206364e+02 2.003038895013387749e-02 -1.034683690832334246e+00 7.377817471612312626e-03
6.460181624720606752e-01 1.010993038227840923e+00 8.483983846990216904e+00 4.241085064816841665e+00 1.510642500954272993e+00 8.508983651288206662e-01 1.624500490865566915e-01 2.850138965667632807e+00 7.000000000000000000e+00 9.000000000000000000e+00 4.000000000000000000e+00 -1.735068064211559999e+02 2.700900000000045225e+02 2.403862901322109558e+00 -2.762134531189427977e-01 1.746711123484424866e-02
5.136548752735519141e-01 1.251793110991914260e+00 7.261642100713443071e+00 5.291301743668713087e+00 1.193802801969932936e+00 9.387954257982673578e-01 2.017431373256861615e-01 3.044588983144993488e+00 1.000000000000000000e+01 1.500000000000000000e+01 5.000000000000000000e+00 -2.702645423552843340e+02 4.501499999999774104e+02 2.824346397205977244e+00 -3.853361138843862665e-01 9.421874230387265736e-02
8.716383838802888029e-01 1.625690173821442652e+00 7.765204968816948217e+00 3.830603271750145034e+00 1.472530428778128897e+00 6.831087509990291240e-01 3.541257140962699168e-01 2.725973973357745717e+00 8.000000000000000000e+00 1.100000000000000000e+01 4.000000000000000000e+00 -4.923067739494598527e+02 3.301100000000244563e+02 2.045323587184047653e+01 1.628529814152692573e-02 6.276923796358878427e+00
1.176489939242807647e+00 1.716979773211110727e+00 5.702792272323412348e+00 4.130833668490176969e+00 1.720630487301942679e+00 1.062834659448672836e+00 3.230884406551707277e-01 2.685208689483132627e+00 7.000000000000000000e+00 1.300000000000000000e+01 4.000000000000000000e+00 -4.710169894616383317e+02 3.901299999999891384e+02 1.724699934135273693e+01 -2.602242057895105126e-02 4.176750957339075976e-03
8.168987562115904710e-01 1.720507608172805236e+00 6.645902447710873240e+00 4.454896414561200224e+00 2.332966934532930914e+00 1.458936941814683586e-01 4.709683410853348628e-01 2.574039402171648838e+00 8.000000000000000000e+00 1.200000000000000000e+01 3.000000000000000000e+00 -5.979886676682383495e+02 3.601200000000105774e+02 2.612054172926456985e+01 -6.218934788304095879e-02 1.346214993991381483e-02
8.215345270226630525e-01 1.494851497685092623e+00 7.147389727493061784e+00 3.623441090847427049e+00 1.284126361655917092e+00 3.881999261168206372e-01 1.662372742974679296e-01 2.470029496112879031e+00 9.000000000000000000e+00 1.100000000000000000e+01 4.000000000000000000e+00 -2.819795017470770517e+02 2.919400000000197224e+02 1.756282166189748750e-02 -1.052179552961471476e+00 1.161830035401300622e-02
5.718848963428972976e-01 1.782864393758888166e+00 7.522894641226539392e+00 4.460913225675421145e+00 1.399864605382389549e+00 8.762220971271135195e-01 2.258103160904438855e-01 3.022721619264022497e+00 1.000000000000000000e+01 1.200000000000000000e+01 4.000000000000000000e+00 -2.921802247861672868e+02 3.085200000000086220e+02 1.584647601207689327e-02 -1.033860557694916693e+00 6.278147522760574972e+00
4.449826541274767844e-01 1.229768750977933811e+00 8.276990790669021436e+00 3.953937534689085265e+00 1.313308986253072908e+00 5.346475756091960685e-01 3.105415924483654333e-01 2.868669031486632548e+00 9.000000000000000000e+00 1.100000000000000000e+01 4.000000000000000000e+00 -2.534731740000257787e+02 3.301100000000244563e+02 5.526135875000846021e+00 -1.909490342561556142e+00 3.163484327987527156e-02
7.576460504439994637e-01 1.187281449362136865e+00 8.499283608687157709e+00 4.200035605741494926e+00 1.304600088909038780e+00 4.097316871911287350e-01 1.052326809235201999e-01 3.414013544005623402e+00 7.000000000000000000e+00 1.000000000000000000e+01 4.000000000000000000e+00 -2.285092185597361095e+03 2.679999999999924398e+02 9.443261599835306441e+00 -2.118986365349741163e+00 6.069261478415194366e-01
2.647242179170760101e-01 1.194101549587966105e+00 6.531827790227941577e+00 4.213167233700268355e+00 1.059531854102249149e+00 2.736941178427317878e-01 1.026052511247106253e-01 2.841378445386632645e+00 7.000000000000000000e+00 1.100000000000000000e+01 4.000000000000000000e+00 -4.241398794180081495e+02 3.301100000000244563e+02 1.619280496362474508e+01 2.576131263013354405e-02 3.126841888864362318e-03
4.622790115073873718e-01 1.095691127431305256e+00 6.844300980889869379e+00 4.414935159877137139e+00 1.655768003290051249e+00 2.145476889789620922e-01 3.850395600169352339e-01 2.893213852978250067e+00 8.000000000000000000e+00 1.100000000000000000e+01 4.000000000000000000e+00 -5.635643407641559861e+02 3.301100000000244563e+02 2.490683379775898487e+01 1.882738918641112258e-02 2.032315740277098465e-02
1.071414298577606949e+00 1.652086165783748450e+00 7.046783226204349937e+00 4.018698905887707618e+00 1.297578926234844721e+00 4.133514119020855193e-01 3.136540360007724071e-01 2.783258798235715759e+00 7.000000000000000000e+00 9.000000000000000000e+00 3.000000000000000000e+00 -3.052833623240873067e+02 2.700900000000045225e+02 1.063989764525531356e+01 -2.760185010870421229e-01 8.021260795601508828e-03
7.855274415162003532e-01 1.609307410897003132e+00 6.774165552126515166e+00 3.721213858824827359e+00 1.158790544004556278e+00 8.621642614230428103e-01 1.723936626186998999e-01 2.681930274263053970e+00 9.000000000000000000e+00 1.200000000000000000e+01 4.000000000000000000e+00 -3.101470205724880884e+02 3.460800000000100454e+02 1.708683187037191020e-02 -1.017130284346612568e+00 6.994980136652551722e-03
9.018437288268954521e-01 1.416234381963525024e+00 7.134930276931301663e+00 5.933686634118939374e+00 1.310549335699903173e+00 4.669096606263874460e-01 5.965933659230724384e-01 3.252164259027437776e+00 8.000000000000000000e+00 1.100000000000000000e+01 4.000000000000000000e+00 -2.192179858794270331e+02 3.301100000000244563e+02 3.385186617463425307e+00 -2.827199058241363638e-01 6.279311707169084933e+00
6.719082062474940331e-01 1.652019782765793421e+00 7.233144342302199270e+00 1.705969290220560763e+00 1.016658578757487330e+00 5.043630763589015409e-01 4.012396000596019086e-01 2.655654975516781757e+00 9.000000000000000000e+00 1.200000000000000000e+01 4.000000000000000000e+00 -2.581488035828640477e+02 2.422800000000061402e+02 1.599658022661085144e-02 -1.012322857860806113e+00 7.122123115656218278e-03
9.778605853824775540e-01 1.486003661802143938e+00 8.608441481823476238e+00 3.315796424248846019e+00 1.286342540140357205e+00 3.448990815928142384e-01 3.513513779492707378e-01 3.281764116317969826e+00 7.000000000000000000e+00 1.000000000000000000e+01 5.000000000000000000e+00 -1.989730069360571747e+02 3.000999999999997385e+02 3.057687933503580702e+00 -1.498169241965969234e-01 3.896900347594610403e-02
2.518133154856472822e-01 1.488991568282686639e+00 7.412705620177574950e+00 2.837445337951154833e+00 1.078391641664175893e+00 3.633115416909742379e-01 1.756706587670345265e-01 3.226225992606807758e+00 1.000000000000000000e+01 1.000000000000000000e+01 4.000000000000000000e+00 -2.787604702044542933e+02 2.901999999999974875e+02 2.239797012905317408e-02 -1.017834427976062051e+00 1.814970979955855823e-02
7.150209913000943329e-01 1.019244041422853186e+00 8.151223101716727371e+00 4.857624667385397998e+00 1.068684051709912097e+00 6.530856325975537002e-01 4.866948555276698340e-01 2.498170813917143906e+00 9.000000000000000000e+00 1.000000000000000000e+01 4.000000000000000000e+00 -2.673259945081811111e+02 2.588999999999903707e+02 1.533951739868453547e-02 -1.026528071198634429e+00 6.278177617965137181e+00
6.902060506164133802e-01 1.823706291855496264e+00 5.038875477434888062e+00 2.976176113968989512e+00 1.601866092579042000e+00 8.660291490655833702e-01 1.513704831692401498e-01 2.671501772848760670e+00 6.000000000000000000e+00 8.000000000000000000e+00 3.000000000000000000e+00 -2.632955851574972144e+02 2.400800000000151329e+02 8.953474072343102108e+00 -1.998741326802138785e+00 6.270086610688496265e+00
7.477204113382827089e-01 2.009729330552812776e+00 7.935048828041933788e+00 5.757272243617184593e+00 2.218550166291846981e+00 9.515693376708459494e-01 4.494913093083627853e-01 2.957479611140794162e+00 9.000000000000000000e+00 1.500000000000000000e+01 3.000000000000000000e+00 -6.306510954899832768e+02 4.501499999999774104e+02 2.534850596812465895e+01 -6.023279085054991100e-01 1.448045257639234973e-01
6.016949024429972814e-01 1.450337908232163464e+00 6.025950069056876579e+00 3.911044330399266133e+00 1.187250624510410857e+00 4.268098305251558644e-01 2.844492134190055865e-01 2.340802252876737821e+00 8.000000000000000000e+00 8.000000000000000000e+00 4.000000000000000000e+00 -2.466182920561890910e+02 2.179200000000116688e+02 1.484183206134753047e-02 -1.062725997124577049e+00 6.276601233802892921e+00
6.248684482058970424e-01 1.547880423492715041e+00 6.620915563169853080e+00 4.602559145727023626e+00 9.694340963389517229e-01 7.092421906847373725e-01 2.711259184403601030e-01 3.393588889472051839e+00 9.000000000000000000e+00 1.400000000000000000e+01 3.000000000000000000e+00 -3.391301740811201171e+02 3.984399999999741340e+02 1.446488632438731013e-02 -1.055795752042072877e+00 4.131559080836760822e-05
9.098509879366496467e-01 1.279282461692903716e+00 6.439152685832572942e+00 7.054244113483111533e+00 1.015456049896780177e+00 1.264635774090415055e+00 2.919917841449185536e-01 2.694646412300074179e+00 1.000000000000000000e+01 1.700000000000000000e+01 3.000000000000000000e+00 -8.829460947737426295e+02 3.995000000000051159e+02 -1.616105823287605769e-02 -8.082564966417500329e+00 2.359740564834453380e+00
1.538104011769509505e+00 1.217431312040402558e+00 7.146263917127220644e+00 4.390941928176816944e+00 1.610423474190649795e+00 8.005842593667644724e-01 3.541619432043164317e-01 3.270933408433600587e+00 9.000000000000000000e+00 1.300000000000000000e+01 4.000000000000000000e+00 -2.205239547763819417e+02 3.901299999999891384e+02 1.591184673524211446e+00 -2.362354856709628081e-01 1.055320765772584102e-02
8.807153882184700633e-01 2.275312179145136060e+00 5.362873760028791459e+00 4.407937375233192512e+00 9.423392663818930259e-01 4.989964125051443711e-01 3.928426601733567280e-01 3.357058624086594723e+00 7.000000000000000000e+00 1.100000000000000000e+01 4.000000000000000000e+00 -1.815067067583078710e+02 3.301100000000244563e+02 1.028231672393477236e+00 -4.427014691482988873e-01 6.279313642696284781e+00
5.941263495729636190e-01 1.425207256294690916e+00 7.920979092337270266e+00 3.166060966535408028e+00 1.355394865235375557e+00 4.207266478769087770e-01 1.825801211122993206e-01 3.368076192915430589e+00 8.000000000000000000e+00 8.000000000000000000e+00 4.000000000000000000e+00 -1.036937927477964934e+02 2.066400000000099055e+02 2.336204673697162004e-02 -9.603695755757876151e-01 7.162223742402495930e-03
