8.310153094455610123e-01 1.421002195525164380e+00 7.144343957565435943e+00 3.586734530341573191e+00 1.856500276267274874e+00 6.988346204785833571e-01 3.247842435114546289e-01 2.885522321138477064e+00 8.000000000000000000e+00 1.000000000000000000e+01 5.000000000000000000e+00 -3.242149870385478607e+02 3.000999999999997385e+02 1.088531168990924769e+01 -2.648506635993402858e-01 6.242950122371489385e+00
2.895486495829954765e-01 1.873647476395579936e+00 6.780003838907112446e+00 4.749900276217898565e+00 9.814090300290960744e-01 9.443221525126652693e-01 3.786758927595242907e-01 3.047912212768405738e+00 9.000000000000000000e+00 1.200000000000000000e+01 5.000000000000000000e+00 -5.198948930981118792e+02 3.601200000000105774e+02 2.123968081863166546e+01 -2.630851662842818683e+00 6.240272634032479004e+00
6.611564929000944835e-01 1.606339956174626771e+00 6.384386512161335681e+00 4.247259560130451916e+00 1.622548030684003439e+00 6.698109949748062286e-01 2.079144261883930644e-01 2.807053731569760568e+00 7.000000000000000000e+00 1.000000000000000000e+01 5.000000000000000000e+00 -2.398876809741760212e+02 3.000999999999997385e+02 5.614855060886008609e+00 -1.003119039688187719e+00 6.261412620523801209e+00
3.619345333088894723e-01 1.604189633825121808e+00 6.888782568282770136e+00 2.462197417947723288e+00 1.292406952633569972e+00 4.652954849935593273e-01 3.556181092230978336e-01 3.115508464318565540e+00 9.000000000000000000e+00 1.300000000000000000e+01 4.000000000000000000e+00 -4.874325855513363877e+02 3.901299999999891384e+02 1.827297409695886543e+01 1.353539425884596747e-01 6.267516971702333350e+00
5.641633898055351537e-01 1.338750079917100377e+00 6.531632859104289146e+00 4.477640816206635677e+00 1.209540282614244289e+00 1.064006599887332261e+00 4.950911103980020211e-01 3.163011648439882251e+00 8.000000000000000000e+00 1.100000000000000000e+01 5.000000000000000000e+00 -2.309683591757737304e+03 1.319999999999998863e+02 1.523022448485860458e+01 -2.444172861303185673e+00 4.808984552467240547e+00
2.850375357739345361e-01 1.529216178225688783e+00 7.719920992379531555e+00 3.933579565425372238e+00 1.500438486348732781e+00 1.428610409703423567e-01 3.292086332153628114e-01 2.772802557432325621e+00 8.000000000000000000e+00 1.000000000000000000e+01 4.000000000000000000e+00 -5.115298289980328263e+02 3.000999999999997385e+02 2.259248931237706159e+01 -3.141721935609965988e-02 6.275681078195563423e+00
5.451240970363766536e-01 1.352256426739467221e+00 7.347390642451149034e+00 3.967357154018642529e+00 1.393251230523507189e+00 6.660006394503004135e-01 3.757056589434761285e-01 2.917157382803964527e+00 8.000000000000000000e+00 1.000000000000000000e+01 4.000000000000000000e+00 -2.043336399978072677e+02 3.000999999999997385e+02 3.392727499862962404e+00 -4.954984380270781030e-01 9.402767961103730698e-03
5.768841752963489444e-01 1.733547756173750898e+00 7.203769198723600553e+00 4.227295198134304322e+00 1.550246974053066218e+00 1.164173940830363074e-01 2.325605625524826137e-01 2.493929348470837137e+00 9.000000000000000000e+00 1.000000000000000000e+01 4.000000000000000000e+00 -2.290935106242714937e+03 1.268999999999970640e+02 1.421781914016974646e+01 -1.797105277471378715e+00 1.549805635393443071e-01
2.482515605521252444e-01 1.480250319517486091e+00 6.845764750133526810e+00 4.120372288122485571e+00 1.373565272409178473e+00 7.016370876131292622e-01 3.077047304180600684e-01 2.770043778504597043e+00 7.000000000000000000e+00 1.000000000000000000e+01 5.000000000000000000e+00 -4.145808226426173633e+02 3.000999999999997385e+02 1.653317641516359515e+01 1.469496029293177082e-02 6.256838676545315892e+00
2.007007376555095535e-01 1.845947063004357069e+00 6.420559405276719644e+00 4.395890568901696049e+00 1.681983055057516774e+00 6.227767077824664099e-01 2.989825241126576882e-01 2.618734304631152643e+00 6.000000000000000000e+00 7.000000000000000000e+00 5.000000000000000000e+00 -4.372139827151006557e+02 2.100699999999860097e+02 2.076118641969422995e+01 -9.900322192986445169e-02 6.279146604663213616e+00
4.483096884444437435e-01 1.359896253888017936e+00 7.160840062738043521e+00 3.710924575104196599e+00 1.456568517531809492e+00 1.085019810664576423e-01 2.817175742859183707e-01 3.205823955374988099e+00 9.000000000000000000e+00 1.000000000000000000e+01 4.000000000000000000e+00 -3.917948645254119810e+02 3.000999999999997385e+02 1.510905403283825521e+01 -1.235941663787789579e-01 5.071926724639906278e-03
7.952282639103924744e-01 1.126319586988485444e+00 5.647925723216806304e+00 2.302714901860310803e+00 1.591614246376826136e+00 3.034553009439647786e-01 2.146667488684886604e-01 3.203017333320395732e+00 8.000000000000000000e+00 9.000000000000000000e+00 4.000000000000000000e+00 -1.629850821271317614e+02 2.700900000000045225e+02 1.746255132945593314e+00 -2.006962652496462884e-01 1.115540118149956073e-02
4.690334666224589832e-01 1.449046100260880987e+00 7.504945537357914809e+00 4.481283346157465708e+00 1.295348655441830754e+00 6.118888011650240877e-01 1.557859731575087225e-01 3.361336042287581538e+00 8.000000000000000000e+00 1.100000000000000000e+01 4.000000000000000000e+00 -2.024692544703559065e+02 3.301100000000244563e+02 2.338390904396479453e+00 -8.621729456403021130e-02 6.282353154455005750e+00
7.822297806045941382e-01 1.711262187237735377e+00 7.480028795060913893e+00 4.314339385371856572e+00 1.187262710531624910e+00 7.238405224633553958e-01 3.777712140599352453e-01 2.586788786070497004e+00 6.000000000000000000e+00 1.100000000000000000e+01 4.000000000000000000e+00 -4.146109585775714095e+02 3.301100000000244563e+02 1.559724741109744883e+01 -4.195012367531787412e-01 5.624919745863660690e-03
2.488844278419661271e-01 1.406837683791723359e+00 7.390035445155235472e+00 4.077911917885420401e+00 1.005287568563618006e+00 3.691785270628951676e-01 3.346157070524725663e-01 3.521592172771342621e+00 7.000000000000000000e+00 9.000000000000000000e+00 5.000000000000000000e+00 -4.271368719366648747e+02 2.700900000000045225e+02 1.825574199604141157e+01 5.082189232649718391e-02 3.450334720247603265e-02
6.459639810807069615e-01 1.127025230338516648e+00 5.838282563674914272e+00 3.638521871943282804e+00 1.655038502023652214e+00 1.276399179533255213e-01 3.235292697497066383e-01 2.678414969919386657e+00 9.000000000000000000e+00 8.000000000000000000e+00 3.000000000000000000e+00 -2.352281503847229033e+03 2.111200000000106058e+02 1.542009399045146445e+01 -1.579534425396602382e+00 3.085243747572077866e-01
6.424930299042749260e-01 1.723723090108946199e+00 6.468022510995049323e+00 4.174415301383880283e+00 1.538185435254946887e+00 3.418649294141741235e-01 1.635296430133495738e-01 3.133953535267363311e+00 9.000000000000000000e+00 1.200000000000000000e+01 4.000000000000000000e+00 -4.392790102276231892e+02 3.601200000000105774e+02 1.620118813922611878e+01 -1.668263810358822374e-01 6.281375515232570983e+00
5.661401560653323006e-01 1.317863724249984880e+00 6.386042468982889631e+00 4.243595144625659010e+00 1.629515560802984986e+00 5.130118802440976067e-01 3.761846812491662639e-01 2.752477314531196484e+00 8.000000000000000000e+00 1.200000000000000000e+01 4.000000000000000000e+00 -4.461039967976563503e+02 3.601200000000105774e+02 1.662774979985319135e+01 -7.498700031454282044e-02 6.282090738968248544e+00
3.999189083848809223e-01 1.529534405243131889e+00 5.729280736757012882e+00 3.687217726441649468e+00 1.501959661545687830e+00 7.127981938134344553e-01 2.849797996888269180e-01 3.159393664339443131e+00 8.000000000000000000e+00 1.200000000000000000e+01 4.000000000000000000e+00 -3.110477019561542420e+02 3.601200000000105774e+02 8.186731372259311357e+00 -4.645249472719542583e-01 4.935104855625801167e-03
4.998560381292883603e-01 1.315181673799901807e+00 7.182546686030242711e+00 2.997036580973673203e+00 9.556566233328075421e-01 9.906994401075432943e-01 2.765491109126857472e-01 3.016213009026481373e+00 6.000000000000000000e+00 6.000000000000000000e+00 5.000000000000000000e+00 -1.262287718306628506e+02 1.317600000000034584e+02 1.935020269745194380e-02 -1.152707606409035135e+00 2.685593589755143062e-01
7.002252843731850973e-01 1.801824580808949028e+00 5.186876104941156918e+00 4.839692498294924761e+00 1.955479453541509205e+00 5.388013215436804337e-01 2.196204985345658056e-01 2.875123461188674678e+00 8.000000000000000000e+00 1.000000000000000000e+01 5.000000000000000000e+00 -2.132739108287917134e+02 3.000999999999997385e+02 3.951494426799489812e+00 -8.607116109651031799e-01 3.488229068920574438e-02
2.229286670533331682e-01 1.331751269396147297e+00 6.560055613670188635e+00 4.711298570056817070e+00 1.227728537638488104e+00 4.633498240461937367e-01 3.228366375126959786e-01 3.220158982339371700e+00 8.000000000000000000e+00 1.000000000000000000e+01 4.000000000000000000e+00 -2.044048538530980750e+02 3.000999999999997385e+02 3.397178365818638301e+00 -4.221383344845372476e-01 6.282873537323137469e+00
8.153756382807375580e-02 1.275325357152987893e+00 7.354060617437570002e+00 4.474631172445665328e+00 1.266734685705339203e+00 5.824364941581736677e-01 3.442971345242443193e-01 2.824360486650011826e+00 8.000000000000000000e+00 8.000000000000000000e+00 4.000000000000000000e+00 -3.900943198288572944e+02 2.400800000000151329e+02 1.687839498930310711e+01 -1.718131035040229293e-01 1.580700000977192272e-03
3.597380205765970951e-01 1.462353926482996558e+00 6.967688609783397879e+00 4.044070911666286072e+00 1.186204394651575234e+00 1.179037604603616840e+00 2.853670931899706664e-01 2.722306919118324231e+00 7.000000000000000000e+00 9.000000000000000000e+00 5.000000000000000000e+00 -1.693174822945458970e+02 2.700900000000045225e+02 2.142030143408976794e+00 -3.886018740179286168e-01 1.340689223150021668e-02
5.278233858887937391e-02 1.163313199467059578e+00 6.382570768959342722e+00 4.059238664575826050e+00 1.403448010651499711e+00 4.020039421242572741e-01 2.335539635939171410e-01 3.079833757417079543e+00 7.000000000000000000e+00 7.000000000000000000e+00 5.000000000000000000e+00 -3.629314723970711611e+02 2.100699999999860097e+02 1.611852952481738654e+01 -5.795360253589491861e-02 8.673324671122044707e-03
5.201739368415428943e-01 1.288727647556672906e+00 6.565964250855423678e+00 4.328798174162611367e+00 1.220601172869189233e+00 5.148559175738833815e-01 3.253079641043434833e-01 3.070561984311774850e+00 7.000000000000000000e+00 1.000000000000000000e+01 5.000000000000000000e+00 -1.913282909953778415e+02 3.000999999999997385e+02 2.579893187211123706e+00 -2.138058018105410962e-01 1.555709539591966506e-02
2.895208636743784592e-02 1.508644051434233635e+00 5.167306910434264822e+00 3.933051968289251743e+00 1.437436557607883580e+00 8.867632394768044657e-01 2.509522008842429153e-01 2.905421337165158047e+00 9.000000000000000000e+00 1.300000000000000000e+01 4.000000000000000000e+00 -4.665196396674514290e+02 3.901299999999891384e+02 1.696591497921605196e+01 4.353460682529221304e-02 1.022649222440730199e-02
3.482095612806004326e-01 1.657388999633050863e+00 7.972900734084066521e+00 3.710945338403747851e+00 1.467675184163847346e+00 6.573423198503632880e-01 2.740113638901158222e-01 3.072572765687163976e+00 6.000000000000000000e+00 1.200000000000000000e+01 4.000000000000000000e+00 -4.559556813190235971e+02 3.601200000000105774e+02 1.724348008243864427e+01 -3.137306698721489262e-01 6.277439010396560271e+00
6.740310825217059598e-01 1.210868025009605109e+00 7.741498702883168548e+00 5.098301877859252151e+00 1.237767365095579386e+00 5.135616356544068228e-01 2.985803005561450951e-01 3.265966599857737407e+00 8.000000000000000000e+00 8.000000000000000000e+00 4.000000000000000000e+00 -2.292784849254928190e+02 1.895200000000072293e+02 2.346132057273850324e-02 -9.993440364926385877e-01 1.496860093632763899e-02
2.858690378911185048e-01 1.845195257227283836e+00 6.356233090345590142e+00 2.948238695704300305e+00 1.876311012861137772e+00 5.497165467684757001e-01 2.754356851774832360e-01 3.077269546468901495e+00 6.000000000000000000e+00 1.100000000000000000e+01 5.000000000000000000e+00 -4.970268335223627787e+02 3.301100000000244563e+02 2.074823959514690941e+01 -6.952926641166164157e-02 6.274561103591187461e+00
3.253590451404724249e-01 1.348014773108555442e+00 6.108867926230197476e+00 3.563377343005939224e+00 1.554360577841441549e+00 6.031994886300643399e-01 3.106469363029324415e-01 2.953602129634123941e+00 9.000000000000000000e+00 1.100000000000000000e+01 5.000000000000000000e+00 -4.939990738968187998e+02 3.301100000000244563e+02 2.055900461855041073e+01 9.094657812725914781e-02 6.279334361585771518e+00
3.616081075025145974e-01 1.837485342177472170e+00 7.266529838335343605e+00 2.993345936465696688e+00 1.519378952209504030e+00 9.767926402905408034e-01 3.247042572439963193e-01 3.033882468924338216e+00 8.000000000000000000e+00 1.100000000000000000e+01 4.000000000000000000e+00 -2.084752236218664905e+02 3.301100000000244563e+02 2.713763976365890951e+00 -4.207549209252633982e-03 6.267918276392295596e+00
3.416993802492576671e-01 1.596051900928625811e+00 5.791916945068235734e+00 4.202139509569247977e+00 1.084789827809702789e+00 7.267513983349418449e-01 2.995976144032437283e-01 3.163613655668310987e+00 7.000000000000000000e+00 1.100000000000000000e+01 5.000000000000000000e+00 -4.587178535919838396e+02 3.301100000000244563e+02 1.835392834949822571e+01 5.371966087261387940e-02 6.245064617395473583e+00
2.014880701623194548e-01 1.802966223263954726e+00 5.349409974164970549e+00 4.053631217512108975e+00 1.181310322545259694e+00 7.872021450398678510e-01 2.347463974844276047e-01 3.385458778866812679e+00 8.000000000000000000e+00 1.100000000000000000e+01 5.000000000000000000e+00 -2.160236353982468529e+02 3.301100000000244563e+02 3.185539712389664047e+00 -2.309311968312615926e-01 2.354220813793972411e-02
4.228550020872093862e-01 1.545211939299274029e+00 6.837784369840821164e+00 4.408116168106743338e+00 1.080074104755199382e+00 5.500957620962195760e-01 2.614573991320618407e-01 2.704723826702637890e+00 6.000000000000000000e+00 9.000000000000000000e+00 5.000000000000000000e+00 -3.077733532361586413e+02 2.700900000000045225e+02 1.079552207725977198e+01 -3.344350933833641903e-01 6.245966835738355094e+00
2.978472273346688959e-01 1.431090864630952586e+00 7.172622928663938247e+00 3.963764223166532652e+00 1.237831778640107183e+00 6.450290511545242467e-01 4.002496050233261271e-01 3.076340220476738274e+00 7.000000000000000000e+00 1.100000000000000000e+01 5.000000000000000000e+00 -4.650005491339514379e+02 3.301100000000244563e+02 1.874659682087120061e+01 -1.682264685788151248e-01 2.350971620437546789e-02
5.016193514915323615e-02 1.541375539069264722e+00 5.131925985015278968e+00 6.407886173677765029e+00 9.089071408406297348e-01 8.586747353304730046e-02 2.175010071722723037e-01 2.935038099840278747e+00 9.000000000000000000e+00 8.000000000000000000e+00 5.000000000000000000e+00 -2.429355185144576353e+03 1.083199999999980463e+02 2.344969907153609867e+01 -2.285054456491903974e+00 6.044331152875617175e-01
7.422925000398351569e-01 1.507014439161678432e+00 7.471421915958189608e+00 4.021197036053510310e+00 1.114157674804667097e+00 7.461045020499093017e-01 3.199228385268878538e-01 3.184994010804457432e+00 7.000000000000000000e+00 1.400000000000000000e+01 5.000000000000000000e+00 -3.810291816374227665e+02 4.201399999999720194e+02 1.068494885233979730e+01 -3.135509417808235999e-01 6.286566251239304737e-02
1.724384159554920304e-03 1.849872141632785905e+00 6.628957949208660771e+00 5.223136340384412435e+00 1.689332604956021777e+00 7.713237565199713153e-01 4.179419020388919770e-01 2.703921147024887173e+00 6.000000000000000000e+00 1.000000000000000000e+01 4.000000000000000000e+00 -5.033461429407000196e+02 3.000999999999997385e+02 2.208100893379375762e+01 1.274121329791225860e-02 1.228017612842080553e-02
2.073046344105893835e-01 1.209290026092055825e+00 6.431162894546704756e+00 3.518995947918375222e+00 1.308133984696978613e+00 8.567902422185168509e-01 2.772126427491787837e-01 3.202994055784490701e+00 7.000000000000000000e+00 8.000000000000000000e+00 4.000000000000000000e+00 -2.375562159846899135e+02 2.400800000000151329e+02 7.344763499042645805e+00 -2.556029770597167960e+00 5.648851197331618973e-02
8.253278234976091365e-01 1.343479928707930871e+00 6.863525288056134599e+00 3.579745533512279643e+00 1.801416872454590923e+00 2.631613679051598709e-01 3.415870607447691887e-01 2.716092808025181604e+00 7.000000000000000000e+00 1.000000000000000000e+01 5.000000000000000000e+00 -3.365136916267832703e+02 3.000999999999997385e+02 1.165398072667396256e+01 -6.504239938281176636e-01 6.280059501936393396e+00
8.406176273261648513e-01 1.231747658151658875e+00 9.460559750689633063e+00 3.240207822805436066e+00 1.589174465511357770e+00 5.302669828931257934e-01 3.171286395774652322e-01 3.030505535329076849e+00 7.000000000000000000e+00 1.000000000000000000e+01 4.000000000000000000e+00 -2.063611572543186412e+02 3.000999999999997385e+02 3.519447328394923247e+00 -3.271220311341350162e-01 6.279749643486720601e+00
7.273100016773205168e-01 1.685158321258444225e+00 5.674647761139566704e+00 3.517087256928337347e+00 1.503387406269391047e+00 9.555055175308060367e-01 3.994085391351455683e-01 2.857826820705667181e+00 6.000000000000000000e+00 8.000000000000000000e+00 5.000000000000000000e+00 -4.503257739112496552e+02 2.400800000000151329e+02 2.064286086945262966e+01 -9.321141685191719484e-02 4.917440930131193599e-02
2.037432878455095742e-01 1.275042063912463330e+00 6.846551325361636131e+00 3.143889535358578957e+00 1.353039926336494059e+00 8.919468919489380587e-01 4.064276241897792907e-01 3.587374573958368007e+00 7.000000000000000000e+00 1.200000000000000000e+01 3.000000000000000000e+00 -2.203432880863675109e+03 2.199600000000052944e+02 5.840805053979513772e+00 -4.781507315548111592e+00 1.710677693347848027e+00
5.066217376213421053e-01 1.271662919074630693e+00 8.443101415139713239e+00 3.692910908245851331e+00 1.397083165292896112e+00 2.444191872069442217e-01 2.436505202013315441e-01 3.354903554097631524e+00 7.000000000000000000e+00 1.000000000000000000e+01 4.000000000000000000e+00 -2.826747319716817515e+02 3.000999999999997385e+02 8.289045748230117638e+00 8.342545386805479135e-02 6.271416450665698861e+00
4.414771037956849442e-02 1.824733408545274438e+00 7.954591050094254712e+00 4.953868540233067996e+00 1.639019360855304974e+00 6.370774882710348308e-01 1.711895407139241154e-01 2.362386981541230391e+00 8.000000000000000000e+00 1.500000000000000000e+01 5.000000000000000000e+00 -5.608281346363978628e+02 4.501499999999774104e+02 2.098457091477557412e+01 4.712617111625271027e-02 2.660966759045813035e-02
5.564675060320005695e-01 1.402575215557978261e+00 8.555108874998975210e+00 4.673225580145645708e+00 7.519098948356897072e-01 7.727581991741665490e-01 3.889469852845698489e-02 2.620440557429133399e+00 9.000000000000000000e+00 1.000000000000000000e+01 4.000000000000000000e+00 -2.169411916123425499e+02 1.600999999999951910e+02 2.491418795911999953e-02 -1.005384395038907641e+00 7.787051339988091195e-03
5.941263495729636190e-01 1.425207256294690916e+00 7.920979092337270266e+00 3.166060966535408028e+00 1.355394865235375557e+00 4.207266478769087770e-01 1.825801211122993206e-01 3.368076192915430589e+00 8.000000000000000000e+00 8.000000000000000000e+00 4.000000000000000000e+00 -1.036937927477964934e+02 2.066400000000099055e+02 2.336204673697162004e-02 -9.603695755757876151e-01 7.162223742402495930e-03
