1.337461778779216459e+00 1.640525966677885084e+00 7.023884317262739430e+00 3.057892995352227139e+00 1.585206311714826954e+00 6.276142325254867593e-01 2.983175023426078987e-01 2.979597325357228765e+00 7.000000000000000000e+00 1.300000000000000000e+01 4.000000000000000000e+00 -2.674075575711240162e+02 3.901299999999891384e+02 4.521409848195592218e+00 -1.501416757488726716e+00 4.893521269693341079e-03
6.362168118266202654e-01 1.659485466931087894e+00 8.405242566806855109e+00 3.160489428675799406e+00 1.511954298237913719e+00 9.206439482906689786e-01 3.899246098207431732e-01 3.075404934242050636e+00 7.000000000000000000e+00 1.100000000000000000e+01 4.000000000000000000e+00 -4.225695183350974844e+02 3.301100000000244563e+02 1.609465739594282851e+01 2.493134793481009692e-02 3.331664735950527756e-02
1.038987784471385512e+00 1.157308991511513785e+00 7.256994599860869144e+00 5.197155460900333424e+00 1.295210124057231127e+00 5.844937056485495219e-01 3.807197876749021104e-01 2.303602600298133574e+00 7.000000000000000000e+00 1.200000000000000000e+01 3.000000000000000000e+00 -2.937608533856021040e+02 3.601200000000105774e+02 7.106303336599800957e+00 -1.052173913565044860e-01 6.277944574772482689e+00
1.216319335194170570e+00 1.122321306624384896e+00 8.282030797070213168e+00 4.562270831584895880e+00 1.372843725849835383e+00 4.212317242255387284e-01 2.485533955862274380e-01 3.111734167008785690e+00 9.000000000000000000e+00 1.100000000000000000e+01 4.000000000000000000e+00 -2.584642603420646765e+02 2.383700000000130785e+02 2.108710354504247930e-02 -1.041872093699960145e+00 1.149016523937335457e-03
7.090117107622645465e-01 1.198769329944936457e+00 6.552776524607072162e+00 3.875600216311027690e+00 1.942210219985466724e+00 3.259701190859921605e-01 2.192918277205752331e-01 2.812633851533289153e+00 1.000000000000000000e+01 1.300000000000000000e+01 3.000000000000000000e+00 -4.907660013577761902e+02 3.901299999999891384e+02 1.848131258486134954e+01 -6.027053238108810718e-02 6.273276871728830528e+00
8.917758945985314600e-01 1.412412629134715658e+00 6.425010919168552270e+00 3.195806604123886174e+00 1.326889290664485799e+00 5.389512411157433291e-01 1.988006295772873078e-01 2.533277484523746015e+00 1.000000000000000000e+01 1.300000000000000000e+01 4.000000000000000000e+00 -3.019600527546545550e+02 3.272099999999913393e+02 1.583863607566444315e-02 -1.011821790307368296e+00 3.387988216327763192e-03
6.089117815232151232e-01 2.068173257855199676e+00 7.389647106154164646e+00 5.402456385558990881e+00 2.201383765340525489e+00 4.943096306601647560e-01 3.452818712727415695e-01 2.682542322648264310e+00 1.000000000000000000e+01 1.500000000000000000e+01 3.000000000000000000e+00 -6.199221911568495216e+02 4.501499999999774104e+02 2.467794944730380280e+01 2.982979314241145929e-01 6.210675055652854937e+00
8.934761671707900366e-01 1.678209131456573910e+00 7.773109514087471972e+00 5.588015649324571399e+00 1.749186633975788219e+00 9.163596335446287933e-01 4.699937538880610277e-01 2.843904319090653665e+00 1.000000000000000000e+01 1.700000000000000000e+01 3.000000000000000000e+00 -6.013230635036823060e+02 5.101700000000154773e+02 2.163987896897966223e+01 6.136320336529450803e-02 6.258830181903123346e+00
5.323610992789640228e-01 1.769174978199505643e+00 6.560608492550210613e+00 4.610510231944502380e+00 1.690420598533464380e+00 1.101405897909428999e+00 4.168486286811637909e-01 2.760987669933288924e+00 9.000000000000000000e+00 1.400000000000000000e+01 4.000000000000000000e+00 -4.840388428489260377e+02 4.201399999999720194e+02 1.712305267805875175e+01 -5.789429757672429622e-01 1.405896605305567704e-02
1.022943133268695792e+00 1.570099418878819320e+00 8.143666319387993013e+00 5.086125889216171814e+00 1.272631660044161617e+00 6.279931618711676045e-01 3.966660636903534543e-01 2.696131467496003076e+00 9.000000000000000000e+00 1.100000000000000000e+01 4.000000000000000000e+00 -2.688698134966057864e+02 2.612500000000159162e+02 1.842360706786843119e-02 -1.056428411751153096e+00 6.278438963970299547e+00
4.382003613617827531e-01 1.085530887617055296e+00 8.069585654551323373e+00 5.467326600654802249e+00 1.396526152643975172e+00 4.152254810829094089e-01 3.158395795314503096e-01 2.855861344425999260e+00 1.000000000000000000e+01 1.200000000000000000e+01 4.000000000000000000e+00 -2.912157405576708129e+02 3.042000000000084583e+02 2.176049930796218612e-02 -1.043594382576854551e+00 1.773736532029530390e-03
1.217836132287822615e+00 1.651376284813271145e+00 6.350253534886215689e+00 3.291681414707370745e+00 1.598248671925745157e+00 2.897632366933151071e-01 4.091475832729990492e-01 2.780361062911674175e+00 8.000000000000000000e+00 9.000000000000000000e+00 3.000000000000000000e+00 -4.286773166484431385e+02 2.700900000000045225e+02 1.835201979052755306e+01 -2.050830060204202332e-01 2.182430915147914874e-02
3.184715816858292303e-01 1.545116616709705015e+00 6.779140969189163535e+00 4.679077467072898067e+00 1.106383966868749402e+00 1.854927909967850064e-01 2.359107930522865715e-01 2.598516491313955790e+00 6.000000000000000000e+00 1.200000000000000000e+01 4.000000000000000000e+00 -4.476779759831954379e+02 3.601200000000105774e+02 1.672612349894938433e+01 3.000818396101165297e-02 9.452765975209942440e-03
6.884514562912444902e-01 1.633705884576734935e+00 6.272264122087015892e+00 3.084399609167374212e+00 1.703647560994147048e+00 6.220197085494829636e-01 3.011305048491266234e-01 2.876219725159573137e+00 6.000000000000000000e+00 1.200000000000000000e+01 4.000000000000000000e+00 -4.562761127714531995e+02 3.601200000000105774e+02 1.726350704821549442e+01 -7.039520386874713598e-01 6.280841214938967632e+00
5.296649866819282959e-01 1.662363392901365255e+00 7.443528875267904965e+00 4.489112745307815899e+00 1.239669509659536040e+00 3.316057943962542609e-01 2.862283101944224084e-01 2.647461483699324436e+00 7.000000000000000000e+00 8.000000000000000000e+00 4.000000000000000000e+00 -2.472748674177468615e+02 2.400800000000151329e+02 7.952179213608705943e+00 -3.756643377335417561e-02 6.352859681294933426e-03
3.570503948387234172e-01 1.594219616007680251e+00 5.370803068980405826e+00 4.211103187899045253e+00 1.638402377317524694e+00 4.573689979710837128e-01 3.390713414515928448e-01 3.125486983330796331e+00 7.000000000000000000e+00 1.200000000000000000e+01 4.000000000000000000e+00 -4.747084048784123524e+02 3.601200000000105774e+02 1.841552530490044148e+01 1.874598241493911910e-02 1.077665959006994523e-02
5.561733655677407739e-01 1.318555343017050685e+00 6.877158700240069145e+00 4.005150797900093984e+00 1.492444948912958536e+00 7.837438810145698209e-01 7.049801873964478549e-02 3.031761451282393161e+00 9.000000000000000000e+00 1.400000000000000000e+01 4.000000000000000000e+00 -3.370396689361523954e+02 3.959199999999743795e+02 2.114892547629650815e-02 -1.035688412083863419e+00 1.702410136242072866e-03
7.381459675323041036e-01 2.095959256722435882e+00 6.117443407209790074e+00 4.782245819398069031e+00 8.282287633732263732e-01 6.031237795634090126e-01 4.017324679464696069e-01 3.110010162756789764e+00 8.000000000000000000e+00 1.200000000000000000e+01 4.000000000000000000e+00 -2.488918925597300813e+02 2.191200000000052626e+02 2.398100664036832697e-02 -1.034874533837984334e+00 9.268811475166725475e-04
1.454120643992350859e+00 1.712838260267951274e+00 6.793549385249646910e+00 4.349390922262041492e+00 1.949886516308201534e+00 5.954945821065595890e-01 5.522812234456608849e-01 2.721662710617128500e+00 6.000000000000000000e+00 1.200000000000000000e+01 3.000000000000000000e+00 -5.793728897158141535e+02 3.601200000000105774e+02 2.495705560723805405e+01 1.197972686306651158e-01 6.267316789703645696e+00
9.635692533025917994e-01 1.145944614798728223e+00 6.371930564531428587e+00 4.854203633239125182e+00 1.172548572792896371e+00 7.028611866898679672e-01 3.680786001907147553e-01 3.031208797759359364e+00 1.000000000000000000e+01 1.200000000000000000e+01 4.000000000000000000e+00 -2.303160920473361784e+03 1.092000000000011113e+02 1.553505752958507991e+01 -2.374291818107612251e+00 4.901680981162021555e-01
1.061529661037127648e+00 1.608851634798672547e+00 6.840359135667874568e+00 5.543868480191475712e+00 1.248112149990822317e+00 3.561778238139328145e-01 4.420539026241534497e-01 2.782067475821757618e+00 8.000000000000000000e+00 1.300000000000000000e+01 4.000000000000000000e+00 -3.259872755472166546e+02 3.901299999999891384e+02 8.182642221701382113e+00 -2.746913460444442734e+00 9.892467673088958108e-03
5.796107999422085433e-01 1.405818129674401451e+00 7.113453198042193115e+00 4.243899782032528378e+00 1.365623410010069705e+00 4.140754121658991593e-01 3.089940256878215830e-01 3.021184439689426071e+00 8.000000000000000000e+00 1.200000000000000000e+01 4.000000000000000000e+00 -2.878597044970288721e+02 3.601200000000105774e+02 6.737481531063974849e+00 -1.155865421436271245e-01 3.194784967314476254e-02
1.729730122167864592e-01 7.761974315904642818e-01 6.644887442547333656e+00 5.567277332500409237e+00 1.772932013327727541e+00 1.644169446831703629e-01 3.941242857754928552e-01 3.589189648276251532e+00 7.000000000000000000e+00 9.000000000000000000e+00 4.000000000000000000e+00 -3.878618750993506410e+02 2.700900000000045225e+02 1.580105469370927551e+01 -7.202900447541002449e-03 6.282358512108833004e+00
1.259097244866247411e-01 1.495880311968041498e+00 6.253271534435962842e+00 4.979645322832904064e+00 1.392527389597969067e+00 4.559096834185585312e-01 3.598132895145428334e-01 2.999641790245618722e+00 7.000000000000000000e+00 1.200000000000000000e+01 4.000000000000000000e+00 -4.732981939851508741e+02 3.601200000000105774e+02 1.832738712407159909e+01 6.782672603015139912e-02 6.258311042674724156e+00
5.339362242227888578e-01 1.365682348438579385e+00 7.606678446227840062e+00 4.414872771156877818e+00 1.438182925082394537e+00 6.926886969305215969e-01 1.446712431221892081e-01 2.824015619274789834e+00 9.000000000000000000e+00 1.100000000000000000e+01 4.000000000000000000e+00 -2.909753334745997790e+02 3.037100000000211821e+02 2.211281377188807976e-02 -1.048502851160276306e+00 2.094046209903620108e-03
1.104518423370044911e+00 1.146161708153440317e+00 7.741466409739815369e+00 4.414635571761309940e+00 1.278760579634231842e+00 4.340815178092959359e-01 1.956461181152155393e-01 2.972856211058034770e+00 8.000000000000000000e+00 1.200000000000000000e+01 4.000000000000000000e+00 -3.024501578130183930e+02 3.364800000000096816e+02 2.114899812244303706e-02 -1.050812661365986056e+00 1.745443106750944190e-02
8.612808337667333669e-01 1.526250400349530967e+00 8.217722866104214319e+00 3.215655194334727796e+00 1.139684034866440321e+00 5.460143683542557635e-01 3.652149459835143386e-01 3.134217786735604250e+00 7.000000000000000000e+00 1.000000000000000000e+01 4.000000000000000000e+00 -1.839187478020321009e+02 3.000999999999997385e+02 2.116796737627014924e+00 -1.723885100228174372e-01 6.277181661979278182e+00
6.890125119702723566e-01 9.391634408686303503e-01 7.091442898142139128e+00 5.890846118254599695e+00 1.665153589772549569e+00 3.204139753154583437e-01 4.435097256234948326e-01 3.123757221316953547e+00 7.000000000000000000e+00 1.100000000000000000e+01 4.000000000000000000e+00 -5.104760124678166449e+02 3.301100000000244563e+02 2.158881327923777604e+01 1.222495374713152283e-01 8.640964337844003751e-03
7.121614003169955964e-01 1.485598271955335781e+00 6.781026900504585342e+00 4.606292793595915924e+00 1.689003612936099241e+00 6.170283308619352036e-01 4.707725885257627585e-01 2.480171815639744093e+00 8.000000000000000000e+00 1.100000000000000000e+01 3.000000000000000000e+00 -5.116165507495518341e+02 3.301100000000244563e+02 2.166009692184622537e+01 -2.556288413015961880e-01 6.878678163380058663e-04
7.380550480579243233e-01 1.512838264514724695e+00 7.535819372977180741e+00 3.858799598446866153e+00 1.402288778013855985e+00 2.798108402932794059e-01 1.838067963965732132e-01 3.212163850797155717e+00 7.000000000000000000e+00 1.100000000000000000e+01 4.000000000000000000e+00 -4.553507452656955934e+02 3.301100000000244563e+02 1.814348407910521033e+01 -5.477456434151616732e-02 6.275849011327704119e+00
7.186973304264788753e-01 1.805340150557303236e+00 6.033460593103436409e+00 4.391263490823765991e+00 1.507814115902528895e+00 4.141922096251958729e-01 2.438863960510787576e-01 3.071834628965594227e+00 8.000000000000000000e+00 1.000000000000000000e+01 4.000000000000000000e+00 -3.350723103079951670e+02 3.000999999999997385e+02 1.156389439424970789e+01 2.592326327679851661e-02 8.707720165901378095e-05
8.030409481239116909e-01 9.699488526952325662e-01 6.864252846301654998e+00 4.730171431799083059e+00 1.430027767065915834e+00 3.385407629022242904e-01 3.105857941617689022e-01 2.521779945309902793e+00 8.000000000000000000e+00 1.300000000000000000e+01 3.000000000000000000e+00 -4.753999248602509624e+02 3.901299999999891384e+02 1.752093280376602635e+01 -5.329753315075655973e-01 2.199335790658966949e-02
6.031931135005669242e-01 1.574654744855020772e+00 6.440947343756520560e+00 3.826704374117430252e+00 1.440304987543338688e+00 4.280237603039477312e-01 2.680273466794780290e-01 2.353537246736189026e+00 8.000000000000000000e+00 9.000000000000000000e+00 4.000000000000000000e+00 -2.366891129733145931e+02 2.700900000000045225e+02 6.352757060832021629e+00 -2.335485439542235309e+00 6.275596931799877432e+00
7.080129252419138375e-01 1.933661654567242039e+00 6.670942806156120675e+00 3.645628829689450789e+00 1.394439317963212632e+00 8.170776231379641708e-01 2.214767794487039754e-01 2.617729816116986186e+00 1.000000000000000000e+01 1.500000000000000000e+01 3.000000000000000000e+00 -4.963238939016790710e+02 4.501499999999774104e+02 1.695305586885564608e+01 -3.411889160420773781e-02 6.281037575411245300e+00
1.276152955499559205e+00 1.010922393354018567e+00 6.534850871472467126e+00 4.477944498565643805e+00 1.381647441874785720e+00 4.780284041115251403e-01 2.352958096347488037e-01 2.993908003889461433e+00 1.000000000000000000e+01 1.300000000000000000e+01 4.000000000000000000e+00 -3.663835074515831138e+02 3.901299999999891384e+02 1.070740671572428226e+01 -4.929586700839172497e-01 5.122544584095570230e-02
7.136968329965280855e-01 1.571260353178440372e+00 6.363517971472665735e+00 1.759787660324239056e+00 1.076828178632927902e+00 4.827319156595534233e-01 3.360919774470486621e-01 2.645939035113932913e+00 8.000000000000000000e+00 1.100000000000000000e+01 4.000000000000000000e+00 -3.035797787037056992e+02 3.290100000000243199e+02 2.444351661895742545e-02 -1.033757192920177204e+00 6.281245829539466641e+00
7.595789845291714970e-01 9.466364303413328241e-01 8.803748082649534012e+00 4.129120176225726802e+00 1.374025184393303345e+00 5.988555362747222111e-01 5.234916931201299972e-01 2.566723560352982769e+00 1.000000000000000000e+01 1.100000000000000000e+01 4.000000000000000000e+00 -2.956973710676439850e+02 3.301100000000244563e+02 8.165148191726986582e+00 -7.434047711504054856e-01 1.339906141552259927e-02
9.614799622383028987e-01 1.591302442856841193e+00 8.346217059985605147e+00 3.473721688030469323e+00 1.645858712580909655e+00 6.904551093912454363e-01 4.125061494127030826e-01 3.398650374525361784e+00 6.000000000000000000e+00 8.000000000000000000e+00 4.000000000000000000e+00 -2.472562900039536657e+02 2.400800000000151329e+02 7.951018125246632096e+00 -2.853062211150845795e-01 1.819326980021962470e-03
4.049088094465373988e-01 1.381719994641658955e+00 7.712740317280805336e+00 3.454017209518104092e+00 1.062715857945814690e+00 7.297068651887419488e-01 1.697648644075142321e-01 2.952652464173826541e+00 1.000000000000000000e+01 9.000000000000000000e+00 4.000000000000000000e+00 -2.517698631534737785e+02 2.239200000000072066e+02 1.976037653342053307e-02 -1.055654896444556456e+00 6.282637297838303603e+00
9.275088160161845119e-01 1.593199449649916888e+00 5.980676867857572354e+00 3.775041607967792423e+00 1.872706907934498011e+00 5.673960822824416494e-01 2.071928590747811327e-01 2.672944964309235338e+00 8.000000000000000000e+00 1.000000000000000000e+01 4.000000000000000000e+00 -3.073904455584884090e+02 3.000999999999997385e+02 9.833777847405533734e+00 -1.111001842849623999e+00 4.854916441120393084e-02
7.865461626628051928e-01 1.504688670776234805e+00 6.656764392168481592e+00 3.875721026470737129e+00 1.111621969955436828e+00 9.904724289465702824e-01 3.987888856630065759e-01 2.780177744373722781e+00 8.000000000000000000e+00 1.300000000000000000e+01 4.000000000000000000e+00 -3.247128874707871091e+02 3.775199999999895795e+02 2.491640290281766507e-02 -1.020759378992081912e+00 6.272017836999552287e+00
8.844900031727821466e-01 1.713303863660819992e+00 6.147110536855262097e+00 3.021054920773952546e+00 1.633617913729666249e+00 6.644559198732918892e-01 1.998337457825086205e-01 2.755244166415227181e+00 6.000000000000000000e+00 8.000000000000000000e+00 4.000000000000000000e+00 -2.548165743629659801e+02 2.337600000000141449e+02 2.105868448855358760e-02 -1.033926482383390910e+00 5.118641793590529392e-03
6.342719651516297574e-01 1.373221460082330481e+00 7.058274795764199361e+00 4.599521661820840990e+00 1.095660394001854776e+00 3.936617915810526891e-01 2.496072562655203553e-01 3.465484298854696554e+00 9.000000000000000000e+00 1.400000000000000000e+01 3.000000000000000000e+00 -2.442356656669040547e+02 4.201399999999720194e+02 2.135354104182378254e+00 -1.151197655441373452e-01 7.500983548069950664e-03
1.110578408166752240e+00 1.695488087809884803e+00 6.410163618232810556e+00 3.692213785067219423e+00 1.475290418304435303e+00 8.381274376459051378e-01 3.357437481436806315e-01 2.483195961982161748e+00 8.000000000000000000e+00 1.100000000000000000e+01 3.000000000000000000e+00 -3.670126505389344516e+02 3.301100000000244563e+02 1.262235315868263896e+01 1.110366163967293901e-01 6.262482476108631069e+00
4.956613965873071792e-01 1.532906820302542883e+00 7.092433864282796208e+00 7.198209745722746966e+00 1.203810480430145491e+00 1.038928819725444042e+00 2.456527943783720636e-01 2.963239146181354311e+00 1.100000000000000000e+01 1.700000000000000000e+01 3.000000000000000000e+00 -3.723942365614315122e+02 4.683500000000115620e+02 1.761687188854699215e-02 -1.045688294344854663e+00 4.440670101248933577e-03
7.736859392555556214e-02 7.374250176693819547e-01 8.483960994735532779e+00 6.114837626720143859e+00 1.407998002329949205e+00 4.003041657463302094e-01 4.104502696386957972e-01 3.563338116843780323e+00 8.000000000000000000e+00 7.000000000000000000e+00 4.000000000000000000e+00 -1.640229936556880261e+02 2.100699999999860097e+02 3.686749603480938386e+00 -2.891909528984760946e+00 6.273326523626315598e+00
5.882122027061775782e-01 9.875345117852334376e-01 7.292491794297830232e+00 4.317318773602123905e+00 8.945227405185327552e-01 3.919417408196584907e-01 3.005711278058259550e-01 2.751325916139197858e+00 7.000000000000000000e+00 7.000000000000000000e+00 4.000000000000000000e+00 -2.365185714883475896e+02 2.060799999999863985e+02 1.746135571130396497e-02 -1.006299445532329750e+00 1.826171627397939895e-02
5.941263495729636190e-01 1.425207256294690916e+00 7.920979092337270266e+00 3.166060966535408028e+00 1.355394865235375557e+00 4.207266478769087770e-01 1.825801211122993206e-01 3.368076192915430589e+00 8.000000000000000000e+00 8.000000000000000000e+00 4.000000000000000000e+00 -1.036937927477964934e+02 2.066400000000099055e+02 2.336204673697162004e-02 -9.603695755757876151e-01 7.162223742402495930e-03
