8.458431686631088242e-01 1.219814495386336795e+00 6.306324415762238011e+00 2.472276351686889306e+00 1.357825181855899288e+00 5.794068364652417147e-01 2.530197329693588681e-01 2.848407567813421526e+00 7.000000000000000000e+00 1.200000000000000000e+01 5.000000000000000000e+00 -3.528929015308275439e+02 3.601200000000105774e+02 1.080205634567638917e+01 -1.135715262034835860e+00 1.449778891101602407e-02
9.794720671380112709e-01 1.477399062607011038e+00 6.437011767428788112e+00 4.911971554583374200e+00 1.421256061830408868e+00 5.743037850023646751e-01 4.049557011873673451e-01 3.014858411227987922e+00 9.000000000000000000e+00 9.000000000000000000e+00 4.000000000000000000e+00 -2.486954081255611015e+02 2.190600000000070224e+02 2.127343746660509752e-02 -1.048162356442410958e+00 1.843865885095851732e-03
3.721789244209592340e-01 1.771193769503394577e+00 7.325767698443833353e+00 3.846952548366892266e+00 1.244709326990414366e+00 4.477497961440755070e-01 3.730736606558096580e-01 2.903312886521778324e+00 7.000000000000000000e+00 1.100000000000000000e+01 4.000000000000000000e+00 -5.286519295484454233e+02 3.301100000000244563e+02 2.272480809677707825e+01 -3.948403753696677621e-03 7.252000176986938759e-03
4.825753555948197882e-01 1.324932572083042270e+00 7.700283640665489315e+00 4.409839952618931136e+00 1.361079951781281272e+00 8.430284324548884545e-01 4.428790045795807928e-01 3.229187950564085696e+00 8.000000000000000000e+00 1.200000000000000000e+01 5.000000000000000000e+00 -4.584094186707783365e+02 3.601200000000105774e+02 1.739683866692331549e+01 -1.844414067184688977e-01 6.173529246456818775e+00
3.878867801498461221e-01 1.759270467859410436e+00 6.622308480735955349e+00 3.390376963286891421e+00 1.375005835405257892e+00 1.445184248849517017e-01 3.005284027182280049e-01 3.557410409202619750e+00 8.000000000000000000e+00 1.500000000000000000e+01 4.000000000000000000e+00 -5.805639189222206369e+02 4.501499999999774104e+02 2.221805743263949751e+01 2.275290408231212674e-02 1.565772024588518718e-03
4.858839737501120526e-01 1.749434842657580980e+00 8.907456444963553821e+00 3.333233899056228910e+00 1.657633585592959813e+00 7.320687356890804853e-01 4.435515687817756514e-01 2.808717483251067737e+00 9.000000000000000000e+00 1.300000000000000000e+01 4.000000000000000000e+00 -5.148990312558834148e+02 3.901299999999891384e+02 1.998962695349305463e+01 -2.537048491588001387e+00 1.682752167670997778e-04
5.592110794403802876e-01 1.489520545937837781e+00 5.961290248990888330e+00 4.056458647304928888e+00 1.406616376570455129e+00 2.532637185072331154e-01 2.546123574075663809e-01 3.267200240907234043e+00 8.000000000000000000e+00 1.500000000000000000e+01 4.000000000000000000e+00 -5.111875442165487584e+02 4.501499999999774104e+02 1.788203401353500155e+01 -7.985505814935336955e-02 6.276314615097366989e+00
5.009945076076307569e-01 1.761916959800950533e+00 7.295488118795949717e+00 3.409456543460025024e+00 6.737822979832688297e-01 3.774916735431668724e-01 4.405509887751625220e-01 3.164515554698089428e+00 9.000000000000000000e+00 1.000000000000000000e+01 5.000000000000000000e+00 -2.353663078204720932e+03 5.090000000000045333e+01 2.051331738779504832e+01 -1.256336221231938000e+00 6.219566297227307139e+00
7.484891603040965125e-01 1.132779327534403357e+00 7.305029954595935848e+00 4.885616199564358553e+00 1.474646178900151039e+00 3.351028728641860521e-01 3.504929414355794637e-01 2.736744263737416194e+00 1.100000000000000000e+01 1.100000000000000000e+01 4.000000000000000000e+00 -4.310837548220867461e+02 3.301100000000244563e+02 1.662679717637965737e+01 3.833802207781016741e-02 6.213542722653286887e-03
6.163773872839326540e-01 1.397406121532240864e+00 7.535603549086462571e+00 4.752836970975385711e+00 1.775314958642483010e+00 8.456109453546341026e-01 1.291790643157891272e-01 3.427024506669956061e+00 8.000000000000000000e+00 1.000000000000000000e+01 4.000000000000000000e+00 -2.024279566207416678e+02 3.000999999999997385e+02 3.273622288796363300e+00 -8.324526881528945821e-02 1.559140007573116965e-02
9.905960502552265678e-01 1.776190866114507161e+00 7.640117143889021634e+00 2.961608024379352777e+00 9.320536120750086972e-01 5.219398868733741148e-01 3.846915889691716606e-01 3.393153836114119137e+00 9.000000000000000000e+00 1.100000000000000000e+01 4.000000000000000000e+00 -2.709510202006072177e+02 2.656500000000164619e+02 1.902380894604842679e-02 -1.054001817231025484e+00 5.050228900282725461e-03
1.222366340255584216e+00 1.884155613273571062e+00 6.913998538640288238e+00 3.199446098577364062e+00 1.401097762933798174e+00 8.070690461667968663e-01 4.646138520016920292e-01 2.732997797039721455e+00 8.000000000000000000e+00 1.400000000000000000e+01 4.000000000000000000e+00 -4.711656345154615906e+02 4.201399999999720194e+02 1.631847715721722381e+01 -1.772260405140461265e-02 6.275214195529969174e+00
3.653072109727165118e-01 1.700100407608734265e+00 7.137904063680932332e+00 2.501629521114582921e+00 9.810750375375938415e-01 2.145208455878728770e-01 2.255753061181765828e-01 2.882894833960512049e+00 1.000000000000000000e+01 1.200000000000000000e+01 4.000000000000000000e+00 -3.451086943666319939e+02 3.601200000000105774e+02 1.031554339791416730e+01 4.786339527776015818e-02 7.589452003372798572e-03
6.030437221627081845e-01 9.803880047736929226e-01 7.207198130036392314e+00 5.611239657570621375e+00 1.216352759117111271e+00 7.207986943224424792e-01 3.915574955276834301e-01 2.794403316035081630e+00 8.000000000000000000e+00 1.100000000000000000e+01 4.000000000000000000e+00 -2.437697157306907627e+02 3.301100000000244563e+02 4.919669733167408410e+00 -1.518718940278897422e+00 4.188930982188779351e-02
4.383455354560968908e-01 1.685215185851250519e+00 7.491913075171479086e+00 2.767747800429638971e+00 1.377161573190319732e+00 5.445718593917807659e-01 1.875118810177607009e-01 3.558189974418749735e+00 9.000000000000000000e+00 1.000000000000000000e+01 4.000000000000000000e+00 -2.847317074710294378e+02 2.946999999999985107e+02 1.508518438347549590e-02 -1.023854896339351006e+00 6.493919253794924219e-03
5.281547407293943897e-01 1.790345217324952998e+00 5.982778309497364333e+00 4.928589504336835958e+00 1.179904770937848069e+00 4.027891846654727548e-01 3.153179120194052887e-01 2.732203312100489612e+00 8.000000000000000000e+00 1.000000000000000000e+01 4.000000000000000000e+00 -4.073289716400305451e+02 3.000999999999997385e+02 1.607993572750191547e+01 -2.244803884565564622e-02 2.619587938330170118e-03
3.614880385545438668e-01 1.955086854056978796e+00 8.202382753167588803e+00 5.518806507647052939e+00 1.613082091201756052e+00 6.044736381405049208e-01 3.184551488097787098e-01 2.920860140770197511e+00 8.000000000000000000e+00 1.300000000000000000e+01 4.000000000000000000e+00 -5.476882959816130096e+02 3.901299999999891384e+02 2.203895599885115075e+01 1.543271077101409511e-02 6.279313474753840829e+00
9.112974671285343220e-01 1.697436216358719330e+00 5.051662357609098208e+00 5.083933012484138203e+00 1.667719088742673827e+00 5.217524255246798193e-01 3.020010588974760823e-01 3.022003125813456315e+00 9.000000000000000000e+00 1.100000000000000000e+01 4.000000000000000000e+00 -4.303629493659736340e+02 3.301100000000244563e+02 1.658174683537258787e+01 6.753114582667668619e-02 1.518910198642543438e-02
1.086018281375684680e+00 1.957520713124121015e+00 7.340469085614706124e+00 4.734453702410417186e+00 7.025747839648976978e-01 4.657846370147943338e-01 3.022907863811821194e-01 3.057772595563424733e+00 7.000000000000000000e+00 1.100000000000000000e+01 5.000000000000000000e+00 -2.125957738679511237e+02 2.161500000000103228e+02 2.246613679351990023e-02 -1.083920489946835319e+00 1.123989354035274668e-01
3.750858121946986090e-01 1.681054489756729664e+00 7.147732357941142034e+00 3.812523628823673683e+00 8.534510539362945014e-01 6.976259790876747635e-01 3.045728566464966924e-01 2.484486895467382883e+00 1.000000000000000000e+01 1.400000000000000000e+01 4.000000000000000000e+00 -3.272330029223590486e+02 4.201399999999720194e+02 7.322687682648314933e+00 -5.134329618276013696e-02 8.697968688581119573e-03
9.348934583617201088e-01 1.517167071184150728e+00 6.680595928586481769e+00 2.917238712602064243e+00 1.330060483327991427e+00 6.586636624914170568e-01 1.753846612832014595e-01 3.015122820710599783e+00 9.000000000000000000e+00 1.400000000000000000e+01 4.000000000000000000e+00 -4.955029277897725706e+02 4.201399999999720194e+02 1.783955798686166005e+01 -2.459708972486287504e+00 6.276614236922699597e+00
9.238265091500788007e-01 1.265083731668800615e+00 7.763855993118499832e+00 3.780346556388234802e+00 1.377685022620098731e+00 1.037805290088119836e+00 2.839665312125188579e-01 3.479107443330175187e+00 7.000000000000000000e+00 1.100000000000000000e+01 5.000000000000000000e+00 -2.202033421097218593e+02 3.301100000000244563e+02 3.446771381856851058e+00 5.410375836823808418e-03 6.265210114275496345e+00
8.215151588361876422e-01 1.794174709717921701e+00 6.528165842256199447e+00 4.831938571335976818e+00 1.434555726434312284e+00 2.236469876131227386e-01 3.916123384383121686e-01 3.504242888571431624e+00 8.000000000000000000e+00 1.200000000000000000e+01 5.000000000000000000e+00 -4.759162195270806137e+02 3.601200000000105774e+02 1.849101372044220781e+01 -3.705257127093776470e-02 1.009347431333917910e-02
8.674156843078961732e-01 1.147529540038589868e+00 8.204453116403648494e+00 3.664671848128226550e+00 1.347404105275781028e+00 7.604718021180151277e-01 3.089971412119491001e-01 2.989534502731050924e+00 8.000000000000000000e+00 1.300000000000000000e+01 5.000000000000000000e+00 -4.484190390858341857e+02 3.901299999999891384e+02 1.583462744286497603e+01 -2.866657475315265158e-02 6.279897724655882030e+00
8.361969602219743170e-01 1.980964922585008781e+00 5.150482582446435309e+00 4.457119312951091317e+00 1.217953402685913344e+00 4.165696644793053793e-01 4.321672763513208504e-01 3.135559090269201210e+00 9.000000000000000000e+00 1.100000000000000000e+01 4.000000000000000000e+00 -2.476455197254335303e+02 2.250600000000114278e+02 1.971027582852172971e-02 -1.047806843706267976e+00 1.437310193557090991e-02
4.457489376897186273e-01 1.729617847101171169e+00 7.065303687117328479e+00 4.214671106509177534e+00 1.228657621402507560e+00 6.067157094504940229e-01 2.652576125265161400e-01 3.285738435934736135e+00 8.000000000000000000e+00 1.000000000000000000e+01 4.000000000000000000e+00 -2.740125200321314196e+02 2.698999999999928718e+02 2.258841973750629062e-02 -1.003211173282443358e+00 6.282493899556698125e+00
2.294046107899520848e-01 2.096618982674193443e+00 7.515331134721512818e+00 3.203237220583628364e+00 1.265690045825478283e+00 2.020518695830709754e-01 2.948886226857452275e-01 2.615126904834353283e+00 9.000000000000000000e+00 1.200000000000000000e+01 4.000000000000000000e+00 -4.854070660796129459e+02 3.601200000000105774e+02 1.908419162997547858e+01 -2.651474867279936198e+00 1.055115330958592348e-02
5.165026312135524433e-01 1.713859319951142934e+00 6.294292682993743782e+00 2.153634088162909688e+00 1.192567804029571743e+00 4.703967836023827953e-01 2.979377205353505031e-01 3.337898108421916810e+00 8.000000000000000000e+00 1.100000000000000000e+01 4.000000000000000000e+00 -2.899826206509251278e+02 3.030500000000211003e+02 1.941569477724161205e-02 -1.031233182462308662e+00 6.279872236558261989e+00
5.571627913204114657e-01 1.886356901671334629e+00 8.532836497607036108e+00 5.719143102367588938e+00 1.336239184030816984e+00 7.102847658014672660e-01 4.346259786040189699e-01 2.849448913048155951e+00 9.000000000000000000e+00 1.200000000000000000e+01 4.000000000000000000e+00 -3.095016596770071828e+02 3.476400000000101045e+02 1.872042250641159367e-02 -1.032982402671661415e+00 1.205374024779615368e-02
7.110184151268088559e-01 1.028676606698449181e+00 7.580068742530229997e+00 4.817833671993087208e+00 1.504931123849503560e+00 7.953120206561963279e-01 4.423797075524481537e-01 3.155847058868738841e+00 7.000000000000000000e+00 9.000000000000000000e+00 5.000000000000000000e+00 -2.995655452246865025e+02 2.700900000000045225e+02 1.028253407654276685e+01 -1.186710769267173671e+00 6.261800481562470821e+00
5.743137752304940946e-01 1.192028142433880111e+00 7.185589783332928526e+00 5.184232925124809377e+00 1.230189450757669833e+00 6.984522402242173689e-01 3.205750415119728580e-01 3.036162163486016308e+00 7.000000000000000000e+00 1.000000000000000000e+01 4.000000000000000000e+00 -2.545968354861329601e+02 2.392999999999906890e+02 1.814112716816968299e-02 -1.013839988179709550e+00 1.373113907026726754e-02
7.417907346717174111e-01 1.398164189453503736e+00 7.042304059943955252e+00 5.735715435084891567e+00 1.134447162203409354e+00 7.803787651575511131e-01 2.699913467111558774e-01 2.926327702561970501e+00 9.000000000000000000e+00 1.300000000000000000e+01 4.000000000000000000e+00 -2.266307870494750205e+03 3.541199999999903980e+02 5.577991905922188742e+00 -2.251306104438376643e+00 5.770954022650391479e+00
8.178578561435068117e-01 1.297200801026377803e+00 5.675603061183672970e+00 4.350370037707797621e+00 1.288795433164089621e+00 5.978944506114635127e-01 3.972367547055196124e-01 2.971880505837702469e+00 9.000000000000000000e+00 1.300000000000000000e+01 4.000000000000000000e+00 -4.504439829145200633e+02 3.901299999999891384e+02 1.596118643215784338e+01 1.141065101937707021e-02 6.167310047188002464e+00
3.068362235668922189e-01 1.405881546477254718e+00 6.858269106274551774e+00 3.161417418175834548e+00 1.352781606137590353e+00 1.050220104565764201e+00 4.508450570276525959e-01 2.992069461909231176e+00 6.000000000000000000e+00 9.000000000000000000e+00 5.000000000000000000e+00 -4.155586594549721440e+02 2.700900000000045225e+02 1.753210371593561590e+01 3.011804938785780372e-01 6.218405889401197761e+00
3.408825957778828242e-01 1.962851738105286570e+00 5.585107973681477489e+00 4.021438035516076148e+00 1.087735614563767772e+00 5.044118196012283839e-01 4.172106826044039152e-01 2.557449668396587938e+00 8.000000000000000000e+00 1.000000000000000000e+01 4.000000000000000000e+00 -4.099583723887056976e+02 3.000999999999997385e+02 1.624427327429411605e+01 5.474532035810539266e-02 6.273427237230418285e+00
6.117764590101532063e-01 1.717802874872262020e+00 7.888515831027492986e+00 4.257782499629307438e+00 1.640480527833005686e+00 2.277727460745912480e-01 2.800354063651694925e-01 3.574738716746890255e+00 9.000000000000000000e+00 1.100000000000000000e+01 5.000000000000000000e+00 -2.529727128607299278e+02 3.301100000000244563e+02 5.494857053794855339e+00 -3.386106491704942378e+00 6.260580261490995113e+00
5.067777629193798150e-01 1.741879482469573137e+00 5.541146767587060928e+00 3.921977193071345624e+00 6.286198955789163989e-01 3.083894043420801201e-01 3.395708547024653412e-01 3.373341132040318602e+00 7.000000000000000000e+00 1.500000000000000000e+01 4.000000000000000000e+00 -3.123779936531936414e+02 3.529499999999921442e+02 1.843744688162844703e-02 -1.002401686546782189e+00 6.272781197167121015e+00
6.812961718315261317e-01 1.118121287812520182e+00 5.374180301807622406e+00 4.192720416741969380e+00 1.341956041751708684e+00 3.244555190624159313e-01 4.272099675520363293e-01 2.745274393907317201e+00 9.000000000000000000e+00 8.000000000000000000e+00 4.000000000000000000e+00 -2.648307646835383480e+02 2.400800000000151329e+02 9.049422792720674735e+00 -1.829270321587963100e+00 4.884217165983528730e-04
7.859271931481289775e-01 1.262216315794800536e+00 8.551101315046199858e+00 3.118847041182542412e+00 1.254063101622822973e+00 5.261285938407950225e-01 3.014191967188998289e-01 3.361555424370503697e+00 7.000000000000000000e+00 8.000000000000000000e+00 4.000000000000000000e+00 -2.324719202369534798e+02 1.882400000000070293e+02 1.924532166265879862e-02 -1.014523282953474492e+00 6.280016413966047040e+00
4.817466204877810521e-01 1.290663882134874152e+00 7.752587823696718949e+00 3.737193303572061698e+00 1.655738607508504323e+00 7.752229386980657999e-02 3.299066994250693940e-01 3.140315292004069114e+00 7.000000000000000000e+00 5.000000000000000000e+00 4.000000000000000000e+00 -2.292352695684114224e+03 8.684999999999720899e+01 1.555798098025721998e+01 -4.743578232620320190e-01 1.901986806274084257e-02
3.327409944490302141e-01 1.477409368967060432e+00 8.596954034023340796e+00 5.425175173803188144e+00 1.516616043170735839e+00 4.905697305177992296e-01 4.526651893920204950e-01 2.914287299810848886e+00 9.000000000000000000e+00 1.400000000000000000e+01 4.000000000000000000e+00 -5.441271848121010635e+02 4.201399999999720194e+02 2.087857405075719086e+01 -8.664142961240170471e-04 6.280899683631365527e+00
8.436885859229741325e-01 1.517639021088955431e+00 7.344667737715976585e+00 2.118089439512486294e+00 1.274981135599674520e+00 3.399439071046012062e-01 1.305976242337842097e-01 3.138035001141337155e+00 9.000000000000000000e+00 1.600000000000000000e+01 4.000000000000000000e+00 -3.735131740048982465e+02 4.686400000000284649e+02 1.525144066912415344e-02 -1.036228864449137088e+00 9.844436995210120722e-04
6.981441131576897607e-01 1.396666354140168043e+00 6.197948371129191614e+00 3.520102474294478867e+00 9.302266832017060949e-01 5.211867439786398437e-01 4.412158666522168482e-01 2.566092470211552623e+00 6.000000000000000000e+00 1.400000000000000000e+01 4.000000000000000000e+00 -4.844576473934956766e+02 4.201399999999720194e+02 1.714922796209435418e+01 4.909786687961032597e-02 9.610461311444495891e-04
6.944145386773663553e-01 1.285078323348682883e+00 6.399522726914727677e+00 5.136068732347398580e+00 1.777175259645788152e+00 3.556928057627075090e-01 4.352925579339104734e-01 3.317115104538036707e+00 8.000000000000000000e+00 1.400000000000000000e+01 5.000000000000000000e+00 -4.836580638770802807e+02 4.201399999999720194e+02 1.709925399231839194e+01 -2.414115522513499146e-03 7.612455059542010127e-02
4.338850543971065066e-01 1.810044718156893051e+00 7.270838452062941215e+00 3.141394962950483372e+00 1.461146677697504392e+00 3.816588531785086169e-01 2.395962110289890368e-01 2.587681820297724311e+00 9.000000000000000000e+00 1.300000000000000000e+01 4.000000000000000000e+00 -4.565947735207971618e+02 3.901299999999891384e+02 1.634561084505016382e+01 -3.805695101140144782e-02 6.282655342406885168e+00
6.937889002232240365e-01 1.778369361205782040e+00 7.924904600737719740e+00 3.972089619877364086e+00 1.607315574502951927e+00 4.970114736521829557e-01 4.063330314815691846e-01 4.025231405343661528e+00 1.000000000000000000e+01 1.100000000000000000e+01 4.000000000000000000e+00 -2.394556532301141488e+03 3.200999999999989143e+01 2.365947076882132905e+01 -2.829159494433138633e+00 9.185130960600853545e-01
6.898832596341044621e-01 1.421792296045702564e+00 7.397673073180486725e+00 5.571765633905871873e+00 1.118500295045466109e+00 8.537352995126382682e-01 4.734628467550406894e-01 2.924010559325371794e+00 6.000000000000000000e+00 1.100000000000000000e+01 5.000000000000000000e+00 -4.649961062419922087e+02 3.301100000000244563e+02 1.874631914012374878e+01 2.466632207967370261e-01 6.269430914238565578e+00
5.941263495729636190e-01 1.425207256294690916e+00 7.920979092337270266e+00 3.166060966535408028e+00 1.355394865235375557e+00 4.207266478769087770e-01 1.825801211122993206e-01 3.368076192915430589e+00 8.000000000000000000e+00 8.000000000000000000e+00 4.000000000000000000e+00 -1.036937927477964934e+02 2.066400000000099055e+02 2.336204673697162004e-02 -9.603695755757876151e-01 7.162223742402495930e-03
