2.400431577789492010e+00 2.127731798150525044e+00 1.100933416185400526e+00 3.502207565363361308e+00 1.898296158223120589e+00 3.922638038940742256e-01 6.720101418374795355e-01 2.466367877694831012e+00 7.000000000000000000e+00 1.000000000000000000e+01 4.000000000000000000e+00 -2.267002840943639228e+02
2.612969892461579402e+00 1.314932433185701077e+00 2.352824829950087349e+00 5.940866366461460935e+00 1.604445945882562619e+00 6.623317005720259498e-01 5.563795315706540068e-01 2.054176165324661962e+00 8.000000000000000000e+00 1.200000000000000000e+01 4.000000000000000000e+00 -2.245200895909675637e+03
2.259993619801851317e+00 2.643483329606047594e+00 5.078061132643966857e+00 2.915358650423494069e+00 1.465389435143484409e+00 5.777692816355187722e-01 2.616199041893564337e-01 3.136590192892288798e+00 7.000000000000000000e+00 1.500000000000000000e+01 4.000000000000000000e+00 -3.325426778431545358e+02
2.623257209672729573e+00 2.171303254636176128e+00 3.062927955922869483e+00 6.594621062057150596e+00 2.405402909700789404e+00 7.099026222711357637e-01 3.693930538122823792e-01 2.717851265076330236e+00 9.000000000000000000e+00 9.000000000000000000e+00 4.000000000000000000e+00 -2.145587671893817969e+03
2.278163298320062147e+00 2.448454083529667979e+00 4.613487628226615733e+00 1.301472091836068712e+00 2.006436026709132125e+00 6.272176686107595600e-01 5.483265829480145070e-01 2.161587251243577867e+00 7.000000000000000000e+00 1.100000000000000000e+01 4.000000000000000000e+00 -2.922135604343021669e+02
2.507748788571559029e+00 2.177380490250983236e+00 3.105942470047954984e+00 5.395517321813858125e+00 2.559622761448634876e+00 3.663862122427107848e-01 9.404920386160561252e-01 2.570218870538224287e+00 1.000000000000000000e+01 8.000000000000000000e+00 4.000000000000000000e+00 -2.446128997908798226e+02
2.161179132087921229e+00 2.049837074507099288e+00 3.712694931714759505e+00 3.857662920514262073e+00 2.117381618244404962e+00 1.145863794100844713e+00 6.192943340705189259e-01 2.386714085049540301e+00 1.100000000000000000e+01 1.200000000000000000e+01 3.000000000000000000e+00 -2.222115721152986680e+03
2.770154723988650591e+00 1.931330622690529797e+00 3.684403701865497816e+00 4.206028286500763436e+00 2.021319552410698606e+00 2.420875294085166329e-01 7.209235872049563065e-01 2.316800495612191924e+00 9.000000000000000000e+00 9.000000000000000000e+00 4.000000000000000000e+00 -2.430499522881348184e+02
2.633311207652470287e+00 2.463086018495673102e+00 4.593497937045071922e+00 4.964948573839176760e+00 1.740705261870529208e+00 9.120950353288186374e-01 4.490115683345693443e-01 2.240127077306794057e+00 5.000000000000000000e+00 1.100000000000000000e+01 4.000000000000000000e+00 -2.733472927615782737e+02
1.515924697796354526e+00 2.090932349417964353e+00 6.443740230224228149e+00 3.308297378752746098e+00 9.838324081910431174e-01 5.039902260457704841e-01 2.505482840985958637e-01 2.515752608495542386e+00 7.000000000000000000e+00 1.500000000000000000e+01 4.000000000000000000e+00 -2.257094339850301367e+03
2.414055953175169300e+00 2.761064935794944386e+00 3.754292848664571469e+00 3.592906702008704656e+00 1.942710899891425536e+00 1.460181675344156771e+00 7.023772003895571991e-01 2.884673388005621675e+00 8.000000000000000000e+00 1.200000000000000000e+01 4.000000000000000000e+00 -2.162821104047873632e+03
2.664556808839901425e+00 2.256223014420731587e+00 4.624465930523602886e+00 5.373946535076102649e+00 1.946542549307741066e+00 3.684433750345396108e-01 6.737678001315821064e-01 2.469081660556618818e+00 9.000000000000000000e+00 1.000000000000000000e+01 4.000000000000000000e+00 -8.737105820518364396e+01
