2.237875791820828741e+00 2.533380409287045332e+00 4.412602851838193452e+00 6.073907775658690333e+00 1.846167767804181681e+00 8.619686595393158957e-01 9.159350162035845289e-01 2.311737319872152252e+00 9.000000000000000000e+00 8.000000000000000000e+00 4.000000000000000000e+00 -2.102259487488744526e+03
1.654245369430757728e+00 1.834018628897942760e+00 3.767391087908877445e+00 4.549928061763880649e+00 2.106454416735586754e+00 6.026568311334671302e-01 9.033788624252644395e-01 2.278253977233505534e+00 1.000000000000000000e+01 1.100000000000000000e+01 4.000000000000000000e+00 -2.801328952937147392e+02
2.682553999734887284e+00 2.034429358244602692e+00 3.458416965754310013e+00 6.908428036706896869e+00 2.042107779350107677e+00 3.781861248917147145e-01 7.748880914846945078e-01 2.472976613941963997e+00 6.000000000000000000e+00 1.600000000000000000e+01 4.000000000000000000e+00 -5.193536724173987977e+02
1.936863311626565443e+00 1.445152651441936831e+00 4.731784980338739288e+00 3.889827419610881520e+00 1.852151706260870334e+00 4.324315852414205019e-01 8.554427999543828820e-01 2.070388403803897770e+00 9.000000000000000000e+00 1.300000000000000000e+01 4.000000000000000000e+00 -3.084595087402891522e+02
1.596751518554409222e+00 1.983695214558614861e+00 5.962554847817965076e+00 2.625603735339232969e+00 2.693651949645350374e+00 1.185965741579708688e+00 9.214943444466049405e-01 2.291355931351050756e+00 9.000000000000000000e+00 1.100000000000000000e+01 4.000000000000000000e+00 -2.121716656387959119e+03
2.943941832710930573e+00 1.728560780929556451e+00 5.576518996244265836e+00 6.414345698627865744e+00 2.499314506392407154e+00 4.992844647577210360e-02 9.015224834439835577e-01 2.314209261362905945e+00 1.100000000000000000e+01 1.300000000000000000e+01 4.000000000000000000e+00 -2.352293070198687928e+03
2.444377009197800099e+00 1.334239772207033159e+00 4.098818126182835364e+00 4.574406942105415652e+00 2.080624803265354483e+00 2.147660863974287793e-01 8.125690504466841491e-01 2.222454852042222928e+00 1.000000000000000000e+01 1.500000000000000000e+01 4.000000000000000000e+00 -4.999375474619879469e+02
1.832749427359447791e+00 1.530102432403368962e+00 1.980416594705302069e+00 2.682951252747092674e+00 2.654447984015363193e+00 2.377788426790609921e-01 9.222303372731424087e-01 2.817517960132243537e+00 7.000000000000000000e+00 8.000000000000000000e+00 4.000000000000000000e+00 -2.124888803668362925e+03
2.594025883058776571e+00 1.370614162077579801e+00 4.865200772956016273e+00 6.213748281492879499e+00 2.193614757962938366e+00 8.122780619246423583e-01 9.555039524876868251e-01 2.090625840980440575e+00 1.000000000000000000e+01 1.300000000000000000e+01 4.000000000000000000e+00 -2.980652192465220196e+02
2.525313837254460125e+00 1.485665101290867263e+00 4.172560138890247572e+00 5.068621673160920160e+00 2.223318454350077467e+00 9.701544066802781918e-01 9.841104502904804985e-01 2.281914871060815475e+00 1.100000000000000000e+01 1.000000000000000000e+01 5.000000000000000000e+00 -2.147822997363383820e+03
2.250575619837689167e+00 1.474015684472196108e+00 2.822693066300852482e+00 1.733050044343708240e+00 2.510360732107957737e+00 4.101845246089720343e-01 7.475465090194742812e-01 2.039060568242373250e+00 1.000000000000000000e+01 1.300000000000000000e+01 3.000000000000000000e+00 -4.585319133952258426e+02
2.729009160617638763e+00 2.291214281976105660e+00 5.165157597386916599e+00 4.290954883038120116e+00 2.588433923589632979e+00 8.412994355191326656e-01 9.045094235425481521e-01 2.402907455403734627e+00 1.100000000000000000e+01 1.100000000000000000e+01 4.000000000000000000e+00 -2.783365601566549117e+02
