2.599959849448508109e+00 2.888614773375982381e+00 5.489796546204229521e+00 3.931587392032188433e+00 2.165717103495002682e+00 1.997217915812194433e-01 4.425633118165242519e-01 2.587299805382492934e+00 9.000000000000000000e+00 1.200000000000000000e+01 5.000000000000000000e+00 -4.445821750479243519e+02
2.615432056496936220e+00 1.932137184040465971e+00 6.054641023778372322e+00 6.445969160129147113e+00 2.263182152554970461e+00 1.124610960093665735e-01 9.064270502894437032e-01 2.422315141994340060e+00 1.100000000000000000e+01 1.000000000000000000e+01 3.000000000000000000e+00 -8.214601353954925571e+02
2.749149663831355284e+00 1.785311232766788825e+00 3.356440259617943234e+00 4.421148291480582415e+00 2.183156317279373759e+00 1.211494482810552942e+00 7.678276698965869063e-01 2.099085110912549013e+00 8.000000000000000000e+00 6.000000000000000000e+00 4.000000000000000000e+00 -1.839631331298587895e+02
2.622055143518509102e+00 1.552801032830671613e+00 4.034859752471448680e+00 7.928183863340250603e+00 1.624823473236154614e+00 1.142010810387427799e+00 6.795619085688290317e-01 2.225938098728846626e+00 9.000000000000000000e+00 1.200000000000000000e+01 4.000000000000000000e+00 -2.645938037489994485e+02
2.191697716888907799e+00 2.354012981978687691e+00 3.879419025282679456e+00 6.327961727196882435e+00 2.278426332088935524e+00 1.084168731571931721e-01 5.898301027182900613e-01 2.464826653517740329e+00 1.100000000000000000e+01 8.000000000000000000e+00 4.000000000000000000e+00 -2.086892441230733766e+03
2.978736168274678686e+00 2.272252415934836289e+00 4.931429430398081237e+00 5.774958563643417087e+00 9.696300738689684895e-01 3.020467809272871507e-01 5.587224235295077390e-01 2.255614917953169929e+00 6.000000000000000000e+00 1.700000000000000000e+01 4.000000000000000000e+00 -3.703196310284693027e+02
2.728378092860200610e+00 2.214109575019750142e+00 4.847443900097434089e+00 3.352657346649236647e+00 2.040469764426569022e+00 2.957008933365037895e-01 4.009062681920876337e-01 2.434269288358389627e+00 8.000000000000000000e+00 9.000000000000000000e+00 4.000000000000000000e+00 -2.155029778546605939e+03
2.304945134325932177e+00 2.318753252639068396e+00 4.167546261004518193e+00 6.537177247246741096e+00 1.646137703240737160e+00 1.295887897071482109e-03 8.075924691010165635e-01 3.134305115461803570e+00 1.000000000000000000e+01 1.300000000000000000e+01 3.000000000000000000e+00 -2.350205036203463351e+03
2.456795057027765239e+00 2.503316916719904750e+00 5.637492063598304348e+00 3.885194366403192490e+00 1.370661698321168576e+00 2.673136480711233443e-01 6.603311727440509538e-01 2.171223529102381367e+00 5.000000000000000000e+00 1.100000000000000000e+01 4.000000000000000000e+00 -2.941556870442252603e+02
1.910469528377038761e+00 2.539183348070554569e+00 3.470030613903167804e+00 5.206232052415266764e+00 1.297457097301203177e+00 1.346853731386521424e+00 5.237841492520199926e-01 2.497973813290094824e+00 1.100000000000000000e+01 1.600000000000000000e+01 4.000000000000000000e+00 -2.200572286532908038e+03
2.114114874095355479e+00 2.318266926300081021e+00 5.641293945589186620e+00 7.095899685380675947e+00 1.939116970128453188e+00 8.698148682481238181e-01 8.410037611195586571e-01 3.281554681205686830e+00 7.000000000000000000e+00 1.000000000000000000e+01 3.000000000000000000e+00 -2.215464911608932653e+03
2.664556808839901425e+00 2.256223014420731587e+00 4.624465930523602886e+00 5.373946535076102649e+00 1.946542549307741066e+00 3.684433750345396108e-01 6.737678001315821064e-01 2.469081660556618818e+00 9.000000000000000000e+00 1.000000000000000000e+01 4.000000000000000000e+00 -8.737105820518364396e+01
