2.764675695151513679e+00 1.882807549105790956e+00 4.412211743447789658e+00 3.131283925944804203e+00 2.217724133105283713e+00 2.618046189543637992e-01 8.581032895567082264e-01 3.057470384497049665e+00 1.100000000000000000e+01 1.200000000000000000e+01 4.000000000000000000e+00 -2.965654153066120102e+02
2.561721659549200503e+00 2.218457030752523540e+00 4.759238084612430697e+00 2.469186760131648395e+00 1.916256844040841845e+00 1.568985111527575249e+00 8.982688734753659920e-01 2.004260284860166497e+00 9.000000000000000000e+00 9.000000000000000000e+00 4.000000000000000000e+00 -2.142710425893888441e+03
2.620648891949287851e+00 2.225333727157424057e+00 1.986690946921901180e+00 3.906565471232500197e+00 2.105322581561241080e+00 9.063359768521179749e-01 8.380098590463039843e-01 2.645414219625622287e+00 9.000000000000000000e+00 1.100000000000000000e+01 4.000000000000000000e+00 -2.262891465774543576e+03
2.286843630583264897e+00 1.820051476242771971e+00 5.115848193369344266e+00 5.011625347863162716e+00 2.347234466831546129e+00 8.885637167026643191e-01 8.335109923005978860e-01 2.352473021370004691e+00 1.100000000000000000e+01 1.300000000000000000e+01 4.000000000000000000e+00 -4.537077929593995123e+02
2.249131070858439330e+00 1.596517804896161685e+00 6.264962536173543484e+00 5.010073570992049419e+00 1.175751157041252215e+00 4.009199696477572239e-02 9.963276511963043980e-01 2.643529780035693832e+00 5.000000000000000000e+00 1.100000000000000000e+01 4.000000000000000000e+00 -4.352522921136571199e+02
2.525380487132656615e+00 1.629365778423752076e+00 3.384088352451138704e+00 2.583600550024888420e+00 1.111454636669714446e+00 6.358070254324155179e-01 8.864588763332676979e-01 2.309407608954659796e+00 1.000000000000000000e+01 1.500000000000000000e+01 3.000000000000000000e+00 -2.205578769368860776e+03
2.172413134234324250e+00 1.240767525786933279e+00 5.330901564062497933e+00 4.471867863084264982e+00 2.531052810428472633e+00 2.904025110579429025e-01 7.487760887380292552e-01 2.103599326233680067e+00 1.000000000000000000e+01 1.400000000000000000e+01 4.000000000000000000e+00 -5.197487583328586425e+02
1.784755830214399097e+00 1.127827787700755868e+00 5.359285461484220470e+00 5.997105283594490466e+00 2.199538591324960102e+00 1.302737529989131060e+00 9.181209129931952040e-01 2.572091780769009350e+00 1.000000000000000000e+01 9.000000000000000000e+00 4.000000000000000000e+00 -2.268529368700928444e+03
2.275934245293032898e+00 1.423793570464488178e+00 4.128871538513274153e+00 3.900369400532599951e+00 2.473005531572510129e+00 2.307007045492953101e-01 7.598254648937949884e-01 2.362662213452036752e+00 1.000000000000000000e+01 1.600000000000000000e+01 2.000000000000000000e+00 -2.364090824778380465e+03
2.313960291110651823e+00 1.732728546289874494e+00 2.548003632820503128e+00 1.336248146362078559e+00 2.095088084422425112e+00 4.476088649354887927e-01 7.604667176785909755e-01 2.280950323674423519e+00 1.100000000000000000e+01 1.600000000000000000e+01 2.000000000000000000e+00 -2.418648647876382711e+03
2.181997475181497670e+00 1.428539816792097072e+00 3.687395269388298313e+00 5.620231253583878761e+00 1.942974537212950770e+00 8.391946052981977822e-01 9.853207208727882138e-01 2.541838260873305444e+00 1.000000000000000000e+01 1.100000000000000000e+01 5.000000000000000000e+00 -2.252645709347200409e+03
2.729009160617638763e+00 2.291214281976105660e+00 5.165157597386916599e+00 4.290954883038120116e+00 2.588433923589632979e+00 8.412994355191326656e-01 9.045094235425481521e-01 2.402907455403734627e+00 1.100000000000000000e+01 1.100000000000000000e+01 4.000000000000000000e+00 -2.783365601566549117e+02
