2.733589921682161972e+00 1.800215683213701734e+00 4.430167029594847428e+00 7.293874922779681746e+00 1.790070454238272379e+00 4.438523996791229886e-01 5.588051801621815029e-01 2.022853842845019123e+00 8.000000000000000000e+00 1.200000000000000000e+01 4.000000000000000000e+00 -3.064345135590659766e+02
2.142699242345714961e+00 1.907036199451869418e+00 2.108804637838790352e+00 5.002140701290223923e+00 1.658244005946780897e+00 2.100961683244391698e-01 5.417815509801208185e-01 2.456662712485857991e+00 8.000000000000000000e+00 1.400000000000000000e+01 3.000000000000000000e+00 -2.199992926047118999e+03
2.752798542025922668e+00 2.377516478584878357e+00 4.335759342203700406e+00 6.396239288347687513e+00 1.903707049214196090e+00 5.909916661217263778e-01 7.252758967890960973e-01 2.357998974144922766e+00 1.000000000000000000e+01 1.200000000000000000e+01 4.000000000000000000e+00 -2.878401242392695849e+02
2.216993365879780242e+00 2.534848262629681770e+00 3.494319304892452571e+00 6.004566988210847001e+00 1.004365449368485708e+00 1.011132616456693389e+00 2.718374682266005427e-01 2.211082399877021043e+00 1.000000000000000000e+01 1.300000000000000000e+01 4.000000000000000000e+00 -2.152917776284037700e+03
1.758865557549457836e+00 2.664815326103752824e+00 3.365028809274286381e+00 5.330698426960099212e+00 1.310157646888007621e+00 7.402561039476861504e-01 2.217546929270167999e-01 2.308497799745700352e+00 9.000000000000000000e+00 1.200000000000000000e+01 5.000000000000000000e+00 -2.136246630645331607e+03
2.482799733615891569e+00 1.777301898791162182e+00 4.622636155542624969e+00 4.890886478213470667e+00 1.156042333076592765e+00 5.036503121125504023e-01 6.561822678583401069e-01 3.262142915277880917e+00 9.000000000000000000e+00 1.300000000000000000e+01 4.000000000000000000e+00 -2.158862766013304281e+03
1.813490504944794246e+00 2.677063053168937223e+00 3.880946672233463346e+00 4.304131479499463175e+00 1.641300433235204581e+00 2.988745749646489758e-01 5.681995629103053780e-01 2.404141387009822051e+00 9.000000000000000000e+00 1.200000000000000000e+01 4.000000000000000000e+00 -4.476542614591145934e+02
2.139322913031519668e+00 2.250396342385301285e+00 3.797263742749758642e+00 7.112297496706485589e+00 1.265920458427165052e+00 4.735435459390569535e-01 5.726394309152602613e-01 2.242263917997627587e+00 8.000000000000000000e+00 8.000000000000000000e+00 4.000000000000000000e+00 -2.128103962705836693e+03
2.731101915226823440e+00 2.457899289860510983e+00 3.370570934750260594e+00 7.868589623407709510e+00 2.088386624668829850e+00 6.589213047434610004e-01 4.247804379462485902e-01 2.272352981940158223e+00 8.000000000000000000e+00 1.400000000000000000e+01 4.000000000000000000e+00 -3.116424016588684935e+02
1.924009587986639680e+00 1.699242917266737818e+00 6.378906964055824247e+00 5.415364178458306199e+00 1.863650156224675447e+00 2.316060718591814727e-01 6.080112395113821400e-01 2.853906578808747430e+00 9.000000000000000000e+00 1.100000000000000000e+01 4.000000000000000000e+00 -2.229905936077648221e+03
2.768495154427079274e+00 2.167955041391513848e+00 1.551709618407179025e+00 3.394425393968194093e+00 1.861631960131744368e+00 1.303160932145269957e+00 7.116695053309255448e-01 2.506469547790165286e+00 6.000000000000000000e+00 7.000000000000000000e+00 4.000000000000000000e+00 -2.182712203075152047e+03
2.664556808839901425e+00 2.256223014420731587e+00 4.624465930523602886e+00 5.373946535076102649e+00 1.946542549307741066e+00 3.684433750345396108e-01 6.737678001315821064e-01 2.469081660556618818e+00 9.000000000000000000e+00 1.000000000000000000e+01 4.000000000000000000e+00 -8.737105820518364396e+01
