2.883542593518849895e+00 1.946980499542517062e+00 6.691270949389209299e+00 7.068497066896172853e+00 1.289127175038878415e+00 6.353280239985741318e-01 6.538805428255427543e-01 2.296839974139372575e+00 7.000000000000000000e+00 1.000000000000000000e+01 4.000000000000000000e+00 -2.218464705470255922e+03
2.002326808706586192e+00 2.849911519916470404e+00 7.096125560296269619e+00 6.904254046233980091e+00 2.006360842267462807e+00 8.022760770019966570e-01 5.766945538584403730e-01 2.504234339887084548e+00 8.000000000000000000e+00 8.000000000000000000e+00 4.000000000000000000e+00 -2.284996783441380046e+02
2.450903266044587081e+00 2.462106021770667841e+00 5.879068145930979483e+00 7.886281080682142175e+00 2.343224875917888639e+00 1.101016051213533853e+00 6.260626478430565411e-01 2.316292155257389851e+00 1.000000000000000000e+01 1.000000000000000000e+01 3.000000000000000000e+00 -2.561607669456097938e+02
2.046156086333007718e+00 2.374470627561095615e+00 3.377837792796913430e+00 4.199591311136897431e+00 1.242299914591797450e+00 4.774455749024678619e-01 6.559741687543167998e-01 2.712107653915551531e+00 7.000000000000000000e+00 1.100000000000000000e+01 5.000000000000000000e+00 -2.268807016221869162e+03
2.036233992375080515e+00 2.141659553388356230e+00 4.606891634562106042e+00 5.527970940846222980e+00 1.637269227450955489e+00 1.580129485417379076e+00 9.068389107416434669e-01 2.494896229213750427e+00 8.000000000000000000e+00 1.300000000000000000e+01 4.000000000000000000e+00 -2.285346488655833127e+03
2.738790299813634199e+00 2.275975707484926502e+00 5.187966521308251089e+00 3.470882778642818689e+00 1.669065677882060728e+00 5.218830850989034653e-01 6.906673638035722984e-01 2.165210442213707509e+00 8.000000000000000000e+00 1.200000000000000000e+01 5.000000000000000000e+00 -2.324924959106635015e+03
2.251676472890287162e+00 2.662545318104786229e+00 2.956889703688977633e+00 4.905712364958839444e+00 1.927610526716814654e+00 4.056941275452399798e-01 7.597392235592321796e-01 2.212991018388368314e+00 1.100000000000000000e+01 9.000000000000000000e+00 4.000000000000000000e+00 -2.443555851951831812e+02
2.356163896305418781e+00 2.457632559852943377e+00 5.055282820213692574e+00 4.640948023980394410e+00 1.642903665632953425e+00 9.960964286734642625e-01 8.185187503758606375e-01 2.373709605262355637e+00 7.000000000000000000e+00 7.000000000000000000e+00 4.000000000000000000e+00 -2.059990263030251185e+02
2.774676680613294533e+00 1.994811728047197086e+00 3.258772266831499564e+00 7.003048165386487334e+00 1.990052785515263878e+00 5.998748515982713636e-01 7.754230777093663596e-01 2.362151754780093871e+00 8.000000000000000000e+00 9.000000000000000000e+00 4.000000000000000000e+00 -2.356113753488344287e+02
1.558678177781381180e+00 2.642153021754472864e+00 6.584661571338404684e+00 7.297150332374415349e+00 1.464027105074553914e+00 3.357371807812439268e-01 7.856592727085026651e-01 2.070115092708295190e+00 5.000000000000000000e+00 1.400000000000000000e+01 5.000000000000000000e+00 -2.235279666005440504e+03
2.928689343138247025e+00 2.897902355775905381e+00 2.263607936722432434e+00 5.320761847335793604e+00 1.401627528487500829e+00 5.136515111348285423e-01 6.923896525367566612e-01 2.564598834087757240e+00 6.000000000000000000e+00 1.200000000000000000e+01 4.000000000000000000e+00 -2.265127101161880546e+03
2.664556808839901425e+00 2.256223014420731587e+00 4.624465930523602886e+00 5.373946535076102649e+00 1.946542549307741066e+00 3.684433750345396108e-01 6.737678001315821064e-01 2.469081660556618818e+00 9.000000000000000000e+00 1.000000000000000000e+01 4.000000000000000000e+00 -8.737105820518364396e+01
