2.815056273012268573e+00 2.640575570685349316e+00 5.009316176658567876e+00 5.931509216380331573e+00 1.494888400623067826e+00 3.611206113767920778e-01 5.066074080857211337e-01 2.548067437761138532e+00 7.000000000000000000e+00 9.000000000000000000e+00 3.000000000000000000e+00 -2.143889981198230089e+03
2.542106610315645554e+00 2.193011196983005284e+00 4.140467359342893339e+00 9.014221574568683337e+00 1.067898037263884881e+00 6.064497042681699090e-01 5.162818472183219320e-01 2.352451306046922763e+00 8.000000000000000000e+00 1.000000000000000000e+01 4.000000000000000000e+00 -2.286835730691301706e+03
2.146743740816705603e+00 2.137754803239744650e+00 2.367938389811555133e+00 4.365355356811789100e+00 1.671267860899420699e+00 8.076761031529735568e-01 7.088465365192708756e-01 2.189495491270668115e+00 9.000000000000000000e+00 1.100000000000000000e+01 4.000000000000000000e+00 -2.779752665532078026e+02
2.735528263947855976e+00 2.146170576156583465e+00 4.282366296905939507e+00 6.589986245996554359e+00 1.727243997572327050e+00 4.088450863842448268e-01 6.614356456862241496e-01 2.466786974122356479e+00 6.000000000000000000e+00 1.100000000000000000e+01 5.000000000000000000e+00 -2.276964867964407858e+03
1.943944106612036649e+00 1.738565043757698714e+00 4.020701043187295376e+00 5.490253740246121339e+00 1.902848087651494602e+00 4.822895556151446939e-01 5.388465006630381859e-01 2.662337535546256184e+00 1.000000000000000000e+01 1.200000000000000000e+01 4.000000000000000000e+00 -2.834375598337101678e+02
2.182881249054062334e+00 2.565857227716090261e+00 5.524125329949909791e+00 5.909830196858486318e+00 1.929625241524028700e+00 6.818078365972246591e-02 5.971804549972948850e-01 2.728784458392017775e+00 7.000000000000000000e+00 1.100000000000000000e+01 4.000000000000000000e+00 -2.292256029818232037e+03
2.246067343120441873e+00 2.579354905898649797e+00 4.472299682189963654e+00 5.288793375060429014e+00 1.602140797595446697e+00 1.791903136430488264e-01 6.618194850998418977e-01 2.298000058363575793e+00 8.000000000000000000e+00 1.000000000000000000e+01 3.000000000000000000e+00 -2.204876765689963122e+03
2.449754736171021907e+00 2.049692139407437885e+00 3.665425211699783414e+00 3.383406177665589709e+00 1.529793479654368626e+00 3.818169689016378543e-01 7.529400710675768771e-01 2.412749882908640231e+00 8.000000000000000000e+00 1.100000000000000000e+01 4.000000000000000000e+00 -2.172591454483909274e+03
2.241681952083124152e+00 1.925303154500453306e+00 4.582921829358827637e+00 6.033999425467571065e+00 1.231311907589608179e+00 4.832704906363278208e-01 5.831151236648112191e-01 2.043209243100907457e+00 7.000000000000000000e+00 1.300000000000000000e+01 4.000000000000000000e+00 -2.534726721274061561e+02
2.120889508016849501e+00 2.848724651277275477e+00 5.210440197817538532e+00 7.606087400764626416e+00 1.971224554203460544e+00 1.888928417447067742e-01 5.048513141945787375e-01 2.006041093064161451e+00 9.000000000000000000e+00 1.200000000000000000e+01 4.000000000000000000e+00 -2.249085128909695413e+03
2.515342743641261869e+00 2.977030158997208797e+00 5.260708125403066759e+00 8.701359054911762314e+00 2.105961790923357668e+00 6.945749688349264206e-01 5.581030992553484005e-01 2.316073821270605571e+00 9.000000000000000000e+00 1.700000000000000000e+01 4.000000000000000000e+00 -5.360946788340588682e+02
2.664556808839901425e+00 2.256223014420731587e+00 4.624465930523602886e+00 5.373946535076102649e+00 1.946542549307741066e+00 3.684433750345396108e-01 6.737678001315821064e-01 2.469081660556618818e+00 9.000000000000000000e+00 1.000000000000000000e+01 4.000000000000000000e+00 -8.737105820518364396e+01
