2.442097597742395987e+00 2.447233738945236770e+00 4.453983562074152580e+00 3.129498592705024951e+00 1.503472028126937143e+00 3.118229256280697914e-01 5.467801206035696193e-01 2.484075554435690947e+00 7.000000000000000000e+00 1.200000000000000000e+01 3.000000000000000000e+00 -2.295358923159393271e+03
1.812797684724191782e+00 2.337724178569499767e+00 5.296119972342667737e+00 6.033875519624918304e+00 2.351318500384278032e+00 6.550868210511312517e-02 7.396273902740502226e-01 2.476143805773460826e+00 9.000000000000000000e+00 1.200000000000000000e+01 4.000000000000000000e+00 -4.555437738924381392e+02
2.431258167854822183e+00 2.329481668800931438e+00 4.960954959394944908e+00 4.121239150085917124e+00 2.114583986840620433e+00 8.550823435643933879e-01 4.780372185530587514e-01 2.565722686414996900e+00 7.000000000000000000e+00 1.700000000000000000e+01 4.000000000000000000e+00 -5.345794340584669726e+02
2.638538530874160681e+00 1.766297412775382769e+00 6.402482604620769457e+00 5.581232243901053103e+00 2.134151000223474703e+00 1.112859263211793737e+00 7.887162004562904283e-01 2.560111286706669542e+00 1.000000000000000000e+01 6.000000000000000000e+00 4.000000000000000000e+00 -2.302079703041543780e+03
2.242474032906716985e+00 2.883477717377830984e+00 4.380365552683493924e+00 2.988599363345656013e+00 2.269282719587065067e+00 3.994019345245181096e-03 5.737189648050644575e-01 2.582716193502795132e+00 7.000000000000000000e+00 1.200000000000000000e+01 4.000000000000000000e+00 -2.980844533603893751e+02
2.580054667066486118e+00 1.889942433134001787e+00 6.806216528642131891e+00 3.930050216442575461e+00 2.456539715434200133e+00 6.835108772089497631e-01 7.083014289272357988e-01 2.349545257672963849e+00 9.000000000000000000e+00 1.400000000000000000e+01 5.000000000000000000e+00 -2.121557458926205527e+03
2.624528985407219572e+00 2.540547980617757329e+00 4.521951085978058948e+00 4.731649745364673088e+00 2.213599246466083414e+00 1.049119037387162834e+00 4.805626039731313304e-01 2.698151273263457828e+00 8.000000000000000000e+00 1.400000000000000000e+01 3.000000000000000000e+00 -2.324090730512806658e+03
2.122036407318595330e+00 2.147940818812892783e+00 2.785277966428774121e+00 6.046854434554131075e+00 2.361816814794877484e+00 8.775189278001404025e-01 6.487870873719122633e-01 2.585692152634639918e+00 9.000000000000000000e+00 1.500000000000000000e+01 4.000000000000000000e+00 -4.931492047082267618e+02
2.528508267005467935e+00 1.625258836025249121e+00 7.483737285062388445e+00 6.286674843558665238e+00 1.969191258795044419e+00 6.051276740782790542e-01 5.902723843950140603e-01 2.271221034262441041e+00 8.000000000000000000e+00 1.000000000000000000e+01 4.000000000000000000e+00 -3.906403331688147205e+02
1.580033845084622079e+00 1.877508020795162658e+00 5.519614870248647165e+00 5.456941214342516666e+00 1.110341690951089699e+00 9.318208839662804888e-01 5.959450262791581299e-01 2.681327489472308478e+00 9.000000000000000000e+00 1.300000000000000000e+01 3.000000000000000000e+00 -2.125205648563836348e+03
2.295680260273473827e+00 2.303634341605071079e+00 1.687375543978519410e+00 2.165335537317363279e+00 1.630899877670563436e+00 4.577520379805120609e-01 6.194276793289388294e-01 2.693453491904856278e+00 1.000000000000000000e+01 1.200000000000000000e+01 5.000000000000000000e+00 -2.502863548714088040e+02
2.664556808839901425e+00 2.256223014420731587e+00 4.624465930523602886e+00 5.373946535076102649e+00 1.946542549307741066e+00 3.684433750345396108e-01 6.737678001315821064e-01 2.469081660556618818e+00 9.000000000000000000e+00 1.000000000000000000e+01 4.000000000000000000e+00 -8.737105820518364396e+01
