2.646288100147383471e+00 2.672088804705516463e+00 1.988540608466527138e+00 7.693381076616688574e+00 5.603065435210677903e-01 1.060953084370330757e-02 6.660809720493735542e-01 3.239938098206109895e+00 2.000000000000000000e+00 9.000000000000000000e+00 4.000000000000000000e+00 -2.715196608385741683e+02
2.698944852032216346e+00 1.806110465363691686e+00 7.063431304443693826e+00 4.284682428315394809e+00 1.680484682674200148e+00 1.215952571724901565e+00 8.133858018832230696e-01 4.107973448012812945e+00 5.000000000000000000e+00 1.500000000000000000e+01 2.000000000000000000e+00 -1.021581326878185064e+04
9.662329720588067605e-01 2.373856456470495591e+00 4.631252449962338424e+00 3.706374101971577684e+00 2.993925433746713161e+00 1.913865937938976636e+00 8.008902018392380917e-01 3.358732910309804698e+00 4.000000000000000000e+00 1.200000000000000000e+01 5.000000000000000000e+00 -2.693306055283346723e+02
2.444965444525064147e+00 9.765488884902855382e-01 3.944022200469714967e+00 6.947707624560864659e+00 1.280350045840089823e+00 1.651879758636753293e+00 6.629619599123179885e-01 2.868856995223374007e+00 1.100000000000000000e+01 1.900000000000000000e+01 5.000000000000000000e+00 -1.013975622817495241e+04
2.049245454259181809e+00 2.254067349910686247e+00 1.213037549897300948e+00 6.600555474801085509e+00 2.803427207340970284e+00 3.568089395454134838e-01 5.166397608171946487e-01 2.858340944445815879e+00 7.000000000000000000e+00 1.600000000000000000e+01 1.000000000000000000e+00 -2.712436437126144710e+02
3.478120042089154484e-01 2.789502807054256461e+00 1.808260922117649550e+00 5.125586856617140086e+00 1.085014696439583037e+00 9.081742900493382509e-01 8.234486245052534681e-01 4.461745771866980625e+00 1.000000000000000000e+00 9.000000000000000000e+00 2.000000000000000000e+00 -4.184654797133966895e+02
1.684114676069429217e+00 1.677173533512806181e+00 2.612717375421675037e+00 3.403382707892309345e+00 5.135731905183353874e-01 1.470645187189094649e+00 2.012735798353693650e-01 4.140016769652783424e+00 5.000000000000000000e+00 7.000000000000000000e+00 4.000000000000000000e+00 -1.759920583625002735e+02
1.442665332037555981e+00 1.613039890308153534e+00 5.715333721115142041e+00 7.762447404237557080e+00 2.761185211023072794e-01 4.806672104933384371e-01 8.634691902101615524e-02 2.835437690722603321e+00 2.000000000000000000e+00 1.400000000000000000e+01 3.000000000000000000e+00 -2.120401631343514737e+02
1.567926492069845468e+00 1.579726980005536241e+00 7.296125920989624092e+00 8.800575741943658770e+00 1.960333515026876583e+00 7.830383596960399650e-01 6.171428856781875361e-01 4.227240618284387352e+00 7.000000000000000000e+00 7.000000000000000000e+00 5.000000000000000000e+00 -1.903541314615264355e+02
2.085392907424276299e+00 2.548306521339064989e+00 4.906899292154082382e+00 5.374942694938354748e+00 1.371104373332300286e+00 1.562535838176980496e+00 6.348064540360501273e-02 4.165003024239313234e+00 0.000000000000000000e+00 4.000000000000000000e+00 3.000000000000000000e+00 -9.867123236910110506e+01
2.808319472814046591e+00 7.823589141576957617e-01 6.121432335313360618e+00 7.165517891740972978e+00 4.666858491418133248e-01 1.503089196295034569e+00 9.081780507548417591e-02 3.272446055117439467e+00 7.000000000000000000e+00 2.000000000000000000e+00 1.000000000000000000e+00 -2.509948124369960567e+02
1.703549603088322151e+00 2.258191578246042219e+00 1.881747409063410093e+00 6.502659486891088747e+00 8.582934499755650037e-01 1.468656526261372441e+00 6.220494738029813675e-01 3.784102197804108059e+00 6.000000000000000000e+00 9.000000000000000000e+00 1.000000000000000000e+00 -2.612076465068009838e+02
2.283998853460542655e+00 8.017981753245555510e-01 4.439746987942866596e+00 5.490664710971818963e+00 1.760294172041252381e+00 1.679454884547450844e+00 6.597270182572151365e-01 4.055563101275180493e+00 7.000000000000000000e+00 1.300000000000000000e+01 3.000000000000000000e+00 -1.900987202463756205e+02
1.731654197054039779e+00 1.808790715020488271e+00 4.339974007528727640e+00 6.686966804533247988e+00 2.367412326720913285e+00 2.695225442778458103e+00 5.465296378961943535e-01 2.643686423087177495e+00 7.000000000000000000e+00 8.000000000000000000e+00 4.000000000000000000e+00 -1.010531448142639601e+04
8.639337106456725923e-01 2.416604070678550986e+00 4.914833654616058922e+00 4.508545097534279122e+00 2.633878446753502356e+00 2.087719863239852369e+00 7.721670897385350951e-01 3.882936268282759507e+00 6.000000000000000000e+00 6.000000000000000000e+00 3.000000000000000000e+00 -2.539972385163416391e+02
1.069950476678274143e+00 2.286605498108109646e+00 5.782291561011017045e+00 6.054361186207641410e+00 2.613757559353824256e+00 9.546939862128278609e-02 7.566237241178872530e-01 3.451036235705007726e+00 5.000000000000000000e+00 1.700000000000000000e+01 3.000000000000000000e+00 -4.578470017426012646e+02
1.985720129106202325e+00 1.653118266204691711e+00 3.518918063357535875e+00 7.026198259910589883e+00 1.916097078390562425e+00 2.872306929984186130e+00 2.162232102104486575e-01 3.807061871948655085e+00 5.000000000000000000e+00 6.000000000000000000e+00 3.000000000000000000e+00 -2.576440588019485745e+02
2.480977310973392358e-01 2.893623315468617285e+00 3.497755365491416413e+00 4.761201532997867858e+00 1.316684884161436475e+00 1.181567794326831455e+00 5.916230784559995959e-01 2.982135975822752805e+00 7.000000000000000000e+00 8.000000000000000000e+00 4.000000000000000000e+00 -2.192440679024904568e+02
9.180974073887651077e-01 6.386819085166308696e-01 3.674861658040712964e+00 9.732008101571086200e+00 5.567309174572401265e-01 1.589994156430974526e+00 6.908524920456812213e-01 2.326025681000649659e+00 1.100000000000000000e+01 7.000000000000000000e+00 3.000000000000000000e+00 -1.722375549216467618e+02
5.458804589473982283e-01 2.140749869878713518e+00 3.456046853217195292e+00 4.443911806928510622e+00 1.247697173279848970e+00 5.356466767942152929e-01 3.767600922979447153e-01 3.443130018733218556e+00 0.000000000000000000e+00 1.200000000000000000e+01 4.000000000000000000e+00 -1.920925085904286789e+02
2.843452372107010628e+00 2.367327519050330231e+00 4.529600923304637483e+00 3.775597792018160703e+00 2.343850582424141571e+00 2.841946293823649938e+00 8.325114806273473111e-02 3.537550550112352532e+00 5.000000000000000000e+00 1.300000000000000000e+01 4.000000000000000000e+00 -2.045063326297535582e+02
2.222341756664865997e+00 2.148860585332537543e+00 7.060729561542757438e+00 2.661674622204799334e+00 5.022257765539603902e-01 2.248604528110002665e+00 4.106658492929873838e-01 4.041863494947972590e+00 1.100000000000000000e+01 5.000000000000000000e+00 1.000000000000000000e+00 -2.553215558465716128e+02
2.043728817723338587e+00 1.779335763937163195e+00 1.814443978245701139e+00 5.836313628313279267e+00 1.265104916243315003e+00 6.247017611461447295e-01 5.155148936515236979e-01 2.731857085864710211e+00 3.000000000000000000e+00 7.000000000000000000e+00 4.000000000000000000e+00 -1.298205081695722924e+02
1.140422373020330671e+00 1.610006947311322989e+00 1.269308699732556001e+00 4.070590627721182742e+00 1.502672727191234348e+00 2.425930083416317773e-01 3.137574804797134687e-01 3.261648798603622001e+00 5.000000000000000000e+00 1.400000000000000000e+01 5.000000000000000000e+00 -8.341819614699674048e+02
2.549901692188684788e+00 1.632531997785654720e+00 7.851489296606514401e+00 5.890484136222264411e+00 1.596256768500062373e+00 2.924348949888565308e+00 7.871300947874680931e-01 4.403605081362133689e+00 1.100000000000000000e+01 1.700000000000000000e+01 1.000000000000000000e+00 -2.730764676561749411e+02
1.003580505129047395e+00 2.487051069535982428e+00 2.131976885275860489e+00 6.313930236537961704e+00 1.366466923866229921e+00 9.420996013581335315e-01 6.128147508370118679e-01 4.841146324162076908e+00 4.000000000000000000e+00 1.900000000000000000e+01 2.000000000000000000e+00 -1.015135611391279781e+04
2.222061089202040041e+00 2.058906771561357374e+00 6.791012707548709670e+00 8.606220265006113479e+00 1.120543948285640301e+00 1.796409275645152626e+00 1.248574482459775536e-01 4.740802547081324647e+00 8.000000000000000000e+00 1.100000000000000000e+01 1.000000000000000000e+00 -2.620838103760424929e+02
2.282345596306447177e+00 2.403163535023512765e+00 1.702267715907521684e+00 8.479117636236464861e+00 2.066512985963160354e+00 1.753813612490832341e+00 8.543969200878942516e-01 2.393127868538403202e+00 0.000000000000000000e+00 8.000000000000000000e+00 5.000000000000000000e+00 -2.645567133734799086e+02
2.634186997678244602e+00 1.060276422233022098e+00 6.802337158022226049e+00 5.234823987563339998e+00 1.495718206348095825e+00 1.482317682255284375e+00 4.465664024927444853e-01 2.902780333949442682e+00 8.000000000000000000e+00 1.100000000000000000e+01 2.000000000000000000e+00 -1.022809269754399429e+04
2.059551119339208203e+00 9.951701330342792584e-01 7.226996187408298411e+00 1.141072460161344893e+00 2.902545058091063890e+00 2.376224043072520331e+00 9.561848461836650603e-01 4.381559103535916933e+00 1.000000000000000000e+00 6.000000000000000000e+00 4.000000000000000000e+00 -2.615944357924169026e+02
1.661374528238102721e+00 2.926279991351121712e+00 2.863128971194399242e+00 4.518484980873562762e+00 2.283029672156189349e+00 1.723490774835607198e+00 1.606436954073902079e-01 3.213717282794749330e+00 6.000000000000000000e+00 9.000000000000000000e+00 3.000000000000000000e+00 -2.602266980558219416e+02
1.830056619032067511e+00 1.920183706654957190e+00 4.004965496918664769e+00 4.750471690416936177e+00 1.297147148515051640e+00 1.508855786495885365e+00 3.423856423451465680e-01 3.287762847103814057e+00 1.100000000000000000e+01 1.400000000000000000e+01 1.000000000000000000e+00 -2.152876034377217138e+02
9.493140586878305864e-01 2.114958187716684090e+00 5.985687263127951852e+00 4.167556615277664633e+00 1.599905923322611834e+00 9.756454532886025266e-01 8.759997540364111712e-01 3.487101986531319309e+00 2.000000000000000000e+00 2.000000000000000000e+00 3.000000000000000000e+00 -9.471293381424516156e+01
1.390298183387170816e+00 2.093443249388468264e+00 8.412302182437597864e+00 4.639790454414623788e+00 2.007692646396716185e+00 1.237746023332043643e+00 7.043154125215547179e-01 3.896093538349977514e+00 5.000000000000000000e+00 1.700000000000000000e+01 4.000000000000000000e+00 -3.033568142149086384e+02
1.584336319405602600e-01 2.460120427088808182e+00 3.433097097224631966e+00 4.682614396032681370e+00 2.752718715231718516e+00 1.218746288395928579e+00 1.437549245809252030e-01 3.705644463807003852e+00 1.000000000000000000e+00 1.100000000000000000e+01 4.000000000000000000e+00 -1.893551520801470929e+02
1.801250076368624553e+00 1.207488476528550958e+00 5.715778310580179600e+00 4.140667440517113995e+00 6.685518902899223459e-01 1.727193039031901245e-01 2.246529848630192672e-01 3.325063496674867114e+00 8.000000000000000000e+00 6.000000000000000000e+00 2.000000000000000000e+00 -2.574620577790718130e+02
1.730928399049916466e+00 2.230644431267752470e+00 1.079394266891004817e+00 3.900106012358973029e+00 2.315331183962815675e+00 1.545620973653265118e+00 3.522804261288944305e-01 3.546794058104369540e+00 0.000000000000000000e+00 1.200000000000000000e+01 4.000000000000000000e+00 -2.636664522371669932e+02
9.191711777389104387e-01 1.353298743003221283e+00 7.841867261380012444e+00 6.370914604162962291e+00 8.630404201286405730e-01 2.058231899434760592e+00 7.102896077994740320e-01 3.881056306801912381e+00 9.000000000000000000e+00 1.100000000000000000e+01 1.000000000000000000e+00 -2.599995397543757463e+02
2.805626503116256387e+00 1.022564557211205649e+00 5.557906412461321111e+00 5.766240715276365059e+00 8.012140138366083963e-01 6.033213884394069693e-01 3.729330845590578813e-01 2.500452214151758668e+00 0.000000000000000000e+00 1.900000000000000000e+01 5.000000000000000000e+00 -2.990934659851452579e+02
6.544417618849982521e-01 1.919433176732632251e+00 3.452043872376977962e+00 4.801962492209421285e+00 2.857459049729257128e+00 1.272331798411121095e+00 3.717094968669017452e-01 4.353596376336745344e+00 5.000000000000000000e+00 1.900000000000000000e+01 2.000000000000000000e+00 -1.020561805163646022e+04
9.830774106223678643e-01 4.398432954508818549e-01 7.819693277526136299e+00 6.174074269767075407e+00 1.198688525368668101e+00 2.163558108862793539e+00 5.800384862741475578e-01 3.184192588098545329e+00 5.000000000000000000e+00 1.000000000000000000e+01 4.000000000000000000e+00 -1.015773842811897521e+04
2.317062602457313325e+00 1.331312591490612984e+00 2.511685482193977137e+00 1.740996727398934407e+00 1.647190069725486872e+00 1.962376415480584058e+00 7.411907181128004618e-01 2.861929400703485449e+00 9.000000000000000000e+00 1.000000000000000000e+01 2.000000000000000000e+00 -8.638737764493191662e+02
1.637118781242818955e+00 2.714511712982286884e+00 6.560289686146533406e+00 6.039592046342530551e+00 2.269084644006680307e+00 4.109555992318343343e-01 1.125809672001986117e-01 3.382996210045559948e+00 5.000000000000000000e+00 1.600000000000000000e+01 2.000000000000000000e+00 -1.028611155748403144e+04
2.599750917471792988e+00 1.593170143139485573e+00 6.467078545886808527e+00 6.735951567731849110e+00 3.573220055371306714e-03 1.615712974245681721e+00 1.884774950469328414e-01 3.928685105987304915e+00 9.000000000000000000e+00 2.000000000000000000e+00 4.000000000000000000e+00 -2.483982488679842788e+02
1.317312308018561584e+00 1.286482963918253564e+00 3.954888655634011485e+00 3.585858374166014606e+00 2.764977551083541041e+00 1.678151242017397626e+00 4.791295479371585619e-01 3.697017189736065745e+00 1.100000000000000000e+01 1.700000000000000000e+01 2.000000000000000000e+00 -1.235989041645991392e+03
1.666183880099117554e+00 1.513602967233674157e+00 8.010915933973617342e+00 8.113695535996528818e+00 2.511817729774040497e+00 2.170678039261922265e+00 1.764810086506917730e-01 3.727323757804502868e+00 8.000000000000000000e+00 2.000000000000000000e+01 1.000000000000000000e+00 -2.750664244691995464e+02
2.343819003236446097e+00 1.911882876333980130e+00 9.301411065062373140e+00 6.802525607094363380e+00 2.098169202122504018e+00 2.323983593571683937e+00 6.789502852564247570e-01 2.513752257880319529e+00 1.000000000000000000e+00 3.000000000000000000e+00 4.000000000000000000e+00 -1.016302540495033463e+04
2.343819003236446097e+00 1.911882876333980130e+00 9.301411065062373140e+00 6.802525607094363380e+00 2.098169202122504018e+00 2.323983593571683937e+00 6.789502852564247570e-01 2.513752257880319529e+00 1.000000000000000000e+00 3.000000000000000000e+00 4.000000000000000000e+00 -1.016302540495033463e+04
