6.581580621347460358e-02 2.535143992635240373e+00 5.283550279027450003e+00 3.256504552625654192e+00 3.491901656191025438e-01 3.938983465118417460e-01 7.332477988530960999e-01 4.422386126469645795e+00 2.000000000000000000e+00 1.100000000000000000e+01 2.000000000000000000e+00 -1.010685729061194979e+04
2.014239762384955057e+00 1.108992271477374780e-01 8.206758554613690748e+00 8.565604123710187423e+00 3.381339403520061682e-01 1.951667180935451551e+00 2.588375522208627988e-01 4.656328196810775921e+00 6.000000000000000000e+00 1.600000000000000000e+01 2.000000000000000000e+00 -2.602730146533288575e+02
2.303693341649101889e+00 1.164205940030458297e+00 1.383501205339543461e+00 8.184055338511971200e+00 1.565327581794287992e+00 6.667862615725093089e-01 7.259093521230211010e-01 4.065413884929890642e+00 1.000000000000000000e+00 1.100000000000000000e+01 4.000000000000000000e+00 -5.772430600959305593e+02
9.982005442995526279e-01 2.577494763607820261e+00 3.121484801094303929e+00 4.287416923475945829e+00 6.198186138459897965e-01 7.781245172312194480e-01 1.911649863113247250e-01 3.875292997004996742e+00 1.000000000000000000e+01 9.000000000000000000e+00 2.000000000000000000e+00 -2.643204525224043664e+02
8.458097608520808164e-01 9.669651674353256787e-01 6.153983208632705093e+00 3.421090589463504195e+00 1.911551138921751214e+00 7.386609460193380716e-01 6.749111411598494037e-01 3.132491322151392588e+00 7.000000000000000000e+00 4.000000000000000000e+00 2.000000000000000000e+00 -2.524258603220497150e+02
9.037584685476041102e-01 2.570529144573796554e+00 1.107528165238910622e+00 6.981740763780550196e+00 8.195113534950687617e-01 8.150448870374791266e-01 4.317678088470435771e-01 3.011543300129003509e+00 5.000000000000000000e+00 9.000000000000000000e+00 4.000000000000000000e+00 -2.515581140691885480e+02
2.137900300112305363e+00 1.929139072850199588e+00 5.726413585895706149e+00 3.555972449402484248e+00 1.392874847262159488e+00 6.484301270263526096e-01 8.122472976047798721e-01 3.083165068024223299e+00 8.000000000000000000e+00 1.900000000000000000e+01 2.000000000000000000e+00 -1.027013615748854136e+04
1.364122427499516954e+00 2.320538718244642418e-01 3.137362384831048345e+00 3.285867965378831190e+00 1.396644196100523372e+00 1.810407011280117384e+00 5.010244584242032895e-01 3.645745347169804695e+00 1.100000000000000000e+01 9.000000000000000000e+00 3.000000000000000000e+00 -2.596812355395965710e+02
2.053439583182111949e+00 2.355272594081762261e+00 4.346765924837456829e+00 4.924436344200739057e+00 4.048701639307534794e-01 2.387069441227927857e+00 4.308785438527466538e-01 4.137925291272849471e+00 7.000000000000000000e+00 8.000000000000000000e+00 2.000000000000000000e+00 -2.593999440493649900e+02
4.468492481469341637e-01 1.842635097825716439e+00 4.047753317691579866e+00 1.813956782274329882e+00 2.390339360457916840e+00 3.077916769965545196e-01 4.781360539900442186e-03 3.235569632352953917e+00 5.000000000000000000e+00 7.000000000000000000e+00 2.000000000000000000e+00 -2.454724388956316830e+02
2.918311833561780588e+00 1.994077332399962987e+00 7.034450082695676620e+00 8.720532816506388230e+00 2.108111364711177771e+00 2.216625211533827411e+00 7.949487070715992587e-01 4.876406374944899369e+00 9.000000000000000000e+00 7.000000000000000000e+00 3.000000000000000000e+00 -2.587816018595154901e+02
1.657833612940366352e+00 1.959343745117401836e+00 3.536615346237032220e+00 6.818128723887124210e+00 2.266992266434490144e+00 2.684397538717230525e+00 7.613967227614627520e-01 2.489950883016177396e+00 5.000000000000000000e+00 1.400000000000000000e+01 4.000000000000000000e+00 -1.013691931975203806e+04
2.219045329495501040e+00 6.241589851910840370e-01 5.510874380341963530e+00 7.413100466824291246e+00 7.119897238709373966e-01 1.762117778764359599e+00 3.747149618259300041e-01 2.762880877255911027e+00 9.000000000000000000e+00 6.000000000000000000e+00 3.000000000000000000e+00 -1.836549529071884024e+02
2.920487771503502472e+00 1.285672838605223189e+00 4.601403705197904870e+00 6.622554913183815728e+00 3.073463120713768038e-01 2.331353374316585958e-01 1.418804570544935917e-01 3.747130286725315340e+00 8.000000000000000000e+00 1.200000000000000000e+01 3.000000000000000000e+00 -2.661926904183384295e+02
1.127159317630316737e+00 2.146705712265180033e+00 7.882318214463129635e+00 6.697266963190058320e+00 1.651818119422209907e+00 2.765784569122538450e+00 6.337494873772387960e-01 4.525263825464861611e+00 3.000000000000000000e+00 4.000000000000000000e+00 3.000000000000000000e+00 -2.533994722163602660e+02
1.020298162185753643e+00 2.781062312683034499e+00 1.796433876907213678e+00 6.495163028579176157e+00 5.942902112738526199e-01 1.580408875957428849e+00 7.131221755234684601e-01 4.557881413475638688e+00 3.000000000000000000e+00 1.600000000000000000e+01 4.000000000000000000e+00 -2.681500597274755933e+02
1.054896707004170819e+00 1.811946053942095514e+00 8.144126119991202728e+00 6.233087624209067812e+00 2.450012850551646970e+00 1.893609087931614088e+00 8.167794620092798663e-01 3.429286621711951533e+00 4.000000000000000000e+00 7.000000000000000000e+00 1.000000000000000000e+00 -2.515630641767070017e+02
9.149816841684360602e-01 1.977709457808873417e+00 5.584777869848786658e+00 8.450258921595406036e+00 4.194257473882930798e-01 1.111708541849329324e+00 3.578031601477488777e-01 2.736622027250181777e+00 4.000000000000000000e+00 5.000000000000000000e+00 4.000000000000000000e+00 -1.786909769741455989e+02
2.614335986998467476e+00 8.414751031786318336e-01 7.050401141383564330e+00 6.030451423353146545e+00 2.478263592718363828e+00 5.515759891981564245e-01 7.325961973352457246e-01 2.606273118543979361e+00 1.100000000000000000e+01 1.900000000000000000e+01 2.000000000000000000e+00 -1.021150409228870012e+04
1.062671841505687054e+00 2.635012997613826791e+00 4.724082100331624012e+00 3.021692773835058965e+00 1.921877931526041250e+00 1.660874710081424066e+00 5.558022825284927304e-01 4.721914455912030739e+00 2.000000000000000000e+00 5.000000000000000000e+00 3.000000000000000000e+00 -1.767201508145007551e+02
2.280570032215771814e+00 2.762256099636426043e+00 2.247379313947731383e+00 5.353188889882610546e+00 2.453892875977638610e+00 2.372050593047391853e+00 5.565708430993554501e-02 3.331343101440752186e+00 6.000000000000000000e+00 1.200000000000000000e+01 3.000000000000000000e+00 -2.633167919963291297e+02
1.962057972351756163e+00 2.194215833500126944e+00 5.593618444484985019e+00 8.654626430134435111e+00 9.385832861360028367e-01 2.645740899656676248e+00 5.605814016327115290e-02 3.377905648927981286e+00 7.000000000000000000e+00 1.100000000000000000e+01 3.000000000000000000e+00 -2.620659643733282564e+02
2.215834250944562100e+00 2.445267629641916241e+00 5.267247117088881936e+00 3.998937689002070694e+00 8.960516109541890595e-01 1.040497924984746358e+00 3.740074534595458355e-02 3.459349268987583770e+00 6.000000000000000000e+00 1.000000000000000000e+01 2.000000000000000000e+00 -2.029397143848850646e+02
1.970816752207350087e+00 1.647298652613865766e+00 6.126086413113403850e+00 7.304844733003974966e+00 1.851195334428183070e+00 5.103388423340349256e-01 5.832318368312094936e-01 3.741508770543470863e+00 2.000000000000000000e+00 1.400000000000000000e+01 4.000000000000000000e+00 -5.320120057095480206e+02
1.834132939878619473e+00 2.297635552624485378e+00 5.256411429651500100e+00 8.249954383776858080e+00 1.376707246631668990e+00 2.096494144917154134e+00 5.901058300005667112e-01 4.643439084406522532e+00 3.000000000000000000e+00 1.300000000000000000e+01 1.000000000000000000e+00 -1.027926835583801585e+04
1.854331667225211921e+00 1.071794527096378680e+00 5.068856073106264404e+00 5.012691631355539634e+00 2.277852519664810060e+00 1.397438231484086302e+00 2.310553293737064307e-01 4.058829464712845336e+00 5.000000000000000000e+00 9.000000000000000000e+00 4.000000000000000000e+00 -2.706256232668159782e+02
3.791469790664796502e-01 1.136250372698196509e+00 7.945353673598196664e+00 2.637003819716991160e+00 2.282304775309672351e+00 1.091888941932387169e+00 2.874510379397854365e-01 4.414797902492824555e+00 1.000000000000000000e+01 7.000000000000000000e+00 2.000000000000000000e+00 -1.018955767271684090e+04
1.016320695817885422e+00 2.740921144179037316e+00 6.040314610392001349e+00 3.992345630171808324e+00 1.000220369102624351e+00 1.628924889609232096e+00 6.013168813167422133e-01 4.081437431587979781e+00 4.000000000000000000e+00 1.600000000000000000e+01 3.000000000000000000e+00 -2.761552273024179271e+02
1.929898708187066436e+00 2.287004619314380705e+00 5.400313369335150604e+00 2.698151936958698371e+00 2.066067253827470918e+00 2.068092870499867342e+00 5.697248978709951173e-02 3.377333908872188317e+00 6.000000000000000000e+00 1.200000000000000000e+01 3.000000000000000000e+00 -2.753065905270706821e+02
1.414495961711204952e+00 1.713266400863267869e+00 7.217878619501253645e+00 6.679333160971808958e+00 1.569963568993283598e+00 2.640252711094984051e+00 7.603257798513415322e-01 4.991738497795987328e+00 1.000000000000000000e+01 1.000000000000000000e+01 4.000000000000000000e+00 -2.565583493468705001e+02
1.577518109023421378e+00 2.331499998800456552e+00 7.522736650568384142e+00 3.343730613618891567e+00 1.715725312554162496e+00 1.455782008169794750e+00 6.879685987761795518e-01 4.170835144975233000e+00 7.000000000000000000e+00 1.600000000000000000e+01 5.000000000000000000e+00 -1.037138569098835251e+04
2.183873726480483057e+00 1.935896853217623725e+00 6.640687611636412413e+00 6.208505072877573028e+00 1.958877959368911181e+00 2.143559784748322983e+00 9.033946317777014068e-01 2.674505314165729342e+00 7.000000000000000000e+00 1.600000000000000000e+01 3.000000000000000000e+00 -2.656148286739551168e+02
1.460891681639430395e+00 2.944862358379112699e+00 5.876441082203110788e+00 8.114509841145373770e+00 1.809242741978267288e+00 7.571388233952968116e-01 7.515921455471251678e-01 3.870796560904719019e+00 3.000000000000000000e+00 1.300000000000000000e+01 2.000000000000000000e+00 -2.995901477640755957e+02
1.600701456884862539e+00 1.865392295314743487e+00 5.041075550785613757e+00 6.525062526203905477e+00 1.284548098730939447e+00 1.853002089763176041e+00 6.584693696246394223e-01 3.244773078092149099e+00 7.000000000000000000e+00 8.000000000000000000e+00 2.000000000000000000e+00 -1.945969758603110336e+02
1.025095109341979338e+00 1.982579302688262546e+00 6.462081734378900322e+00 3.681870001738330345e+00 2.325240301649606600e+00 1.003978392889776527e+00 6.861642997510344344e-01 2.483854918604713191e+00 7.000000000000000000e+00 1.900000000000000000e+01 2.000000000000000000e+00 -1.034343864368373579e+04
2.034373669837294507e+00 6.380005976203477758e-01 3.530972904367341680e+00 8.188758751539841896e+00 7.495204657094880485e-01 9.019993724642286770e-01 6.998572069293081954e-01 2.963728935614667659e+00 5.000000000000000000e+00 1.000000000000000000e+01 5.000000000000000000e+00 -1.911940472212166071e+02
2.172161541293915477e+00 1.643690121533649240e+00 4.505901870342071014e+00 1.341425529005860984e+00 2.645629079919622928e+00 1.164777251405885616e+00 1.800027437107855344e-01 3.655477963160429500e+00 6.000000000000000000e+00 2.000000000000000000e+00 3.000000000000000000e+00 -2.503749247889211347e+02
1.108692948099076148e+00 1.445399660502947548e+00 7.522076435613038292e+00 2.902586894782730909e+00 1.057771757605541652e+00 1.230746965171190532e-01 2.068717108469068644e-01 4.466661785406738971e+00 1.100000000000000000e+01 1.600000000000000000e+01 2.000000000000000000e+00 -2.743157089367920776e+02
8.553825278690164735e-01 1.797803012572140924e+00 7.269783915313654532e+00 8.248671166286783318e+00 7.456374030196337710e-01 1.832745011208443797e+00 1.499910103483879098e-01 3.296214096996603615e+00 8.000000000000000000e+00 2.000000000000000000e+01 3.000000000000000000e+00 -2.948240726588975349e+02
2.111200117514550278e+00 2.065977150739006785e+00 5.135293273247147461e+00 7.273518533879110848e+00 2.346778405065135242e+00 1.886819176813427035e+00 6.722503945376363532e-01 3.398274940075802331e+00 6.000000000000000000e+00 1.500000000000000000e+01 1.000000000000000000e+00 -2.646140075950323762e+02
7.710924426841860857e-01 1.578783298915742872e+00 4.574694722163115124e+00 2.152131524430064058e+00 1.840938206222646478e+00 9.023569718241478688e-01 5.488529129805101991e-01 2.830165786441773967e+00 8.000000000000000000e+00 1.800000000000000000e+01 2.000000000000000000e+00 -4.465819691105781999e+02
5.776921065736865257e-01 2.426689717172115124e+00 7.927645904199545512e+00 6.358081860372979399e+00 1.959632937453250179e+00 2.521458980922307802e+00 6.789050828744136457e-01 2.492626628488249452e+00 7.000000000000000000e+00 8.000000000000000000e+00 3.000000000000000000e+00 -1.859018051305342851e+02
2.048307515766498721e+00 1.541513087910251212e+00 5.848530461290977200e+00 6.710886319062396410e+00 1.829789455805033382e+00 8.409276255110195164e-01 1.677052887318193908e-01 4.225390834334348256e+00 3.000000000000000000e+00 5.000000000000000000e+00 5.000000000000000000e+00 -1.778751868778881260e+02
1.692366886697997508e+00 2.252687541625258305e+00 1.470990182735252727e+00 2.419255943088848948e+00 1.226830199361273799e+00 1.355308680369308849e+00 4.375124061492747796e-01 2.515769548743900685e+00 4.000000000000000000e+00 1.200000000000000000e+01 4.000000000000000000e+00 -2.688771885298011171e+02
2.137184671050903262e+00 1.757253703346489448e+00 6.277948605702606599e+00 9.557894773530481558e+00 1.699348516796720832e+00 1.258860584935670435e-01 7.322717117012015331e-01 4.785416376583157216e+00 3.000000000000000000e+00 8.000000000000000000e+00 2.000000000000000000e+00 -1.022366872785672604e+04
9.060562516104245789e-01 6.168246764690132888e-01 5.778415507992092692e+00 4.155563719017503210e+00 2.154029861907472476e+00 1.818801116723325118e+00 3.105300389130452032e-01 3.188201201149722941e+00 4.000000000000000000e+00 4.000000000000000000e+00 5.000000000000000000e+00 -2.466073431044398205e+02
1.333044410306996497e+00 2.828679113603130624e+00 4.553492556444737716e+00 6.707422901035198670e+00 1.274491007301924217e+00 1.338354734023656567e+00 5.961908491499652296e-01 4.130720472478039085e+00 1.100000000000000000e+01 1.100000000000000000e+01 4.000000000000000000e+00 -3.459575220779884148e+02
9.493140586878305864e-01 2.114958187716684090e+00 5.985687263127951852e+00 4.167556615277664633e+00 1.599905923322611834e+00 9.756454532886025266e-01 8.759997540364111712e-01 3.487101986531319309e+00 2.000000000000000000e+00 2.000000000000000000e+00 3.000000000000000000e+00 -9.471293381424516156e+01
