5.894656959780496530e-01 2.004275135163098298e+00 6.146803124186495104e+00 5.407278353614057842e+00 1.661846665810003953e+00 1.104413988882654296e+00 4.502228521797927985e-01 2.534114177446041616e+00 6.000000000000000000e+00 5.000000000000000000e+00 3.000000000000000000e+00 -2.095162350787675223e+02 1.446499999999986414e+02 2.373633963364549931e-02 -1.059105622095974253e+00 8.890584952388303625e-03
5.769008553948810070e-01 2.203581746135259145e+00 6.387477213084586936e+00 4.389775990498404390e+00 2.675706344477605469e+00 5.845834569644112744e-01 4.261630598962679040e-01 2.941695693701123826e+00 7.000000000000000000e+00 1.000000000000000000e+01 2.000000000000000000e+00 -4.266041280345785935e+02 3.000999999999997385e+02 1.728463300216117204e+01 -7.427747767446475635e-02 6.270173059715371977e+00
7.034810679074926520e-01 2.112393088492887205e+00 4.322085612944869482e+00 2.814197769807421423e+00 1.393710529654708541e+00 7.525681362968310584e-01 7.456694186516550360e-01 2.651472526437674837e+00 6.000000000000000000e+00 5.000000000000000000e+00 3.000000000000000000e+00 -1.873589850026969543e+02 1.236499999999951172e+02 1.651514373887179310e-02 -1.003546759758696671e+00 4.290020612984034309e-02
8.985272636092278553e-01 1.545818617751163693e+00 4.003415223615034435e+00 6.666137341476202849e+00 1.621579997276454854e+00 1.023650174424862724e+00 2.610911379106095054e-01 2.681764990427352835e+00 7.000000000000000000e+00 1.100000000000000000e+01 3.000000000000000000e+00 -2.930801738548230446e+02 3.176800000000229147e+02 1.997889477801209623e-02 -1.046010187442513839e+00 6.265328766300792829e+00
5.544769712495511982e-01 1.196891742384007085e+00 6.583906328314969691e+00 5.065761614405658086e+00 1.390859153539993009e+00 9.352730854479285316e-01 2.528323792447353391e-01 2.252896888886095628e+00 4.000000000000000000e+00 8.000000000000000000e+00 4.000000000000000000e+00 -3.913026515698493313e+02 2.400800000000151329e+02 1.695391572311510942e+01 1.016349475929352042e-01 5.557849440252849056e-03
6.132012423303114801e-01 1.335334928696388257e+00 4.436399816106076699e+00 6.428047434186602516e+00 1.625082849645576255e+00 8.126033980457315620e-01 5.074200382038874801e-01 2.153674284899131042e+00 6.000000000000000000e+00 7.000000000000000000e+00 5.000000000000000000e+00 -4.550958766200592436e+02 2.100699999999860097e+02 2.187880478875413814e+01 -3.676679882551193990e-03 1.341264908406997192e-02
9.586538850273131906e-01 1.811788114827098228e+00 5.758777401190699585e+00 4.536537737604763088e+00 1.566534575681044483e+00 7.451122254905446773e-01 4.668253825672308288e-02 2.206554458856214485e+00 8.000000000000000000e+00 1.200000000000000000e+01 3.000000000000000000e+00 -2.270891921617264018e+02 3.601200000000105774e+02 2.939324510107569566e+00 -6.767683900210208492e-01 6.277512654189864705e+00
2.858668627093222669e-01 1.970342243284414208e+00 6.221469369546693606e+00 2.329741274002933960e+00 2.543207006433493511e+00 1.340784629898407410e+00 9.273083243495872097e-02 2.416848989656583235e+00 4.000000000000000000e+00 4.000000000000000000e+00 3.000000000000000000e+00 -3.009098994369624052e+02 1.200400000000075664e+02 1.505561871480991343e+01 -2.548008933694629885e-01 6.266655565602255784e+00
6.357722035082998824e-01 2.330959995144098684e+00 3.590967828156288011e+00 2.827995461375114594e+00 1.233581357483286789e+00 6.919005916579263893e-01 7.230401411893510044e-01 2.665737079690409406e+00 5.000000000000000000e+00 7.000000000000000000e+00 3.000000000000000000e+00 -4.987657746879235674e+02 2.100699999999860097e+02 2.460817341799566194e+01 2.132233511700833417e-01 2.392070958239678191e-03
1.575923884326747126e+00 2.316235893130665247e+00 5.756508656492823839e+00 4.158491684858815596e+00 1.469200400872409773e+00 1.159217648505830756e+00 3.827820053688274493e-01 2.679089345015438273e+00 3.000000000000000000e+00 1.200000000000000000e+01 2.000000000000000000e+00 -4.781483396122588942e+02 3.601200000000105774e+02 1.863052122576585035e+01 7.577062932550804319e-02 2.908963434340002853e-03
2.581418934893699446e-01 1.621929705225840346e+00 3.155566857552234428e+00 2.008765491014190108e+00 1.800123968402226327e+00 7.165471232620213016e-01 1.913800356025132654e-01 2.444972615807539551e+00 5.000000000000000000e+00 4.000000000000000000e+00 3.000000000000000000e+00 -2.202565065753543877e+03 7.244000000000012562e+01 1.039656660959650303e+01 -3.039731177851400790e-01 6.265714194493262390e+00
3.526551338497685428e-01 2.616872897445451152e+00 6.275248753601762708e+00 4.345693143804012060e+00 2.287371121142403485e+00 9.415949814158582898e-01 2.135969389426639331e-01 2.190447070039916788e+00 7.000000000000000000e+00 7.000000000000000000e+00 3.000000000000000000e+00 -4.355134036747883783e+02 2.100699999999860097e+02 2.065490022967470907e+01 -8.863489656070725961e-03 2.204094807915567972e-02
9.093051080061631541e-01 2.437988960581174869e+00 3.437078780809488698e+00 6.709393768857560225e+00 2.234944206919947884e+00 8.498840223832341279e-01 7.507577570520822252e-02 2.952285195607712520e+00 8.000000000000000000e+00 8.000000000000000000e+00 2.000000000000000000e+00 -1.406104367912052737e+02 2.400800000000151329e+02 1.285652299449856928e+00 -3.708621589709861777e-01 6.282095334858784241e+00
1.093723873906508492e+00 2.266419041404800438e+00 6.293982781532127646e+00 4.649163243183443761e+00 1.972462425089831495e+00 1.255792300225738067e+00 3.551987319560853673e-01 2.261522155606119799e+00 5.000000000000000000e+00 1.100000000000000000e+01 3.000000000000000000e+00 -5.628644760974812016e+02 3.301100000000244563e+02 2.486309225609181439e+01 -6.656386698334231244e-01 5.880270655108432720e-03
8.804210198284655453e-01 1.916395617070975277e+00 5.714758704899667308e+00 4.028174838755776754e+00 1.784260783272497930e+00 9.056330783394784811e-01 2.506193691678968438e-01 2.314465738009619855e+00 5.000000000000000000e+00 1.000000000000000000e+01 3.000000000000000000e+00 -5.514177815075331637e+02 3.000999999999997385e+02 2.508548634422083268e+01 -1.660339367289586088e-01 1.604230291905572869e-02
6.049377990605470101e-01 1.483136801057640008e+00 3.769561786991859176e+00 2.684588180003861346e+00 2.175595835861260152e+00 1.399565406459925887e+00 3.573709994304627435e-01 2.077557639028962733e+00 1.000000000000000000e+00 6.000000000000000000e+00 1.000000000000000000e+00 -2.398497874468448117e+03 6.702000000000101920e+01 2.281174215427797947e+01 -2.909172949450050005e+00 1.314256884443939954e+00
5.648259990620736470e-01 1.056330336835821893e+00 6.706122070191403495e+00 5.009524426746681414e+00 1.809855868322407302e+00 4.714564816006758807e-01 1.491179879926175511e-01 3.030890119248709436e+00 7.000000000000000000e+00 4.000000000000000000e+00 2.000000000000000000e+00 -1.753381776918537014e+02 7.220000000000008811e+01 2.212330971732312176e-02 -9.854391259325928631e-01 5.482850360382079263e-05
4.269833900190173614e-01 2.027794448953772033e+00 5.545391975316981359e+00 2.636188846744573766e+00 1.448839487512568081e+00 7.944560313496960013e-01 2.863875204489487736e-01 2.510099252888474464e+00 6.000000000000000000e+00 6.000000000000000000e+00 3.000000000000000000e+00 -4.140746446234699647e+02 1.800600000000052887e+02 2.025279028896670752e+01 -7.984694380624354770e-02 7.606484489559002006e-03
6.605357962299638341e-01 1.600377823960087209e+00 6.551798877969402746e+00 4.690194365440369495e+00 1.568875093527668740e+00 6.815031815025980322e-01 6.704893283533972514e-01 2.164727621889992903e+00 6.000000000000000000e+00 3.000000000000000000e+00 3.000000000000000000e+00 -2.322100339538038043e+03 1.487999999999987466e+01 1.966627122112737780e+01 -2.103533568622018901e+00 6.279333004044380218e+00
1.158504563483248484e+00 7.669295772356251595e-01 3.628118242956619000e+00 5.481576103391226695e+00 2.282200055025026764e+00 8.025824793674112279e-01 9.715543141318164211e-02 2.814577433124176853e+00 7.000000000000000000e+00 2.000000000000000000e+00 1.000000000000000000e+00 -2.383142585979491741e+03 4.759999999999986464e+00 2.379766162371823768e+01 -2.831951150844413512e+00 5.333911830957660527e-03
2.974226214500122478e-01 1.808052611107942909e+00 3.954824099075017863e+00 4.868651720723767617e+00 1.747491444900665991e+00 1.138384274270136221e+00 2.913899550678743511e-01 2.153732372145626073e+00 6.000000000000000000e+00 9.000000000000000000e+00 2.000000000000000000e+00 -4.390897388397702343e+02 2.700900000000045225e+02 1.900279617748549654e+01 -1.008980695927978566e+00 6.215883577009543970e+00
1.028125427229303668e+00 1.590168758387270120e+00 6.911187035662192280e+00 4.814114609025389235e+00 1.769132395271284297e+00 1.184505022992909051e+00 3.931580727566461597e-01 3.192914252069324110e+00 5.000000000000000000e+00 8.000000000000000000e+00 3.000000000000000000e+00 -2.188193297655665788e+02 2.400800000000151329e+02 6.173708110347439160e+00 -1.931470636073309377e+00 2.758438721612562206e-01
7.774247860322663906e-01 8.260444608019233970e-01 6.235354861085782296e+00 3.292789899212194449e+00 1.769779576745896366e+00 8.383653400813362300e-01 1.490722002126970702e-01 2.976756995593111910e+00 7.000000000000000000e+00 7.000000000000000000e+00 3.000000000000000000e+00 -2.367321537978255947e+03 4.200000000000014921e+01 2.164509612364098246e+01 -2.906327956068795793e+00 5.921521809983319784e+00
8.530739315140599688e-01 1.792757088698170520e+00 4.645380853743983351e+00 3.348434719092962197e+00 2.442953588984034141e+00 6.375593090053239820e-01 1.285576585068811117e-01 2.127442419301942333e+00 6.000000000000000000e+00 8.000000000000000000e+00 3.000000000000000000e+00 -5.065549720853815074e+02 2.400800000000151329e+02 2.415718575533587043e+01 -4.142434467024216915e-02 6.282559181888713873e+00
4.988531868390944646e-01 1.565324366665583167e+00 6.237461820381598798e+00 2.874446047608739896e+00 2.327550650373373387e+00 1.060572509015879961e+00 1.497937802605237012e-01 2.455077108100546912e+00 6.000000000000000000e+00 5.000000000000000000e+00 4.000000000000000000e+00 -2.362336759473048460e+02 1.500499999999998693e+02 1.007554224670655785e+01 -9.129662455117126818e-02 2.610677916429683942e-01
9.772506846601867192e-01 1.566816492378866776e+00 4.656884918943918983e+00 6.081660400530997990e+00 2.499503842017486654e+00 6.670713925425029167e-01 3.011185878156797946e-01 2.661486019982172380e+00 4.000000000000000000e+00 3.000000000000000000e+00 2.000000000000000000e+00 -2.386548831907940894e+03 7.950000000000021494e+00 2.391086449424629379e+01 -5.351728206741462879e-01 6.250453163113202315e+00
6.905424359783755017e-01 2.316116583178220445e+00 5.248921304297460289e+00 3.289683277716184406e+00 1.263628213497663078e+00 1.347327080957018364e+00 5.253051290410910568e-01 2.685447612958000718e+00 5.000000000000000000e+00 6.000000000000000000e+00 3.000000000000000000e+00 -2.170887911505862462e+02 1.723200000000049954e+02 1.846534944063226227e-02 -1.048706601757773083e+00 2.746586979017841962e-02
1.117590924179310496e+00 2.093813502263459636e+00 5.230289409056851468e+00 5.391032930732971629e+00 1.978160201417048292e+00 1.063468138342267277e+00 3.538539003156726537e-01 2.907684480931223892e+00 3.000000000000000000e+00 6.000000000000000000e+00 3.000000000000000000e+00 -3.494905702046060014e+02 1.800600000000052887e+02 1.621628563778770982e+01 -2.129302177351205527e-01 6.271843453783424671e+00
1.217705475648527269e+00 1.098111516085861661e+00 4.341781397946703258e+00 5.544398576455296102e+00 1.206063964897294172e+00 1.513692534558302771e+00 5.630979328633702874e-01 2.287855471196010626e+00 6.000000000000000000e+00 7.000000000000000000e+00 5.000000000000000000e+00 -2.030734140081085570e+02 1.651299999999903889e+02 1.364252281061219089e-02 -1.536307765397038283e+00 1.157363499269937479e-01
5.761207848773591822e-01 2.250318599527122210e+00 3.966102885087693597e+00 2.234651101255261452e+00 1.895978730495316622e+00 9.090315523444298940e-01 3.627146654952979610e-01 2.665228667683869901e+00 5.000000000000000000e+00 8.000000000000000000e+00 3.000000000000000000e+00 -5.119309877061954808e+02 2.400800000000151329e+02 2.449318673163674376e+01 2.313962803096003551e-01 4.655814642643966994e-03
1.064288614254513599e+00 2.460458030481952996e+00 4.972639174296401343e+00 4.637817946529534829e+00 1.980707939986569022e+00 1.168776766556186786e+00 2.416098650448071095e-01 2.521531254345352302e+00 7.000000000000000000e+00 9.000000000000000000e+00 3.000000000000000000e+00 -4.249560630491722577e+02 2.700900000000045225e+02 1.811944144057312300e+01 5.182847799478640383e-02 8.468181163787582427e-03
1.083127275031968040e+00 1.982153722636929905e+00 4.161479965748640097e+00 4.330214998757078604e+00 1.761539167703552344e+00 8.519920759790979847e-01 2.006084936690756271e-01 2.517973657640794727e+00 6.000000000000000000e+00 1.000000000000000000e+01 3.000000000000000000e+00 -2.666151483412062930e+02 3.000999999999997385e+02 7.285321771325402374e+00 -2.322161522679526247e+00 4.488920895608304318e-01
7.601148747355910285e-01 2.253472173561287484e+00 6.333544523196255049e+00 5.644863970893331029e+00 2.113909011805128468e+00 3.299794148569572538e-01 3.605479106164143355e-01 2.504326915044617241e+00 8.000000000000000000e+00 1.000000000000000000e+01 3.000000000000000000e+00 -5.470317598063205651e+02 3.000999999999997385e+02 2.481135998789504526e+01 -3.357090828433974272e-02 2.342008155134955166e-02
8.720726328281349637e-01 1.610580374115051283e+00 3.968289203296952117e+00 5.392669761203879197e+00 1.692366975885541969e+00 6.675131551503921123e-01 4.454038783129227186e-01 2.448450786748681551e+00 7.000000000000000000e+00 1.200000000000000000e+01 3.000000000000000000e+00 -4.771454525182988391e+02 3.601200000000105774e+02 1.856784078239334690e+01 1.718750072574675714e-01 6.279261623374422285e+00
7.333550486311017913e-01 8.577116685801567941e-01 5.104247071556408777e+00 5.396888102107458174e+00 1.418414618147025186e+00 4.938719312183670884e-01 1.620158814391470248e-01 2.405417352100348793e+00 6.000000000000000000e+00 8.000000000000000000e+00 1.000000000000000000e+00 -1.387718078603944036e+02 2.400800000000151329e+02 1.170737991274176437e+00 -5.723399006972909042e-01 1.757328911772049196e-03
5.901786470740797430e-01 2.589562085669515845e+00 5.679046448061670915e+00 1.883963700966793331e+00 2.416038173663864086e+00 1.238197391943049563e+00 1.509542496682911294e-01 2.421809875910057031e+00 5.000000000000000000e+00 1.100000000000000000e+01 3.000000000000000000e+00 -5.689186447050753941e+02 3.301100000000244563e+02 2.524147779406644787e+01 8.712918507743015739e-02 4.267141089881399535e-03
1.230150882552030200e+00 9.290026375503054323e-01 2.565794437981031351e+00 7.000200396101722511e+00 2.818687352314786843e+00 3.951491554372454917e-01 2.294418682926478159e-01 2.662261566974132521e+00 4.000000000000000000e+00 7.000000000000000000e+00 3.000000000000000000e+00 -5.031151876885944603e+02 2.100699999999860097e+02 2.488001173053758919e+01 -1.834063672275604642e-02 4.061798727300260092e-02
1.283530160993759939e+00 2.635243008120292441e+00 6.509219498039652052e+00 4.361619133344417421e+00 1.976286914676412154e+00 1.348577588659771953e+00 1.376549058204978859e-02 2.816892418099133266e+00 5.000000000000000000e+00 1.200000000000000000e+01 4.000000000000000000e+00 -4.487401597736202916e+02 3.601200000000105774e+02 1.679250998585093768e+01 -1.745840537651213026e-02 4.249540738354262714e-03
7.573683652790450527e-01 2.034528342942315327e+00 4.075047014333746276e+00 4.013766305445660265e+00 9.665394900529195032e-01 1.496228937459674224e+00 3.914393012763125457e-01 2.821375530714764324e+00 5.000000000000000000e+00 6.000000000000000000e+00 3.000000000000000000e+00 -1.925615817921315340e+02 1.210200000000030656e+02 1.691879949894635471e-02 -1.006081290925240568e+00 2.484710633211636294e-02
1.349173496671741912e+00 8.764980459277891267e-01 4.562908835474899227e+00 5.638775415069741115e+00 1.847156271636773095e+00 2.575310918265026894e-01 5.735395087344702381e-01 2.353131051553132735e+00 5.000000000000000000e+00 4.000000000000000000e+00 4.000000000000000000e+00 -2.269675437071141914e+03 4.867999999999913996e+01 1.533346481694641383e+01 -1.578829392159467604e-01 3.640352782935542264e-03
1.056550625856974790e+00 1.797373104637788321e+00 5.514158775211464025e+00 5.782345207808270438e+00 2.172938086208525910e+00 8.965056367088101164e-01 1.746472402783288136e-01 3.376912258868330685e+00 4.000000000000000000e+00 1.000000000000000000e+01 3.000000000000000000e+00 -2.203482746597236201e+03 2.203999999999917634e+02 5.830171662327508386e+00 -9.718266775678980451e+00 4.338040255327585193e+00
1.055805642552654522e+00 1.411194493790311144e+00 7.751752557357233897e+00 5.488345221346841107e+00 2.431554488949061898e+00 3.933008864727283171e-01 5.286555430300952096e-01 2.231399331626491289e+00 6.000000000000000000e+00 8.000000000000000000e+00 5.000000000000000000e+00 -5.112137557342987861e+02 2.400800000000151329e+02 2.444835973339320034e+01 -8.770736555538909407e-01 1.203743132132959470e-01
3.504757274844493287e-01 1.374380508681319224e+00 7.174381646839319338e+00 1.680421821441493657e+00 1.720624209423283979e+00 9.188791482474608641e-01 9.085660033262131507e-02 2.715696843393857751e+00 1.000000000000000000e+00 1.100000000000000000e+01 3.000000000000000000e+00 -5.516351579865756776e+02 3.301100000000244563e+02 2.416125987416021559e+01 1.199662809888682180e-01 6.256048137840700463e+00
2.366125349284051993e-01 2.902119292794471672e+00 5.594402077420143726e+00 3.425491325743440285e+00 2.126678604463399402e+00 5.598994210848161623e-01 3.289610053502636244e-01 2.325732697787606718e+00 6.000000000000000000e+00 5.000000000000000000e+00 3.000000000000000000e+00 -4.704676863688192725e+02 1.500499999999998693e+02 2.471516789805120951e+01 -1.683394662308554390e-01 1.018592712798138677e-02
6.298301278913506218e-01 2.482511653473786328e+00 6.520416588635556288e+00 4.572261811755474525e+00 1.907145219351397136e+00 5.906638257782628187e-01 2.233100204151989288e-01 2.561779846318976706e+00 6.000000000000000000e+00 1.100000000000000000e+01 2.000000000000000000e+00 -5.299603144650168360e+02 3.301100000000244563e+02 2.280658215406278799e+01 8.790211395637279046e-02 6.267788203961309534e+00
6.217507382060013521e-01 1.249095852016589570e+00 4.317355435899683513e+00 2.349413032157135373e+00 2.528547071043470762e+00 1.082794530706486791e+00 2.832970632557765822e-01 2.388110487478394717e+00 2.000000000000000000e+00 4.000000000000000000e+00 3.000000000000000000e+00 -4.710194503426889128e+02 1.200400000000075664e+02 2.568746564641782015e+01 -5.962112651814753805e-01 1.315037895671374302e-01
1.563172414050158388e+00 1.276182755813708436e+00 5.153253593461004201e+00 8.705755482992930894e+00 1.171626699362277257e+00 1.548314008401078468e+00 6.831727516583021576e-01 2.566986429723372432e+00 1.000000000000000000e+00 8.000000000000000000e+00 3.000000000000000000e+00 -1.018011338018635115e+03 2.130400000000109060e+02 -2.993391587148327981e-02 -9.519296039364736117e+00 3.033701032835911970e+00
1.262016036872420477e+00 5.481644537928977989e-01 4.117179155752058506e+00 4.785381861070629128e+00 2.322529717998457421e+00 3.383591519303100759e-01 7.852922254921981815e-02 3.170199421105374338e+00 5.000000000000000000e+00 4.000000000000000000e+00 1.000000000000000000e+00 -4.189856155861659204e+01 8.328000000000182013e+01 1.616009741347996728e-02 -9.735423876205278049e-01 4.352775197832947640e-03
