5.832763690430314840e-01 1.630354884045409847e+00 7.192903084313474693e+00 5.343970242230193790e+00 2.078092787004965469e+00 1.416266764066153927e+00 1.933302530388434914e-01 2.805350348259272319e+00 8.000000000000000000e+00 9.000000000000000000e+00 3.000000000000000000e+00 -3.065051504393931054e+02 2.700900000000045225e+02 1.071625940246192954e+01 -2.788852535160382673e-02 1.559500936802163396e-02
6.095655847578920206e-01 1.620934500849730897e+00 7.456546767252215879e+00 3.087833002518524772e+00 2.262243717542303134e+00 1.503648882217800464e+00 3.770995752822409730e-01 2.901661334242469970e+00 9.000000000000000000e+00 1.000000000000000000e+01 3.000000000000000000e+00 -5.462412556284051561e+02 3.000999999999997385e+02 2.476195347677532865e+01 -5.410497371286842466e-02 1.854847922936563379e-02
1.264729206456635113e+00 2.097418938019450341e+00 6.697535284067549277e+00 5.016926671880902688e+00 1.862380504323748909e+00 6.684966169991880536e-01 2.703755861029923935e-01 3.190919587644084121e+00 4.000000000000000000e+00 1.000000000000000000e+01 3.000000000000000000e+00 -4.220398779155556213e+02 3.000999999999997385e+02 1.699936736972223272e+01 -1.825992336768292312e-02 6.228652639661177659e+00
6.801270889066650671e-01 1.546291241699524699e+00 8.059898630894815952e+00 6.605446960725204875e+00 1.951293815761333539e+00 1.086058401198983558e+00 3.351461926729419338e-01 2.784050563898191388e+00 1.000000000000000000e+01 1.200000000000000000e+01 3.000000000000000000e+00 -2.332707842252568298e+03 3.468000000000100727e+02 9.956740140785193205e+00 -1.121263667191310542e+00 5.669812645511169702e-01
3.446121718221168972e-01 2.222374048145478564e+00 7.103493491289491146e+00 4.919496686766867910e+00 2.188603999152407997e+00 1.394572839187353752e+00 3.889056749413658531e-01 2.327639589090671812e+00 5.000000000000000000e+00 9.000000000000000000e+00 4.000000000000000000e+00 -4.979549941936493269e+02 2.700900000000045225e+02 2.268187463710293983e+01 8.177756225756678543e-02 1.007598388628938579e-02
9.766362790156276619e-01 1.246823925111605780e+00 6.998099085022885468e+00 2.996138068835655588e+00 1.320616563374891417e+00 6.656978131589479375e-01 2.497995342960493415e-01 2.936959717793793168e+00 7.000000000000000000e+00 1.200000000000000000e+01 3.000000000000000000e+00 -3.457640968287466876e+02 3.601200000000105774e+02 1.035650605179633921e+01 -1.597703307278672602e+00 6.273402249907132244e+00
8.525180375803277366e-01 1.226004433373901303e+00 6.153214032553841584e+00 1.369435540752733216e+00 1.820905799935220504e+00 1.548271614439459043e+00 2.705575215245314413e-01 2.663738445100723329e+00 3.000000000000000000e+00 7.000000000000000000e+00 3.000000000000000000e+00 -3.980495837661295582e+02 2.100699999999860097e+02 1.831341148538353636e+01 -2.187354820661894017e+00 6.738937828533481111e-02
5.644698326367888486e-01 1.531563935813319066e+00 2.789880053188474207e+00 5.097763872137504038e+00 2.125663278682603963e+00 4.751809104990252219e-01 2.624261021664211491e-01 2.459728269011217883e+00 8.000000000000000000e+00 9.000000000000000000e+00 3.000000000000000000e+00 -4.286499945110549561e+02 2.700900000000045225e+02 1.835031215694079165e+01 -3.981969356913088731e-01 6.304704076762149279e-02
3.396988983099378245e-01 1.537534008608291147e+00 8.319186074651780061e+00 4.991788040820040351e+00 1.113822992037326154e+00 9.782857186949762696e-01 2.145082833764098140e-01 2.240825388374847904e+00 9.000000000000000000e+00 1.300000000000000000e+01 4.000000000000000000e+00 -3.201693489517651301e+02 3.724499999999897568e+02 1.667856242283808146e-02 -1.032417535942992792e+00 1.763171913289077880e-02
1.021805080030462998e+00 1.778463665222657308e+00 5.530709715933609161e+00 2.908207083803009851e+00 2.011340043720605486e+00 9.991866743520655403e-02 6.044550519945519618e-01 3.659090918779914325e+00 7.000000000000000000e+00 1.000000000000000000e+01 2.000000000000000000e+00 -5.401530823220143702e+02 3.000999999999997385e+02 2.438144264512590453e+01 -7.023625903255854841e-02 6.280716968654069809e+00
4.276497366154788371e-01 1.572013616389321911e+00 5.775116010871521155e+00 5.582730402394327385e+00 1.577468088897330034e+00 1.280492688093191722e+00 4.266189391413965915e-01 2.960808303359243610e+00 9.000000000000000000e+00 1.100000000000000000e+01 4.000000000000000000e+00 -3.296498527100504248e+02 3.301100000000244563e+02 1.028717829437738729e+01 -5.889461203152823038e-02 1.677920469408178406e-03
8.708191475880510124e-01 2.372086959366835668e+00 6.155370907243935541e+00 5.440490104320932829e+00 1.571539178911349088e+00 8.654932213243817785e-01 3.251493143675623365e-01 2.729626144550376221e+00 7.000000000000000000e+00 1.200000000000000000e+01 3.000000000000000000e+00 -4.793260307368356621e+02 3.601200000000105774e+02 1.870412692105189834e+01 1.222071557366089939e-01 4.740902003057989589e-03
1.206444892241435474e+00 1.571967565412317525e+00 7.679088414631641157e+00 2.804141202052824688e+00 2.778834145946310841e+00 5.043913984241317205e-01 4.449248796486162671e-01 3.064677492636289191e+00 8.000000000000000000e+00 7.000000000000000000e+00 2.000000000000000000e+00 -2.613033414813426702e+02 2.100699999999860097e+02 9.766771342584354088e+00 -1.921565997746818244e+00 6.280994830585917121e+00
3.163010561579710500e-01 1.899995336322367390e+00 4.777614608888544723e+00 5.110743802167331040e+00 1.189785221857056818e+00 3.955625636726670669e-01 2.014604787716845480e-01 2.686155062159675921e+00 6.000000000000000000e+00 1.400000000000000000e+01 4.000000000000000000e+00 -5.071312850734313997e+02 4.201399999999720194e+02 1.856633031709033688e+01 -4.039267869236936453e-02 9.055224087457595591e-03
1.049588976891264069e+00 2.051892842037238207e+00 5.999178321470363784e+00 5.519916705990109307e+00 1.683331082051150007e+00 1.239850786995069232e+00 5.047883509785495715e-01 2.425064024533938323e+00 8.000000000000000000e+00 1.000000000000000000e+01 2.000000000000000000e+00 -4.425174141992031309e+02 3.000999999999997385e+02 1.827921338745020208e+01 -4.104887782041664185e-02 6.279193422364314436e+00
3.756841622737003838e-01 1.950417958519747197e+00 4.970256102576525059e+00 6.790473489691608577e+00 1.969989117917032129e+00 1.247589091903090974e+00 3.507011687765769214e-01 2.320846553509120724e+00 1.000000000000000000e+01 1.500000000000000000e+01 3.000000000000000000e+00 -6.271828673844859168e+02 4.501499999999774104e+02 2.513174171153107395e+01 -7.963338598612536290e-02 2.100925798196256675e-02
1.116272890936368389e+00 1.979234069569896004e+00 8.770805842861133073e+00 5.501251581313060690e+00 1.879421565966451046e+00 1.727786162524119762e-01 2.558987638019070698e-01 2.650979868606403222e+00 9.000000000000000000e+00 9.000000000000000000e+00 3.000000000000000000e+00 -2.348253536976258601e+03 6.561000000000122157e+01 1.971553356101610532e+01 -3.750003312017786694e-01 6.270604270911126932e+00
9.396975012198210964e-01 1.700660896340716599e+00 8.223033011768851708e+00 2.490108585097940086e+00 2.245897435835268130e+00 1.377907889375246553e+00 1.926075601751194022e-01 2.799207541821267409e+00 9.000000000000000000e+00 1.100000000000000000e+01 3.000000000000000000e+00 -2.254206249667920929e+03 1.665400000000041700e+02 1.068351560424493307e+01 -5.163044505608097579e-01 5.820864919119024705e+00
6.939679131437739290e-01 1.770556289437738684e+00 8.222235466055662911e+00 3.620901729039711192e+00 2.498755643148873773e+00 6.810923914755832032e-01 3.738774820991190295e-01 2.363775430505193675e+00 6.000000000000000000e+00 1.400000000000000000e+01 3.000000000000000000e+00 -6.276751236483432876e+02 4.201399999999720194e+02 2.610032022802233342e+01 6.882221184862218066e-02 6.269211771344734174e+00
8.184052051986541176e-01 1.477886585055374180e+00 5.203208978726806322e+00 4.435256056840733763e+00 2.357510408714518668e+00 1.171698085950539037e+00 2.700727125259642092e-01 2.412521876485201666e+00 7.000000000000000000e+00 9.000000000000000000e+00 3.000000000000000000e+00 -4.340305726194251292e+02 2.700900000000045225e+02 1.868659828871393103e+01 -1.270167661680049465e-01 2.442848592764921764e-02
1.154895463565044800e+00 1.691743301201114047e+00 5.855408931605555090e+00 5.166877908170287803e+00 1.388925961946478216e+00 4.087651310070814503e-01 4.156832133541537022e-01 2.582175053535180176e+00 7.000000000000000000e+00 1.000000000000000000e+01 3.000000000000000000e+00 -4.137903655300017363e+02 3.000999999999997385e+02 1.648377284562511491e+01 1.254996659276759186e-01 6.280078236356816390e+00
1.777515747029940196e-01 1.139488103474656899e+00 5.387920419934030924e+00 3.450079257719966819e+00 1.298522495962503465e+00 6.749401657293327972e-01 2.330661341894023353e-01 2.448740238788043033e+00 7.000000000000000000e+00 9.000000000000000000e+00 3.000000000000000000e+00 -4.228934028484113696e+02 2.700900000000045225e+02 1.799052517802557105e+01 -5.691557759788468118e-02 1.692309403011785923e-02
6.097886489908078689e-01 1.554756065983815994e+00 4.540297353907253530e+00 2.034972979615345956e+00 2.046112572223398374e+00 6.966385411380868753e-01 2.529429337560264446e-01 2.712841708695646670e+00 6.000000000000000000e+00 8.000000000000000000e+00 3.000000000000000000e+00 -4.734331092276547110e+02 2.400800000000151329e+02 2.208706932672794565e+01 -2.664146911758756620e+00 6.276441725743909572e+00
1.776317365990038422e+00 1.693818602898675252e+00 6.842945990203042506e+00 3.737893581286779288e+00 1.346440173896287229e+00 6.687809429097237857e-01 2.219116802643204822e-01 2.871651183359148707e+00 6.000000000000000000e+00 1.200000000000000000e+01 3.000000000000000000e+00 -3.609964505800494408e+02 3.601200000000105774e+02 1.130852816125275950e+01 6.654583142130762741e-02 6.276322661099894340e+00
4.445889151209643231e-01 9.109911570877293752e-01 4.964815374120849611e+00 4.973960036855235245e+00 1.588350607866599207e+00 1.518246202495496799e-01 2.296368412883398880e-01 2.806388653243089504e+00 8.000000000000000000e+00 1.100000000000000000e+01 2.000000000000000000e+00 -5.623294804015963564e+02 3.301100000000244563e+02 2.482965502509901157e+01 -1.126100001654587734e-01 4.409103748860469449e-03
6.180958659980657632e-01 1.376498957679076263e+00 7.502004423471740679e+00 3.012770717779013285e+00 2.570021405288136052e+00 6.181851626934542487e-01 3.314446204054705136e-01 2.452923605911233373e+00 1.000000000000000000e+01 6.000000000000000000e+00 2.000000000000000000e+00 -4.513693757105347117e+02 1.800600000000052887e+02 2.258371098190825421e+01 2.547652051426589626e-02 1.064619746519693093e-02
1.460924164129872305e-01 2.322480694849863081e+00 7.891629805278218335e+00 4.529449087614425551e+00 1.797909075150508906e+00 1.306679007719424135e+00 4.140992655115626198e-01 2.177975016237691186e+00 9.000000000000000000e+00 1.300000000000000000e+01 3.000000000000000000e+00 -5.659124199384981466e+02 3.901299999999891384e+02 2.317796374615647181e+01 -2.835698860180227987e-01 6.241687438008386657e+00
5.465342036539195814e-01 1.876700072980010070e+00 7.223923709436363971e+00 5.298057176062224372e+00 2.195791440255016713e+00 7.967437450668792831e-01 3.233382214348587413e-01 2.734208358668772654e+00 7.000000000000000000e+00 1.200000000000000000e+01 2.000000000000000000e+00 -4.830577964748627551e+02 3.601200000000105774e+02 1.893736227967859165e+01 2.182970931893262467e-01 6.278350377643964642e+00
2.978306145734391230e-01 1.549613345174021717e+00 7.334245426790519495e+00 3.601813727959270572e+00 1.213863013967827698e+00 8.050558448701885528e-01 4.279506738075345984e-01 2.538897623232733380e+00 9.000000000000000000e+00 9.000000000000000000e+00 3.000000000000000000e+00 -4.972182237570693815e+02 2.700900000000045225e+02 2.263582648481669679e+01 -1.836995759667238090e-02 7.533041679430466618e-03
8.017609535599331538e-01 1.913417120789021819e+00 7.288927402938417011e+00 4.337082028565367509e+00 1.742926433159845523e+00 7.143583751909452495e-01 5.060124004520271113e-01 3.094671166232959347e+00 9.000000000000000000e+00 1.400000000000000000e+01 2.000000000000000000e+00 -5.496804008039217706e+02 4.201399999999720194e+02 2.122565005024598506e+01 -1.530374362803343935e-01 6.149565393243953793e+00
6.520830319908346162e-01 1.638540546454991587e+00 7.307789637938931548e+00 4.495348412924720982e+00 1.532476282264304990e+00 8.664817565458203807e-01 2.871834079976415821e-01 2.465590032844522828e+00 9.000000000000000000e+00 1.500000000000000000e+01 3.000000000000000000e+00 -5.570314977992999275e+02 4.501499999999774104e+02 2.074728111245695317e+01 -1.282540075324170858e-01 6.265129188035666097e+00
3.439963562138112496e-01 8.591207263809655936e-01 5.825771296139594213e+00 2.372781507343536767e+00 1.320951853059235681e+00 4.604462878719912111e-01 2.817462608067995422e-01 3.284930265080745926e+00 7.000000000000000000e+00 1.200000000000000000e+01 3.000000000000000000e+00 -3.471665326440290755e+02 3.601200000000105774e+02 1.044415829025148490e+01 -3.572771033633317939e-02 6.267518561966334723e+00
7.616187663192299784e-01 1.446348113520964151e+00 5.702088117714413151e+00 3.279329510925230728e+00 1.798649752594930762e+00 3.259323383029365528e-01 3.986097527610998337e-01 3.173661039413470331e+00 7.000000000000000000e+00 1.200000000000000000e+01 3.000000000000000000e+00 -4.542574214511223545e+02 3.601200000000105774e+02 1.713733884069481661e+01 1.123966803535977194e-01 1.737335855795437214e-02
8.003044674957325855e-01 1.265720373236557172e+00 7.195313212936286007e+00 3.659899347709744344e+00 1.886025866879931678e+00 9.326936625655793955e-01 2.098922312743851659e-01 2.997104533904858759e+00 1.000000000000000000e+01 1.300000000000000000e+01 3.000000000000000000e+00 -4.500572861938590563e+02 3.901299999999891384e+02 1.593701788711653045e+01 -5.417828089258387436e-01 6.133688778704128985e+00
7.591114987050016083e-01 1.796309294660882516e+00 8.462750068828864158e+00 5.608707027887845697e+00 1.035171298372603133e+00 1.066709465726150663e+00 1.769582837162972933e-01 2.498278595961555215e+00 5.000000000000000000e+00 1.300000000000000000e+01 3.000000000000000000e+00 -4.862158468135423846e+02 3.901299999999891384e+02 1.819692792584673668e+01 -1.907727752641614483e-01 5.243894247063427688e-02
5.014245043641959443e-01 1.156229233653278898e+00 4.582293788133002366e+00 1.601559904653331312e+00 1.538429116652577644e+00 6.184690012032594275e-01 3.703252460803423407e-01 2.586330302035990236e+00 9.000000000000000000e+00 7.000000000000000000e+00 2.000000000000000000e+00 -4.820193147281260053e+02 2.100699999999860097e+02 2.356151967050831431e+01 -2.750315553435986327e-01 6.277125002360901540e+00
8.811064230595386793e-01 2.572893387470887472e+00 5.002693471999569041e+00 5.936692424478409613e+00 1.588363419792333975e+00 1.646599490853758230e+00 3.888275024613818132e-01 2.923025086516598314e+00 9.000000000000000000e+00 1.100000000000000000e+01 1.000000000000000000e+00 -1.030048555128790667e+03 2.653200000000164209e+02 1.483288783825791740e-02 -5.229520963638962350e+00 3.055789448280960219e+00
1.223819205331961424e+00 1.632577077663963205e+00 7.675910375034980859e+00 2.863852613490793786e+00 1.533814152200979164e+00 9.812651348207676039e-01 6.300392762037961836e-01 3.188764254033219281e+00 8.000000000000000000e+00 1.000000000000000000e+01 4.000000000000000000e+00 -2.817309675139546243e+02 2.990999999999995111e+02 2.088475836326202095e-02 -1.014639095113144984e+00 2.262890854085396197e-02
2.707724931553350256e-01 9.150666111758145593e-01 8.583324173584161443e+00 4.044710588878396074e+00 2.134827076560741332e+00 1.084907498708202578e+00 4.744840321110399550e-01 2.710259613524979461e+00 6.000000000000000000e+00 1.200000000000000000e+01 3.000000000000000000e+00 -5.158057208555934494e+02 3.601200000000105774e+02 2.098410755347426004e+01 2.046461773434579134e-01 6.250799517454763254e+00
1.096031296568001467e+00 1.312280964624397139e+00 4.920186861069171691e+00 4.500272141695645267e+00 1.294437830930762257e+00 6.415571869485447998e-01 4.231320481395761668e-01 2.370430515103867819e+00 8.000000000000000000e+00 7.000000000000000000e+00 2.000000000000000000e+00 -8.923836298658811472e+01 1.777299999999891611e+02 2.333518666209601078e-02 -9.440470216696835726e-01 6.271729661348794060e+00
4.939848273878282847e-01 1.655517875871576505e+00 8.399693904074588602e+00 5.112055869314977130e+00 1.538534086046725591e+00 4.523651857925143904e-01 2.935782909453046874e-01 2.637956138938783113e+00 7.000000000000000000e+00 1.200000000000000000e+01 4.000000000000000000e+00 -4.784170421210351378e+02 3.601200000000105774e+02 1.864731513256436557e+01 1.447403082436557742e-01 7.694620892009673696e-03
3.382870197498172304e-01 1.512605423823290884e+00 8.135213491311587219e+00 3.111839159584747438e+00 2.451527040957505843e+00 1.909081034226912443e+00 3.946264737878656392e-01 2.399056316961028390e+00 3.000000000000000000e+00 1.000000000000000000e+01 2.000000000000000000e+00 -5.877813103517777336e+02 3.000999999999997385e+02 2.735820689698611474e+01 2.728673373647658162e-01 1.070642495971263486e-02
1.285150632459520992e+00 1.537049753250059769e+00 6.182918790539829956e+00 2.917773989000718160e+00 1.132153630421396384e+00 1.636022990688749568e+00 1.863189405322212278e-01 3.071140200540690035e+00 7.000000000000000000e+00 1.100000000000000000e+01 2.000000000000000000e+00 -2.372097991089050993e+03 4.773999999999981014e+01 2.176424944306570097e+01 -1.702195149346485525e+00 5.767177285909246720e+00
3.225829752945060247e-01 1.360384527003651201e+00 5.949480667692276903e+00 2.350187851627813185e+00 1.098060376832899143e+00 7.567417621986111120e-01 2.716124144315150701e-01 2.364233810875532527e+00 4.000000000000000000e+00 1.000000000000000000e+01 3.000000000000000000e+00 -4.346880267254076671e+02 3.000999999999997385e+02 1.778987667033798559e+01 -1.122757935125978657e-01 2.785571971598167079e-03
1.511599308955668075e+00 1.852654743962764972e+00 2.741620682093925065e+00 1.197036131358289790e+00 2.077748612912555970e+00 4.395874976559591141e-01 4.419346664824417292e-01 3.391255638531771144e+00 5.000000000000000000e+00 9.000000000000000000e+00 1.000000000000000000e+00 -1.755245632278480912e+02 2.700900000000045225e+02 2.529972701740365260e+00 -8.325598302795708672e-03 6.260818343488351090e+00
2.051814369620136858e-01 1.191467812449114483e+00 4.438131473051837084e+00 2.055446053266182460e+00 2.177915691972220014e+00 7.625934358162846927e-01 7.822111450841028324e-01 2.472932127405750524e+00 6.000000000000000000e+00 1.100000000000000000e+01 3.000000000000000000e+00 -5.807113254637254158e+02 3.301100000000244563e+02 2.597852034148207778e+01 3.559167009708073814e-02 6.270896339207690851e+00
6.026847156373882353e-01 1.454199595422497548e+00 6.357036138121943125e+00 3.064104277073555593e+00 1.406096849398483339e+00 1.129944979390807402e+00 3.101395716201639785e-01 2.377914377558009384e+00 4.000000000000000000e+00 1.200000000000000000e+01 3.000000000000000000e+00 -5.919071981909569331e+02 3.601200000000105774e+02 2.574044988693447777e+01 1.210344057318084032e-01 6.270051858590791838e+00
9.059595005031138015e-01 1.192360631735625232e+00 6.437311670348249137e+00 4.261985623593895767e+00 1.753651535451911547e+00 1.043643226350038145e+00 4.296459947120052081e-01 3.097715277528739541e+00 1.000000000000000000e+01 8.000000000000000000e+00 3.000000000000000000e+00 -8.865371288534953464e+01 1.766400000000052160e+02 2.085705533418315966e-02 -9.119541150769037152e-01 1.180485685253263028e-02
