4.768304473695930135e-01 1.483875866333687288e+00 5.725252786656231940e+00 4.787282401171363944e+00 1.346405812387111656e+00 9.639537713042307665e-01 3.342052075744703643e-01 2.105066178959315693e+00 7.000000000000000000e+00 8.000000000000000000e+00 4.000000000000000000e+00 -2.724162869803342915e+02 2.400800000000151329e+02 9.523517936270421202e+00 -8.073009925828731337e-01 6.277668386360845787e+00
7.428409634316799348e-01 2.019707099846073106e+00 8.998432750628955645e+00 3.710530369587785593e+00 1.621267086514778244e+00 1.745406098641860249e+00 3.905397457014019302e-01 2.252539404658638666e+00 8.000000000000000000e+00 5.000000000000000000e+00 3.000000000000000000e+00 -1.757620552032319097e+02 9.569999999999670592e+01 2.197893770966059118e-02 -1.048574339129297428e+00 3.746989538540936027e-02
9.291175346396411960e-01 1.709746379387161674e+00 6.115048860782532181e+00 6.289787399431682857e+00 1.992704698690795251e+00 1.030608501294911772e+00 3.676375633647065988e-01 2.883608416023231591e+00 8.000000000000000000e+00 1.100000000000000000e+01 3.000000000000000000e+00 -4.559827201759229638e+02 3.301100000000244563e+02 1.818298251099442098e+01 1.518841355297061158e-02 6.269061712930494856e+00
6.964505480353962996e-01 1.559798184335521753e+00 4.655035692048342000e+00 4.504290614713849727e+00 1.809743924829381845e+00 5.101653339265468379e-01 2.779806584584733065e-01 2.174223692392429186e+00 6.000000000000000000e+00 8.000000000000000000e+00 3.000000000000000000e+00 -4.871499241243174652e+02 2.400800000000151329e+02 2.294437025776936778e+01 1.001474979715159946e-01 2.886115433581833145e-02
5.857503642024722845e-01 1.406646440615642257e+00 5.525052551315053684e+00 2.068816261974070425e+00 2.134799517524633039e+00 1.002646296055679453e+00 5.316167173843365790e-01 2.493324626141023348e+00 9.000000000000000000e+00 1.000000000000000000e+01 3.000000000000000000e+00 -5.501157569278569781e+02 3.000999999999997385e+02 2.500410980799106753e+01 1.502218183647356653e-01 1.845899780720799965e-02
1.169569693577647840e+00 2.009995578903917668e+00 3.968246674028729437e+00 3.429834520007844390e+00 6.788887231059455019e-01 1.008981387581882272e+00 3.474238051507186897e-01 2.550679012225557152e+00 4.000000000000000000e+00 8.000000000000000000e+00 3.000000000000000000e+00 -2.055327401850495619e+02 1.480000000000007390e+02 1.675089114009106067e-02 -1.008426573740647036e+00 2.447290512718970981e-02
1.065801613757479060e+00 1.461316084565041917e+00 3.874276993631880828e+00 4.621248629891861803e+00 1.553382949235916577e+00 4.430851374824896771e-01 2.770990792008468651e-01 3.174749489935974722e+00 9.000000000000000000e+00 1.400000000000000000e+01 3.000000000000000000e+00 -3.094388551430136545e+02 3.540599999999784586e+02 1.558309443422380841e-02 -1.003198162649530989e+00 2.172287597620348176e-02
1.060997316172346272e+00 1.758092534718805444e+00 3.114844810189132396e+00 5.285366169193561170e+00 1.199025888261213701e+00 7.522283727802563380e-01 1.342111507103009582e-01 3.283168032669217418e+00 5.000000000000000000e+00 6.000000000000000000e+00 3.000000000000000000e+00 -2.389464740172719303e+03 2.345999999999988361e+01 2.360842126079496239e+01 -3.050729531320872212e+00 5.633149974851366926e-01
6.217832162855707612e-03 9.009252632853551601e-01 4.692692774017008794e+00 6.558248541209765747e+00 1.809002860435420690e+00 7.883291023726409774e-01 1.062143629680673551e-01 2.179267331251494078e+00 8.000000000000000000e+00 1.400000000000000000e+01 4.000000000000000000e+00 -4.799519412299322312e+02 4.201399999999720194e+02 1.686762132687163884e+01 -5.285621128014925812e-02 6.281936213145004722e+00
3.785872911588007428e-01 1.503684749533517495e+00 6.596837581714382281e+00 3.542614144185445735e+00 2.118324861129439629e+00 9.675649695861335831e-01 3.931912224250179166e-01 3.220001361817443453e+00 5.000000000000000000e+00 1.200000000000000000e+01 4.000000000000000000e+00 -5.167357076668699847e+02 3.601200000000105774e+02 2.104223172917904350e+01 -3.575829745336649157e-03 6.280286368057037549e+00
1.425957112192598242e+00 2.441347970638071629e+00 3.072016256734236173e+00 6.063463142821544416e+00 1.319776527211954154e+00 5.408862154156032220e-01 1.821883410156241445e-01 2.351739165982816626e+00 7.000000000000000000e+00 9.000000000000000000e+00 3.000000000000000000e+00 -2.514815339584201865e+02 2.700900000000045225e+02 7.277283372401120332e+00 -2.378519675892390772e+00 6.271713750072683169e+00
9.749453765964166685e-01 1.119790716749878623e+00 4.071085976697224496e+00 2.726087991234485308e+00 2.529247708572170517e+00 1.065735829297691950e+00 3.955519768513908185e-01 2.800814004250032241e+00 6.000000000000000000e+00 1.300000000000000000e+01 2.000000000000000000e+00 -6.107891005823389605e+02 3.901299999999891384e+02 2.598275628639652624e+01 -3.538599427145802667e-02 6.690668811437788799e-04
9.959881024059289434e-01 1.642939564447210898e+00 2.862504766221251717e+00 5.681919320616135138e+00 1.184372099290267544e+00 6.740583416786747328e-01 3.304647535817129556e-01 2.530415643009610971e+00 3.000000000000000000e+00 7.000000000000000000e+00 1.000000000000000000e+00 -2.253589423997725305e+02 1.702399999999898910e+02 1.540724787436043366e-02 -9.764361845816589280e-01 6.271401238961249014e+00
4.323343586252507142e-01 9.339984693830567508e-01 5.469821498048525577e+00 4.166077313527734027e+00 1.965294391775727734e+00 1.059020586674093822e+00 4.821938598526087638e-02 2.520888927081894604e+00 9.000000000000000000e+00 3.000000000000000000e+00 3.000000000000000000e+00 -2.383421492864510583e+03 8.340000000000014069e+00 2.370321830403190688e+01 -2.459721147272775799e+00 1.982187447660344048e-02
7.984601266179897072e-01 1.641486190219469066e+00 6.726004535326573830e+00 4.690765156095267230e+00 1.582082025716112561e+00 8.349466275259707082e-01 4.221239788165186413e-01 2.680485905979424821e+00 4.000000000000000000e+00 9.000000000000000000e+00 4.000000000000000000e+00 -4.427455624246638308e+02 2.700900000000045225e+02 1.923128515154134988e+01 -4.519441896880173337e-03 1.296421724652314922e-02
1.968098958774294527e+00 1.322135497904095125e+00 5.783341433602602777e+00 6.450201891937154208e+00 1.754207719728660075e+00 7.356069995118290628e-01 1.264423101009394534e-01 3.035235079466750197e+00 7.000000000000000000e+00 7.000000000000000000e+00 3.000000000000000000e+00 -2.210684978555319958e+03 9.036999999999767397e+01 1.034374865970757540e+01 -2.529192938583266326e+00 2.968671849399940887e-01
6.985360556781980979e-01 1.821616525707344891e+00 6.481795468591410092e+00 4.008814620025891173e+00 2.387400110977353940e+00 9.744860627617103477e-01 4.917321874563118644e-01 3.190308232736675187e+00 6.000000000000000000e+00 9.000000000000000000e+00 3.000000000000000000e+00 -4.699955337702267570e+02 2.700900000000045225e+02 2.093440836063902921e+01 6.136017797192371698e-02 6.275179428869045672e+00
9.838392968058088384e-01 1.766639183408224900e+00 5.096411949977103006e+00 3.859836977000777658e+00 2.505423607810040920e+00 8.336473428262295426e-01 4.508369867257512875e-01 2.631194847881601184e+00 6.000000000000000000e+00 7.000000000000000000e+00 3.000000000000000000e+00 -2.457925320257613748e+02 2.100699999999860097e+02 8.797345751610523124e+00 -7.217878854546662115e-01 1.213671634003436195e-01
9.785209477758105567e-01 1.474991822337982317e+00 5.328108542692525873e+00 5.699393117423524835e+00 1.902138142199647497e+00 8.066598431574321104e-01 9.986351062668555323e-02 2.143832227891625308e+00 7.000000000000000000e+00 7.000000000000000000e+00 3.000000000000000000e+00 -1.380913679660835953e+02 2.100699999999860097e+02 2.066022997880662349e+00 -6.897755202829369825e-01 1.851874105383542399e-02
3.610250509976886124e-01 8.142264763421290796e-01 5.021292016640276579e+00 6.006231646855268558e+00 1.826195581584197702e+00 1.807103629243935750e-01 4.118573035041233621e-01 2.615105734664660009e+00 5.000000000000000000e+00 4.000000000000000000e+00 3.000000000000000000e+00 -3.872708408785631491e+02 1.200400000000075664e+02 2.045317755490995992e+01 1.696324924170096449e-02 6.264282272594610568e+00
2.884618583367663525e-01 1.629433463750867617e+00 6.297073924412326384e+00 5.589313293797708582e+00 1.598264106580847166e+00 1.048291789412609365e+00 2.871930788957785530e-01 2.545080793233483352e+00 9.000000000000000000e+00 8.000000000000000000e+00 4.000000000000000000e+00 -3.876105825707493295e+02 2.400800000000151329e+02 1.672316141067135931e+01 -3.307793545012421149e-02 2.470252266316752543e-03
6.691914213664786892e-01 9.526515945604837610e-01 4.618436358471730507e+00 3.973360154952635614e+00 1.676586028340561363e+00 3.588811877053221799e-01 4.124541445896133807e-01 2.770285202785996326e+00 4.000000000000000000e+00 5.000000000000000000e+00 2.000000000000000000e+00 -4.034040562847058595e+02 1.500499999999998693e+02 2.052369101779412119e+01 -1.356424580516557343e+00 6.277159615187954067e+00
7.615022003847725651e-01 1.740714378000434381e+00 7.055426060038445080e+00 3.410531174804301902e+00 1.157735821793099529e+00 8.911000988022304004e-01 3.292160364740812084e-01 2.786549130907260974e+00 7.000000000000000000e+00 6.000000000000000000e+00 4.000000000000000000e+00 -2.372164541697856748e+03 8.178000000000157854e+01 2.070465885611599077e+01 -1.431692019319922959e+00 2.626470859240157552e-01
7.910666348754713528e-01 1.383070308720271591e+00 6.441191677288210293e+00 5.755480228084782546e+00 2.318707040400529884e+00 1.068335030767528115e+00 2.222247337833820058e-01 2.427663810178076087e+00 4.000000000000000000e+00 8.000000000000000000e+00 4.000000000000000000e+00 -4.309814162356390170e+02 2.400800000000151329e+02 1.943383851472696477e+01 -1.516798998049766478e+00 2.505945843294178285e-03
7.810485087941441140e-01 1.699669496179550876e+00 6.417515310253581795e+00 3.954518865625321844e+00 1.627498402139627709e+00 1.089247890091695536e+00 4.440832531448665188e-01 2.155325464113593270e+00 5.000000000000000000e+00 9.000000000000000000e+00 4.000000000000000000e+00 -4.385490379574224562e+02 2.700900000000045225e+02 1.896900237233876041e+01 1.202917548561486388e-02 6.278125855844444381e+00
8.427738575388163955e-01 1.292006896341186595e+00 5.778582566816534261e+00 4.747354718092542392e+00 2.206779081845337220e+00 7.331458293311114982e-01 2.425516069268385255e-01 2.323577824171286110e+00 5.000000000000000000e+00 8.000000000000000000e+00 3.000000000000000000e+00 -4.705900013269530859e+02 2.400800000000151329e+02 2.190937508293409408e+01 3.749182389075125105e-02 2.642696912373991569e-02
7.552094759141123603e-01 1.322043233173651355e+00 5.660257519479813482e+00 4.488254472326346445e+00 1.720915103687431058e+00 6.223325028794233216e-01 1.901060220817027968e-01 2.802916115625101234e+00 3.000000000000000000e+00 6.000000000000000000e+00 1.000000000000000000e+00 -1.384341430081081796e+02 1.800600000000052887e+02 3.025258938006595510e+00 -2.296657777347171636e-01 1.170328534460235957e-02
1.099814626300325671e+00 1.089359949819175721e+00 6.563138692517287431e+00 5.323218936915539601e+00 2.107890140017377956e+00 1.078163712129824647e+00 4.941425630464050256e-01 2.822484594800295898e+00 8.000000000000000000e+00 9.000000000000000000e+00 3.000000000000000000e+00 -3.833997993372271367e+02 2.700900000000045225e+02 1.552217495857655472e+01 -1.993360347334192539e+00 6.259452714852041133e+00
2.776754243401159949e-01 2.203126067044041125e+00 4.039470279419687060e+00 6.368645127555531360e+00 1.369282861465808354e+00 1.294651967472443710e+00 4.361948323823871543e-01 2.493687662012248119e+00 6.000000000000000000e+00 1.200000000000000000e+01 3.000000000000000000e+00 -4.565322248747223739e+02 3.601200000000105774e+02 1.727951405466981782e+01 6.491653993642522436e-02 6.247323613852797664e+00
7.157391705305145013e-01 1.312052417508899671e+00 4.230958357110437440e+00 5.132500655085562080e+00 1.373084117613588617e+00 8.493325590408031811e-01 3.179480861976392569e-01 2.471949160835471115e+00 6.000000000000000000e+00 6.000000000000000000e+00 3.000000000000000000e+00 -2.191515091383596427e+02 1.700400000000049090e+02 2.182394630189375684e-02 -1.019804883837982290e+00 1.667625851694340064e-02
8.028501984330755903e-01 1.594572538365837788e+00 8.738977009175217248e+00 3.570482024117531683e+00 1.394912325409195297e+00 7.058999306419152520e-01 3.919481039398743372e-01 2.888575402806258907e+00 6.000000000000000000e+00 7.000000000000000000e+00 4.000000000000000000e+00 -2.387942176883420586e+02 2.033499999999866645e+02 1.933675932719565449e-02 -1.069233155478235942e+00 8.726154541437809373e-03
1.093272090235580585e+00 1.692842206319342013e+00 4.425409020202921262e+00 5.120657097132701452e+00 1.172910551119047629e+00 8.933617251694756511e-01 3.069110143642492239e-01 3.130380645810694418e+00 6.000000000000000000e+00 8.000000000000000000e+00 2.000000000000000000e+00 -2.352362197147826919e+03 4.799999999999933209e+01 2.052263732173921795e+01 -3.038629834980160815e+00 5.412231139502321042e+00
1.002232014456876596e+00 1.699087547426837874e+00 5.457251110636803126e+00 4.563958779316761749e+00 1.984246067854925411e+00 6.743636654886980830e-01 4.800784574400925875e-01 3.571014005172304273e+00 5.000000000000000000e+00 7.000000000000000000e+00 3.000000000000000000e+00 -2.278916492719497455e+03 8.581999999999811735e+01 1.475040579496863025e+01 -2.690940391536119858e+00 5.859278951712575179e+00
4.063032521810668873e-01 1.379317564858129286e+00 5.282898853608015699e+00 5.895600536510697154e+00 1.860858655803092621e+00 1.040940231489037471e+00 2.724138996315043082e-01 2.324456014196933928e+00 7.000000000000000000e+00 1.100000000000000000e+01 4.000000000000000000e+00 -4.607563641645077155e+02 3.301100000000244563e+02 1.848133526028096796e+01 1.534872494016461392e-02 2.400156406441566678e-02
9.016704780999066360e-01 1.058796084154248085e+00 2.665029036009533669e+00 3.618542961092670485e+00 2.060920018287466959e+00 8.226113548065295822e-01 3.880602799569397021e-01 2.687409114275359112e+00 9.000000000000000000e+00 1.200000000000000000e+01 1.000000000000000000e+00 -2.018250626786575879e+02 3.601200000000105774e+02 1.360316417415768031e+00 -3.835379922318547519e-01 7.580340022378173614e-03
9.020551588880402205e-01 1.617582276510229899e+00 4.452209969425420688e+00 3.906818989900736838e+00 1.671401041884241545e+00 7.231954593017948518e-01 2.206280898737765783e-01 3.510705276026356625e+00 6.000000000000000000e+00 7.000000000000000000e+00 3.000000000000000000e+00 -1.307028826765542533e+02 2.100699999999860097e+02 1.604242667285078250e+00 -1.242135936125835227e-01 1.237493109450478121e-02
9.820263767699661805e-01 1.799670414653326667e+00 5.539246122467206490e+00 3.255510556975451664e+00 9.968805633564121749e-01 1.095713521107293031e+00 4.238193901906556760e-01 2.270505683835420729e+00 5.000000000000000000e+00 9.000000000000000000e+00 4.000000000000000000e+00 -2.689731072293826060e+02 2.640600000000061982e+02 2.246529477931605290e-02 -9.874585105488946635e-01 7.958483864062346549e-03
8.550348782195706931e-01 1.993877129670638348e+00 2.079621592045947764e+00 3.426596056304854532e+00 1.555855868283733345e+00 1.284625771266039718e-01 2.547196991365018870e-01 3.335467368896762430e+00 5.000000000000000000e+00 6.000000000000000000e+00 2.000000000000000000e+00 -2.376040597920689834e+03 1.758000000000000895e+01 2.295316237004311688e+01 -1.404569811465582241e+00 9.046505100168651670e-02
1.243351765469666859e-01 1.396482565594480363e+00 7.466085412918986641e+00 2.065295562970941301e+00 2.165480281762836245e+00 4.921432055119139282e-01 3.343292487163265214e-01 2.476798878837702667e+00 7.000000000000000000e+00 1.000000000000000000e+01 4.000000000000000000e+00 -5.508350276501967073e+02 3.000999999999997385e+02 2.504906422813730060e+01 -2.050162846038733611e-01 8.620165248407437794e-03
1.345615518641622099e+00 1.615307699821263876e+00 7.998825910799754801e+00 3.567689973587339747e+00 1.775204643667032123e+00 2.144081309102497723e+00 4.567426096425385440e-01 2.275236652431232187e+00 8.000000000000000000e+00 5.000000000000000000e+00 3.000000000000000000e+00 -2.161909613223201632e+03 7.754999999999773763e+01 7.695913326450162018e+00 -1.821436571413252326e+00 6.263911649232941414e+00
4.727443229709673567e-01 1.322803182493208052e+00 4.139744269797249743e+00 5.733685552949157049e+00 2.183667584666901806e+00 8.734308703587477796e-01 6.435235306362521168e-01 2.682296921357826491e+00 5.000000000000000000e+00 9.000000000000000000e+00 2.000000000000000000e+00 -5.572381203260017628e+02 2.700900000000045225e+02 2.638707002037496707e+01 5.711404664725180935e-03 5.361916892772210751e-03
3.526103893633124597e-01 1.745143209618290836e+00 6.334472286698449750e+00 6.534510850233996138e+00 1.614403176372747994e+00 1.509491439201216867e+00 1.901511106225343695e-01 2.679651905238256582e+00 8.000000000000000000e+00 7.000000000000000000e+00 4.000000000000000000e+00 -7.901841093937112248e+01 1.572899999999911529e+02 2.333818371097147459e-02 -9.698174361376834529e-01 9.064319462408043648e-03
1.547102285279014389e+00 1.639557316753580407e+00 4.604842797255368936e+00 5.770456291603684562e+00 1.852176022043445114e+00 9.719223495157179871e-01 2.010982974208594398e-01 2.387575899515368860e+00 6.000000000000000000e+00 8.000000000000000000e+00 2.000000000000000000e+00 -2.263343322628922749e+02 1.806400000000058412e+02 2.480957251480527329e-02 -1.037951917454502437e+00 1.147186026864463818e-02
8.573152252253105621e-01 1.574880057106139208e+00 4.953752180826823448e+00 4.817014599969252409e+00 1.800068374029704099e+00 5.872771700774735981e-01 4.108024358097556727e-01 3.001466156657867757e+00 3.000000000000000000e+00 1.000000000000000000e+01 3.000000000000000000e+00 -4.597988144571434077e+02 3.000999999999997385e+02 1.935930090357146938e+01 1.851536537238228364e-01 1.111603122107585051e-02
5.626872792116182076e-01 1.168578414322446912e+00 5.388929602656332030e+00 4.234073091204746397e+00 2.772627399106275536e+00 6.140731089624530403e-01 2.772209118627391167e-01 2.142455234124808872e+00 5.000000000000000000e+00 1.200000000000000000e+01 2.000000000000000000e+00 -5.983310897819526417e+02 3.601200000000105774e+02 2.614194311137170601e+01 2.542235196985811463e-01 4.889470841421328373e-03
1.209978862279794676e+00 1.696893378173584876e+00 9.419714901333955837e+00 2.651691386328740130e+00 1.100124663934115565e+00 2.183784953477052315e-01 8.237031256885685160e-02 2.532374333913285813e+00 1.000000000000000000e+00 7.000000000000000000e+00 3.000000000000000000e+00 -3.463405443745936054e+02 2.100699999999860097e+02 1.508159652341253754e+01 -7.682869051921554782e-01 5.943431006783513743e-03
9.684726185793574027e-01 6.298711084759341938e-01 6.005708240931147301e+00 4.337320936464044152e+00 2.090796404390231178e+00 1.192586752889688517e+00 3.878035551171999940e-01 2.481931074731393405e+00 8.000000000000000000e+00 1.000000000000000000e+01 5.000000000000000000e+00 -4.271787303071637325e+02 3.000999999999997385e+02 1.732054564419774323e+01 -1.420008179707460128e-01 6.241984690452212270e+00
1.095192086352676952e+00 1.314320046473945292e+00 3.129955905269736771e+00 4.865695170301288286e+00 1.022575654268518264e+00 6.488627668600467358e-01 3.354853729576330323e-01 2.852853255474468330e+00 4.000000000000000000e+00 5.000000000000000000e+00 2.000000000000000000e+00 -7.125054941369900519e+01 1.419999999999980389e+02 1.565933835624906678e-02 -9.562721123293496106e-01 4.357499724768012887e-03
