5.942785790560405346e-01 1.958587922342807097e+00 4.913836779033013968e+00 6.330586898273812935e+00 2.063485300690828694e+00 9.462620625486909409e-01 4.775910329268181487e-01 3.837418703785849594e+00 1.100000000000000000e+01 8.000000000000000000e+00 4.000000000000000000e+00 -3.733598279713807528e+02 2.400800000000151329e+02 1.583248924821082326e+01 -6.514543395305909534e-01 1.163036429913509584e-02
6.813956556259787023e-01 1.143216368263865412e+00 4.487846777768902840e+00 7.467553728673804514e+00 2.092878170189465425e+00 2.184487883324899293e-01 5.670013335033121660e-01 2.984334706923347458e+00 5.000000000000000000e+00 1.400000000000000000e+01 5.000000000000000000e+00 -6.216166470036645251e+02 4.201399999999720194e+02 2.572166543772990721e+01 3.041304936286787219e-01 6.224489964765004046e+00
1.308756432269764458e+00 1.746717931994756778e+00 6.688226115097331004e+00 4.489325838230325161e+00 2.053991021140328055e+00 2.898269256860464549e-01 2.902126479158807504e-01 3.305141403818796064e+00 5.000000000000000000e+00 1.300000000000000000e+01 4.000000000000000000e+00 -5.486766885992736889e+02 3.901299999999891384e+02 2.210073053745494676e+01 -5.428221365572134111e-02 6.282294035569663038e+00
6.195933602749437163e-01 1.139894039474239174e+00 7.310153488050030290e+00 6.822239114741502242e+00 8.437933508593136178e-01 6.044897716378629937e-01 3.123137167858962560e-01 2.855591853872286645e+00 1.000000000000000000e+01 1.300000000000000000e+01 5.000000000000000000e+00 -2.559696871308087793e+02 2.919799999999925717e+02 2.290228924655838411e-02 -1.093692312484770390e+00 9.567390531704275669e-02
9.730638882559716762e-02 4.198245885616967432e-01 4.551570858789673046e+00 5.048568323557427462e+00 1.792316639331189343e+00 3.688057514710629259e-01 4.917410590642364854e-01 3.692576000548592141e+00 5.000000000000000000e+00 9.000000000000000000e+00 5.000000000000000000e+00 -4.418411326989074723e+02 2.700900000000045225e+02 1.917475829368157747e+01 7.023814737032531286e-02 6.266195380276365690e+00
1.032275636828438037e+00 2.234542611975879556e+00 4.737676245210070469e+00 4.797623985005275316e+00 1.725542203883162262e+00 1.155678560081624617e+00 5.309440253348134409e-01 2.006947416505450832e+00 6.000000000000000000e+00 5.000000000000000000e+00 3.000000000000000000e+00 -2.366827187034248709e+03 3.475000000000016342e+01 2.184076168964053366e+01 -4.149202252345565167e-01 2.089165018080486880e-02
6.665189746018421735e-01 1.238378314238649525e+00 7.247520335501781652e+00 9.735655341646140215e+00 2.653401328402785531e+00 7.133655741322398880e-01 5.826926053112109205e-01 2.636902699629377622e+00 9.000000000000000000e+00 1.100000000000000000e+01 5.000000000000000000e+00 -5.162852356849815578e+02 3.301100000000244563e+02 2.195188973031058310e+01 1.113382413885566358e-02 6.277606976016091522e+00
2.523196132771751143e-01 1.046004318758374740e+00 6.968227540040975221e+00 9.598606691329411689e+00 1.930780905584542850e+00 1.071737746997009744e+00 3.181720698364827182e-01 2.188119679029804310e+00 6.000000000000000000e+00 1.400000000000000000e+01 4.000000000000000000e+00 -6.240575900203050423e+02 4.201399999999720194e+02 2.587422437626993599e+01 -1.299410395857986122e-03 5.106885149523316715e-03
5.235906826627541033e-01 1.571696544574244570e+00 7.057264729936185255e+00 5.056614396055541860e+00 1.449191343172264501e+00 7.004312765507281213e-01 5.000654753238608086e-01 3.396090880369031062e+00 7.000000000000000000e+00 1.800000000000000000e+01 3.000000000000000000e+00 -5.807817966740879001e+02 5.401800000000090449e+02 1.941823729213021466e+01 1.604937035876082829e-01 1.883392439760860071e-02
1.485141922549730875e+00 1.476767779138991044e+00 2.327775660475578157e+00 5.154876205204162787e+00 1.091509510339643718e+00 6.136831237138440365e-02 4.775513441120224356e-01 2.961433185908478372e+00 2.000000000000000000e+00 1.100000000000000000e+01 3.000000000000000000e+00 -2.754498755658545974e+02 2.994200000000206501e+02 1.974985833708461924e-02 -1.001108157622562000e+00 4.275960926912580895e-02
8.077633113455221503e-01 1.601740962124317935e+00 5.226987872426100523e+00 9.213862146373116957e+00 2.735039990906894758e+00 1.317836079866593124e+00 1.598686154082759325e-01 2.770576282233617516e+00 6.000000000000000000e+00 1.100000000000000000e+01 4.000000000000000000e+00 -4.988837050743402983e+02 3.301100000000244563e+02 2.086429406714550439e+01 9.222566164440726411e-02 6.958629965019724750e-03
8.584725469838941914e-01 1.485265242726211188e+00 2.364445778059014458e+00 8.782547757825645007e+00 1.872198366248888579e+00 4.587594065288167489e-01 5.280808976835698054e-01 2.156642289838419213e+00 3.000000000000000000e+00 1.400000000000000000e+01 3.000000000000000000e+00 -6.278608651261974956e+02 4.201399999999720194e+02 2.611192907038822142e+01 -2.141723667493438538e-02 1.345216698511906943e-02
7.542256592800788972e-02 2.315381833392866628e+00 5.847390294927743426e+00 5.610783502000138867e+00 1.908320735948942248e+00 6.548502552197222881e-01 6.940101521605437362e-01 2.311686337272916170e+00 5.000000000000000000e+00 1.500000000000000000e+01 4.000000000000000000e+00 -6.442742358114571743e+02 4.501499999999774104e+02 2.619995223821678110e+01 6.656642722872342655e-04 4.993766118629672235e-03
1.135949604630395182e+00 1.629575060798853059e+00 7.278543144739304083e+00 5.893108953113725512e+00 1.464593340199946470e+00 7.684695910748415848e-01 4.560801617423125842e-01 3.218236770889084220e+00 7.000000000000000000e+00 1.300000000000000000e+01 5.000000000000000000e+00 -4.635533802575694153e+02 3.901299999999891384e+02 1.678052376609842966e+01 -8.900521042629547241e-03 3.586728552488961663e-02
4.187847713458585641e-01 1.655913606325741139e+00 7.719369778662757753e+00 5.468017466064091003e+00 1.950890432196086932e+00 9.589431561229542211e-01 5.176971694827466886e-01 2.664658143784418343e+00 7.000000000000000000e+00 7.000000000000000000e+00 4.000000000000000000e+00 -3.931218204781538361e+02 2.100699999999860097e+02 1.800542627988505018e+01 -3.781396428894850253e-02 7.487523135152711340e-03
2.992205118725684843e-01 8.786240892851931994e-01 6.575420703377462317e+00 7.103896752790348934e+00 2.408355225329572136e+00 2.692166655626548888e-01 4.553428826210020874e-01 2.835490857346111948e+00 1.100000000000000000e+01 1.200000000000000000e+01 3.000000000000000000e+00 -5.830689334923390561e+02 3.601200000000105774e+02 2.518805834327085691e+01 6.496213353615258590e-02 2.094431120780093636e-02
1.114646387400786587e+00 1.159323506369542844e+00 5.261479793277271888e+00 6.643568436389843512e+00 2.388753385254709816e+00 1.901043034428377965e-01 4.017305671898086517e-01 2.939490006262040822e+00 8.000000000000000000e+00 1.400000000000000000e+01 4.000000000000000000e+00 -6.078364127852001957e+02 4.201399999999720194e+02 2.486040079907588662e+01 1.334913416220821422e-02 1.133334663511278810e-02
8.663258271284897116e-01 2.102422312799857806e+00 5.665056121751989693e+00 4.281711214088194772e+00 1.924379702560559346e+00 6.882826552421452693e-01 5.009640442546124950e-01 3.345849969424764314e+00 1.000000000000000000e+01 1.000000000000000000e+01 4.000000000000000000e+00 -4.150357151456863676e+02 3.000999999999997385e+02 1.656160719660540437e+01 1.430489968449465688e-01 6.275783610919723365e+00
7.633556628697402147e-01 2.183581523125521340e+00 3.770814803388613079e+00 6.091728882525234923e+00 2.126124382967264026e+00 1.062674011648021111e+00 5.250307591217898695e-01 3.241799900324720429e+00 8.000000000000000000e+00 1.600000000000000000e+01 4.000000000000000000e+00 -5.305112452912808294e+02 4.801600000000302657e+02 1.815195283070410781e+01 -2.329558682383648383e-01 6.278852261847960747e+00
1.684146083018537077e+00 7.583160449795495195e-01 4.662990688395859173e+00 5.378235648659220658e+00 2.099259233629606314e+00 2.830860603580359625e-01 3.603162141786904193e-01 2.314050673005363379e+00 9.000000000000000000e+00 1.400000000000000000e+01 4.000000000000000000e+00 -2.328537626962660397e+03 4.153799999999724832e+02 7.552976685167127613e+00 -2.330142388948766907e+00 3.572801692928370132e-01
2.883286468906914313e-01 1.045670570346197703e+00 8.068794169542549355e+00 6.473796880828900591e+00 7.844237720142757109e-01 5.786903492205676125e-01 4.265502522031659471e-01 3.192738664360398992e+00 8.000000000000000000e+00 1.000000000000000000e+01 4.000000000000000000e+00 -2.397487530274076164e+02 2.143999999999921044e+02 1.569458217341395193e-02 -1.026088559061471006e+00 2.182613283569613538e-02
9.849571962935912417e-01 7.771250701139849060e-01 6.582841957862799909e+00 6.354744784272284619e+00 1.380336219817685173e+00 1.214744942362913305e+00 5.188034400095251630e-01 3.646309203210815308e+00 1.000000000000000000e+01 1.000000000000000000e+01 5.000000000000000000e+00 -2.270794907496610449e+03 6.020000000000058549e+01 1.504343171853815697e+01 -2.869063151239677811e+00 6.149410604427234084e+00
4.918886756808371619e-02 8.951834695400482378e-01 5.804199685389288987e+00 5.545548269997397028e+00 1.452660555018051802e+00 5.844187957609482398e-01 5.017306692459542194e-01 3.014876337332105471e+00 6.000000000000000000e+00 1.200000000000000000e+01 4.000000000000000000e+00 -5.877676400463931259e+02 3.601200000000105774e+02 2.548172750289923627e+01 -1.550531637955404607e-01 2.831479805934954824e-02
1.431033048667940566e+00 1.914592787403372132e+00 6.242256537933199567e+00 5.535119460409580583e+00 2.056054060304365549e+00 4.828066056400386330e-01 5.831936766188794419e-01 2.145086153613878999e+00 1.100000000000000000e+01 1.000000000000000000e+01 5.000000000000000000e+00 -5.124639056999604918e+02 3.000999999999997385e+02 2.265086910624754069e+01 -5.328166871600797244e-02 6.274529644068294942e+00
5.139979309935731600e-01 1.958702251902182390e+00 5.379329627721994633e+00 7.819102173079120810e+00 2.364475155096260384e+00 7.996415301162618228e-01 2.188493493966111314e-01 3.533050378605197217e+00 7.000000000000000000e+00 1.500000000000000000e+01 5.000000000000000000e+00 -2.365173912172273958e+03 1.609500000000032287e+02 1.779368201076704636e+01 -3.958786897113968362e+00 2.044531099486416093e+00
2.194218054269548857e-01 1.807344713733769037e+00 6.660956446102337836e+00 7.892093726361618877e+00 2.556578987832562877e+00 2.613767809641311946e-01 6.162760969933752664e-01 3.305234805445093738e+00 1.000000000000000000e+01 1.100000000000000000e+01 4.000000000000000000e+00 -5.779634616916167715e+02 3.301100000000244563e+02 2.580677885572528396e+01 3.361722292383670374e-03 1.307947904075745273e-02
7.068229694278955755e-01 1.644195342002420457e+00 4.256353578376422142e+00 6.369616865931024385e+00 2.122341452214111079e+00 1.873043681159476392e-01 5.691623661092983788e-01 2.574481068683214691e+00 4.000000000000000000e+00 1.400000000000000000e+01 5.000000000000000000e+00 -6.097920412446640057e+02 4.201399999999720194e+02 2.498262757779237830e+01 5.050822430701813748e-02 6.246612296978453216e+00
2.061885140592641941e-01 1.925824875444593465e+00 7.124922878911970514e+00 5.030657561460924576e+00 2.075061226976667061e+00 2.615383611436893074e-02 3.800002726967267597e-01 3.192864893381791802e+00 6.000000000000000000e+00 9.000000000000000000e+00 5.000000000000000000e+00 -5.123147359381284787e+02 2.700900000000045225e+02 2.357935849613289037e+01 5.052534146176219931e-02 1.682690350584437056e-03
5.104459477643567000e-01 1.737091492964337291e+00 9.216835595561237326e+00 7.276077978119008804e+00 1.746476573016116474e+00 7.219365064716962710e-01 1.562335268519377540e-01 3.222666941561141307e+00 9.000000000000000000e+00 1.500000000000000000e+01 5.000000000000000000e+00 -4.844211500039843941e+02 4.501499999999774104e+02 1.620913437524972878e+01 -1.259979830765487696e+00 6.231553227749906526e-03
6.628832119184010496e-01 1.893745438007298665e+00 5.897336309396860266e+00 6.609396958874948602e+00 2.279120280157512557e+00 5.068681873347693490e-01 2.755077974122409623e-01 2.497592333326812408e+00 9.000000000000000000e+00 1.500000000000000000e+01 4.000000000000000000e+00 -5.300158156692992861e+02 4.501499999999774104e+02 1.905880097933191308e+01 -2.822868696480071993e-01 6.281706533530337921e+00
4.343216451544810730e-01 1.478431473365982018e+00 3.935974194724983111e+00 6.290458060850265376e+00 2.217523013120690667e+00 5.273683291265203188e-01 4.161324361512575010e-01 2.283592463047769083e+00 7.000000000000000000e+00 1.200000000000000000e+01 4.000000000000000000e+00 -5.471893945648337194e+02 3.601200000000105774e+02 2.294558716030177337e+01 -3.066079247136317340e-02 1.443115794605421762e-02
9.339581715539705398e-01 8.584782555084979894e-01 4.932452614714221362e+00 4.749999927555236034e+00 2.575538741628903949e+00 7.154159303260019254e-01 2.624551940123578397e-01 2.700506377119409329e+00 8.000000000000000000e+00 1.000000000000000000e+01 5.000000000000000000e+00 -4.357657572546976326e+02 3.000999999999997385e+02 1.785723482841861198e+01 -6.592626779997513842e-02 7.348732915031816124e-03
7.156497589928060288e-01 9.004938725695015300e-01 7.425492567296353208e+00 4.048934614246844532e+00 1.618999317013841477e+00 1.232561487962833047e+00 1.622563517851936810e-01 3.537904973308978462e+00 9.000000000000000000e+00 7.000000000000000000e+00 5.000000000000000000e+00 -2.393455425806766016e+03 1.757000000000005002e+01 2.404190161292287087e+01 -1.319267505346525482e+00 5.088465920150348154e+00
5.126479537764777605e-01 1.566192687264778671e+00 6.197639944377283605e+00 6.874492821744621729e+00 1.487210565669845330e+00 4.000947237604356443e-01 2.969783526331440937e-01 2.820045108504864118e+00 2.000000000000000000e+00 1.000000000000000000e+01 4.000000000000000000e+00 -4.955982079730346186e+02 3.000999999999997385e+02 2.159676299831467361e+01 7.030933436975658757e-02 6.281732510409126391e+00
5.059113436209538017e-01 1.905151022540540584e+00 4.936926858193279699e+00 5.159725868640468782e+00 2.475159693769064528e+00 2.979235204998728626e-01 2.462623776931935626e-01 2.232226478033650263e+00 6.000000000000000000e+00 9.000000000000000000e+00 4.000000000000000000e+00 -4.887757202315445966e+02 2.700900000000045225e+02 2.210817001447139774e+01 4.119442750632683337e-02 6.282565440833224990e+00
4.255344493067876321e-01 6.621465456978498088e-01 7.371812307792078300e+00 7.679744929538119713e+00 2.403099442063315383e+00 9.552631086186263998e-01 3.981592479536068541e-01 2.480291401630817294e+00 9.000000000000000000e+00 1.200000000000000000e+01 5.000000000000000000e+00 -4.592285923044124161e+02 3.601200000000105774e+02 1.744803701902544546e+01 -4.598534334772538812e-01 4.853738258446841508e-02
1.361811863993875216e+00 2.189533789895594662e+00 8.697503057653817038e+00 5.187281075906607697e+00 2.136210030632288426e+00 1.451411021731970452e+00 8.882041983114259409e-01 2.497611022546989634e+00 1.000000000000000000e+01 1.200000000000000000e+01 5.000000000000000000e+00 -4.965602674080833481e+02 3.601200000000105774e+02 1.978126671300487871e+01 3.274296171077173967e-01 6.276362703557699874e+00
9.147887905100424710e-01 6.090818742164085808e-01 6.531629542488724738e+00 6.883604217508323408e+00 2.520586147124103338e+00 5.124273935596034280e-01 4.501115670677482417e-01 3.408724673115993475e+00 1.000000000000000000e+01 1.400000000000000000e+01 4.000000000000000000e+00 -6.012451763999413288e+02 4.201399999999720194e+02 2.444844852499720744e+01 -4.757041710050471939e-02 7.789591638856506982e-03
5.596544325177440493e-01 2.080972960622472723e+00 6.735149125707307505e+00 4.243671633009665101e+00 1.494975717018324213e+00 1.437084877709450259e+00 6.714724795969294613e-01 2.020775100582713257e+00 8.000000000000000000e+00 1.900000000000000000e+01 3.000000000000000000e+00 -7.035354497724657676e+02 5.701900000000110822e+02 2.615252811077876416e+01 2.277649714177356621e-01 6.153338099130897021e+00
1.581515144507198434e+00 1.078813244508200597e+00 7.373726093484131994e+00 7.528978543843146909e+00 1.885417669279934483e+00 3.584433890007685530e-01 1.446303688071498839e-01 2.520967138019010623e+00 6.000000000000000000e+00 1.300000000000000000e+01 5.000000000000000000e+00 -4.685073273754320553e+02 3.901299999999891384e+02 1.709014546096484111e+01 -1.068768768918034601e-02 1.338768817261581229e-02
1.408543691700897771e+00 1.845968273426347173e-01 6.986369153318679359e+00 2.060192578692487952e+00 2.299044601752870953e+00 9.943727719269213061e-03 5.107524204175063476e-01 3.605219219904143735e+00 5.000000000000000000e+00 2.000000000000000000e+01 4.000000000000000000e+00 -7.296972733630982475e+02 6.001999999999994770e+02 2.684982958519365326e+01 1.697980750341875344e-01 1.793925454331275759e-03
1.152472819342901245e+00 1.772465120782549919e+00 6.314539541617206986e+00 9.337659080652009891e+00 1.696142602579720826e+00 8.763614953771792226e-02 5.396610538218955533e-01 3.128746948626622171e+00 0.000000000000000000e+00 9.000000000000000000e+00 4.000000000000000000e+00 -4.764951506805531380e+02 2.700900000000045225e+02 2.134063441753442802e+01 1.283232814115951581e-01 9.249496973739113059e-03
3.962107224935470517e-01 1.436471275732596364e+00 4.479797859348492395e+00 5.817082696719880985e+00 1.499225491111213504e+00 1.329209266334619111e+00 1.237096542405990152e-01 2.349909311166649140e+00 7.000000000000000000e+00 1.100000000000000000e+01 5.000000000000000000e+00 -4.276637385591020575e+02 3.301100000000244563e+02 1.641304615994311433e+01 6.225197834591318646e-02 2.934786596040370871e-02
9.254952984451345621e-01 1.299234059229623428e+00 6.860419338614219598e+00 6.268434688272854771e+00 2.202777446904905734e+00 1.391759342202936844e+00 3.941219434276692080e-01 3.514134980152132659e+00 8.000000000000000000e+00 8.000000000000000000e+00 3.000000000000000000e+00 -2.264073203344588364e+03 4.919999999999930651e+01 1.496707520903678557e+01 -3.988398186253549138e+00 6.248334734635119680e+00
1.537784080544479570e+00 2.704955320225022941e+00 5.766218197768649745e+00 7.023990013453110137e+00 2.084936391480906259e+00 1.800558018788606107e-02 6.112352010348156561e-01 3.545847894081203933e+00 1.000000000000000000e+01 1.500000000000000000e+01 4.000000000000000000e+00 -6.107994409152463504e+02 4.501499999999774104e+02 2.410777755720360460e+01 -1.928323318204623604e-01 1.541597933305298603e-02
1.052283358133475843e+00 9.839528513311557312e-01 4.798010340832729703e+00 4.818914721912841870e+00 1.621269147144718703e+00 8.584521460848187902e-01 8.576140688024982417e-01 2.616007606521336903e+00 1.000000000000000000e+01 1.500000000000000000e+01 4.000000000000000000e+00 -5.228021215133104533e+02 4.501499999999774104e+02 1.860794509458261103e+01 -1.160792258134995536e-01 5.852696126591623582e-03
1.481220205918084343e+00 1.413567771014597740e+00 5.378271004896814311e+00 6.238592339645299134e+00 1.897499917623615584e+00 7.213665994410618509e-01 4.581836514052775589e-01 2.588648576773852739e+00 6.000000000000000000e+00 5.000000000000000000e+00 5.000000000000000000e+00 -2.366472947132494028e+03 3.725000000000002132e+01 2.174049669578086608e+01 -6.654022574699767212e-01 6.275189428419579940e+00
2.049092304363018535e-01 2.760417178248334991e-01 7.739120252452576842e+00 6.478080488115462998e+00 4.291452383844968077e-01 8.571974071454498967e-01 3.852902610277331719e-01 3.552333239739612569e+00 1.000000000000000000e+01 5.000000000000000000e+00 5.000000000000000000e+00 -3.042469954801567766e+01 6.009999999999872244e+01 2.341872175101988515e-02 -7.580093578957560752e-01 6.252302652624853074e+00
