1.077538021768835952e+00 1.565284565861406962e+00 6.702876485851869681e+00 5.315979333079125624e+00 2.512751211164617970e+00 2.249216197858763255e-01 3.990695242397025999e-01 3.151432191696319940e+00 1.100000000000000000e+01 1.100000000000000000e+01 4.000000000000000000e+00 -4.573985957219301781e+02 3.301100000000244563e+02 1.827147473261987187e+01 5.176067269653068098e-02 6.203210230028233241e-03
5.270779271031297286e-01 1.809169298104429835e+00 6.913558909635153071e+00 5.400417615326928100e+00 2.261245664032220049e+00 9.504499971302909911e-01 4.015881272993719886e-01 2.195988402408627138e+00 9.000000000000000000e+00 1.600000000000000000e+01 5.000000000000000000e+00 -5.870798243690336449e+02 4.801600000000302657e+02 2.168748902306365878e+01 -1.246788198890899368e-01 1.395249035103580670e-01
7.920460386021734855e-01 1.953793457167950720e+00 5.095433649050107761e+00 6.639072724207708553e+00 1.978148008848014561e+00 9.015584768180315844e-01 1.317553004373818726e-01 2.774291185836194717e+00 7.000000000000000000e+00 1.600000000000000000e+01 5.000000000000000000e+00 -5.224408029665837603e+02 4.801600000000302657e+02 1.764755018541053744e+01 -1.675486244793473745e-01 6.274044552932173779e+00
6.337886031272446097e-01 2.083864675111427367e+00 7.519645342636358087e+00 6.484564274022291741e+00 1.118729323102742423e+00 9.343485249631369172e-01 5.862437437530572115e-01 2.529634501315795703e+00 7.000000000000000000e+00 9.000000000000000000e+00 5.000000000000000000e+00 -2.780736807526883467e+02 2.700900000000045225e+02 8.939292547042880344e+00 -2.490838849435599300e+00 2.922840112286503172e-02
8.553747787297818483e-01 6.341762252402187716e-01 6.963173639946800719e+00 6.644059914500004993e+00 1.701560623784157622e+00 1.105040445441759916e-01 4.173495786165304922e-01 3.494846518425828386e+00 2.000000000000000000e+00 1.000000000000000000e+01 4.000000000000000000e+00 -5.068564352460431337e+02 3.000999999999997385e+02 2.230040220287770225e+01 -3.755966551472213200e-02 2.371495395259291469e-02
5.821406644138473752e-01 7.576806205464421407e-01 5.507556623129215900e+00 4.041388911420164654e+00 1.951781882518055955e+00 6.253571908040717053e-01 3.877469268362867538e-01 2.835699349007442915e+00 1.000000000000000000e+01 1.100000000000000000e+01 5.000000000000000000e+00 -2.985612406242055386e+02 3.301100000000244563e+02 8.344140039012080123e+00 -2.390261988486115374e-01 3.067018537827042035e-01
1.302008603842238710e+00 4.738898902570766181e-01 5.205172421333555732e+00 4.261343922869440526e+00 2.294542012011806520e+00 2.705687462192236103e-01 2.380256595802917596e-01 3.132015025387664853e+00 9.000000000000000000e+00 1.300000000000000000e+01 5.000000000000000000e+00 -2.490013864654858367e+02 3.901299999999891384e+02 3.371024154093203329e+00 -9.133432978788762202e-02 6.639700087815932072e-02
8.678861791819467708e-01 1.448747583243090276e+00 7.535614672271123915e+00 5.821822595970978398e+00 7.465003850782725436e-01 2.219153184660596634e-01 3.972955331628932885e-01 3.058817276592970202e+00 4.000000000000000000e+00 7.000000000000000000e+00 5.000000000000000000e+00 -2.049867887763337535e+02 1.603699999999908528e+02 1.534421749954223424e-02 -1.001741226634544235e+00 4.536294215744789138e-02
1.039091807590334371e+00 1.475382373486014309e+00 4.854374092316351863e+00 5.488785954804741962e+00 9.318579248467159237e-01 1.236307451743546615e+00 5.510290891938296465e-02 2.657955703024321714e+00 8.000000000000000000e+00 8.000000000000000000e+00 4.000000000000000000e+00 -2.304533710108125888e+03 5.295999999999922636e+01 1.737835688175789883e+01 -1.013008104629989470e+00 1.447608641996512846e-01
4.420900074498345100e-01 1.289105729298484881e+00 4.746155183709660719e+00 7.269178180455032390e+00 7.960279971547721267e-01 1.600551314920493295e+00 6.217335500421288241e-01 3.537989997318959468e+00 7.000000000000000000e+00 1.700000000000000000e+01 4.000000000000000000e+00 -2.322541588733777644e+03 9.741000000000080661e+01 1.711478679586106466e+01 -2.697978945738722434e+00 5.769950833328771012e+00
5.029190119355814170e-01 1.018731453597800707e+00 3.237643317204528692e+00 2.610605377362991142e+00 1.371202550591360536e+00 9.779401392444637686e-01 4.968027147743250271e-01 3.259506058586500554e+00 5.000000000000000000e+00 1.100000000000000000e+01 4.000000000000000000e+00 -7.403296323924357694e+02 2.401300000000132968e+02 1.666294581689459209e-03 -1.984351759771801937e+01 1.739430582124301461e+00
8.645966128741240375e-01 1.702814486433981589e+00 5.987083189780241455e+00 3.975372641626594650e+00 2.227343596858857744e+00 9.351198822242955400e-01 5.004695466870726639e-01 2.907112888426729658e+00 8.000000000000000000e+00 1.100000000000000000e+01 5.000000000000000000e+00 -4.364031275282287083e+02 3.301100000000244563e+02 1.695925797051353001e+01 6.859730106545690320e-02 9.530640826262780363e-03
1.425296041091741683e+00 1.720596895905021739e+00 7.172026570323974504e+00 7.031713814169021859e+00 1.833967250413317096e+00 7.944367452583451783e-01 1.173515791757199223e-01 4.283439466668407469e+00 8.000000000000000000e+00 1.600000000000000000e+01 4.000000000000000000e+00 -2.240168034955854182e+03 2.371199999999956560e+02 7.600502184741021239e+00 -4.737101877832487595e+00 4.784499094430095134e+00
1.004157225224633354e-01 2.173904797325076466e+00 4.034639960373431755e+00 4.807994422470903473e+00 1.929499205142921614e+00 8.584038955536312798e-01 2.354671187846940072e-01 2.948332132017636997e+00 5.000000000000000000e+00 8.000000000000000000e+00 4.000000000000000000e+00 -4.147928049954825838e+02 2.400800000000151329e+02 1.842205031221718770e+01 -4.789338555081129600e-02 6.280808927639340844e+00
4.990777672821827826e-01 6.612719384989950155e-01 8.820083926743713221e+00 5.912635427426980783e+00 1.797104594998746085e+00 2.705166120039498856e-01 2.656154304254298992e-01 3.323174835703941454e+00 7.000000000000000000e+00 8.000000000000000000e+00 5.000000000000000000e+00 -5.174070897266194606e+02 2.400800000000151329e+02 2.483544310791324605e+01 -2.825019922036047654e-02 2.132668414323231690e-02
5.417596750241175929e-01 1.577562800771461493e+00 5.194548859644470440e+00 3.176782710510381413e+00 1.498012855268805898e+00 1.135156778834785385e+00 4.767127315054508485e-01 3.373637091302193802e+00 7.000000000000000000e+00 1.500000000000000000e+01 4.000000000000000000e+00 -2.257570148754845377e+03 3.272999999999960323e+02 5.870009297177979590e+00 -5.983088616512890034e+00 1.671919104364270048e+00
1.431767377343905689e+00 5.514958707252266557e-01 7.903077270532243404e+00 5.578410870629818774e+00 9.206225270922290260e-01 8.658689207674058474e-01 3.761091576736055320e-01 2.449054319020548043e+00 6.000000000000000000e+00 1.200000000000000000e+01 4.000000000000000000e+00 -9.964193011795647408e+02 2.466000000000063039e+02 -1.503747423435694563e-02 -1.588874824396387631e+01 3.666311165942133243e+00
6.142700982464752713e-01 7.522785165949166242e-01 9.111983071285811420e+00 6.871645271564073454e+00 2.218416161170689183e+00 3.229510454154567722e-01 2.890576708356381586e-01 4.361753904376085345e+00 7.000000000000000000e+00 1.100000000000000000e+01 3.000000000000000000e+00 -2.269724187380450985e+03 5.763999999999975898e+01 1.505651171127819410e+01 3.680453792562148885e-01 1.818214605398869033e-01
1.474271772400465030e-01 2.134336203673056431e+00 4.808365419032499588e+00 4.874052624846012094e+00 1.336026038411756378e+00 5.817831282136314286e-01 3.428405618404877786e-01 3.301846227898565633e+00 2.000000000000000000e+00 1.100000000000000000e+01 4.000000000000000000e+00 -5.668497078684667940e+02 3.301100000000244563e+02 2.511216924177841037e+01 -6.269688850727359597e-01 2.631672424996051723e-02
3.415005283919693158e-01 1.554404238224859958e+00 6.318301905841003041e+00 7.090132405389939052e+00 1.438767337735370688e+00 6.355616285676839450e-01 3.016580726640369914e-01 2.837260436048082202e+00 3.000000000000000000e+00 1.000000000000000000e+01 5.000000000000000000e+00 -4.588086428299613999e+02 3.000999999999997385e+02 1.929741517687259744e+01 1.267166001035309464e-02 1.201798972383231849e-02
6.765526115375608551e-01 2.064834033314271178e+00 4.524831230189553466e+00 4.009195003842065397e+00 4.961348870540096545e-01 1.968683369592051369e-01 4.626110084305351533e-01 2.158474857182553386e+00 6.000000000000000000e+00 1.400000000000000000e+01 5.000000000000000000e+00 -5.043673985414107506e+02 4.201399999999720194e+02 1.839358740883904630e+01 -9.644651551730434869e-02 4.830287583982503102e-02
6.562186027010910028e-01 9.742110860323642818e-01 5.382860077954197742e+00 6.128876589811893538e+00 1.545191094117996711e+00 1.123875640253915620e+00 4.811836528516967304e-01 2.996030908402131931e+00 6.000000000000000000e+00 1.300000000000000000e+01 4.000000000000000000e+00 -2.225515266759855876e+03 2.580499999999937586e+02 6.030641672491191763e+00 -4.731919541062334922e+00 1.410611645482472865e+00
7.984684951190668123e-01 8.718849795362001442e-01 3.400103007669950550e+00 5.472195059047533228e+00 2.155030446576287062e+00 1.212127915872018402e+00 6.519915168414134321e-01 2.637901284668764390e+00 1.000000000000000000e+01 1.500000000000000000e+01 4.000000000000000000e+00 -5.284562125541873456e+02 4.501499999999774104e+02 1.896132578463741680e+01 3.342952260185813596e-03 6.280017627548242665e+00
1.356179576586509228e+00 1.909016942865809696e+00 5.924587869333247880e+00 5.077583155729816333e+00 1.898000479509834859e+00 5.935640715673284884e-01 2.048377727296143147e-01 2.579243928620853499e+00 3.000000000000000000e+00 9.000000000000000000e+00 5.000000000000000000e+00 -4.317387699372876568e+02 2.700900000000045225e+02 1.854336062108033545e+01 -7.825012678159067037e-02 6.266101008691317809e+00
2.403294957488861239e-01 1.079994734235052656e+00 7.856883175409709708e+00 7.315633837079509760e+00 2.864895628506745950e+00 2.082979261342339239e-01 1.638545421698105742e-01 2.921407908889412042e+00 8.000000000000000000e+00 1.600000000000000000e+01 5.000000000000000000e+00 -6.502496974572698036e+02 4.801600000000302657e+02 2.563560609107841870e+01 1.148694296024649203e-01 3.969073569812069796e-02
1.216213516725875410e+00 1.706821648793687141e+00 8.233927163482478662e+00 3.808829019924242054e+00 1.622805325121049025e+00 6.316336091978149714e-01 2.436953092235179807e-01 2.936645182282770605e+00 0.000000000000000000e+00 1.000000000000000000e+01 5.000000000000000000e+00 -2.452815694969300694e+03 2.644999999999916440e+02 2.003535593558155981e+01 1.081547508456118800e-01 6.250327831781863352e+00
1.282473984317678006e+00 1.317422446918790291e+00 5.372092741116187398e+00 6.258291192998941099e+00 2.838610357625170000e+00 3.780860230119607035e-01 4.017091916463209622e-01 3.722758641329440010e+00 8.000000000000000000e+00 1.300000000000000000e+01 4.000000000000000000e+00 -5.963838396439781491e+02 3.901299999999891384e+02 2.508242747774897552e+01 -3.841264125077836766e-02 4.738750645536113186e-03
6.096424614727331548e-01 1.749597111116546255e+00 7.560343097390107125e+00 4.092360162382080446e+00 1.230566643761376255e+00 1.385529983312956404e+00 3.576440243748388870e-01 2.409945267023552162e+00 5.000000000000000000e+00 1.400000000000000000e+01 4.000000000000000000e+00 -5.423228186170761091e+02 4.201399999999720194e+02 2.076580116356813477e+01 -3.188909867473976867e-01 9.916814117947758689e-03
3.235396826933258918e-01 1.404699023519959455e+00 7.536700434491947931e+00 5.729255543869797407e+00 2.317371461959877088e+00 1.312974761961551939e+00 2.020271197577163114e-01 2.208082958017381969e+00 8.000000000000000000e+00 8.000000000000000000e+00 3.000000000000000000e+00 -3.823267725287271901e+02 2.400800000000151329e+02 1.639292328304497559e+01 -4.044442125125287391e-02 6.280324578008882774e+00
9.622725728631401632e-01 2.189011470850684038e+00 6.326707495129531011e+00 7.242014352001942434e+00 2.032070409984203518e+00 1.044604216550022668e+00 1.554100314220387968e-01 2.568607663082149717e+00 5.000000000000000000e+00 9.000000000000000000e+00 4.000000000000000000e+00 -3.918850424847890963e+02 2.700900000000045225e+02 1.605250265529917897e+01 -8.624050252321148469e-02 3.187499241977591324e-02
1.326789009907249905e+00 1.016709185208632293e+00 7.890548439961442284e+00 3.157464412759709127e+00 9.651521385195607206e-01 8.259271237727625614e-01 6.795143319617484856e-01 2.490352746678596407e+00 7.000000000000000000e+00 1.400000000000000000e+01 4.000000000000000000e+00 -2.923729068765755983e+02 4.201399999999720194e+02 5.143931679786851063e+00 -7.719073378331157143e-01 6.276546926048258257e+00
1.241262881927497563e+00 1.343136226285549739e+00 8.133780760114962760e+00 5.606065136009822147e+00 1.881199905321443877e+00 2.291911281362125075e-01 4.095374098263870888e-01 2.644896230675108928e+00 7.000000000000000000e+00 1.700000000000000000e+01 3.000000000000000000e+00 -6.641363047882642832e+02 5.101700000000154773e+02 2.556570654926603581e+01 -2.424925887905363675e-01 1.651087614723546065e-02
7.836635273186145501e-01 1.728432366587012936e+00 6.308675904193060902e+00 5.390269254979808800e+00 1.217939861660310541e+00 1.194329383218978302e+00 3.510810634073807113e-01 3.201393770196972355e+00 9.000000000000000000e+00 1.100000000000000000e+01 3.000000000000000000e+00 -1.429204245125786485e+02 2.852300000000188902e+02 1.908903203557436867e-02 -9.586871705886721440e-01 6.275523584820695611e+00
5.201621260901458932e-01 1.512116111865082102e+00 6.983443476069752798e+00 8.871699890758080187e+00 2.366480368706247450e+00 6.182607458467538342e-01 3.989483661897805788e-01 3.137026158092160788e+00 6.000000000000000000e+00 9.000000000000000000e+00 4.000000000000000000e+00 -5.430133386858761924e+02 2.700900000000045225e+02 2.549802116786712247e+01 5.813180048500146690e-02 8.969970281430761361e-03
6.000492863151123402e-01 1.258359462940205731e+00 5.745168566715124214e+00 6.745986675062666471e+00 9.989685736791551474e-01 5.472075410672343487e-01 4.432821433169528147e-01 3.610793344459889198e+00 1.100000000000000000e+01 6.000000000000000000e+00 5.000000000000000000e+00 -2.273168417974739441e+03 4.506000000000019412e+01 1.566490112342121677e+01 -2.235867866666730208e+00 5.951706702729987475e-01
3.326833261202140068e-01 1.848656265105949492e+00 7.353074497279632915e+00 4.467931093908629414e+00 2.148552922719019875e+00 6.275841508970698701e-01 1.126994890217538903e-01 3.197804420891214860e+00 9.000000000000000000e+00 1.900000000000000000e+01 3.000000000000000000e+00 -6.261168305723177809e+02 5.701900000000110822e+02 2.131386441076951499e+01 1.078406382233121769e-01 4.469572545441558020e-03
6.744259415846183270e-01 1.047725663170878674e+00 7.662649619172865911e+00 5.203335957035926995e+00 1.725856598687519394e+00 2.020547135394090699e+00 3.230117637962344190e-01 2.267583772814496523e+00 4.000000000000000000e+00 8.000000000000000000e+00 4.000000000000000000e+00 -4.253105687543227873e+02 2.400800000000151329e+02 1.907941054714470042e+01 1.983806688016356151e-02 2.184211007965286555e-03
6.538283243190302629e-01 1.592659492339953298e+00 9.050651757513174189e+00 7.818584051857624395e+00 2.170477920855049536e+00 1.372693186372157870e+00 4.769173518203926876e-01 2.118602804322756494e+00 8.000000000000000000e+00 5.000000000000000000e+00 5.000000000000000000e+00 -2.089103790938863199e+02 1.500499999999998693e+02 8.367836193367899966e+00 -1.779250345357125673e-01 1.777082530858198339e-02
1.787475937834147821e+00 1.083503975396940877e+00 6.764406948865312685e+00 1.652863594475575404e+00 1.859161106534357844e+00 2.065376884441097460e-01 4.014407427285969221e-01 2.632463334786445674e+00 1.000000000000000000e+00 1.900000000000000000e+01 5.000000000000000000e+00 -7.114820414633049950e+02 5.701900000000110822e+02 2.664919009145621231e+01 -2.697558367945405711e-01 4.636085647042875735e-03
7.692265475412006781e-01 1.712614443528174935e+00 6.563795180389417894e+00 8.630765414746687014e+00 2.794704995455158603e+00 1.653674408517517680e+00 1.135294423217018817e-01 2.201415204059332886e+00 8.000000000000000000e+00 7.000000000000000000e+00 3.000000000000000000e+00 -2.376497526811722310e+02 2.048199999999865213e+02 2.170528215537039646e-02 -1.035042418538312914e+00 6.267779065761772905e+00
1.382596161793579803e+00 1.036982164719836952e+00 6.618388844324369913e+00 6.082429217910664931e+00 2.619005812555664559e+00 6.558654480073863313e-01 2.256710879404011383e-01 2.574125379341654529e+00 5.000000000000000000e+00 8.000000000000000000e+00 4.000000000000000000e+00 -3.863479780201006974e+02 2.400800000000151329e+02 1.664424862625581980e+01 5.211436639837387086e-02 1.292151337109256719e-02
5.976934274283867143e-01 8.070879335310612301e-01 1.393124891914522712e+00 6.399299938537430066e+00 1.840556739765043748e+00 6.004559879800627220e-01 1.483203714685480401e-01 3.172696270811469432e+00 1.000000000000000000e+01 1.000000000000000000e+01 3.000000000000000000e+00 -2.272538291255646072e+03 7.360000000000009379e+01 1.473364320347788770e+01 -2.171867916877142424e+00 9.254625053720986205e-01
7.399700105733986177e-02 1.511143513482733125e+00 4.902255598505212753e+00 8.550062987545860693e+00 2.075842344067410750e+00 1.323957505184959471e+00 3.534912507908247181e-01 2.796426692336636322e+00 9.000000000000000000e+00 1.600000000000000000e+01 5.000000000000000000e+00 -2.403067418621855722e+03 2.420799999999955503e+02 1.762671366386614125e+01 -4.980305688310577850e+00 2.010035820085927849e+00
4.626925219204625073e-02 1.675851662786580487e+00 6.715911327446412393e+00 3.688333086710888331e+00 8.655274307607333517e-01 8.660199579275993376e-01 4.514806673099557854e-01 3.768621431347956907e+00 8.000000000000000000e+00 1.300000000000000000e+01 4.000000000000000000e+00 -2.322360008402883977e+03 1.483299999999975967e+02 1.551218802518031481e+01 -2.595677736570553673e+00 5.829155325482126671e+00
3.654496282400609974e-01 1.074271065643113143e+00 4.248318637230250161e+00 5.598609716421695026e+00 1.704540568658203803e+00 2.102374094504244617e-01 2.237775401394323238e-01 2.812579011295260667e+00 6.000000000000000000e+00 1.000000000000000000e+01 5.000000000000000000e+00 -4.518962343872675547e+02 3.000999999999997385e+02 1.886538964920422856e+01 -4.165400066143099544e-01 1.364053831060290656e-01
4.181980693601915489e-01 7.044441373793255412e-01 4.528324757652984367e+00 8.847322017620076195e+00 9.558321899286925660e-01 1.564470534555431946e+00 4.862530009062545622e-01 2.465722272140918214e+00 8.000000000000000000e+00 1.300000000000000000e+01 5.000000000000000000e+00 -2.342357653059222685e+03 1.891499999999961688e+02 1.548641581620153040e+01 -2.957343235953923344e+00 1.059541295624467416e+00
2.135592755355686378e-02 1.456769208403230875e+00 5.648387886652727730e+00 4.143578817347624010e+00 1.422883215379701305e+00 3.489892892656044632e-01 1.902231966675070884e-01 2.587169249308371555e+00 9.000000000000000000e+00 1.100000000000000000e+01 3.000000000000000000e+00 -5.074678773053483951e+02 3.301100000000244563e+02 2.140080483158351043e+01 -6.195321333000761849e-02 8.658483731107450426e-03
2.049092304363018535e-01 2.760417178248334991e-01 7.739120252452576842e+00 6.478080488115462998e+00 4.291452383844968077e-01 8.571974071454498967e-01 3.852902610277331719e-01 3.552333239739612569e+00 1.000000000000000000e+01 5.000000000000000000e+00 5.000000000000000000e+00 -3.042469954801567766e+01 6.009999999999872244e+01 2.341872175101988515e-02 -7.580093578957560752e-01 6.252302652624853074e+00
