3.452527248299124274e-01 3.133765417668989972e-01 5.167336530341857248e+00 5.290322916670660014e+00 1.058977440702176587e+00 6.796128439746429439e-02 5.835729277017878136e-01 2.855078960294128887e+00 5.000000000000000000e+00 9.000000000000000000e+00 4.000000000000000000e+00 -5.041394124344824377e+02 2.700900000000045225e+02 2.306840077715501280e+01 8.846587009359854759e-02 9.129872157930518303e-03
6.982066501454955443e-01 2.176546987158053170e+00 3.692099859840516807e+00 5.443769612966647742e+00 1.344211888685041156e+00 8.109946831983001481e-01 5.639069851652144250e-01 2.742415648083479152e+00 8.000000000000000000e+00 7.000000000000000000e+00 3.000000000000000000e+00 -1.918242280021562749e+02 1.333499999999934857e+02 2.214163415822376080e-02 -1.000495701591191944e+00 4.436443975345362445e-02
1.437636642525938147e+00 1.544734280257711756e+00 6.742065555334871618e+00 5.841607213573665192e+00 2.253188533256726078e+00 3.578932849912465075e-01 4.615127561639304488e-01 3.567532600688742228e+00 6.000000000000000000e+00 4.000000000000000000e+00 3.000000000000000000e+00 -2.183266319705673595e+03 3.691999999999939064e+01 1.030039498160462941e+01 -1.437622897559499124e+00 9.646852802545591299e-02
1.432914170228331008e+00 1.838279768770856526e+00 4.636621496128300102e+00 4.802610349320961092e+00 2.000233982543655920e+00 1.176435139698440935e+00 5.165846091679844321e-01 2.284281360906434966e+00 7.000000000000000000e+00 1.400000000000000000e+01 5.000000000000000000e+00 -5.154905257857792549e+02 4.201399999999720194e+02 1.908878286161207427e+01 -1.741800404717858131e-01 6.240070010314137328e+00
5.455357433878045281e-01 1.037368938802671892e+00 6.228488212964734316e+00 5.624751740019089397e+00 1.389480805333241253e+00 1.402841314719668997e+00 3.650209106757687505e-01 3.820430962696337751e+00 1.000000000000000000e+01 1.000000000000000000e+01 5.000000000000000000e+00 -2.273095315876570567e+03 7.360000000000009379e+01 1.476845724228566503e+01 -5.114997017391915257e+00 1.195503746065563089e+00
1.619442897846265828e+00 2.335556248158496828e+00 9.125752978298489637e+00 7.670600359995980000e+00 1.925762001919178568e+00 4.752608489985731266e-01 6.592184727914529585e-02 2.980376573118224570e+00 4.000000000000000000e+00 8.000000000000000000e+00 4.000000000000000000e+00 -3.818056196119181323e+02 2.400800000000151329e+02 1.636035122574440948e+01 -1.442209017630234902e-01 2.777916599182298461e-03
6.128904384128619487e-01 8.961386950543378527e-01 9.138246369461969110e+00 7.152969700172910450e+00 1.736355063473114857e+00 9.757520027330255363e-01 4.352228735774552049e-01 2.000243666605030946e+00 6.000000000000000000e+00 1.800000000000000000e+01 5.000000000000000000e+00 -6.930282084484138068e+02 5.401800000000090449e+02 2.643363802802557672e+01 5.444993952872206888e-02 6.592956702951818793e-03
7.061167460392481221e-01 1.423519985517676556e+00 1.256289698672214072e+00 5.098396665824044049e+00 2.302025887872123366e+00 9.401868543620705010e-01 4.591393774052092702e-01 2.425065243303331730e+00 1.000000000000000000e+01 1.000000000000000000e+01 4.000000000000000000e+00 -2.538865837278436288e+02 3.000999999999997385e+02 6.489786482990234084e+00 -2.405374576645741502e+00 8.261786452866610661e-03
1.269732386585549655e+00 1.073893328579981432e+00 8.250430871328777727e+00 6.958402212085896821e+00 2.240019363191644075e+00 1.030054056261162199e+00 2.085360440176055874e-01 2.927995113899505064e+00 7.000000000000000000e+00 1.000000000000000000e+01 5.000000000000000000e+00 -2.722855871741098781e+02 3.000999999999997385e+02 7.639724198381876441e+00 -1.431119334780375674e+00 6.098810148175287438e+00
6.785658634892564045e-01 1.190673058248738370e+00 8.368091533150284533e+00 8.628458971883723905e+00 2.639200224749382873e+00 3.984075781382252490e-01 5.894109615663629675e-01 2.598791623879491475e+00 8.000000000000000000e+00 1.400000000000000000e+01 3.000000000000000000e+00 -6.229875011021383671e+02 4.201399999999720194e+02 2.580734381888452234e+01 4.944876165305929494e-02 7.324738498567799627e-02
3.904634308712466861e-01 8.082683282092759658e-01 6.169408171875237379e+00 6.586036207151909849e+00 1.435105146146544275e+00 4.715684011833394251e-01 7.545646322185355359e-01 3.187184642615747077e+00 7.000000000000000000e+00 1.700000000000000000e+01 1.000000000000000000e+00 -5.487167559208870671e+02 5.101700000000154773e+02 1.835198474505495625e+01 4.582222404170810393e-02 5.069378786039179310e-03
1.529833962712704998e-01 1.488119722223948171e+00 5.710950471840702036e+00 5.812310643386846110e+00 1.957978760892263637e+00 8.946732501825569450e-01 6.585677772196132373e-01 2.753835588347469887e+00 7.000000000000000000e+00 1.100000000000000000e+01 4.000000000000000000e+00 -5.073983653838461123e+02 3.301100000000244563e+02 2.139646033648961776e+01 -8.114455035495446444e-02 6.848041683313432770e-03
1.408065616517322871e+00 8.411123631844990012e-01 4.072443079050046322e+00 6.507651805434253589e+00 2.226894991556470416e+00 2.259486928016307683e-02 3.544392463991654085e-01 3.258002163184673172e+00 1.000000000000000000e+01 1.200000000000000000e+01 5.000000000000000000e+00 -5.728021467221442435e+02 3.601200000000105774e+02 2.454638417013368468e+01 -2.590460100584974779e-01 4.807663207379085646e-02
8.860597808548714704e-01 6.916388601171555850e-01 6.526038182149916267e+00 6.554281826967719660e+00 7.396480444794792941e-01 4.975387828890780462e-01 3.169787513507082988e-02 3.815326026659922931e+00 9.000000000000000000e+00 1.100000000000000000e+01 5.000000000000000000e+00 -2.310893473837919373e+03 5.224999999999978684e+01 1.779802961486996082e+01 -9.190768842104427572e-01 6.465820486728959260e-01
1.617914385365590624e+00 1.768720456555432197e+00 3.501122837089358786e+00 5.936033479629852394e+00 1.701262290217741668e+00 4.671674027585804856e-01 3.484021691727370307e-01 2.298862777660814594e+00 6.000000000000000000e+00 7.000000000000000000e+00 5.000000000000000000e+00 -1.142453498896565662e+02 2.100699999999860097e+02 5.756468681039725865e-01 -5.774415238852790289e-01 6.256349707214086564e+00
1.128701138887909128e+00 1.469769921192523032e+00 8.392271839773250974e+00 5.549452922184546111e+00 1.549774703965437705e+00 6.565635385771164678e-01 6.861218565044648887e-01 2.717571672431679186e+00 7.000000000000000000e+00 1.000000000000000000e+01 4.000000000000000000e+00 -4.419918378509447621e+02 3.000999999999997385e+02 1.824636486568405758e+01 -1.896888624373380128e-02 7.480398072200045503e-03
4.033142465563972490e-01 1.266078683122922932e+00 7.459585957312243387e+00 7.669066727584643139e+00 2.282743708828902651e+00 9.114404254970503994e-01 2.876042665678934518e-01 2.892907236660701820e+00 7.000000000000000000e+00 6.000000000000000000e+00 3.000000000000000000e+00 -1.821414970523542536e+02 1.800600000000052887e+02 5.756968565771975577e+00 -8.736875233536841590e-01 6.282513765074928536e+00
7.661420602454698248e-01 5.035810847529340606e-01 4.059815138370769461e+00 3.883804977072042419e+00 2.188376897869936499e+00 9.433870926986496208e-01 6.198660768442999514e-01 2.597852122057159541e+00 6.000000000000000000e+00 8.000000000000000000e+00 4.000000000000000000e+00 -4.504407232742153155e+02 2.400800000000151329e+02 2.065004520463798343e+01 -2.221108645789426211e-02 6.276147100580047322e+00
6.645742172433388717e-01 1.359263345725719940e+00 4.124202973974453457e+00 6.748215626836007175e+00 1.823107700901723582e+00 3.296191932875743302e-01 4.045356130589600197e-01 2.681199104147537593e+00 8.000000000000000000e+00 1.500000000000000000e+01 3.000000000000000000e+00 -6.255262744389511909e+02 4.501499999999774104e+02 2.502820465243515358e+01 -3.412915224364494043e-02 1.678959085308051255e-03
1.163296367644697016e+00 2.143768162932449872e+00 9.917680488875953770e+00 5.742215141177369198e+00 1.605998583150541670e+00 9.963096799326580655e-01 4.843244723789569828e-01 2.674071878103183586e+00 7.000000000000000000e+00 1.000000000000000000e+01 5.000000000000000000e+00 -4.266580911027883758e+02 3.000999999999997385e+02 1.728800569392428343e+01 -1.967132872787259387e-02 7.907356790747140443e-03
1.162431350957070730e+00 6.864082036554890465e-01 6.719043758064675131e+00 2.904974872461355329e+00 1.970169021930274100e+00 6.497009441455328105e-01 3.235151007102401444e-01 3.506387412855797692e+00 7.000000000000000000e+00 1.200000000000000000e+01 4.000000000000000000e+00 -4.463280822586457930e+02 3.601200000000105774e+02 1.664175514116503152e+01 -1.044795492503760026e-01 6.211112292240150885e-03
4.481816643624322860e-01 1.485659252692117294e+00 5.629260802169213207e+00 6.344616500095524358e+00 1.742665131384352195e+00 3.753911346193300469e-01 7.088320596614871016e-01 3.155915909914037698e+00 9.000000000000000000e+00 9.000000000000000000e+00 4.000000000000000000e+00 -5.298706392149813382e+02 2.700900000000045225e+02 2.467660245093619409e+01 2.510699474141859233e-01 6.279372366358852098e+00
2.290668901692638482e-02 5.369602510848822119e-01 5.753571861674497079e+00 4.792984056169445672e+00 1.848571253598863651e+00 3.154562896292973928e-01 6.848488358566204859e-01 3.351451969495665040e+00 8.000000000000000000e+00 7.000000000000000000e+00 5.000000000000000000e+00 -3.823561788202165417e+02 2.100699999999860097e+02 1.733257367626397283e+01 1.128471154671157051e-01 3.792895432866194572e-02
3.594145098213332168e-01 1.593562477880936745e+00 9.730166417184790362e+00 6.272701480518919404e+00 1.278390663403452310e+00 3.839633133240054619e-01 3.390214340251683778e-01 2.521507732799445733e+00 5.000000000000000000e+00 1.200000000000000000e+01 5.000000000000000000e+00 -4.851641346873253724e+02 3.601200000000105774e+02 1.906900841795750523e+01 -1.915195918339820946e-02 6.280094057088175141e+00
3.967162519673525511e-01 9.229991957516069379e-01 7.028151935791735916e+00 6.892487552923148186e+00 1.358223443273663955e+00 9.290207367565660457e-01 4.529177225533749240e-01 2.932546368602724662e+00 6.000000000000000000e+00 1.600000000000000000e+01 3.000000000000000000e+00 -6.539253427983893516e+02 4.801600000000302657e+02 2.586533392489839045e+01 7.015293809057984720e-02 6.279528832971219110e+00
6.129719074603703355e-01 1.765952108684277988e+00 5.181258594688871177e+00 6.378073428516161769e+00 1.273545318969674822e+00 1.362521640369398490e+00 4.987157573483498307e-01 2.304771185867196426e+00 9.000000000000000000e+00 1.000000000000000000e+01 4.000000000000000000e+00 -2.571118711370929191e+02 2.430999999999904730e+02 1.766727415839300375e-02 -9.713987014638123529e-01 1.164227682702279054e-02
1.071593340072160006e+00 1.435447542852711589e+00 5.068257169788199512e+00 8.177559079181428103e+00 1.616309915926229079e+00 4.083245934588472514e-01 6.604648307989615663e-01 3.108152656958852234e+00 5.000000000000000000e+00 1.100000000000000000e+01 3.000000000000000000e+00 -5.679097293985576016e+02 3.301100000000244563e+02 2.517842058740908939e+01 1.831507383008798562e-02 1.463615497103898377e-02
1.314656739370217320e+00 9.104902269563384110e-01 3.269675826677558739e+00 9.432837424396566917e+00 1.391599705514110719e+00 5.793322123599244922e-01 5.190592544504359918e-01 2.772397998078360626e+00 6.000000000000000000e+00 1.300000000000000000e+01 5.000000000000000000e+00 -4.354468645466052976e+02 3.901299999999891384e+02 1.502386653416316875e+01 -2.756926987353863545e+00 6.265699750344780328e-02
3.819493792471896354e-01 6.340049868787492882e-01 7.438397901645225296e+00 6.702960560405197832e+00 1.125157326773728927e+00 1.860928761811174725e-01 2.451969551521837598e-01 2.452148623852637321e+00 7.000000000000000000e+00 1.100000000000000000e+01 4.000000000000000000e+00 -3.730784597993036300e+02 3.301100000000244563e+02 1.300146623745571262e+01 -3.426602374601716572e-01 1.098119252295782361e-02
5.198904381474009906e-01 1.352718363318178740e+00 6.378807019392171540e+00 4.973920354027591806e+00 1.371519771875432170e+00 7.501298378672505152e-02 5.889209783975404289e-01 3.686279549500754094e+00 1.000000000000000000e+01 1.600000000000000000e+01 4.000000000000000000e+00 -6.347839885237057160e+02 4.801600000000302657e+02 2.466899928273065967e+01 -1.720557183428198522e-01 1.259459399075516656e-03
1.259929369315415215e+00 1.816429119328334840e+00 3.692433269044024691e+00 5.194746452559712679e+00 2.287929511521864967e+00 4.385306417061335393e-01 5.838896465464593621e-01 2.491275046713405494e+00 5.000000000000000000e+00 1.300000000000000000e+01 5.000000000000000000e+00 -5.574035713234633249e+02 3.901299999999891384e+02 2.264616070771679546e+01 4.084638933221368395e-02 6.840219721977820744e-02
9.592813409272610281e-01 1.320810112432147854e+00 6.457830559709439200e+00 5.706256550106042269e+00 1.791202646101905938e+00 8.038765356916004468e-01 3.082387243589528314e-01 3.513014556044872894e+00 1.000000000000000000e+01 1.100000000000000000e+01 3.000000000000000000e+00 -2.398658092419567311e+03 3.695999999999986585e+01 2.376113077622295222e+01 -3.355878431304390563e+00 1.428270811838497689e+00
5.520640935192620002e-01 1.717349203501806088e+00 5.463840818977306668e+00 7.056822662163736659e+00 1.085413955544054287e+00 5.862777541720145535e-01 4.541202446337770926e-01 2.075492905357124052e+00 5.000000000000000000e+00 1.600000000000000000e+01 4.000000000000000000e+00 -5.791497609765889365e+02 4.801600000000302657e+02 2.119186006103586095e+01 -4.764533416091792373e-01 6.272129032255732817e+00
8.489774777588450227e-01 7.359958592505566610e-01 6.185155369245229018e+00 4.658098311493500177e+00 1.496538125152577559e+00 5.046031082784553368e-01 4.313926125435745274e-01 3.012781063208554322e+00 1.000000000000000000e+01 1.800000000000000000e+01 5.000000000000000000e+00 -4.102382918867137960e+02 5.401800000000090449e+02 8.759268242919327818e+00 -5.748948483264280235e-02 6.276723953898857289e+00
3.418380429514945029e-01 1.205591432322965284e+00 3.575673940798153705e+00 7.145070128258116604e+00 1.874729973887430345e+00 4.029252763459626463e-01 5.375700051547447345e-01 3.790933706293596828e+00 8.000000000000000000e+00 9.000000000000000000e+00 4.000000000000000000e+00 -5.246974426490500036e+02 2.700900000000045225e+02 2.435327766556548568e+01 -5.478977845418190468e-02 6.281118256698943192e+00
1.061259468030130604e+00 1.286961626615881427e+00 5.281425179572336148e+00 4.337526494682127698e+00 2.099742787042505832e+00 7.238090378679228332e-01 2.788761139761082308e-01 2.199500754153436599e+00 4.000000000000000000e+00 1.500000000000000000e+01 4.000000000000000000e+00 -6.122596930025795245e+02 4.501499999999774104e+02 2.419904331266192443e+01 -5.935685740131606547e-01 2.710353998963195912e-02
5.090649019497722749e-02 4.069699124611220187e-01 7.388334236603274263e+00 8.358851184139723500e+00 5.895592089531367375e-01 1.401344491909975787e+00 2.129736166192591762e-01 3.371147761325905545e+00 8.000000000000000000e+00 6.000000000000000000e+00 5.000000000000000000e+00 -2.356263015549895499e+03 1.883999999999998209e+01 2.167768847186846415e+01 -2.273978265809300847e+00 5.293422997957791587e+00
6.271015229920102740e-01 1.410120315724198381e+00 6.688295611765521897e+00 5.203381226576557772e+00 2.415675431876191048e+00 1.010306645226046185e-01 4.604281696124100376e-02 2.603043268201145732e+00 9.000000000000000000e+00 1.400000000000000000e+01 5.000000000000000000e+00 -5.702508825273882849e+02 4.201399999999720194e+02 2.251130515796264575e+01 3.340123031416303984e-02 6.265922075680447456e+00
3.723211531115563355e-01 1.045100672905533212e+00 5.544222936742554175e+00 7.208305569894368325e+00 2.245890902239776388e+00 8.696796511830754417e-01 5.137090467104579172e-01 3.032641260153667861e+00 1.000000000000000000e+01 1.500000000000000000e+01 4.000000000000000000e+00 -6.415181365687622019e+02 4.501499999999774104e+02 2.602769603554834532e+01 5.814713365471874118e-02 7.829830086982347837e-03
1.546222045345678087e+00 1.557935557386195269e+00 5.462230836423632496e+00 9.171726074117565020e+00 7.663099918316511605e-01 3.420287837259182728e-01 3.924445731789711900e-01 2.921303772833071299e+00 6.000000000000000000e+00 1.100000000000000000e+01 5.000000000000000000e+00 -2.793532535344342023e+02 3.049200000000213322e+02 2.181181469479752735e-02 -1.064496681883046358e+00 4.086271094693761513e-02
1.491112969238253205e+00 6.938950112761572697e-01 8.216809698410550311e+00 6.671555498665780348e+00 1.928838622071584297e+00 1.044896249312817993e+00 4.874190294070746554e-01 2.425105579494887920e+00 7.000000000000000000e+00 1.400000000000000000e+01 5.000000000000000000e+00 -5.056724879605332603e+02 4.201399999999720194e+02 1.847515549753420316e+01 1.394500413081303236e-01 4.036173215924015317e-02
4.730219184962709544e-01 1.349759427049509464e+00 6.369350859545777510e+00 9.899613739804371093e+00 2.031934575482177596e+00 1.426408766626645175e+00 6.271879594532516755e-01 2.228947086382960574e+00 5.000000000000000000e+00 1.700000000000000000e+01 3.000000000000000000e+00 -6.948039384096252888e+02 5.101700000000154773e+02 2.748243365060109511e+01 -1.389260753380889279e-01 3.784202716352011442e-02
3.198435266705362823e-01 2.813116672718285916e+00 6.062406343750635251e+00 5.758402589603446309e+00 1.066372953724097794e+00 1.025994839516551238e+00 6.137840332759111339e-01 3.105717812525210064e+00 8.000000000000000000e+00 1.400000000000000000e+01 4.000000000000000000e+00 -6.099520167063233202e+02 4.201399999999720194e+02 2.499262604414608191e+01 2.525801865816423852e-01 6.280025264239468719e+00
1.068521639011935642e-01 7.872604684217225923e-01 5.995691667943774839e+00 4.406493369088432033e+00 1.456609741138892300e+00 8.771007631435182583e-01 4.778056560526894314e-01 2.293485443030089499e+00 8.000000000000000000e+00 1.000000000000000000e+01 5.000000000000000000e+00 -4.359781938412519366e+02 3.000999999999997385e+02 1.787051211507825599e+01 7.583721967473330827e-02 2.303036294651445229e-03
1.134794391000003566e-01 2.162396923443075991e+00 1.275382469099711757e+00 7.607459696582420605e+00 2.305277008938539041e+00 5.420927787656298902e-01 3.076169003267685831e-01 2.325865211854646120e+00 4.000000000000000000e+00 1.800000000000000000e+01 4.000000000000000000e+00 -5.381876973347175408e+02 5.401800000000090449e+02 1.675610608341956365e+01 -4.105936772250154410e-02 6.282457405073529344e+00
2.147038594688619906e+00 1.280791056453344900e+00 5.763225313109739290e+00 7.708163100894527275e+00 1.235242793715936926e+00 2.292152915181692729e-01 1.675980856248922013e-01 2.288111933919100061e+00 6.000000000000000000e+00 1.500000000000000000e+01 5.000000000000000000e+00 -3.464791279776566171e+02 4.501499999999774104e+02 7.587757998604242715e+00 -1.037374712986160352e+00 6.258497146827420643e+00
1.755246836341458394e+00 9.332088413689552109e-01 6.116483331829324577e+00 4.391296301389750134e+00 1.998070112377725582e+00 1.499243236809287838e-01 2.163994139344937451e-01 3.634967793297231076e+00 1.000000000000000000e+01 2.000000000000000000e+01 4.000000000000000000e+00 -4.834871133599336304e+02 6.001999999999994770e+02 1.146169458499586824e+01 1.305810737721464082e-02 2.495670293984030008e-02
2.049092304363018535e-01 2.760417178248334991e-01 7.739120252452576842e+00 6.478080488115462998e+00 4.291452383844968077e-01 8.571974071454498967e-01 3.852902610277331719e-01 3.552333239739612569e+00 1.000000000000000000e+01 5.000000000000000000e+00 5.000000000000000000e+00 -3.042469954801567766e+01 6.009999999999872244e+01 2.341872175101988515e-02 -7.580093578957560752e-01 6.252302652624853074e+00
