2.912307134439172662e-01 1.848526622541615927e+00 6.191164320100017271e+00 1.827483643137389979e+00 1.789834535552986772e+00 1.624016552658712254e+00 1.860475956526051189e-01 3.060126816849717102e+00 8.000000000000000000e+00 1.600000000000000000e+01 1.000000000000000000e+00 -2.473065009550439754e+03 2.705599999999975012e+02 2.111156309690254318e+01 -5.807859307261371562e+00 1.632508847236127769e+00
8.914042359246704406e-01 1.938883175855734331e+00 5.329274226771325118e+00 2.518913250638540546e+00 1.872357431926202853e+00 1.454425249794354391e-01 2.965269404691828203e-01 2.302416221672649588e+00 6.000000000000000000e+00 6.000000000000000000e+00 4.000000000000000000e+00 -4.281602867458440187e+02 1.800600000000052887e+02 2.113314292161508590e+01 5.713609929732001158e-03 6.283093571098578245e+00
4.621040180479070170e-01 1.183993359930024969e+00 5.772013669619807885e+00 2.378789070530701100e+00 1.659913227478444053e+00 6.407982034113451908e-01 3.598457694888677616e-01 2.721404145441750799e+00 6.000000000000000000e+00 1.300000000000000000e+01 2.000000000000000000e+00 -5.518335196192671219e+02 3.901299999999891384e+02 2.229803247620453277e+01 6.885957073614537571e-02 6.280471365150510188e+00
1.260038716367264944e-01 2.388698660572340593e+00 8.722826089763108470e+00 3.498800847734299779e+00 8.188780503469459404e-01 1.676722087829920937e+00 4.959531644350340662e-01 2.353914049504702621e+00 8.000000000000000000e+00 1.200000000000000000e+01 4.000000000000000000e+00 -4.358964386482392115e+02 3.601200000000105774e+02 1.598977741551462017e+01 8.122514793580945525e-02 2.955368534577026626e-02
9.316889485337306320e-01 2.048688858429952298e+00 5.692898440141767047e+00 4.413223521392436233e+00 9.184382788694062105e-01 1.538167302399317649e+00 3.099523399495238141e-01 2.212688469315267525e+00 6.000000000000000000e+00 1.100000000000000000e+01 4.000000000000000000e+00 -1.935168312871603291e+02 3.301100000000244563e+02 1.778864455446755644e+00 -5.366693269757265572e-01 2.328237451914498893e-02
6.712652576079872757e-01 1.782965820210423491e+00 7.927992277663197029e+00 4.542646901371970358e+00 1.579135092029014809e+00 1.206219319733918383e+00 1.546436943195175773e-01 2.585674150774455171e+00 8.000000000000000000e+00 1.400000000000000000e+01 4.000000000000000000e+00 -3.315646823360470989e+02 4.201399999999720194e+02 7.593417646003819854e+00 -1.719722963236122171e+00 6.277282322511477552e+00
1.249979429035555700e+00 2.019114462638608831e+00 7.270195155021105471e+00 1.932432488934366255e+00 1.045230060385940574e+00 1.130037356389659520e+00 4.366754367459004249e-01 3.472540742601375463e+00 9.000000000000000000e+00 1.400000000000000000e+01 3.000000000000000000e+00 -2.198186303089244120e+03 1.532999999999980218e+02 7.596018943077819330e+00 -3.484583663137497567e+00 5.721528042880207110e+00
1.182868489979205018e+00 1.295096443552701704e+00 6.355378693793944045e+00 4.996122248072336625e+00 9.080717445416357503e-01 6.926752141587343425e-01 1.426715053309536296e-01 2.817795379126385225e+00 6.000000000000000000e+00 1.300000000000000000e+01 2.000000000000000000e+00 -3.246884410517478159e+02 3.762199999999896249e+02 1.993212587945931286e-02 -1.004274581899560426e+00 8.422717073405265945e-03
4.785015178215900611e-01 1.686196523754654786e+00 3.437755736377382743e+00 4.729358265316320420e+00 1.961939392747794830e+00 2.444540574667212196e-01 2.201589726601633767e-01 2.918982399563093910e+00 5.000000000000000000e+00 1.000000000000000000e+01 3.000000000000000000e+00 -4.998032136482150918e+02 3.000999999999997385e+02 2.185957585301344963e+01 6.527612653925431163e-02 6.275945700448010811e+00
8.765429427421083108e-01 1.572653340845887371e+00 8.109877017416559752e+00 2.816755358064200632e+00 2.076909445325555659e+00 5.327949382133672085e-01 6.724347409864468439e-01 2.883693947449551320e+00 4.000000000000000000e+00 1.600000000000000000e+01 3.000000000000000000e+00 -6.799920790343096542e+02 4.801600000000302657e+02 2.749450493964340936e+01 6.438768760977242600e-02 5.512392587988301784e-03
7.493423530672860267e-01 1.648994522495684789e+00 2.303778042800844972e+00 5.266886333654286823e+00 1.094315460556578579e+00 7.035957501123606406e-01 2.404694744343917612e-01 2.244327059499924282e+00 7.000000000000000000e+00 1.400000000000000000e+01 5.000000000000000000e+00 -3.379906966325324902e+02 4.201399999999720194e+02 7.995043539534154142e+00 -8.049588955064888030e-01 1.563144878531972509e-02
1.232029310677166700e+00 7.841916654947252985e-01 7.219563680974319553e+00 3.214623953199147177e+00 2.011037177173025547e+00 3.993570720158974852e-01 4.867473098588369629e-01 2.216552466355748319e+00 5.000000000000000000e+00 1.200000000000000000e+01 3.000000000000000000e+00 -5.811842680631666553e+02 3.601200000000105774e+02 2.507026675394758186e+01 1.979791724720763035e-01 6.257390127158886095e+00
1.656352501049057624e-01 9.498777829906723813e-01 5.290151343578962440e+00 3.286336701865894216e+00 2.064413052902315027e+00 4.627429210356204803e-01 2.537710239166696136e-01 2.235453567504602113e+00 9.000000000000000000e+00 1.100000000000000000e+01 2.000000000000000000e+00 -5.490945853099010492e+02 3.301100000000244563e+02 2.400247408186805131e+01 -7.469680005698028924e-02 6.278202052460479798e+00
1.289953809546416030e+00 2.139105796044361352e+00 4.912541110724347959e+00 3.837185296081151442e+00 1.808233020576279548e+00 1.227426355386211920e+00 4.127436825972236045e-01 2.776734761883921543e+00 5.000000000000000000e+00 1.400000000000000000e+01 5.000000000000000000e+00 -2.381617514644573475e+03 2.577399999999878446e+02 1.579671966528621141e+01 -3.126896682776273639e+00 1.630789868906993512e+00
1.150839548694901016e+00 2.036376832270549553e+00 6.503859384665813259e+00 2.914536824239535306e+00 1.411538064751429733e+00 1.108181329431609186e+00 4.678072082845659563e-01 2.056956424189134491e+00 1.000000000000000000e+01 1.100000000000000000e+01 5.000000000000000000e+00 -2.346127492890566941e+02 2.918300000000197088e+02 1.854990160818945424e-02 -1.175911758616312808e+00 1.654109608335048442e-01
1.135012829899338715e+00 1.162997284178130419e+00 7.608813967927240185e+00 6.000799510296794814e+00 2.798673553748733056e+00 1.251871175371843892e+00 9.020703008615167384e-01 2.850089318394768867e+00 4.000000000000000000e+00 1.500000000000000000e+01 3.000000000000000000e+00 -6.750662008175555684e+02 4.501499999999774104e+02 2.812445005109792717e+01 2.633885305163395363e-01 6.200992713036490578e+00
6.897416422288820126e-01 2.041507459696218163e+00 4.818864237679353124e+00 3.778752967917421213e+00 9.979091679238074608e-01 1.394435012460333745e+00 4.496890097480646387e-01 3.341506405503288590e+00 9.000000000000000000e+00 9.000000000000000000e+00 4.000000000000000000e+00 -2.391733980306178637e+03 2.717999999999996419e+01 2.363399876913615572e+01 -3.109229845422358363e+00 6.907863646929042201e-01
3.840759720450326320e-01 2.320309971960420548e+00 5.430360834717133933e+00 3.663033501978555151e+00 9.162619716624268440e-01 2.874272376782330607e+00 6.729651091595648671e-01 2.501415308039200536e+00 1.000000000000000000e+01 1.100000000000000000e+01 4.000000000000000000e+00 -2.290637580186249124e+03 8.898999999999959698e+01 1.538391126164056999e+01 -1.081168125089424059e+00 5.901518525331501230e+00
8.203365069331667314e-01 1.848554782633571536e+00 5.196459891231713257e+00 2.705870987484339629e+00 2.123591318643097470e+00 1.636433387970765096e+00 9.260574183626621436e-02 2.412667051959949127e+00 6.000000000000000000e+00 9.000000000000000000e+00 4.000000000000000000e+00 -3.033688202714288877e+02 2.700900000000045225e+02 1.052023876696416416e+01 6.885219274588359750e-02 2.602434082332466623e-03
1.040669053510179687e+00 6.489057122796009214e-01 7.445367369164615390e+00 3.952416871650866526e+00 2.139641219221504631e+00 3.951822297945283280e-01 7.518092746137612359e-01 2.305124596924525981e+00 6.000000000000000000e+00 1.100000000000000000e+01 3.000000000000000000e+00 -5.556785393368121504e+02 3.301100000000244563e+02 2.441397120854999514e+01 9.085613028166533711e-02 3.840186291942031954e-03
1.168604626694708548e+00 2.893514511857068872e+00 8.869283252228344239e+00 2.134718052568622237e+00 9.636806762769236645e-01 1.588238058100648775e+00 4.782897199428669532e-01 2.422425240607465557e+00 1.000000000000000000e+01 1.300000000000000000e+01 5.000000000000000000e+00 -2.822313980546666130e+02 3.901299999999891384e+02 5.447899878417002739e+00 -1.147527265325446910e+00 6.176731482599117307e+00
7.288612172403458045e-01 2.502001105883631560e+00 6.468140821751271474e+00 4.033513266274333375e+00 1.876055231940530366e+00 1.351406204167683978e+00 3.210922047410407210e-01 2.876654394744307286e+00 6.000000000000000000e+00 1.200000000000000000e+01 3.000000000000000000e+00 -4.514477354640541193e+02 3.601200000000105774e+02 1.696173346650305191e+01 1.396224420415426160e-01 6.267632956926833643e+00
3.193279191996762911e-01 2.153222350997191281e+00 2.775372817175910001e+00 1.577918575245742083e+00 2.966165196114030067e+00 1.198171934356784707e+00 3.979003825231411384e-01 2.523761565213578084e+00 5.000000000000000000e+00 7.000000000000000000e+00 3.000000000000000000e+00 -5.114823575437642376e+02 2.100699999999860097e+02 2.540295984648570382e+01 -2.445919264467250401e-02 2.586193185129689529e-02
1.675503039564242291e+00 1.610166157830692724e+00 8.325284182077243855e+00 3.096379567586885262e+00 1.956716774598947772e+00 8.372095010926363656e-01 4.338872423006524537e-01 4.449368426277013455e+00 6.000000000000000000e+00 1.000000000000000000e+01 3.000000000000000000e+00 -2.396504628298704120e+03 2.760000000000012221e+01 2.391903926866900321e+01 -3.766058066673870108e+00 1.780948281130905642e+00
8.063193057068104297e-01 2.134941512693772303e+00 7.805269985162644808e+00 6.465166191287699426e+00 2.047102967522153705e+00 2.074773595724753505e+00 3.514545308386650690e-01 2.942081846527702105e+00 1.000000000000000000e+01 1.300000000000000000e+01 4.000000000000000000e+00 -6.627863045698788937e+02 2.545399999999938814e+02 -1.136540254183408122e-02 -6.220315962950662581e+00 4.598745980245807274e+00
2.105080231134404956e-01 1.664581370880424016e+00 5.747888412940476144e+00 2.882584476487668024e+00 9.458426912645032658e-01 1.008123534416679012e+00 2.177506396177741332e-01 2.944956111395967024e+00 6.000000000000000000e+00 1.100000000000000000e+01 5.000000000000000000e+00 -2.181484296235172167e+02 3.301100000000244563e+02 3.318339351469061782e+00 -3.827960287317590526e-01 6.259745047039888988e+00
1.252995977310035425e+00 1.024612318433174574e+00 5.408978065292093795e+00 1.745326540815140604e+00 1.670009575315403616e+00 6.766516678541529828e-01 5.497212183585430401e-01 2.391251920610281800e+00 7.000000000000000000e+00 1.500000000000000000e+01 1.000000000000000000e+00 -5.734357743722453051e+02 4.501499999999774104e+02 2.177254839826603927e+01 -1.378978523729694095e+00 6.100597189948143040e+00
6.787832899828070143e-01 2.498694377094469399e+00 4.304554430472871118e+00 3.882374982429777965e+00 6.488243834598296234e-01 1.669360113039349613e+00 5.515310497706107373e-01 2.275348035912890587e+00 8.000000000000000000e+00 1.000000000000000000e+01 5.000000000000000000e+00 -2.274316118082247726e+02 2.300999999999912120e+02 1.430712635521628855e-02 -1.079777703227807528e+00 8.651838511786130725e-02
5.639740387949714329e-01 1.259963322826925136e+00 6.551380456792973206e+00 4.565314535830847120e+00 2.204484483911803405e+00 1.114813054270794801e+00 7.159616686337109126e-01 3.609747858278701482e+00 3.000000000000000000e+00 1.300000000000000000e+01 4.000000000000000000e+00 -6.322203442457325764e+02 3.901299999999891384e+02 2.732220901535862367e+01 3.471473411815728660e-02 6.278932037603784266e+00
8.323569607746635901e-01 2.054919778836090671e+00 3.226415202206703636e+00 2.918449953808011976e+00 1.378896550836092416e+00 6.565080720614346887e-03 2.404570466144394514e-01 2.238384759158717152e+00 4.000000000000000000e+00 8.000000000000000000e+00 4.000000000000000000e+00 -4.825447290413013661e+02 2.400800000000151329e+02 2.265654556508086159e+01 -4.910870804005724316e-02 6.281200504741413226e+00
1.810824009030724824e-01 2.082464776290752884e+00 6.583189094002245945e+00 3.631811981259286615e+00 2.129720013102344822e+00 1.190784323887302598e+00 3.405428914512307337e-01 2.669499803817271921e+00 7.000000000000000000e+00 1.100000000000000000e+01 4.000000000000000000e+00 -5.164344505772146476e+02 3.301100000000244563e+02 2.196121566107515122e+01 2.714986445889729788e-02 1.192649459261081561e-02
1.021471221326203604e+00 1.658340470331991279e+00 5.621793078422867573e+00 5.131831066988924661e+00 1.412347251116947700e+00 1.833653615801104086e-01 2.588760182179862812e-01 3.268270401134010683e+00 7.000000000000000000e+00 1.500000000000000000e+01 2.000000000000000000e+00 -5.040203165988331193e+02 4.501499999999774104e+02 1.743408228742777411e+01 -1.861682822170373230e-01 1.937908794740077212e-02
1.067917797426454429e+00 7.677324109898306936e-01 1.939784044578463984e+00 6.671251680584632915e+00 2.403149620929888375e+00 9.067851318331403565e-01 4.282519230792652398e-01 3.141777693677281658e+00 9.000000000000000000e+00 1.700000000000000000e+01 1.000000000000000000e+00 -2.305372816035956930e+03 1.601399999999987358e+02 1.408142600224734764e+01 -2.203341687612948352e+00 5.575948639589327627e-01
1.436367334331670964e+00 2.268993373647792300e+00 6.558158796519098388e+00 2.398288140139455127e+00 2.697552019578590699e-01 1.633536094387142867e+00 4.292720628249755976e-01 2.171961116525321422e+00 7.000000000000000000e+00 1.200000000000000000e+01 5.000000000000000000e+00 -2.379583576943041408e+03 5.735999999999954468e+01 2.193147355894012307e+01 -1.132483500400410570e+00 4.009733238469908034e-01
2.473829103979335864e-01 8.335197842138328816e-01 3.817754150008797254e+00 4.755030657007523587e+00 2.272505924510934694e+00 8.368346155899255567e-01 1.330942098577949373e-01 3.250828108469415056e+00 3.000000000000000000e+00 1.600000000000000000e+01 3.000000000000000000e+00 -2.483308835767874371e+03 2.175999999999960721e+02 2.340680223549226824e+01 1.637483479507687023e-02 6.216180688644969088e+00
9.513304132423759940e-01 2.892326786048066811e+00 6.836258503241378293e+00 1.800136307113777256e+00 1.594931561948768728e+00 1.764502788437224412e+00 5.472768081643150095e-01 2.110207010661588445e+00 9.000000000000000000e+00 1.500000000000000000e+01 5.000000000000000000e+00 -6.011030648333869522e+02 4.501499999999774104e+02 2.350175405208739221e+01 -6.161379775638607947e-01 1.417735808325100155e-01
1.351822242465314239e-01 2.023224647635738283e+00 7.299068805684746586e+00 5.440043227413967841e+00 1.422517848959693243e+00 2.146512188365611529e+00 2.484243763125187909e-01 2.536503089452031290e+00 9.000000000000000000e+00 9.000000000000000000e+00 4.000000000000000000e+00 -2.605423148316582456e+02 2.561400000000083992e+02 1.516360744049660876e-02 -1.004066890337334206e+00 2.129510008670319754e-02
3.658108666610204729e-01 5.952779886066190684e-01 8.815051489244099869e+00 6.055232365798273619e+00 8.171805626877983730e-01 7.664727800963863080e-01 2.123470088223873287e-01 3.452183414931333516e+00 1.000000000000000000e+01 5.000000000000000000e+00 5.000000000000000000e+00 -3.381880083219118660e+01 6.684999999999834586e+01 2.461255201200067064e-02 -9.001764514340498957e-01 1.395639837768225533e-02
3.111635728326689332e-01 2.219450070270104103e+00 8.232391409037777663e+00 5.527236787189067080e+00 1.074011273948561884e+00 1.278552522045054207e+00 3.193857635921550364e-01 2.359171427294155521e+00 8.000000000000000000e+00 2.000000000000000000e+01 3.000000000000000000e+00 -5.976549756323512383e+02 6.001999999999994770e+02 1.859718597702196874e+01 4.834365238195764691e-02 6.476035373592203825e-03
4.260572448361052422e-01 2.324151475329848004e+00 7.650928253292660131e+00 2.916051898110059604e+00 1.864541171999743452e-01 2.344157262874573266e+00 4.617479736299334170e-01 2.248408492946377901e+00 1.100000000000000000e+01 1.400000000000000000e+01 3.000000000000000000e+00 -2.301497710907263809e+03 1.250200000000004650e+02 1.493673193170397973e+01 -4.166134636353100440e-01 6.268147393015622626e+00
5.111728445724375014e-01 1.271426344397971864e+00 6.506405333610548070e+00 4.780275651627736266e+00 2.118782081412692087e+00 7.560183551967635252e-01 1.229554697768164007e-01 2.326314186919243188e+00 4.000000000000000000e+00 1.000000000000000000e+01 4.000000000000000000e+00 -4.877662123934504734e+02 3.000999999999997385e+02 2.110726327459066098e+01 -6.700484162398681054e-01 3.250446920662021510e-02
1.992199148296854627e+00 2.499812287607556360e+00 6.889742288312216800e+00 2.394260196255509676e+00 2.092679167053132172e+00 1.449485477724519744e-01 3.300613888112367555e-01 3.305582286715227358e+00 3.000000000000000000e+00 1.300000000000000000e+01 2.000000000000000000e+00 -6.121779629776926868e+02 3.901299999999891384e+02 2.606956018610613413e+01 3.943424963856460158e-02 6.280104043695330596e+00
5.997287641444314366e-01 1.968736404431105980e+00 4.379132677751174541e+00 1.263572706083206931e+00 1.179021116573455652e+00 2.052078084704113792e+00 4.843044723106653127e-01 2.476104664526932453e+00 5.000000000000000000e+00 1.200000000000000000e+01 2.000000000000000000e+00 -5.745874415224360519e+02 3.601200000000105774e+02 2.465796509515192270e+01 -5.968632181805608172e-02 6.266996137576580139e+00
9.726708676472496373e-01 2.017634982061886184e+00 7.566125878127076376e+00 8.621465531739206156e+00 2.116600894552280288e+00 1.624921046053021456e+00 4.487098559619737692e-01 3.644077947426276332e+00 7.000000000000000000e+00 1.400000000000000000e+01 3.000000000000000000e+00 -2.418221825106419601e+03 1.762599999999957845e+02 2.063073906915134614e+01 -3.760250298321392126e+00 4.902029875000831538e+00
9.592224956636723476e-01 1.063223701175113778e+00 6.918392108738085078e+00 3.380945946332119867e+00 2.109931282356115378e+00 2.325047191785433176e-01 6.315047447089712218e-01 2.368596795740071315e+00 8.000000000000000000e+00 2.000000000000000000e+00 2.000000000000000000e+00 -2.383789318716926573e+03 5.519999999999970264e+00 2.381433241980792204e+01 -2.291879544780237143e+00 6.274126041167344070e+00
1.452662391699577782e+00 2.343900398928813633e+00 4.946226936048151224e+00 3.037623083788620448e+00 1.933225662112036725e+00 4.259878067060382523e-01 8.653087746658541524e-02 2.484959207479096488e+00 4.000000000000000000e+00 1.000000000000000000e+01 2.000000000000000000e+00 -4.307844299218111246e+02 3.000999999999997385e+02 1.754590187011320168e+01 -3.092844078095458027e-02 6.276153472583284376e+00
6.896699054890235159e-01 2.553822532421466729e+00 6.934594642608015391e+00 4.353194145268755477e+00 1.773116860055053978e+00 2.138689220000145941e+00 4.519244245270354066e-01 3.180856510656818070e+00 1.000000000000000000e+01 1.500000000000000000e+01 4.000000000000000000e+00 -2.383417806729711174e+03 2.208000000000054968e+02 1.706361292060680057e+01 -6.723536909594289845e-01 9.397845255690612243e-02
1.167138884096218243e-01 5.942030763580458119e-01 9.910543548681427950e+00 5.514209225505021017e+00 1.196667996248930610e+00 1.983729716694790923e-01 1.554863097578252917e-01 3.623991948677041997e+00 1.100000000000000000e+01 7.000000000000000000e+00 5.000000000000000000e+00 -1.188340294330851492e+02 2.100699999999860097e+02 8.624393395682591335e-01 -3.230240496598626998e-01 3.877025619511087484e-03
