6.413630231555145222e-01 9.268889189604198053e-01 6.549453424344777730e+00 8.167169047714542884e+00 4.454884403086598610e-01 7.273402697548159157e-01 4.138056133505535472e-01 3.775405711519176588e+00 7.000000000000000000e+00 5.000000000000000000e+00 4.000000000000000000e+00 -2.293872474672102726e+03 1.955000000000014282e+01 1.775609216700641113e+01 -1.055859162891137126e+00 6.197684379361233731e+00
1.997896808104185684e+00 1.878937792278186025e+00 5.883268270024072599e+00 4.380598838133199280e+00 2.541130666989201536e+00 3.481461723148768783e-01 3.088722414911720393e-01 2.912657198250151680e+00 7.000000000000000000e+00 1.400000000000000000e+01 4.000000000000000000e+00 -5.070393210092536833e+02 4.201399999999720194e+02 1.856058256307922960e+01 -3.287467272191638840e-02 5.921334808414648911e-03
7.871023979513623869e-01 1.833090431602854897e+00 8.294084447877033028e+00 5.809854611235778066e+00 2.892959387087354006e+00 3.612752093065273451e-01 4.583529919183756962e-01 3.178277932173025455e+00 8.000000000000000000e+00 1.300000000000000000e+01 3.000000000000000000e+00 -6.181775538805943597e+02 3.901299999999891384e+02 2.644453461753748869e+01 1.906994115474553997e-01 3.289368754321199406e-02
8.869139223830896368e-01 7.917704936575563623e-01 5.447374136805199996e+00 5.943186554002185318e+00 1.659125676629171986e+00 6.366386522755712596e-01 4.360574614602378274e-01 2.635810294668207376e+00 1.000000000000000000e+01 8.000000000000000000e+00 4.000000000000000000e+00 -2.202827459609596190e+03 1.588800000000024397e+02 7.711716225599702490e+00 -1.587949861124487327e+00 3.959101292804779737e-01
1.436562654488011237e+00 1.731486667943211932e+00 7.790177422716470623e+00 5.445308130885384124e+00 1.305400330100199735e+00 9.191192940847956461e-01 4.591208893210221298e-01 3.046142425021258315e+00 6.000000000000000000e+00 1.600000000000000000e+01 4.000000000000000000e+00 -2.392264523725103118e+03 2.815999999999992269e+02 1.571653273281896901e+01 -3.972432597652929331e+00 1.418421419067915634e+00
1.462651340125753707e+00 1.129457276209260064e+00 8.048730776962946365e+00 5.104893205760883568e+00 2.038421033233093649e+00 1.035704737171995848e+00 3.560413011541888606e-01 3.120862286216914860e+00 9.000000000000000000e+00 1.100000000000000000e+01 4.000000000000000000e+00 -1.921732178081910831e+02 3.301100000000244563e+02 1.694888613011177769e+00 -1.791170786088933931e-01 1.037466644127248497e-02
7.452850810587074992e-01 1.781597836826698256e+00 6.317704281568929936e+00 5.973326597056350273e+00 1.717311100370618071e+00 8.731426347795706588e-01 5.409711410128884568e-01 2.706662202165893483e+00 1.000000000000000000e+01 1.000000000000000000e+01 4.000000000000000000e+00 -4.128288257147466993e+02 3.000999999999997385e+02 1.642367660717167510e+01 -7.509772487523050377e-02 6.268844133177259081e+00
1.867999174210015489e+00 1.257258689337924062e+00 5.866111511910957255e+00 1.764585424327832719e+00 2.393398537225269962e+00 1.714616358312264888e+00 2.774014861801252230e-01 3.107833305341856533e+00 6.000000000000000000e+00 7.000000000000000000e+00 5.000000000000000000e+00 -2.245836342815076023e+03 1.231299999999944816e+02 1.151695892594246118e+01 -6.434976930148170737e-01 5.867570113502978302e+00
8.664753924694623688e-01 9.906864156054714377e-01 5.101577874922986311e+00 7.778296154529341422e+00 1.977439461108666530e+00 9.937498465647782719e-01 3.163090522797795123e-01 2.460970664274649167e+00 7.000000000000000000e+00 1.200000000000000000e+01 4.000000000000000000e+00 -4.451192425167400870e+02 3.601200000000105774e+02 1.656620265729592489e+01 6.093241980922793621e-02 6.268863786143812789e+00
8.488045527530450052e-01 1.681108301042168796e+00 6.827516478789016574e+00 6.051762949455103069e+00 1.891001424422665167e+00 1.583185826633235926e+00 9.435045454656515451e-02 2.412638276344223787e+00 4.000000000000000000e+00 4.000000000000000000e+00 2.000000000000000000e+00 -7.522358009925453359e+01 1.200400000000075664e+02 9.502237562031720097e-01 -5.856028664119343752e-01 8.460467344884037288e-04
1.742438295717367414e+00 2.241345955987632532e+00 7.850225505266673842e+00 5.160440564808673969e+00 2.058120196613629993e+00 5.195664203149932270e-01 3.126735896067174281e-01 3.006964502284450447e+00 8.000000000000000000e+00 1.300000000000000000e+01 4.000000000000000000e+00 -4.928986658636396214e+02 3.901299999999891384e+02 1.861460411647781399e+01 -4.713364456331599617e-01 8.662877611481434315e-03
6.026796654882853321e-01 1.583766019871147179e+00 5.110431757513701712e+00 6.887307258497537887e+00 2.451841177468211619e+00 6.861442924025732415e-01 3.613338307799994209e-01 3.202654062562269921e+00 9.000000000000000000e+00 7.000000000000000000e+00 5.000000000000000000e+00 -2.298547663873753663e+03 1.353099999999932948e+02 1.443079149210982948e+01 -2.316902644323511673e+00 1.017365852546643135e+00
3.327165469866449898e-01 1.794759625202794862e+00 9.599438632091009893e+00 3.534542897456481647e+00 2.735604907422631626e+00 9.880710373993626394e-01 3.043569952490229880e-01 3.035546126025719271e+00 4.000000000000000000e+00 9.000000000000000000e+00 4.000000000000000000e+00 -5.528319021085343365e+02 2.700900000000045225e+02 2.611168138178325648e+01 -9.261630746221949373e-02 3.999870263549490379e-03
2.419738070252911433e-01 1.840972305128489417e+00 5.239088551656369219e+00 5.304596783604799803e+00 2.182577841539139474e+00 1.256282092062032785e+00 3.476775265860920783e-01 2.904515758045489893e+00 9.000000000000000000e+00 1.500000000000000000e+01 4.000000000000000000e+00 -5.264776692301892353e+02 4.501499999999774104e+02 1.883766682688753136e+01 -1.706035205279799183e-01 6.282827253093557829e+00
2.155739110015513216e-01 1.432997257633623622e+00 8.020994646403220685e+00 2.230989874901128545e+00 2.834260951940914541e+00 8.876305935002894998e-01 2.341141642201488016e-01 3.742327611290606537e+00 8.000000000000000000e+00 1.100000000000000000e+01 4.000000000000000000e+00 -2.168943066250527863e+03 2.537700000000149885e+02 2.628629140657533281e+00 -1.435576910363271619e+00 5.498287920183013711e+00
7.943704044525302654e-01 2.207145712060791354e+00 7.838976887087776291e+00 5.243287800569554236e+00 1.927019256280031012e+00 2.267718979851413852e-01 1.327612450650174636e-01 3.408898935111605244e+00 8.000000000000000000e+00 1.000000000000000000e+01 5.000000000000000000e+00 -4.451915982305790749e+02 3.000999999999997385e+02 1.844634988941119857e+01 5.797842131504905155e-02 8.851878486728637085e-04
6.885164147771424270e-01 2.052012511417586449e+00 7.256100382137518956e+00 6.325125818677354239e+00 2.233403263057354593e+00 8.754132084247696621e-01 2.564898238161614219e-02 3.431601934302221046e+00 9.000000000000000000e+00 9.000000000000000000e+00 4.000000000000000000e+00 -2.496076066746259983e+02 2.700900000000045225e+02 7.160162917163983565e+00 -3.874919764336530181e-01 6.231005710071130466e+00
7.852646558098547169e-01 1.226327305481626828e+00 4.450475892291052560e+00 5.716985481993163809e+00 2.349540828262483672e+00 1.074543055110117606e+00 2.954326627458901955e-01 2.914657178131538018e+00 9.000000000000000000e+00 1.000000000000000000e+01 5.000000000000000000e+00 -1.931974611005774420e+02 3.000999999999997385e+02 2.696716318786098299e+00 3.420961204381706144e-02 4.735169792293539986e-02
9.996527497636381598e-01 1.564885223753138321e+00 9.457289908660184707e+00 7.412652201739587277e+00 1.793877383477451293e+00 3.070233599189610141e-01 6.752037991593943245e-01 2.923332917535011788e+00 5.000000000000000000e+00 7.000000000000000000e+00 4.000000000000000000e+00 -4.740996443834450247e+02 2.100699999999860097e+02 2.306654027396575302e+01 -2.321062225085859798e-02 6.281821698599901360e+00
6.821411272043650387e-01 1.389177111824843713e+00 7.238314643310717500e+00 5.799573129382848080e+00 1.835654768798850256e+00 5.746617665573068301e-01 7.004610943300102477e-01 2.468861284101147913e+00 9.000000000000000000e+00 5.000000000000000000e+00 5.000000000000000000e+00 -2.396241427540303903e+03 2.570000000000023022e+01 2.396196422126899250e+01 2.195630388755586415e-01 5.825529975599562427e+00
9.606520944326752964e-01 1.211419463333638369e+00 5.648475351381870624e+00 2.665723974671878604e+00 2.841382790238697886e+00 1.190921536375332712e+00 3.314126900870446035e-01 3.510218171388211683e+00 7.000000000000000000e+00 9.000000000000000000e+00 5.000000000000000000e+00 -2.199213099243143461e+03 8.775000000000206057e+01 9.708631202696405893e+00 -1.389413663434755009e+01 2.261079908849940701e+00
1.484704211578498967e+00 2.385847358409308061e+00 9.186955702429008497e+00 2.042800976901970156e+00 1.726220309449086887e+00 6.368288816380304196e-01 4.283862104081391786e-01 3.791240465793523473e+00 8.000000000000000000e+00 1.100000000000000000e+01 5.000000000000000000e+00 -5.280045308767239476e+02 3.301100000000244563e+02 2.268434567979448602e+01 3.459060076728388000e-01 6.217720805242366033e+00
1.044574833509761103e+00 1.530030395210395966e+00 6.810238822219882415e+00 6.490646211087579331e+00 2.614460861619715804e+00 1.321898417210942922e+00 5.730661159881629274e-01 2.460955399834543922e+00 4.000000000000000000e+00 1.000000000000000000e+01 5.000000000000000000e+00 -2.269136676480490678e+03 2.250999999999914962e+02 9.786667280030915350e+00 -1.613029176140953069e+01 1.567686438880809163e+00
8.576353826899549837e-01 2.361264144575325741e+00 6.435129278014666276e+00 5.873365261909387236e+00 1.399187876703253952e+00 9.014245818170801838e-01 6.129094829300522074e-01 2.654020525419457766e+00 1.000000000000000000e+01 8.000000000000000000e+00 4.000000000000000000e+00 -2.239360967625193098e+03 1.494400000000009641e+02 1.029006047657456513e+01 -7.195152054530322694e-01 6.162843165740732765e+00
4.851349137799443323e-01 1.312193155141002654e+00 5.340551011553945848e+00 4.641755592599476898e+00 2.611333676643897483e+00 1.045795885097285272e+00 3.545288858548688027e-01 2.629428192461455094e+00 8.000000000000000000e+00 1.500000000000000000e+01 4.000000000000000000e+00 -5.291670067872177015e+02 4.501499999999774104e+02 1.900575042420181404e+01 1.844178407953420695e-01 6.278198970293079384e+00
1.013506128203929935e+00 5.886027859573583765e-01 6.584915571733563233e+00 2.203298150644672049e+00 2.847849080687946177e+00 2.653947794979880648e-01 6.300137699880020703e-02 2.282522696919119021e+00 8.000000000000000000e+00 1.100000000000000000e+01 4.000000000000000000e+00 -4.421667416274505058e+02 3.301100000000244563e+02 1.731948385171489235e+01 -9.952471110969006718e-01 7.440466579279739374e-03
6.254016660039843911e-01 1.025962620153249016e-01 5.374896563791942583e+00 7.157054305231704383e+00 2.173763528482249185e+00 6.521271060297021416e-01 5.161128545255414535e-01 2.541311915114561337e+00 7.000000000000000000e+00 1.200000000000000000e+01 4.000000000000000000e+00 -4.801668511085364912e+02 3.601200000000105774e+02 1.875667819428320016e+01 1.305780951145183166e-01 6.980577196724624400e-03
8.341261623223968913e-01 1.633030358478088306e+00 8.162444667363679685e+00 6.315899715614471610e+00 1.252125348646436764e+00 3.113778843055740042e-01 1.802797523909523969e-01 4.186267532078845832e+00 6.000000000000000000e+00 1.500000000000000000e+01 5.000000000000000000e+00 -1.017787592645349719e+03 3.700499999999895522e+02 -6.653873030502943653e-02 -1.438600092403509123e+01 2.635219840523207235e+00
1.471560722600674831e+00 1.159517863157725870e+00 6.684538564608785371e+00 4.790482243213512348e+00 2.442532756023233720e+00 2.940458971465027549e-01 3.240656499318170791e-01 3.177010620731920199e+00 9.000000000000000000e+00 1.400000000000000000e+01 4.000000000000000000e+00 -6.137759214951086051e+02 4.201399999999720194e+02 2.523162009344516576e+01 3.693697294227013539e-02 1.215123108874394120e-02
1.280402012667106515e+00 2.251458177351324252e+00 8.128649361272584528e+00 7.128314429162864840e+00 2.233781904654315476e+00 1.219500828276271154e+00 2.449676758191838277e-01 2.406752576784966902e+00 9.000000000000000000e+00 9.000000000000000000e+00 3.000000000000000000e+00 -2.610019755728275186e+02 2.574900000000080240e+02 2.192071872993269638e-02 -1.017364312791658287e+00 2.261507243936966907e-02
1.030635669184029712e+00 1.193388342522681222e+00 6.259796709950276927e+00 5.149867095511709181e+00 1.595006967547994092e+00 1.229741044678522410e+00 6.104874340010544298e-01 3.407162475696422277e+00 5.000000000000000000e+00 1.400000000000000000e+01 5.000000000000000000e+00 -2.306629653571031668e+03 2.832199999999853617e+02 1.031372834818992601e+01 -1.940017067642233073e+01 2.918313625010391377e+00
2.455476994040374228e-01 1.587463768157085786e+00 4.084073274462648229e+00 7.155072957123871369e+00 2.017477298508780326e+00 1.080714712300527625e+00 1.986880488988501114e-01 3.257716944067317044e+00 8.000000000000000000e+00 1.100000000000000000e+01 4.000000000000000000e+00 -3.053865493954340309e+02 3.301100000000244563e+02 8.770721837213864447e+00 -5.426266599322170370e-01 6.316373897822759320e-02
2.388324436187755584e+00 1.914603143072565850e+00 7.264132559509233644e+00 5.499754988817477042e+00 1.631496310357953172e+00 3.303221967457369845e-01 4.156296910601752770e-01 3.701013547781328850e+00 1.100000000000000000e+01 1.700000000000000000e+01 5.000000000000000000e+00 -3.092227034322593795e+02 5.101700000000154773e+02 3.383606464515728440e+00 -1.770322519157080388e-01 4.934189385428914415e-02
1.163140247487235213e+00 1.409307122665064638e+00 8.508740319670506480e+00 6.601148429470730328e+00 1.351887880357571792e+00 8.829109137491899517e-01 5.194057974476771200e-01 2.482817806901254531e+00 6.000000000000000000e+00 1.000000000000000000e+01 4.000000000000000000e+00 -4.167808804703925034e+02 3.000999999999997385e+02 1.667068002939953786e+01 -9.464713948821625034e-02 6.278143501810094840e+00
1.638844241816594716e+00 2.030699154919952232e+00 5.334427061134859649e+00 3.851081522909047372e+00 2.194089466942883870e+00 6.707496443848981471e-02 5.182561562935190658e-01 4.183803344369809274e+00 7.000000000000000000e+00 1.600000000000000000e+01 3.000000000000000000e+00 -6.370638808804048949e+02 4.801600000000302657e+02 2.481149255502435835e+01 1.613422492106980632e-01 6.228383014655983096e+00
1.523329986202944575e+00 8.700113114226024624e-01 4.172054502920808261e+00 7.373229497710208413e+00 2.332644606890074357e+00 9.874595939001137301e-01 2.661971801590338749e-01 3.072698535735567393e+00 7.000000000000000000e+00 1.400000000000000000e+01 5.000000000000000000e+00 -2.366935602102993926e+03 3.284399999999809552e+02 1.266972513143769064e+01 -2.293139928567269781e+00 5.652671322742198967e+00
1.677993345212598353e+00 2.001991078026952309e+00 5.597511701954877239e+00 7.089574597218882168e+00 1.816062333185440192e+00 6.581406757318062350e-01 6.166817879950821091e-01 3.837031951665732521e+00 8.000000000000000000e+00 1.500000000000000000e+01 5.000000000000000000e+00 -9.830672521999505307e+02 3.250499999999963734e+02 1.011660599481947059e-02 -4.675496073067078484e+00 3.436576003488552189e+00
7.539013174504789472e-01 2.038804226832639621e+00 5.334733181778551270e+00 1.991834745416069863e+00 2.452902928176902364e+00 2.466358171126614707e-01 3.118809958460120324e-01 3.462375210835024308e+00 6.000000000000000000e+00 8.000000000000000000e+00 4.000000000000000000e+00 -5.103378395264184633e+02 2.400800000000151329e+02 2.439361497040068016e+01 -5.592001339204710764e-02 6.280326025194606920e+00
6.428401772639157352e-01 1.580836612720707191e+00 6.814664105266450278e+00 4.763942709202701131e+00 1.880397654208133096e+00 1.509640209228670038e+00 3.694270990591732584e-01 2.673140037344162057e+00 6.000000000000000000e+00 1.000000000000000000e+01 4.000000000000000000e+00 -4.603557354956329846e+02 3.000999999999997385e+02 1.939410846847707148e+01 2.418859590791042069e-02 6.280622214082564270e+00
2.281176196576549575e+00 2.530006217943863156e+00 6.580575531047815119e+00 6.131746448167985086e+00 2.306873843827444759e+00 1.576724308916181150e-01 2.120087776785282152e-01 3.540467554712572351e+00 4.000000000000000000e+00 1.000000000000000000e+01 4.000000000000000000e+00 -4.195556936835099577e+02 3.000999999999997385e+02 1.684410585521938231e+01 -9.163146461494932338e-02 7.432339695416831371e-03
6.638845729374646121e-01 2.710816941102948352e+00 6.143337167540999566e+00 5.490316579723135249e+00 2.136915686010536497e+00 3.925703218960359120e-01 4.153932004428608771e-01 3.670660310453153219e+00 1.000000000000000000e+01 1.200000000000000000e+01 5.000000000000000000e+00 -4.538772128706676767e+02 3.601200000000105774e+02 1.711357580441639925e+01 -1.591109438312047486e-01 6.679035550529049264e-03
6.757138768756281166e-01 6.567577477422844590e-01 5.039031157472715350e+00 4.979665699662648493e+00 1.756136911042229576e+00 9.398309245542729728e-01 4.979298839473824678e-01 2.501613151118988743e+00 4.000000000000000000e+00 1.100000000000000000e+01 5.000000000000000000e+00 -5.099632060145714263e+02 3.301100000000244563e+02 2.155676287590994988e+01 -3.311922419534165107e-01 6.067975568389438301e+00
1.119026637480203590e+00 1.954321510627177405e+00 4.414759637823114424e+00 2.646677015682960210e+00 2.472490017083141645e+00 1.502810760393354261e+00 2.641464668666554938e-01 2.540364879343241178e+00 9.000000000000000000e+00 1.600000000000000000e+01 4.000000000000000000e+00 -5.049381983038110775e+02 4.801600000000302657e+02 1.655363739398724832e+01 -6.075275228399901889e-02 1.201631913141857841e-02
6.476436704624997098e-01 1.501583008378400752e+00 5.896929707150896149e+00 6.214450498419184399e+00 1.809961009660929321e+00 6.741086235438232821e-01 3.389782326683338232e-02 2.768872266610185040e+00 6.000000000000000000e+00 1.200000000000000000e+01 4.000000000000000000e+00 -4.653443412255145404e+02 3.601200000000105774e+02 1.783027132659432823e+01 -2.793064230931159297e-01 6.273059893553560862e+00
9.565295378964633333e-01 7.563626509502038298e-01 8.689069116072690946e+00 1.750493959175264180e+00 1.447188421615828613e+00 5.075790786829724732e-01 4.722287244874434631e-01 3.486192017018225009e+00 7.000000000000000000e+00 7.000000000000000000e+00 4.000000000000000000e+00 -2.164757106695548828e+03 8.651999999999804913e+01 7.593569168471865360e+00 -1.612456683875592267e+00 4.524080935312657648e-01
1.403980952106373525e+00 1.738192036655882289e+00 6.332860484829035741e+00 2.715124902555493325e+00 2.579492196772361634e+00 9.264891525220515511e-01 4.279897088220190882e-01 2.721022084126807350e+00 3.000000000000000000e+00 1.000000000000000000e+01 3.000000000000000000e+00 -5.691259360364617805e+02 3.000999999999997385e+02 2.619224600227886768e+01 1.948556227613654490e-01 6.282455913243990331e+00
1.323504564749020895e+00 2.534670996091374917e+00 6.515818249823436048e+00 4.808240695725817915e+00 2.339411571365517695e+00 3.372314160393802274e-01 5.317390579951356555e-01 3.091551903001174217e+00 4.000000000000000000e+00 4.000000000000000000e+00 3.000000000000000000e+00 -2.333652229706161961e+03 2.035999999999974364e+01 2.021701435663513990e+01 -1.686957964780116725e+00 1.323762749279921991e-03
2.049092304363018535e-01 2.760417178248334991e-01 7.739120252452576842e+00 6.478080488115462998e+00 4.291452383844968077e-01 8.571974071454498967e-01 3.852902610277331719e-01 3.552333239739612569e+00 1.000000000000000000e+01 5.000000000000000000e+00 5.000000000000000000e+00 -3.042469954801567766e+01 6.009999999999872244e+01 2.341872175101988515e-02 -7.580093578957560752e-01 6.252302652624853074e+00
