3.272263485518397408e-01 5.374300273050600651e-01 6.211256196027024501e+00 6.651167582811292611e+00 1.833320445075073968e+00 1.598296213184734693e+00 4.775742666251329149e-01 2.443174536340480874e+00 6.000000000000000000e+00 6.000000000000000000e+00 3.000000000000000000e+00 -6.887903379829105006e+02 1.612800000000045770e+02 4.701248123917936561e-03 -4.346548261914898958e+00 4.076466276031188940e+00
6.028823321415036629e-01 1.028176394740608846e+00 7.348136535114963230e+00 4.819674881929052468e+00 9.681794646462644760e-01 3.401257446754637481e-01 5.114919030247853104e-01 3.241244770673417541e+00 4.000000000000000000e+00 1.200000000000000000e+01 5.000000000000000000e+00 -4.552140984188182529e+02 3.601200000000105774e+02 1.719713115117581026e+01 2.992902223676321971e-02 6.266037195055218945e+00
9.227586846449624680e-01 1.423796996069739640e+00 6.740357784297805743e+00 5.819470389838253155e+00 1.450589247819244365e+00 6.145760192879832218e-01 1.044984440960146643e-01 3.377039670769228952e+00 1.100000000000000000e+01 1.800000000000000000e+01 5.000000000000000000e+00 -3.210155609391667895e+02 5.401800000000090449e+02 3.182847558697640800e+00 2.487297409938337422e-01 6.274331283637619272e+00
5.639454172152595923e-01 5.484533119229239029e-01 7.092163175406761333e+00 5.467272655709338736e+00 5.316945645198245529e-01 5.336605166125794053e-01 2.612592422245660906e-01 3.381017193291795397e+00 1.100000000000000000e+01 3.000000000000000000e+00 5.000000000000000000e+00 -2.385766912177663016e+03 6.300000000000007816e+00 2.391355701110393284e+01 -1.548094462781617997e+00 5.470292888027405098e+00
7.385224595555812677e-01 2.007855548042746019e+00 4.464996496340583931e+00 5.510428470110038113e+00 2.612072484098010960e+00 1.360508308082120976e+00 3.854694710693918336e-01 3.218382108959429111e+00 6.000000000000000000e+00 8.000000000000000000e+00 4.000000000000000000e+00 -5.190873722464035609e+02 2.400800000000151329e+02 2.494046076539975232e+01 -1.565627807245026371e-02 6.281038112784441019e+00
1.884468781733455445e-01 1.606863973324285766e+00 6.050553742761549003e+00 6.727354816003333404e+00 5.827638421771912380e-01 6.651360059190819518e-01 1.473686864369880833e-01 3.446251602955479498e+00 1.100000000000000000e+01 1.200000000000000000e+01 5.000000000000000000e+00 -1.246360331014251130e+02 2.486400000000063812e+02 1.975206883887058174e-02 -8.397852982451533554e-01 6.268362480248841351e+00
5.204711887457873498e-01 8.505097275296448212e-01 5.280780252679105224e+00 5.709305014933247158e+00 2.842084898425353501e+00 1.487443242145789934e+00 6.128117023298800259e-01 2.830684159561894564e+00 1.000000000000000000e+01 1.700000000000000000e+01 4.000000000000000000e+00 -5.650300650294004754e+02 5.101700000000154773e+02 1.937156656433704782e+01 2.909134259207365319e-02 2.352758232540885786e-03
9.472093584958449775e-01 1.596860474649018258e+00 6.044314111136073642e+00 5.103777992518931939e+00 1.135430436929991460e+00 7.310456497276246468e-02 2.107096989175325508e-01 3.054774123496907023e+00 8.000000000000000000e+00 1.500000000000000000e+01 5.000000000000000000e+00 -3.524588519940756441e+02 4.501499999999774104e+02 7.961490749630432795e+00 -9.370424696694770739e-02 1.602375464885266027e-02
5.257212188568142208e-01 6.521694620585003488e-01 5.894296848710032677e+00 7.323958592581675475e+00 2.331691337443834833e+00 1.103632158782595463e+00 3.243009865016747151e-01 2.733323757517102326e+00 9.000000000000000000e+00 1.100000000000000000e+01 4.000000000000000000e+00 -2.985299655463418844e+02 3.301100000000244563e+02 8.342185346645603516e+00 -1.049277416630072457e+00 9.732671033020846851e-02
8.479632300543893386e-02 1.514567621970123845e+00 4.298082081306802138e+00 6.310091839461680507e+00 1.711878954865453828e+00 1.846753553499644651e+00 5.215112540880214587e-01 3.213895995247359583e+00 5.000000000000000000e+00 1.100000000000000000e+01 5.000000000000000000e+00 -2.324381222479355074e+03 7.985999999999964416e+01 1.777820140495971302e+01 -5.791824835559897799e+00 2.359140834874568160e+00
7.702325457229297623e-01 1.037177758060416677e+00 4.431686059774087028e+00 8.148675083563414745e+00 1.349576326780012714e+00 1.588500231473204849e+00 2.911139213235799383e-01 2.496186593035125245e+00 9.000000000000000000e+00 7.000000000000000000e+00 4.000000000000000000e+00 -2.162553999595786252e+02 1.539299999999914803e+02 1.749801838469591808e-02 -8.623873486752330342e-01 4.986947851453038538e-03
1.954593371234446986e+00 2.481520763888999781e+00 6.506948446376303430e+00 4.568785765859970205e+00 1.948323269419956594e+00 2.302638537967106880e-01 4.909731682315829349e-01 3.586994853299929620e+00 5.000000000000000000e+00 7.000000000000000000e+00 2.000000000000000000e+00 -4.481401167387529085e+02 2.100699999999860097e+02 2.144406979617249220e+01 -1.035512553050925433e-02 5.912499252564838714e-03
1.950002323936341320e+00 1.557490204140549839e+00 5.679184857065998848e+00 7.840286864031623004e+00 2.396792607220588955e+00 1.937360141207011388e+00 4.229994823020484240e-01 2.533624582604562914e+00 5.000000000000000000e+00 1.300000000000000000e+01 3.000000000000000000e+00 -2.285360662241014325e+03 2.477799999999941178e+02 1.009191639006356311e+01 -1.008066153684336719e+01 1.194645480491853817e+00
2.762474468472778666e-01 7.586589629982438687e-01 4.129860295891772282e+00 5.837447066942429430e+00 1.194903888250206325e+00 1.549952460260824116e+00 2.492911878298725015e-01 3.184803926541608377e+00 7.000000000000000000e+00 5.000000000000000000e+00 4.000000000000000000e+00 -2.383144512869791015e+03 1.230000000000003979e+01 2.356215705436193986e+01 -2.647246463061407429e+00 3.852784716998466363e-01
7.556565918842045315e-02 1.445699313983469958e+00 6.658313159200060838e+00 4.562084774569964196e+00 2.427427058135256832e+00 1.096578691944643413e+00 2.073290926291483094e-01 2.371148753654014119e+00 9.000000000000000000e+00 1.100000000000000000e+01 3.000000000000000000e+00 -4.656517854804580452e+02 3.301100000000244563e+02 1.878729909252786356e+01 5.087871401802376847e-02 6.272678397685435669e+00
4.672166497991989131e-01 1.999355374760954707e+00 5.795947447323683832e+00 5.351014692807266826e+00 2.065631363662240982e+00 8.688110031771255626e-01 3.621149389947566632e-01 2.516385383764612627e+00 5.000000000000000000e+00 1.400000000000000000e+01 4.000000000000000000e+00 -5.791466767110908904e+02 4.201399999999720194e+02 2.306729229444405505e+01 2.525876045826933730e-02 8.491169217712420808e-03
7.343864006346673134e-01 2.027390123684198464e+00 7.932624799273135352e+00 5.234932699764477171e+00 1.957944855572772758e+00 1.269166678351491440e+00 4.177886166898664988e-01 2.996199418222930788e+00 7.000000000000000000e+00 1.000000000000000000e+01 3.000000000000000000e+00 -4.207991220447901242e+02 3.000999999999997385e+02 1.692182012779939271e+01 -1.230122575892909909e-01 6.264708187943278439e+00
1.585158098776007662e+00 2.703945206979343485e+00 7.743169796221448742e+00 4.696174792055883174e+00 2.626357735988433362e+00 2.592174855388822974e-01 3.950095558997697709e-01 2.691289295497863776e+00 7.000000000000000000e+00 4.000000000000000000e+00 4.000000000000000000e+00 -2.359429914418279168e+03 1.515999999999985270e+01 2.199061965114244543e+01 -4.157341195645719578e-01 2.714248134555674596e-03
3.149509950729227903e-01 2.050533008845358385e+00 8.958013277606690750e+00 5.266036212768529623e+00 2.085876565985247844e+00 7.650384063447832617e-01 2.285835223313746889e-01 2.429359993583382504e+00 6.000000000000000000e+00 1.100000000000000000e+01 4.000000000000000000e+00 -5.166091675097313782e+02 3.301100000000244563e+02 2.197213546935744688e+01 6.135981829253598502e-02 7.670632146897702480e-03
3.568047060804921400e-02 1.765389149881199105e+00 7.522290218397745143e+00 7.761765742433658133e+00 1.119682899123636055e+00 9.369151045752935891e-01 6.403690290867363188e-01 2.809580707832390001e+00 6.000000000000000000e+00 1.100000000000000000e+01 4.000000000000000000e+00 -5.184420192274117198e+02 3.301100000000244563e+02 2.208668870171246468e+01 5.708447401129454479e-03 4.929156947638697189e-03
1.377930840772994436e+00 2.271287611253717476e+00 7.020918321170289467e+00 4.320008938383002928e+00 1.700392652879971767e+00 6.802342709714193081e-01 4.886413596959298111e-01 2.573537281663510257e+00 2.000000000000000000e+00 1.200000000000000000e+01 3.000000000000000000e+00 -5.685354061785405975e+02 3.601200000000105774e+02 2.427971288615846035e+01 6.830866984252337293e-03 6.259882532425643298e+00
1.239697784251689638e+00 6.394573662797872204e-01 1.615998161911018416e+00 7.152237766695007437e+00 2.417776331982138593e+00 6.954233070818005569e-01 3.348154168216055382e-01 3.377472545572621332e+00 9.000000000000000000e+00 9.000000000000000000e+00 4.000000000000000000e+00 -2.389313607604292883e+03 2.753999999999996362e+01 2.347147547526830280e+01 -3.519853860061325168e+00 9.173590333913445027e-01
1.392395038444510291e+00 1.244662687052571659e+00 7.429023868768215522e+00 4.736491793697295449e+00 1.692211415442104183e+00 6.086761246383076696e-01 2.613564998640224291e-01 2.763162705989469448e+00 5.000000000000000000e+00 1.100000000000000000e+01 3.000000000000000000e+00 -4.354888395432446373e+02 3.301100000000244563e+02 1.690211497145202557e+01 -2.596082244944121209e-01 6.246161941478710844e+00
1.361438753534195856e+00 1.426262538034579253e+00 6.251872388009521941e+00 3.402586378908524445e+00 1.487213883842963380e+00 9.157826068040184619e-01 5.955066732085104730e-01 2.677572556246247792e+00 8.000000000000000000e+00 1.100000000000000000e+01 5.000000000000000000e+00 -4.086427107347785181e+02 3.301100000000244563e+02 1.522423192092289312e+01 1.674917121905425410e-01 3.028996152446839646e-02
9.712413699672541867e-01 2.011626993023289067e+00 5.703764468359226569e+00 4.155254801972949608e+00 2.226312598621993821e+00 3.542130125621091308e-01 2.040376143644072326e-01 2.486296461047546202e+00 3.000000000000000000e+00 1.100000000000000000e+01 4.000000000000000000e+00 -5.278519715676304713e+02 3.301100000000244563e+02 2.267481072297614020e+01 1.841632495167386946e-02 6.279699051720498915e+00
5.697654792381442457e-01 1.601568740666197366e+00 5.758654128271904149e+00 7.783558266608975984e+00 2.289631071407304042e+00 3.988284626211681116e-01 1.818204277559113402e-01 2.382683688588459248e+00 1.000000000000000000e+01 8.000000000000000000e+00 4.000000000000000000e+00 -1.161051460721507169e+02 2.314400000000137823e+02 2.407162950898888987e-02 -9.857210690389057728e-01 3.465864747466456709e-03
1.133585632780222507e+00 3.810753463106124617e-01 4.978868345062981149e+00 5.119330409842108409e+00 1.646378696129265906e+00 1.191500359753378868e+00 2.585051804976762346e-01 3.145122134193016006e+00 9.000000000000000000e+00 1.000000000000000000e+01 4.000000000000000000e+00 -8.656452850337828977e+02 1.557999999999954355e+02 -4.690208101121443041e-02 -7.785730992892752056e+00 3.596041972840217760e+00
9.253079233162905259e-01 1.766391148496067931e+00 8.986452738904501913e+00 5.180716345342945672e+00 2.875511742953648309e+00 1.735803832490259602e+00 1.327399744536628678e-01 2.026308488680759190e+00 7.000000000000000000e+00 1.900000000000000000e+01 4.000000000000000000e+00 -6.960363141374460838e+02 5.701900000000110822e+02 2.568383213359003392e+01 3.343998532086606829e-02 6.276723154268682769e+00
1.012364829902163255e+00 1.597974279083149263e+00 6.426852316073601301e+00 3.392122111834473763e+00 2.435456124844661119e+00 7.425619536201144566e-01 1.701908495170414704e-01 2.749254168026886713e+00 6.000000000000000000e+00 7.000000000000000000e+00 3.000000000000000000e+00 -2.682247318246064651e+02 2.100699999999860097e+02 1.019935823903833949e+01 -2.278197542890739058e+00 6.185349512543978356e+00
1.222587206157045303e+00 8.719741961342966086e-01 6.722604949379636707e+00 5.136700056663748626e+00 1.955759985150075320e+00 2.403308491708788797e-01 1.322407364015917575e-01 3.107355274958747415e+00 8.000000000000000000e+00 9.000000000000000000e+00 5.000000000000000000e+00 -1.754727453009236342e+02 2.700900000000045225e+02 2.526734081307585367e+00 -1.687100060828899406e-01 6.269262626133907723e+00
7.642607789348049296e-01 2.094448075308061874e+00 6.055217032401968069e+00 5.311120740653485051e+00 2.465170455454041232e+00 1.121635087854611967e+00 3.046769305315892851e-01 3.819307512593451470e+00 6.000000000000000000e+00 9.000000000000000000e+00 2.000000000000000000e+00 -2.342608103005734847e+03 4.644000000000050221e+01 1.996175643785840492e+01 -3.333374331907281718e+00 4.914189458328831250e+00
2.913461704762174143e-01 1.921566256007302798e+00 6.607298199324121768e+00 4.842405282364724783e+00 1.613758288826308673e+00 6.988041976945412737e-01 5.082435993622750336e-01 2.868907436591219717e+00 6.000000000000000000e+00 8.000000000000000000e+00 5.000000000000000000e+00 -3.964736386474936012e+02 2.400800000000151329e+02 1.727710241546787628e+01 -1.662450210806001860e-01 6.234731691432153333e+00
1.391446010317809456e-01 1.946175149020590744e+00 8.133158269951637820e+00 4.318676564416186636e+00 1.723334018062060657e+00 3.721201650713947262e-01 4.172649467182351635e-01 2.172223734418892604e+00 3.000000000000000000e+00 1.000000000000000000e+01 4.000000000000000000e+00 -5.633233184695786804e+02 3.000999999999997385e+02 2.582958240434867392e+01 -2.483451366980728159e-02 6.276269558047197883e+00
9.882954988591865497e-01 8.311100498294348160e-01 4.647739659266918011e+00 4.414876674974727244e+00 1.388312935974501450e+00 1.041627782834477323e+00 2.082258223940806341e-01 3.289063857194411522e+00 8.000000000000000000e+00 8.000000000000000000e+00 4.000000000000000000e+00 -2.344555393034947883e+03 3.551999999999959812e+01 2.042471206468424683e+01 -2.842708741258626493e+00 5.807156683900092986e+00
1.111053025031883967e+00 5.080966378325164623e-01 5.472170401128241046e+00 7.346656671363698266e+00 1.430337413314130224e+00 6.162223782942402028e-01 3.743742615270564955e-01 2.712362765130957865e+00 1.000000000000000000e+01 1.400000000000000000e+01 5.000000000000000000e+00 -2.489161713892044077e+02 4.201399999999720194e+02 2.427885711826150317e+00 -2.076845083567107342e-01 6.273488029397207733e+00
4.169206138539183204e-01 1.092875925007165794e+00 7.101679002792656625e+00 7.317448562522369748e+00 9.634637492878427301e-01 1.367126046858532229e+00 4.721148907797600436e-01 2.990674260799620843e+00 7.000000000000000000e+00 5.000000000000000000e+00 2.000000000000000000e+00 -2.387490675410388576e+03 1.355000000000005755e+01 2.379472971314927321e+01 -1.255135112996931479e+00 1.207247137727131270e-01
8.980371500329552559e-01 1.945335126940757942e+00 8.413175005060761436e+00 5.984852859779259404e+00 2.704218716083972573e+00 1.469166742325745290e+00 1.503346428264537571e-02 2.093794862600421691e+00 9.000000000000000000e+00 1.800000000000000000e+01 4.000000000000000000e+00 -5.527160944706995451e+02 5.401800000000090449e+02 1.766413090441843536e+01 -3.939358502681458152e-01 6.272084789658602944e+00
1.875401736475942327e+00 7.149275705298431260e-01 5.001291034722388673e+00 4.065100462637350809e+00 1.097445800474435185e+00 3.507304888560390799e-01 2.345667208073030086e-01 2.450901852839871609e+00 3.000000000000000000e+00 1.400000000000000000e+01 5.000000000000000000e+00 -4.744307203118203802e+02 4.201399999999720194e+02 1.652254501948964815e+01 -4.021959078883487471e-01 1.362679611448003036e-01
4.508789268413252449e-01 3.158895476263084978e-01 6.698294322591123340e+00 7.187547038387902987e+00 2.179253223133785333e+00 2.198884984578790558e-01 2.400020262790193981e-01 3.784597727984197135e+00 8.000000000000000000e+00 8.000000000000000000e+00 5.000000000000000000e+00 -3.069640996385566041e+02 2.400800000000151329e+02 1.168275622740931574e+01 -1.964658453518776993e+00 6.107274731910516508e+00
1.273728386436820958e+00 1.486534373941933662e+00 4.941711816267962298e+00 7.658230557396530358e+00 1.977936412465580718e+00 1.065323839176596010e+00 2.495328079384877967e-02 3.367728004925270024e+00 8.000000000000000000e+00 6.000000000000000000e+00 4.000000000000000000e+00 -2.200759671220976088e+03 7.176000000000119883e+01 1.030497945131096671e+01 -9.389955763103714492e-01 6.177608336338700212e+00
1.588831232522231574e+00 1.317118497596013960e+00 2.368017278540004433e+00 6.288755559395593053e+00 1.587263900757761137e+00 1.716669227534112219e+00 6.422855713908268704e-01 3.110409455993447203e+00 1.100000000000000000e+01 1.000000000000000000e+01 5.000000000000000000e+00 -2.280027694522575530e+03 6.640000000000050306e+01 1.542673090766096244e+01 -3.294839640015242654e+00 1.523143904427007200e+00
1.059367707663986025e+00 1.601766842952507375e+00 8.746055993070093848e+00 6.233118594965159076e+00 2.230437050095884111e+00 6.035032904933566034e-01 2.721627308938214251e-01 3.979110907513385254e+00 7.000000000000000000e+00 1.200000000000000000e+01 4.000000000000000000e+00 -8.303928219553780536e+02 1.868400000000040393e+02 2.240918055901744421e-02 -9.282693185801699443e+00 3.824688998131656525e+00
1.216148045436685088e+00 1.145684591763447946e+00 5.830239910195963660e+00 9.634759190008832519e+00 2.701499827227420880e+00 2.675377313773811827e-01 3.527484595321177530e-01 2.833697442175687531e+00 8.000000000000000000e+00 1.700000000000000000e+01 4.000000000000000000e+00 -6.670138104503280374e+02 5.101700000000154773e+02 2.574555065314501689e+01 1.238510799746006669e-01 2.639160055292091855e-03
1.697140980823991230e+00 7.581217920872542759e-01 6.853498629166890233e+00 4.230544962709378076e+00 1.764339100703067320e+00 3.324852542449207582e-01 3.109941924900346266e-01 3.322916101825267088e+00 9.000000000000000000e+00 9.000000000000000000e+00 4.000000000000000000e+00 -2.385221577141746820e+03 2.933999999999996078e+01 2.315947357135916818e+01 -8.468208375562451540e-01 1.628602826050257191e-01
9.123200721310960049e-01 2.302418712779931376e+00 5.654231997648723862e+00 4.632342200643528862e+00 1.099192921116634913e+00 4.546348497987003912e-01 4.981566722731667340e-01 2.936392275944303520e+00 4.000000000000000000e+00 1.300000000000000000e+01 4.000000000000000000e+00 -4.710446318901122140e+02 3.901299999999891384e+02 1.724872699313235103e+01 -9.190982759496679755e-02 6.275003207807571926e+00
1.215030655169456297e+00 8.170836532030288923e-01 7.064816911168761315e+00 4.028362550180425217e+00 1.977788454222993098e+00 9.562116393101414147e-01 2.618024850235537992e-01 3.217991899408358059e+00 3.000000000000000000e+00 1.300000000000000000e+01 5.000000000000000000e+00 -2.433030052300776333e+03 2.393299999999944134e+02 1.958531576879870073e+01 -2.426241791538724435e+00 1.251127090473944214e+00
5.344424373755627400e-01 1.894356483996886054e+00 8.634149627479544620e+00 3.137789215542269083e+00 1.382509088467085201e+00 1.095171159123828231e+00 7.241882820761327277e-01 2.603857144381064082e+00 7.000000000000000000e+00 1.000000000000000000e+01 5.000000000000000000e+00 -5.560339727786696358e+02 3.000999999999997385e+02 2.537399829866685863e+01 9.291480345014768716e-02 6.279404690228346020e+00
2.049092304363018535e-01 2.760417178248334991e-01 7.739120252452576842e+00 6.478080488115462998e+00 4.291452383844968077e-01 8.571974071454498967e-01 3.852902610277331719e-01 3.552333239739612569e+00 1.000000000000000000e+01 5.000000000000000000e+00 5.000000000000000000e+00 -3.042469954801567766e+01 6.009999999999872244e+01 2.341872175101988515e-02 -7.580093578957560752e-01 6.252302652624853074e+00
