1.042846244699933367e+00 1.198380432945818530e+00 7.548556322868352986e+00 6.488217744374322749e+00 2.288157960384560319e+00 8.965294718328998824e-01 4.479481583947990120e-01 4.231077408199216627e+00 5.000000000000000000e+00 1.700000000000000000e+01 3.000000000000000000e+00 -8.024695372576755403e+01
1.151446862017979189e+00 2.213473398653506230e+00 3.302624400058063792e+00 4.665084659014858026e+00 1.557355126273445745e+00 1.010413277359764272e+00 9.584532216331678178e-01 4.151923799649945401e+00 6.000000000000000000e+00 1.600000000000000000e+01 2.000000000000000000e+00 -1.006558387773134746e+04
1.371235087616811565e+00 1.184108911678593890e+00 7.730055353587289346e+00 8.992169764181172198e+00 1.217176501655254706e+00 1.459681356778770756e+00 3.295543275057389865e-01 3.989776037417169352e+00 5.000000000000000000e+00 8.000000000000000000e+00 4.000000000000000000e+00 -1.002833774028809239e+04
1.769169292745801814e+00 1.793100313877131535e+00 5.254178588329398991e+00 3.297705387100720476e+00 2.616395786763884068e+00 1.848341700748546979e+00 6.854203799155677013e-01 4.598334731952098409e+00 4.000000000000000000e+00 1.100000000000000000e+01 3.000000000000000000e+00 -1.007220550374416052e+04
1.369398137739251009e+00 1.105966701832830079e+00 4.276551788803820031e+00 5.485008245764620760e+00 1.156882366935481077e+00 3.604555917004046983e-01 2.720097324816880269e-01 4.626993547572104681e+00 7.000000000000000000e+00 9.000000000000000000e+00 4.000000000000000000e+00 -1.278405130638219305e+02
2.108860647551673573e+00 2.327635421882303657e+00 9.784648517835108805e+00 7.691127839020241552e+00 1.152830363514405709e+00 7.521766855406271102e-01 6.067982495957344735e-01 3.612105413074193194e+00 8.000000000000000000e+00 1.300000000000000000e+01 2.000000000000000000e+00 -8.506286059348121853e+01
1.784453623414723467e+00 2.485616798970798236e+00 8.443343773911822225e+00 6.191999101343593104e+00 6.495111605255725618e-01 6.573793427537892864e-01 6.978049137838923111e-01 4.136834119035274426e+00 8.000000000000000000e+00 9.000000000000000000e+00 1.000000000000000000e+00 -7.311968261225264598e+01
4.388320606321896022e-01 2.633212747065881043e+00 3.410911609088693730e+00 3.954220435751658602e+00 1.074633015794180579e+00 8.885669733141585702e-01 6.150107186260391767e-01 4.009335901013414194e+00 7.000000000000000000e+00 9.000000000000000000e+00 4.000000000000000000e+00 -2.952949970414816221e+02
6.531533429131831658e-01 2.707236934148028240e+00 3.882186137263800685e+00 7.053130758435186110e+00 5.408678721355817398e-01 8.599082866488061416e-02 2.812910607815459763e-01 4.460457749912674075e+00 3.000000000000000000e+00 7.000000000000000000e+00 2.000000000000000000e+00 -1.003714960317655277e+04
1.725719642764382833e-01 1.758060701019704020e+00 5.788008790965887052e+00 5.273416988571326236e+00 1.563448978726955430e+00 1.230851612166187437e+00 9.429066345298424690e-01 3.528908378983240279e+00 6.000000000000000000e+00 1.100000000000000000e+01 3.000000000000000000e+00 -6.833124482994828952e+01
1.808051670249844367e+00 2.328704882753533933e+00 5.911625713500665569e+00 4.690269065978238672e+00 2.358185474101865076e+00 1.117843862095118768e+00 5.015088811463724872e-01 3.779307590075583256e+00 3.000000000000000000e+00 9.000000000000000000e+00 3.000000000000000000e+00 -7.356246628425964218e+01
2.666540180036697016e+00 1.870403059213717523e+00 8.218925927888628635e+00 6.610097072401379670e+00 2.110936987045809232e+00 1.893662183750569605e+00 8.294414804792018536e-01 3.708518605269305990e+00 4.000000000000000000e+00 1.600000000000000000e+01 3.000000000000000000e+00 -9.914167326596616192e+01
1.503596151050787810e+00 1.059464580243513865e+00 5.012725680063765843e+00 4.587119059466258975e+00 1.521607066154682553e+00 1.971568963935364627e+00 3.129508019031568833e-01 3.871337801212003882e+00 1.000000000000000000e+01 1.100000000000000000e+01 4.000000000000000000e+00 -8.093554640716334347e+01
1.451871313910890082e+00 5.102519179884977829e-01 7.956243599971116076e+00 8.158232777130201896e+00 2.139938978853723750e+00 1.058691494888352569e+00 3.142300836471695891e-01 4.371602118100588186e+00 9.000000000000000000e+00 6.000000000000000000e+00 4.000000000000000000e+00 -7.123213871173521738e+01
5.625354119678763753e-01 2.587753113366908941e+00 3.268642437899047515e+00 1.488660869007614185e+00 2.233948196070551617e+00 1.563999799201594598e+00 7.712947439557193974e-01 3.986207038284336424e+00 6.000000000000000000e+00 1.900000000000000000e+01 1.000000000000000000e+00 -2.019652457468467048e+02
2.311594377160022695e+00 2.910628522903556004e+00 2.900736125797836795e+00 4.314205932189419279e+00 1.089483271444930956e+00 1.237717737514673955e+00 5.225280129170064569e-01 4.369355273405640894e+00 2.000000000000000000e+00 1.300000000000000000e+01 2.000000000000000000e+00 -7.969454357117432153e+01
4.313281495512416019e-01 2.489310599640770949e+00 3.775865441173114068e+00 4.643954388163401781e+00 1.405846155947809040e+00 1.301190169260430407e+00 2.702515525858851242e-01 4.481432868775012679e+00 3.000000000000000000e+00 7.000000000000000000e+00 2.000000000000000000e+00 -7.969344641804377716e+01
1.395344529219617158e+00 1.583397437688361942e+00 2.881797281403768007e+00 3.548678096278492511e+00 1.741505965086749264e-01 9.228724264318977077e-01 7.695566404591284992e-02 3.702615720151411161e+00 8.000000000000000000e+00 7.000000000000000000e+00 4.000000000000000000e+00 -7.118368717951794622e+01
2.712860488969357053e+00 2.385605869493097053e+00 9.586848967596234061e+00 8.736983932876775327e+00 1.819519351646204264e+00 1.360712904419320024e+00 1.815214835282263628e-01 4.817459434931262052e+00 6.000000000000000000e+00 1.100000000000000000e+01 1.000000000000000000e+00 -7.626209068078128439e+01
1.394776167730954031e+00 2.949389137721632803e+00 2.387046544197287901e+00 4.406463463616146825e+00 1.890699868728557664e+00 1.091706436377150702e+00 6.368745521739163085e-01 4.211903070997252030e+00 2.000000000000000000e+00 9.000000000000000000e+00 2.000000000000000000e+00 -1.005107563570267666e+04
2.108074728775595208e+00 2.198592965906750685e+00 1.822043371647025456e+00 8.406861861219187659e+00 2.290252829764123810e+00 2.330048060191526549e+00 3.728725890496305539e-01 3.736340524558948939e+00 1.100000000000000000e+01 1.300000000000000000e+01 1.000000000000000000e+00 -1.006934989581156515e+04
2.576030945112820270e+00 1.079561748790872189e+00 9.140579635862053465e+00 9.064911984515671151e+00 2.453866675483474147e+00 8.433368248259215383e-01 3.157155255992712406e-01 4.719552091742932554e+00 7.000000000000000000e+00 1.700000000000000000e+01 3.000000000000000000e+00 -7.931736346394060888e+01
3.865036780140685413e-01 1.741188464691417970e+00 3.842827355409948797e+00 2.018123490001854758e+00 1.225886342538683227e+00 5.603226425556157020e-01 8.014218627392830641e-01 3.819947773564901894e+00 6.000000000000000000e+00 1.200000000000000000e+01 1.000000000000000000e+00 -8.407734404266892625e+01
1.402416813569794751e+00 4.703263475582966091e-01 4.444717288574071112e+00 5.293281746021756717e+00 5.974721603392864067e-01 3.989491226213399688e-01 9.083120041427072966e-02 4.463702922168381271e+00 1.000000000000000000e+01 2.000000000000000000e+00 4.000000000000000000e+00 -6.368491500297799490e+01
