1.649364212007796704e+00 1.819318226938810179e+00 6.719267960092808245e+00 3.890541684909712750e+00 8.383153562904366307e-01 1.574825764912388015e+00 3.951527525522149364e-01 3.726432769283512414e+00 7.000000000000000000e+00 3.000000000000000000e+00 4.000000000000000000e+00 -6.599503428125503035e+01
1.803342912089905381e+00 1.842986892449191894e+00 7.838994321678363519e+00 6.184793383477443562e+00 8.907173811757842508e-01 1.113193306587695108e+00 2.326336544951997931e-01 3.100543851304595311e+00 1.100000000000000000e+01 8.000000000000000000e+00 4.000000000000000000e+00 -6.932915160373977415e+01
2.402129352933286555e+00 1.697490680934367280e+00 8.157255593847413166e+00 6.175348436827857057e+00 9.973300509417473148e-01 1.263531602779448981e+00 4.230379195918860802e-01 4.605864653908463779e+00 1.000000000000000000e+01 5.000000000000000000e+00 4.000000000000000000e+00 -5.173934735065579815e+01
1.268063718537805196e+00 1.850505528235711239e+00 9.689684763323054284e+00 4.633729279222784214e+00 1.868033845812087534e+00 1.325053655353040316e+00 3.598746842607689067e-01 3.273962269169638617e+00 6.000000000000000000e+00 3.000000000000000000e+00 4.000000000000000000e+00 -5.181238608308562021e+01
1.927433310243739095e+00 1.045547760833741791e+00 4.618132828228194597e+00 5.154385977228503002e+00 1.410243266161546494e+00 1.211028602568835932e+00 4.716026190435843035e-01 4.118500144475955693e+00 5.000000000000000000e+00 3.000000000000000000e+00 4.000000000000000000e+00 -6.654607753671940884e+01
1.830896968092225352e+00 1.978668258335268382e+00 9.456417783876840844e+00 8.170164790873226224e+00 5.521556717390860847e-01 1.270998373210947552e+00 3.239565407656312956e-01 3.483438634235216824e+00 8.000000000000000000e+00 7.000000000000000000e+00 2.000000000000000000e+00 -7.247185499769651074e+01
1.149423880581086133e+00 1.188724616301798154e+00 7.396962566573208164e+00 5.490824840764608972e+00 1.777485599243766368e+00 1.073613967492213828e+00 3.544676065789090780e-01 3.940823225054845391e+00 1.000000000000000000e+01 5.000000000000000000e+00 3.000000000000000000e+00 -1.002724245202363818e+04
1.318535024095483399e+00 6.570239947295792859e-01 8.038226086037784768e+00 5.457153333417559260e+00 1.741172855759324234e+00 7.870377705156037518e-01 3.950612340549639612e-01 3.193748701866834683e+00 7.000000000000000000e+00 5.000000000000000000e+00 3.000000000000000000e+00 -6.896696381537124410e+01
1.284319495588588156e+00 1.006897075248456730e+00 3.923254428915181169e+00 2.151472254064421996e+00 1.436979715945202241e+00 9.469456699995225657e-01 3.002204618810019321e-01 3.878594043594057350e+00 6.000000000000000000e+00 2.000000000000000000e+00 4.000000000000000000e+00 -6.425250800275519225e+01
1.347405115136431242e+00 2.363829093109113710e+00 6.372194145974667379e+00 7.212753504371999469e+00 1.793557584171495467e+00 6.933808353413112302e-01 3.704660944513875620e-01 3.335812271057782219e+00 8.000000000000000000e+00 9.000000000000000000e+00 4.000000000000000000e+00 -1.610264084256506578e+02
1.939141213364267591e+00 1.553343394665962052e+00 4.682716983165507330e+00 1.846681320028341844e+00 1.422046463089656765e+00 7.710267456627047933e-01 4.008067429847153029e-01 3.936895664960884389e+00 4.000000000000000000e+00 7.000000000000000000e+00 4.000000000000000000e+00 -1.002973972440914804e+04
1.589826306372533526e+00 1.127985090767929410e+00 6.738925903692797093e+00 5.420225953327707735e+00 1.256304140757473764e+00 1.132653883196293787e+00 2.294932334688396525e-01 3.810151883459177213e+00 9.000000000000000000e+00 7.000000000000000000e+00 4.000000000000000000e+00 -6.420142176458331562e+01
1.344777879774355700e+00 1.692224021405360102e+00 4.597890259377500399e+00 7.169761557470274660e+00 1.506113083637940164e+00 3.114029413502817367e-01 4.385909278867838323e-01 4.133497412715505526e+00 8.000000000000000000e+00 4.000000000000000000e+00 4.000000000000000000e+00 -6.706864767636622560e+01
1.016221674031696498e+00 1.446295179281934296e+00 5.282960284984245192e+00 6.566401180595351939e+00 9.588732092091623027e-01 1.278740250718328753e+00 2.553098053614213381e-01 4.180105041550877587e+00 8.000000000000000000e+00 9.000000000000000000e+00 4.000000000000000000e+00 -4.719095331972309282e+01
1.089219088749742159e+00 1.081317321782329310e+00 3.997896887582322201e+00 6.848204706177438261e+00 1.692400982583415869e+00 9.277019230660383808e-01 3.611291756101851491e-01 4.443830870740116623e+00 6.000000000000000000e+00 7.000000000000000000e+00 4.000000000000000000e+00 -6.390379330910850086e+01
2.017419317843823556e+00 2.095783401112046196e+00 8.211924235348197598e+00 5.678276908135494239e+00 9.704033324622726164e-01 9.225650218359439103e-01 3.416455101927267091e-01 2.560898325477605653e+00 8.000000000000000000e+00 4.000000000000000000e+00 3.000000000000000000e+00 -5.430379954375703733e+01
1.270806453036819272e+00 1.301090276240676413e+00 7.475553064510550350e+00 3.061540487400741029e+00 1.358448688364732204e+00 9.680987783048903284e-01 2.144701078851421194e-01 4.245134395410577355e+00 6.000000000000000000e+00 6.000000000000000000e+00 3.000000000000000000e+00 -7.043060745849079751e+01
2.592124742383392189e+00 1.431753580838314166e+00 7.485093060396376785e+00 6.089377951752988238e+00 1.917739651599081663e+00 5.869477064232672125e-01 1.411550349861564746e-01 4.661517835609911842e+00 7.000000000000000000e+00 7.000000000000000000e+00 3.000000000000000000e+00 -1.472271420063335370e+02
7.819121338964380996e-01 1.466143822382806938e+00 7.244643686416064376e+00 3.438257032933460522e+00 1.265095743023038066e+00 6.958875124010198698e-01 1.188854777820512743e-01 2.594340514563255873e+00 4.000000000000000000e+00 4.000000000000000000e+00 4.000000000000000000e+00 -1.354556684633309942e+02
1.251222405609282884e+00 1.886846479542183985e+00 9.426120384944177033e+00 1.743666220071857564e+00 1.297579048839349047e+00 6.469204346546743034e-01 3.134459928439557452e-01 4.039974444923172925e+00 9.000000000000000000e+00 7.000000000000000000e+00 1.000000000000000000e+00 -7.172194222274571018e+01
2.061612442354344488e+00 1.652755754890849360e+00 6.409586467947427479e+00 3.715314353415398951e+00 4.049840118177118198e-01 1.489151696784686285e-01 6.765836855736817590e-01 2.657285570674266850e+00 8.000000000000000000e+00 2.000000000000000000e+00 5.000000000000000000e+00 -6.574627324274766238e+01
1.502325615618443688e+00 1.764273119748704488e+00 6.184423306558191946e+00 8.650546527964909416e+00 6.423008543326332864e-01 2.359660608715925534e-01 1.500074428937170079e-01 3.223424804714233094e+00 9.000000000000000000e+00 7.000000000000000000e+00 5.000000000000000000e+00 -7.518758774751213991e+01
1.896780489933556080e+00 1.420391699491896143e+00 9.953580659307846190e+00 6.053314741769536766e+00 1.489755263005753116e-01 1.934490198190056853e+00 3.063361722423603162e-01 4.447088374123922883e+00 8.000000000000000000e+00 3.000000000000000000e+00 3.000000000000000000e+00 -6.441964732746899358e+01
1.890755231813427306e+00 1.606765885873376654e+00 8.518200301337238045e+00 6.416736349266789041e+00 9.638231636499768884e-01 1.174773988740090758e+00 5.910212354650428157e-01 4.707428801114870609e+00 9.000000000000000000e+00 5.000000000000000000e+00 3.000000000000000000e+00 -3.322826011783993039e+01
