1.233412863718544639e+00 1.648167247417771319e+00 5.347987098767976732e+00 2.458920959111016380e+00 1.724436235639141168e+00 3.402599274712305166e-01 4.531296612154073200e-01 4.295948821595802158e+00 8.000000000000000000e+00 7.000000000000000000e+00 2.000000000000000000e+00 -9.182449400289853259e+01
2.308878192232640902e+00 6.809106423034899658e-01 2.301757015905128156e+00 2.502130370133906823e+00 1.936679147661499290e+00 1.127475658588096286e+00 4.149571910176361733e-01 4.061255367665071780e+00 5.000000000000000000e+00 5.000000000000000000e+00 4.000000000000000000e+00 -3.770973860961736079e+01
8.804790764111942725e-01 1.517782572537290209e+00 5.816793684199587311e+00 2.757606657328781630e+00 1.328019249357031528e+00 7.483970381507548675e-01 2.335889286827080580e-01 4.288354465360688650e+00 8.000000000000000000e+00 5.000000000000000000e+00 2.000000000000000000e+00 -6.962323299356992834e+01
1.398072858910602179e+00 1.073599164157080343e+00 8.065242019632638204e+00 6.920533244712075316e+00 2.007806029436268513e+00 3.057316198745630986e-01 4.775204262582710690e-02 4.364197475945418958e+00 1.000000000000000000e+01 1.200000000000000000e+01 4.000000000000000000e+00 -1.162810585427821763e+02
1.521468983638264660e+00 1.001669906576855062e+00 6.189748992689730223e+00 6.851876687626775819e+00 1.528854328693688425e+00 4.793791654595563334e-01 4.098116314710675279e-01 3.936711249022430970e+00 8.000000000000000000e+00 3.000000000000000000e+00 4.000000000000000000e+00 -6.686871242564228623e+01
1.271503145489353059e+00 2.241448783847875603e+00 8.506522595954919552e+00 3.864852331779064620e+00 1.533672254872972651e+00 9.007255169676572359e-01 4.653909293238294165e-01 3.091407724371239674e+00 7.000000000000000000e+00 7.000000000000000000e+00 3.000000000000000000e+00 -5.543542798968940133e+01
1.612484152349572541e+00 1.513325522131474088e+00 7.677591977889698605e+00 5.255367954108554507e+00 2.244773730007882939e+00 1.270782238501777517e-01 2.713457364975926933e-01 3.783382523874342152e+00 9.000000000000000000e+00 6.000000000000000000e+00 5.000000000000000000e+00 -4.326084882450660984e+01
1.563587172383423152e+00 1.414525601745885597e+00 7.652246909823866794e+00 6.912939739965998420e+00 1.607487392498236911e+00 1.125586687370353500e+00 3.578209036025485346e-01 4.930072256649322249e+00 9.000000000000000000e+00 4.000000000000000000e+00 3.000000000000000000e+00 -6.705036468207148914e+01
2.126225367628150398e+00 1.515164185010527964e+00 7.641333930238904060e+00 4.561516841530611543e+00 1.268191916824404020e+00 1.248834015553129451e+00 3.805474097035683734e-01 3.060792861309925783e+00 9.000000000000000000e+00 8.000000000000000000e+00 3.000000000000000000e+00 -1.946122632780742094e+02
1.551457290161154967e+00 1.761754893353786766e+00 6.542613069075930987e+00 5.995909791005570533e+00 1.290218032631930356e+00 5.715314755889073783e-01 1.196419652463656946e-01 3.185579593401015597e+00 9.000000000000000000e+00 5.000000000000000000e+00 4.000000000000000000e+00 -7.209425715021829717e+01
1.255027714756443924e+00 1.854134138133471943e+00 6.035416123294922386e+00 6.776396830599688670e+00 1.289338590414810692e+00 9.970952626720195333e-01 5.588936617308748467e-03 3.504093734256828352e+00 7.000000000000000000e+00 4.000000000000000000e+00 3.000000000000000000e+00 -6.853863202619888284e+01
1.818254463428887080e+00 6.600294096631661445e-01 4.804966162048447842e+00 6.359102797228065818e+00 9.358377722584486635e-01 8.131628605636329610e-01 4.867566499156680826e-01 3.553408517370674868e+00 8.000000000000000000e+00 2.000000000000000000e+00 3.000000000000000000e+00 -6.467584022883784201e+01
1.160315948377684592e+00 1.568423958793419448e+00 8.493486296372159572e+00 7.323544078716183847e+00 4.849787717459764780e-01 9.419209176131767558e-01 4.477532424276158829e-01 2.874099400753550526e+00 1.000000000000000000e+01 2.000000000000000000e+00 3.000000000000000000e+00 -6.507585678962426812e+01
1.112959436844892736e+00 1.468175725475455939e+00 8.197412009068985483e+00 7.147476459269341831e+00 1.058158561837397649e+00 9.352768680622219888e-01 1.143663438580520553e-01 4.099385338157126135e+00 9.000000000000000000e+00 2.000000000000000000e+00 4.000000000000000000e+00 -6.418169977956581818e+01
1.988459989249965920e+00 2.050098017704414133e+00 7.036094493943337191e+00 7.060162946397405825e+00 1.765633972231085203e+00 1.036613454938807966e+00 4.890600066877759389e-01 3.491140112729475664e+00 9.000000000000000000e+00 6.000000000000000000e+00 3.000000000000000000e+00 -2.687890228284696832e+02
2.162817715600223956e+00 1.454220272610915465e+00 8.165715069712909724e+00 3.916171734642241997e+00 1.114362282340729093e+00 4.490494039774043933e-01 1.414648087904057105e-01 2.866726784752909651e+00 6.000000000000000000e+00 2.000000000000000000e+00 4.000000000000000000e+00 -6.493935957359531130e+01
1.571512982559615246e+00 9.835085627213360215e-01 6.437545954952328842e+00 6.607296518185574286e+00 1.325390188211028386e+00 8.869884302604815751e-01 3.868423950528805388e-01 4.515033959182746415e+00 6.000000000000000000e+00 6.000000000000000000e+00 4.000000000000000000e+00 -1.005677594710967242e+04
1.228420261786537848e+00 1.080532397545700629e+00 5.756865589247542658e+00 4.674996682280284865e+00 1.208675487619633504e+00 4.700516386385817924e-01 9.846653022259285737e-02 3.464253440499163617e+00 7.000000000000000000e+00 7.000000000000000000e+00 4.000000000000000000e+00 -9.154231313367196776e+01
1.332100516498739839e+00 1.856665950854894387e+00 3.114982161751471246e+00 3.566423817550469000e+00 1.838666669680697252e+00 4.148387861898716888e-02 1.025873527107257904e-01 4.887262353853511598e+00 1.000000000000000000e+01 1.200000000000000000e+01 2.000000000000000000e+00 -1.903212845319939959e+02
2.156197090649062620e+00 1.924114277881301405e+00 7.712084680476600340e+00 6.250851697969625143e+00 1.180818295029796294e-01 8.172935393635922807e-01 3.448067434867468917e-02 2.828449684977196732e+00 7.000000000000000000e+00 5.000000000000000000e+00 4.000000000000000000e+00 -7.029999111859406469e+01
7.644261593806653821e-01 2.170090892368639945e+00 5.656585256191416278e+00 3.044250382378082431e+00 1.869334787596276248e+00 1.075693987815873776e+00 3.086724958964581211e-01 3.802178542566143626e+00 7.000000000000000000e+00 5.000000000000000000e+00 3.000000000000000000e+00 -2.006485144821890287e+02
2.233200243585277800e+00 1.754215074440409250e+00 5.918780241269191222e+00 3.165627203497326736e+00 1.147541770704550546e+00 5.255639252682974272e-01 1.794262753794003129e-01 3.959479153719196454e+00 6.000000000000000000e+00 5.000000000000000000e+00 3.000000000000000000e+00 -6.996235744169116799e+01
2.167892203313603439e+00 2.445781871656474760e+00 4.858017246255224464e+00 6.680717032357626373e+00 2.037018978405845449e+00 1.723387221113517276e+00 6.249137512543401218e-01 4.269270547540212846e+00 7.000000000000000000e+00 4.000000000000000000e+00 3.000000000000000000e+00 -2.627117649181385559e+02
1.890755231813427306e+00 1.606765885873376654e+00 8.518200301337238045e+00 6.416736349266789041e+00 9.638231636499768884e-01 1.174773988740090758e+00 5.910212354650428157e-01 4.707428801114870609e+00 9.000000000000000000e+00 5.000000000000000000e+00 3.000000000000000000e+00 -3.322826011783993039e+01
