1.868705084669105787e+00 2.225360967782187949e+00 8.156742090091270825e+00 9.482052553993453259e+00 2.219695724219792332e+00 2.766974989996251022e+00 2.900522828361473682e-02 3.396867963134316160e+00 3.000000000000000000e+00 3.000000000000000000e+00 2.000000000000000000e+00 -1.002047544051767909e+04
3.396178939594330926e-01 1.407207143346491218e+00 3.219155493578472971e+00 5.893847733123373622e+00 1.721823563784302458e+00 3.934256876670660930e-02 2.167298004638481546e-01 2.838447098033331173e+00 6.000000000000000000e+00 7.000000000000000000e+00 1.000000000000000000e+00 -1.011732650263805408e+04
4.163022551967094920e-01 1.852357561398350061e+00 2.140293092952427312e+00 1.015973759822811795e+00 2.614214234172846041e+00 6.283691474853536629e-01 2.154811692247322608e-01 4.947263326477775891e+00 2.000000000000000000e+00 1.100000000000000000e+01 3.000000000000000000e+00 -9.474452461668734315e+01
2.884433966850250552e+00 1.617670406612431888e+00 7.100474295255330581e+00 2.843015630804135441e+00 2.822928003263997176e+00 2.071925823320724724e+00 9.665643123171954176e-01 4.681225032729435576e+00 4.000000000000000000e+00 2.000000000000000000e+00 3.000000000000000000e+00 -6.421215594753658706e+01
1.244720134868235517e+00 2.807377967514885331e+00 3.374307450549732135e+00 3.986690384985743130e+00 2.452200932870283623e+00 1.758423775510112641e+00 5.959789505447018465e-01 4.123028457266767255e+00 1.000000000000000000e+00 1.100000000000000000e+01 3.000000000000000000e+00 -1.792883335320733522e+02
2.455554223941212477e+00 1.442235559890116869e+00 3.842137952617996177e+00 5.330965476131774849e+00 2.114007402422727999e+00 1.710027886073698378e-01 9.750995631442352929e-01 2.068596689758162022e+00 1.100000000000000000e+01 1.300000000000000000e+01 4.000000000000000000e+00 -2.230108936877419978e+02
5.420260613559035878e-02 2.363214911941302621e+00 4.295660282576744926e+00 6.206669461511871155e+00 2.723516045858531687e-02 1.401813560968245831e-01 1.809194879510478415e-01 4.865539698773499566e+00 3.000000000000000000e+00 5.000000000000000000e+00 2.000000000000000000e+00 -6.761185278173157087e+01
2.788965958792563260e+00 2.826131488283098125e+00 4.099436317477107572e+00 4.193138845521209745e+00 1.574105462079359974e+00 2.326809044096985968e+00 1.080528690648329126e-01 4.245194169453989197e+00 5.000000000000000000e+00 1.100000000000000000e+01 1.000000000000000000e+00 -7.665360225232288371e+01
1.298930055181685805e+00 2.935024472128894946e+00 2.876350537439173571e+00 5.615920487772284808e+00 1.087876459615391145e+00 4.445869030049335313e-01 2.756763765528620347e-01 4.107820202674210996e+00 1.000000000000000000e+00 1.100000000000000000e+01 3.000000000000000000e+00 -7.823689674013650119e+01
9.185132051440573209e-01 2.396320851404880603e+00 6.641251916734966620e+00 7.490215362627589357e+00 9.279107450707289040e-01 1.451381321881624720e+00 7.201288197081696651e-01 2.242874696553478486e+00 9.000000000000000000e+00 1.900000000000000000e+01 4.000000000000000000e+00 -3.192532508459394762e+02
9.547944897420534982e-02 2.221675483747427293e+00 4.094496111844923902e+00 3.251879722632362579e+00 1.952899316439567823e+00 4.368870568806055843e-01 9.790506207650105930e-01 3.914973118142512476e+00 7.000000000000000000e+00 1.200000000000000000e+01 2.000000000000000000e+00 -9.752391201126515341e+01
3.917154814593599710e-01 2.194993270130029650e+00 9.548187063597088908e+00 6.673593640837551355e+00 2.364028649341070931e+00 3.198918290917767138e-01 4.345551906004371245e-01 2.447736033620773632e+00 6.000000000000000000e+00 1.100000000000000000e+01 2.000000000000000000e+00 -1.010172451998756151e+04
1.359464740499928492e+00 2.997899844208403941e+00 8.670274038043686460e+00 9.784068127719677932e+00 1.360619968774869903e+00 1.464476995665707548e+00 7.295050197668541125e-01 3.437127350435455142e+00 4.000000000000000000e+00 1.700000000000000000e+01 4.000000000000000000e+00 -9.776370945874225526e+01
2.705581407543413697e+00 3.376810485944315987e-01 8.398495040055284022e+00 5.785766703176072667e+00 5.381886950201903996e-01 2.811433497801179904e+00 8.677989344185498277e-01 2.540360892321260167e+00 7.000000000000000000e+00 1.000000000000000000e+01 5.000000000000000000e+00 -1.004823669517035887e+04
2.346056913169484837e+00 2.602160420331906199e+00 4.251936097204529474e+00 8.074203216704471942e+00 2.324694276355924849e+00 2.083790248352683339e+00 6.640184449726233007e-01 4.278916209318468056e+00 5.000000000000000000e+00 1.900000000000000000e+01 3.000000000000000000e+00 -8.323015544124672260e+01
2.505697454937216850e+00 7.945753358993112858e-01 9.828609572484690915e+00 7.443867636059733783e+00 2.870656280492563717e+00 1.020220167555484503e+00 1.786493925799490512e-01 4.555465989073677946e+00 7.000000000000000000e+00 1.900000000000000000e+01 3.000000000000000000e+00 -8.400299929104949115e+01
9.777147994557674471e-01 8.210553257824252382e-01 3.599438647554195736e+00 5.503142117164525615e+00 2.020914423412664362e+00 1.069711901572745427e+00 2.738756510918071152e-01 3.036745505135372447e+00 6.000000000000000000e+00 1.300000000000000000e+01 2.000000000000000000e+00 -1.014938060519058126e+04
2.609733757383483344e+00 2.065010870615781702e+00 9.785099694717468211e+00 9.608648292787769662e+00 1.554418291342069214e+00 1.588020242308187946e+00 1.661726176638393948e-01 4.509860844061424956e+00 7.000000000000000000e+00 1.100000000000000000e+01 1.000000000000000000e+00 -7.579313805589937658e+01
2.159059427772275441e+00 2.191060276701302101e+00 2.546440791718840746e+00 8.023344654038721657e+00 1.742535900692384843e+00 1.996668687532046960e+00 4.207920305629527791e-01 3.871211280372913510e+00 1.000000000000000000e+01 1.000000000000000000e+01 1.000000000000000000e+00 -7.470011031826361148e+01
5.867965704207807054e-01 1.759344654703179245e+00 6.616646370672087940e+00 2.626684747422809885e+00 2.276991464628813411e+00 5.415994367941876497e-01 7.184623333950467261e-01 4.959405179431710664e+00 3.000000000000000000e+00 7.000000000000000000e+00 1.000000000000000000e+00 -1.007915736043243669e+04
2.675429578129802977e+00 3.324865024689771520e-01 9.711824615552462348e+00 5.343956803830272051e+00 1.644962222181056699e+00 1.246469321817088582e+00 3.510998366795393677e-01 3.987571990753575157e+00 1.000000000000000000e+00 2.000000000000000000e+01 2.000000000000000000e+00 -1.012804126270067354e+04
7.135392289910142960e-01 2.709546969250088644e+00 1.005945542117084202e+00 4.648381736643309559e+00 8.355842125979375812e-01 1.230126944178370429e+00 1.150744385186980301e-01 4.494110179258354876e+00 5.000000000000000000e+00 3.000000000000000000e+00 5.000000000000000000e+00 -6.534502143359428317e+01
1.840692273558283798e+00 2.844649917322692456e-01 5.906987768514671444e+00 4.054359812735960134e+00 1.742688714560683305e+00 2.874901511183787228e+00 8.185219997850041729e-01 3.257305780259731165e+00 9.000000000000000000e+00 1.900000000000000000e+01 3.000000000000000000e+00 -9.439501858930958633e+01
1.402416813569794751e+00 4.703263475582966091e-01 4.444717288574071112e+00 5.293281746021756717e+00 5.974721603392864067e-01 3.989491226213399688e-01 9.083120041427072966e-02 4.463702922168381271e+00 1.000000000000000000e+01 2.000000000000000000e+00 4.000000000000000000e+00 -6.368491500297799490e+01
