1.892885479098922463e+00 1.120431107521750347e+00 5.908594228205575227e+00 5.870652537087894807e+00 3.972954052307113848e-01 1.674118895042319144e+00 4.335688037264182615e-01 4.351681889706773276e+00 8.000000000000000000e+00 5.000000000000000000e+00 4.000000000000000000e+00 -6.772640979172544462e+01
1.060468734254846668e+00 1.556121358849358760e+00 6.083141323175294879e+00 5.914104858677184495e+00 1.834861762855181100e+00 1.748580800473590324e+00 2.983026107905781821e-01 4.556328237655698388e+00 5.000000000000000000e+00 9.000000000000000000e+00 3.000000000000000000e+00 -1.004098579722015347e+04
1.404380308711627556e+00 7.169160901305939859e-01 7.089007327820366022e+00 4.102165042716992005e+00 2.661228897491117351e+00 6.901986451337167594e-01 6.042314110165888374e-01 4.490363181185325736e+00 4.000000000000000000e+00 1.000000000000000000e+01 2.000000000000000000e+00 -1.007732390096091513e+04
2.696593619387461782e+00 4.306070940361201860e-01 2.202296742948793629e+00 6.731922467099914265e+00 5.465280831844361309e-01 1.175136052549326848e+00 1.493606937697864734e-01 4.497524227051340695e+00 1.000000000000000000e+01 6.000000000000000000e+00 4.000000000000000000e+00 -6.901371285115556020e+01
1.568381723572903619e+00 1.567344712852697164e+00 8.001308231972641849e+00 5.841621073554690291e+00 1.470350760001543078e+00 3.485117268159255710e-01 2.483176075398955962e-01 3.963784144995962322e+00 6.000000000000000000e+00 9.000000000000000000e+00 3.000000000000000000e+00 -7.790259704378304662e+01
2.306139504909201055e+00 1.346680315760951485e+00 9.183432871431980615e+00 7.930942424849507510e+00 1.676004834895436835e+00 4.396028988415062733e-01 3.388278514683453757e-01 3.697855856033764876e+00 6.000000000000000000e+00 7.000000000000000000e+00 4.000000000000000000e+00 -9.860854083386233526e+01
1.524739490287712940e+00 4.609904624126631711e-01 6.837444218315325450e+00 6.880337141669924605e+00 2.091702365009505460e+00 1.751052918017362847e+00 3.455556196407538749e-01 3.953410221459940921e+00 1.000000000000000000e+01 9.000000000000000000e+00 4.000000000000000000e+00 -7.954629086303236818e+01
7.822290513586021010e-01 1.370100423101880072e+00 4.790576979147059156e+00 4.495555241772578370e+00 5.301310494414774865e-01 6.260122616150708419e-01 2.765338760224656522e-01 3.965562147537087689e+00 1.000000000000000000e+01 8.000000000000000000e+00 4.000000000000000000e+00 -7.448974593562491009e+01
1.972437639763276795e+00 1.758082529548557593e+00 7.219877020578531202e+00 6.475320114946693906e+00 1.092582214907073190e+00 3.341885285311125275e-01 6.096856556606140565e-01 4.573616238977520787e+00 5.000000000000000000e+00 1.200000000000000000e+01 2.000000000000000000e+00 -1.006965565361138033e+04
1.508318607800408273e+00 4.878017324804148069e-01 9.613941508473631714e+00 7.885836618393320840e+00 1.920079190779804046e+00 1.307573095755266257e+00 2.319529302219587308e-01 4.752588709077326001e+00 8.000000000000000000e+00 6.000000000000000000e+00 4.000000000000000000e+00 -6.949765211817783950e+01
1.708621914305867184e+00 1.258051636735927126e+00 5.903016765353553019e+00 2.435449336112393226e+00 2.927243862129027097e+00 1.290391022367638696e+00 5.100488486027098256e-01 4.617916806240516259e+00 4.000000000000000000e+00 1.700000000000000000e+01 2.000000000000000000e+00 -1.009361362454626760e+04
1.396170996264057829e+00 1.528843927757851162e+00 5.292431082028599576e+00 3.714188825120834814e+00 2.080672502355968678e+00 1.925975794846641165e+00 7.712623825201379013e-01 4.450062523850866647e+00 4.000000000000000000e+00 1.200000000000000000e+01 1.000000000000000000e+00 -1.008552538699626530e+04
2.366786017193601044e+00 1.861475124187645935e+00 6.406230942093692704e+00 6.089378309657075050e+00 2.230069118352893121e+00 5.963122043063202593e-01 3.133883285961594489e-01 4.109093352230983598e+00 5.000000000000000000e+00 1.200000000000000000e+01 3.000000000000000000e+00 -7.943714507856972773e+01
1.309221551440931552e+00 1.781707561326359768e+00 8.694611570064378014e+00 4.129029438700478671e+00 7.949818703403155329e-01 6.965014445174944058e-01 6.021625353836537187e-01 4.314347806627415238e+00 8.000000000000000000e+00 1.100000000000000000e+01 3.000000000000000000e+00 -7.788520468080704973e+01
1.168878242685842173e+00 1.048854765172809067e+00 4.736872914808037294e+00 1.661389918531723797e+00 1.123445337242960473e+00 2.461269278547331574e+00 5.234127700514628057e-01 4.487138702406430646e+00 7.000000000000000000e+00 1.000000000000000000e+01 2.000000000000000000e+00 -3.211423519587301030e+02
1.968367171323078146e+00 1.560592513723244812e+00 2.400002378416718596e+00 6.203963249683345893e+00 1.163861852968477439e+00 9.950946690658668548e-01 2.800156526870381524e-02 3.562908785910294363e+00 9.000000000000000000e+00 7.000000000000000000e+00 4.000000000000000000e+00 -7.325710008214522873e+01
1.126769552113758843e+00 1.899439145671208307e+00 6.376927838229746293e+00 4.470650228074978472e+00 1.572485804918860808e+00 6.654152213755689660e-01 3.442569683786055323e-01 4.197227808040114638e+00 8.000000000000000000e+00 7.000000000000000000e+00 3.000000000000000000e+00 -7.216415409844107387e+01
1.513524529425906096e+00 2.232307198736468656e+00 2.169817963239969671e+00 1.509764742412107008e+00 1.993609029916966868e+00 7.813965102494053738e-01 7.614459066204097848e-01 4.318387724897349678e+00 8.000000000000000000e+00 7.000000000000000000e+00 4.000000000000000000e+00 -8.666760746572823848e+01
2.655365636759375647e+00 1.252759030499781767e+00 7.566875710246198317e+00 7.631045373879686622e+00 1.276464223893014394e+00 2.027978525364813045e-01 1.337258247804725131e-01 4.028240171586393359e+00 7.000000000000000000e+00 7.000000000000000000e+00 4.000000000000000000e+00 -7.594849566882319891e+01
1.081714024575512134e+00 1.506521666413304095e+00 3.983154386890303655e+00 4.823773517146934253e+00 2.051277776434313527e+00 3.206404175156277736e-01 6.571736396225568155e-01 4.193647450645240582e+00 1.000000000000000000e+01 1.800000000000000000e+01 4.000000000000000000e+00 -4.368044463131024600e+02
1.736192301438140406e+00 1.549973503600063918e+00 9.271033509777607762e+00 4.852912537881042709e+00 2.832579032470293079e+00 7.888355689023075490e-01 6.289984916827406902e-01 3.703284188510751473e+00 6.000000000000000000e+00 7.000000000000000000e+00 3.000000000000000000e+00 -8.055812697188399341e+01
6.529155841155859230e-01 2.167994585752226921e+00 2.938870502498692083e+00 3.157524486150131704e+00 1.845198639970837329e+00 6.842869162813848272e-01 8.942997026820453943e-01 3.492126519888014258e+00 2.000000000000000000e+00 8.000000000000000000e+00 2.000000000000000000e+00 -1.005560993948374744e+04
2.219565554068262170e+00 1.333255508555855728e+00 3.027960678714468834e+00 6.137863627857726101e+00 5.091035650805164625e-01 1.578918346569953224e+00 1.893462926945385649e-01 4.683526653799439998e+00 9.000000000000000000e+00 1.200000000000000000e+01 4.000000000000000000e+00 -6.189099770826354074e+01
1.405616035711728218e+00 1.818769607435428481e+00 3.689426936901559539e+00 3.523754018141397992e+00 1.225285315011939602e+00 5.901785398353085466e-01 3.709985998680890296e-01 4.020846153434805004e+00 9.000000000000000000e+00 7.000000000000000000e+00 3.000000000000000000e+00 -4.392739201795976811e+01
