1.129168985681837434e+00 5.629471716108402912e-01 6.083543110808764531e+00 4.623544861561536656e+00 1.143774819952825039e+00 1.049711621555646790e+00 5.013624488382013578e-01 4.313174435596756062e+00 7.000000000000000000e+00 4.000000000000000000e+00 3.000000000000000000e+00 -6.809053178093212466e+01
1.779905540605890568e+00 1.146180461332895639e+00 6.263213688074790397e+00 3.100104575568077614e+00 1.023058550720775006e+00 1.383259116357558938e+00 6.082282366874098845e-01 3.686843321874516466e+00 1.000000000000000000e+01 3.000000000000000000e+00 5.000000000000000000e+00 -6.670058797891672953e+01
1.066350426409389041e+00 1.451787663429294328e+00 3.845983680853555686e+00 2.718286801363070104e+00 5.789793562603091637e-01 1.206111648807008718e+00 1.900973469492424073e-01 4.277215165418919440e+00 7.000000000000000000e+00 7.000000000000000000e+00 4.000000000000000000e+00 -1.478998008492875442e+02
1.803478955094502290e+00 6.832073744230426904e-01 6.726261827980683172e+00 3.621120787861175305e+00 1.981498256087918630e+00 8.035366272619307582e-01 3.116362985260378027e-01 4.308945730165173238e+00 2.000000000000000000e+00 3.000000000000000000e+00 4.000000000000000000e+00 -3.964572427941372013e+01
1.988138691608092756e+00 1.783837702199502440e+00 4.185850551507217077e+00 1.710374555706273281e+00 9.965743309649293113e-01 9.412863578625288996e-01 3.068456664223713770e-01 3.278175982467443905e+00 6.000000000000000000e+00 9.000000000000000000e+00 4.000000000000000000e+00 -6.574479947778232258e+01
1.631624159971853283e+00 1.219571949407394884e+00 6.227551120555873787e+00 5.858623420663024994e+00 1.834893289008237893e+00 1.866650301314560778e-01 2.299127413825361455e-01 3.255055261067476113e+00 6.000000000000000000e+00 4.000000000000000000e+00 4.000000000000000000e+00 -6.992556693601044060e+01
2.197333493299104656e+00 1.697867035439760475e+00 5.082916089050017128e+00 2.980183943807716229e+00 1.798424581556691937e+00 1.695113328421491650e+00 4.132452858720015998e-01 3.032181665770736778e+00 7.000000000000000000e+00 7.000000000000000000e+00 5.000000000000000000e+00 -8.340354142709881557e+01
1.921810540708392967e+00 1.470149137208180079e+00 7.221776268013494260e+00 3.336126825132835538e+00 9.910532823942224123e-01 1.210340920329475045e+00 1.943599282840020870e-01 3.578122158076469272e+00 6.000000000000000000e+00 1.000000000000000000e+01 4.000000000000000000e+00 -1.003554075435555023e+04
1.912123095777269466e+00 1.301130811143737187e+00 5.953379745721121274e+00 4.277419922698814325e+00 1.364453728985919989e+00 1.406743531705646699e+00 3.513475795251731482e-01 3.886293745416955492e+00 5.000000000000000000e+00 5.000000000000000000e+00 4.000000000000000000e+00 -7.053903489479095867e+01
1.701618223481352166e+00 8.553785282435577564e-01 6.128541214056541619e+00 3.663670258559722726e+00 1.177580867422326039e+00 1.139408111388466427e+00 3.377895580246307317e-01 3.868836632650058061e+00 9.000000000000000000e+00 1.100000000000000000e+01 4.000000000000000000e+00 -2.911230744011052707e+02
1.885836288260293925e+00 1.417396734289413596e+00 7.400542814920265222e+00 4.968714569573919881e+00 1.611065640955556821e+00 5.910670078823597740e-01 2.683213809141404838e-01 3.518193815173103811e+00 9.000000000000000000e+00 6.000000000000000000e+00 4.000000000000000000e+00 -6.254478037647896116e+01
1.408636462828735336e+00 1.728451701994522915e+00 8.885774628184025303e+00 3.885181653681454073e+00 7.511810974161206023e-01 1.208359087676213361e+00 1.830936472677574256e-01 2.716452286536805705e+00 9.000000000000000000e+00 1.100000000000000000e+01 4.000000000000000000e+00 -8.015181816101322454e+01
2.407615019487737484e+00 1.109066202237999343e+00 7.905418377765246696e+00 2.537612202631385649e+00 1.566234243367792711e+00 1.472601325071255740e+00 4.755597850541134486e-01 4.002316976325254849e+00 5.000000000000000000e+00 6.000000000000000000e+00 4.000000000000000000e+00 -4.098767059580116268e+01
1.139779377281868511e+00 7.512785629592401149e-01 6.333859132596538544e+00 4.523242674972093980e+00 2.118018751769735530e+00 1.619144870168910955e-01 2.840352693821603380e-01 4.744123600901684057e+00 1.000000000000000000e+01 8.000000000000000000e+00 2.000000000000000000e+00 -7.328649756475283539e+01
2.021700597362746876e+00 5.364835680492012759e-01 4.740385659109403349e+00 3.519438255891743417e+00 1.357110172349093924e+00 1.668933442861875616e+00 2.519772228931965730e-01 3.761365132565326341e+00 7.000000000000000000e+00 4.000000000000000000e+00 4.000000000000000000e+00 -6.733487566049929285e+01
2.452335305701740964e+00 2.178947041173315391e+00 4.661841486318636818e+00 3.753525481200612468e+00 2.145226234696020917e+00 1.001801904361788287e+00 2.099973494343077562e-01 4.480488936551638268e+00 6.000000000000000000e+00 2.000000000000000000e+00 4.000000000000000000e+00 -6.387567915520936879e+01
1.413404582103521268e+00 4.147686158146373647e-01 5.982410927789226562e+00 3.056344375343861053e+00 1.415672388961506822e+00 9.172040889553652043e-01 1.402191985681857378e-01 3.593100005476111747e+00 4.000000000000000000e+00 8.000000000000000000e+00 4.000000000000000000e+00 -6.094506346881797043e+01
1.402120292160707216e+00 1.511699575961241715e+00 6.279462862800844647e+00 6.494270204589529527e+00 1.619659748668724530e+00 1.044510575825060572e+00 3.357770364258471085e-01 3.488622203322032878e+00 5.000000000000000000e+00 5.000000000000000000e+00 3.000000000000000000e+00 -1.398695072419919541e+02
2.307973652722798974e+00 1.502289764813597106e+00 5.926835244010348447e+00 1.912521044908779277e+00 1.409277743234634839e+00 3.275981118662265601e-01 2.768701350274211381e-01 3.510984548722103415e+00 5.000000000000000000e+00 6.000000000000000000e+00 3.000000000000000000e+00 -5.616891550895442720e+01
1.511130313799013969e+00 1.013099900057359726e+00 6.952889140173677873e+00 4.148955461037905579e+00 1.229454240030432466e+00 1.252255336230771787e+00 2.236609673101551399e-02 3.855884242401119266e+00 7.000000000000000000e+00 1.300000000000000000e+01 5.000000000000000000e+00 -3.557371377087321775e+02
1.982929112515356973e-01 1.880632436591152423e+00 6.179517381817091426e+00 3.259238592006111546e+00 1.605718090312813873e+00 1.056503006190259830e+00 3.982784596157656898e-01 4.648589514630222297e+00 8.000000000000000000e+00 5.000000000000000000e+00 3.000000000000000000e+00 -6.863119970489015031e+01
1.686302014415190120e+00 1.846864286949208678e+00 4.195830022218006050e+00 4.423172812787164787e+00 8.582087718216777628e-01 1.000382175591139733e+00 3.803725754423592509e-01 4.146951333449982791e+00 1.000000000000000000e+01 6.000000000000000000e+00 3.000000000000000000e+00 -3.812246400158044679e+01
1.571909434970522268e+00 1.511801320127029946e+00 4.604228511103825028e+00 5.375392351017089787e+00 1.868870703400857591e+00 4.991411534703296127e-01 2.607982983552068479e-01 2.924682197872366274e+00 1.000000000000000000e+01 5.000000000000000000e+00 3.000000000000000000e+00 -5.852633817676604622e+01
1.890755231813427306e+00 1.606765885873376654e+00 8.518200301337238045e+00 6.416736349266789041e+00 9.638231636499768884e-01 1.174773988740090758e+00 5.910212354650428157e-01 4.707428801114870609e+00 9.000000000000000000e+00 5.000000000000000000e+00 3.000000000000000000e+00 -3.322826011783993039e+01
