5.688273394988615506e-01 2.477015038081257892e+00 3.262961284839466458e+00 4.778000935722602982e+00 1.849466074903218793e+00 8.096643390125772832e-01 6.583878093636212903e-01 3.770857841573813207e+00 6.000000000000000000e+00 1.000000000000000000e+01 3.000000000000000000e+00 -2.059024529697606340e+03 8.929999999999920135e+01 8.984081061004048907e-01 -6.113023624913003218e+00 7.099596852928080626e-01
1.491523373381159256e+00 1.311514476671528096e+00 4.872811359685026211e+00 5.734975920307409325e+00 1.370403255392348862e+00 1.394141788422803563e+00 5.697403157069608204e-01 3.142863121883491928e+00 5.000000000000000000e+00 1.100000000000000000e+01 1.000000000000000000e+00 -3.481086559021668450e+02 2.195600000000107457e+02 7.841042852613080288e-03 -1.938971529770058932e+00 1.154574859061060499e+00
2.568228681335969821e+00 1.459724290973435812e+00 7.222261249720639320e+00 4.797857628835269672e+00 1.903685584372470707e+00 1.193869421956150756e+00 6.280606786015391352e-01 2.583691163038420058e+00 6.000000000000000000e+00 4.000000000000000000e+00 3.000000000000000000e+00 -2.146494388721238920e+03 4.147999999999929344e+01 7.859649295077456799e+00 -1.940632602049570998e+00 5.122440397675935841e+00
1.964969176604641987e+00 1.392221120096804654e+00 6.560663968628960951e+00 2.302498992629515406e+00 2.358936787497147858e+00 1.059064907423929114e+00 1.708658512618308478e-01 2.523147578853132789e+00 4.000000000000000000e+00 1.400000000000000000e+01 2.000000000000000000e+00 -5.422661532561614877e+02 4.201399999999720194e+02 2.076225957851097093e+01 -8.863756784757627072e-01 6.213119155477478728e+00
1.159146458530624368e+00 1.557662087960518082e+00 7.285241602350404300e+00 5.749067410562143543e+00 1.716030510590758951e+00 7.627007014123646789e-01 1.021136991117416182e-01 3.142952764888982564e+00 5.000000000000000000e+00 8.000000000000000000e+00 5.000000000000000000e+00 -2.333387196363153635e+03 3.967999999999950944e+01 1.959669977269711083e+01 -4.256044120866593339e+00 5.355591426007515032e+00
2.466685702707742234e+00 1.920135068230197195e+00 7.868264211920031670e+00 3.860179656153174932e+00 1.635487097613594454e+00 1.097043763408924733e+00 4.534169657609230519e-01 3.275335104352824711e+00 3.000000000000000000e+00 5.000000000000000000e+00 2.000000000000000000e+00 -1.101878065417147354e+02 1.500499999999998693e+02 2.197675408857175494e+00 -1.150809805663114277e-01 2.905531652121901552e-04
6.988624683588016140e-01 1.678293232558349501e+00 3.824726334926289439e+00 8.998761322185492517e+00 1.073729336725266048e+00 1.708221902379177815e-01 5.903849574092723262e-01 4.138193379019156737e+00 2.000000000000000000e+00 8.000000000000000000e+00 3.000000000000000000e+00 -1.778978410139535526e+02 2.400800000000151329e+02 3.616115063371624583e+00 1.930337987277409573e-01 1.721609783896393617e-02
9.787875648799917450e-01 2.740081544597441798e+00 7.506546279951884948e+00 8.422040973162724598e+00 1.415663683376802151e+00 8.790976330379025594e-01 6.224456582880760758e-01 2.982989191589638711e+00 4.000000000000000000e+00 1.500000000000000000e+01 2.000000000000000000e+00 -5.280876171441476572e+02 4.501499999999774104e+02 1.893828857150993272e+01 -1.544466367912177562e-01 3.835101621336535656e-03
1.349671136020057727e+00 9.167386796773251412e-01 5.605123937330505512e+00 4.880094603767724415e+00 1.823124642647592442e+00 1.398614485929657203e+00 7.488353346642232511e-01 2.697979458165359556e+00 3.000000000000000000e+00 1.400000000000000000e+01 2.000000000000000000e+00 -6.261171030917384996e+02 4.201399999999720194e+02 2.600294394323453417e+01 -6.858076760807674255e-02 6.180207949514396226e+00
1.011345739419112766e+00 2.281340978384473139e+00 6.778426072905946675e+00 7.504398887663110251e+00 1.124650561808674842e+00 1.222311888690605031e+00 3.359989495483157729e-01 3.233949908714016885e+00 4.000000000000000000e+00 1.100000000000000000e+01 3.000000000000000000e+00 -2.339419013980464570e+03 5.147999999999979082e+01 1.960493837377902437e+01 -4.229640258731012459e+00 5.638605387959859883e+00
1.036697304338158654e+00 2.592693257472075352e+00 6.959841717521654481e+00 7.469195399547227332e+00 2.071292766792193429e+00 9.838656428797600828e-01 3.907331448736137691e-01 3.192169766088118088e+00 4.000000000000000000e+00 1.000000000000000000e+01 2.000000000000000000e+00 -5.592496641726108919e+02 3.000999999999997385e+02 2.557497901078819069e+01 -8.121979231752856146e-03 6.282898132978567141e+00
8.099234873287195491e-01 7.493770041173232199e-01 5.932014874526053916e+00 3.798343365853924958e+00 1.264625793691648514e+00 5.675222798095002075e-01 3.667559744275982747e-01 2.542445464272331090e+00 2.000000000000000000e+00 9.000000000000000000e+00 3.000000000000000000e+00 -2.874202578937392900e+02 2.700900000000045225e+02 9.523453618358562522e+00 9.095182504570048510e-02 3.494630463743247668e-03
3.857789361462464206e-01 1.906154373368986077e+00 7.053089012867229890e+00 2.957118419798050457e+00 2.394469698390949475e+00 1.985337012663112022e+00 1.728389322427531238e-01 2.299602288072873701e+00 5.000000000000000000e+00 1.200000000000000000e+01 2.000000000000000000e+00 -5.407827638472932676e+02 3.601200000000105774e+02 2.254517274045549868e+01 9.744891718613063469e-02 5.022864473502137300e-02
1.397810259880551520e+00 2.136055603771181310e+00 4.750394170199090382e+00 3.754713214813065303e+00 1.094045039318084500e+00 1.655555442729102822e+00 8.348372654984426156e-01 2.970264821098967278e+00 3.000000000000000000e+00 1.000000000000000000e+01 3.000000000000000000e+00 -2.352375340175012752e+03 4.980000000000043769e+01 2.046720876093830199e+01 -4.736654853377860519e+00 2.442315435117722533e+00
2.339159177062380301e+00 1.339529864172683160e+00 4.236247944569726975e+00 5.658071463193428130e+00 2.524049307019876398e+00 1.603665043878142571e+00 4.380049465493312533e-01 3.341713592806882627e+00 3.000000000000000000e+00 6.000000000000000000e+00 1.000000000000000000e+00 -2.782338145905583247e+02 1.326000000000034902e+02 1.883294243356816583e-02 -1.783352967740885697e+00 1.037961622050810551e+00
2.589315486487622664e+00 1.858971418031339695e+00 5.412565111994533495e+00 6.009521856278753127e+00 1.744017326631191356e+00 1.178895052928086162e+00 6.296532669524156356e-01 2.491245599453999038e+00 3.000000000000000000e+00 7.000000000000000000e+00 2.000000000000000000e+00 -2.643948051291268371e+02 2.100699999999860097e+02 9.959987820570864514e+00 -1.388572373397454429e+00 1.206597486661261376e-01
6.333724543183745226e-01 1.183958669242749062e+00 4.924109079620874851e+00 6.943879601294020709e+00 1.595263081123697413e+00 1.091751897306404206e+00 5.291914839251854463e-01 2.884545896781346208e+00 5.000000000000000000e+00 8.000000000000000000e+00 3.000000000000000000e+00 -2.240707300665340881e+03 7.159999999999882903e+01 1.280670629158383633e+01 -8.193601522078809651e+00 1.787687093949026640e-01
1.507456490136151794e+00 1.478026141440377916e+00 5.284980676938871191e+00 5.618793395736589424e+00 2.147762642046316728e+00 1.071984062111754232e+00 4.726885281698837149e-01 2.670148782477533178e+00 2.000000000000000000e+00 7.000000000000000000e+00 1.000000000000000000e+00 -3.882713319248883863e+02 2.100699999999860097e+02 1.770227074530596312e+01 2.085607134710501243e-01 6.272579569264502553e+00
1.925768761788010597e+00 1.587164864203831183e+00 8.694059135556704732e+00 5.103052470833391752e+00 1.773117755790841299e+00 9.888164343448591076e-02 4.509934537154931533e-01 3.600906095908279703e+00 4.000000000000000000e+00 3.000000000000000000e+00 1.000000000000000000e+00 -2.385375379931365842e+03 7.140000000000014779e+00 2.386283624571034423e+01 -1.360168968335596862e+00 1.988956462858453705e-02
1.960278865058354691e+00 2.725676010834287677e+00 4.220225973143422848e+00 6.445357856326098478e+00 2.368731006717721410e+00 1.104969273592686596e+00 4.341993166914115965e-01 4.084539831332369531e+00 4.000000000000000000e+00 5.000000000000000000e+00 2.000000000000000000e+00 -1.284787238110080523e+02 1.500499999999998693e+02 3.340857738188007797e+00 -6.213072894889470899e-02 2.045827014851967808e-04
2.154662292285691727e+00 1.503601220660236937e+00 8.209938164562322171e+00 4.033762418339847500e+00 2.682231961096426254e+00 1.591789092417257079e+00 2.359265129367669189e-01 2.056280306367672228e+00 3.000000000000000000e+00 1.100000000000000000e+01 4.000000000000000000e+00 -5.328208424509596171e+02 3.301100000000244563e+02 2.298536515318421536e+01 -1.406623170345905893e-01 6.239943608255178020e+00
1.206935559393823354e+00 1.870049607091560651e+00 8.660404580498173743e+00 5.739690767473594413e+00 2.743936167462023512e+00 1.252182435470247102e+00 4.406791715710531854e-01 2.579788981969213246e+00 6.000000000000000000e+00 7.000000000000000000e+00 3.000000000000000000e+00 -2.283039705745161882e+03 6.440000000000020464e+01 1.567748160907260768e+01 -1.414846423274661191e+01 1.820443149318391907e+00
8.287368544428797001e-01 2.148110035174379817e+00 5.784141049610784791e+00 3.422635134025786563e+00 2.728776187898772854e+00 1.009436237662475033e+00 4.987387192640818645e-01 2.862340999421591814e+00 0.000000000000000000e+00 9.000000000000000000e+00 3.000000000000000000e+00 -6.054813701308844429e+02 2.700900000000045225e+02 2.940227313318013813e+01 2.577505270308183549e-02 1.550893543127429552e-03
2.896459936041684724e+00 1.100767753036570262e+00 4.934128615554072006e+00 5.001968572044414252e+00 1.694315859868097407e+00 1.961576961314379641e+00 6.416500792673196507e-01 3.152250105302807803e+00 0.000000000000000000e+00 6.000000000000000000e+00 4.000000000000000000e+00 -2.066826723829222828e+03 5.274000000000048516e+01 2.528545239326412730e+00 -1.184856724268951922e+01 4.083273538237090605e+00
1.298514088280755541e+00 1.031559503713758597e+00 9.045252866134447345e+00 6.307249085962181034e+00 1.993921589069245659e+00 7.986969943051250853e-01 3.586742053777561834e-01 2.939587373025075223e+00 3.000000000000000000e+00 2.000000000000000000e+00 2.000000000000000000e+00 -2.382431927671654194e+03 5.519999999999970264e+00 2.372949547947840188e+01 -2.231401961634669195e+00 1.920234398087699301e-01
2.579324964531567232e+00 1.422610973945034107e+00 2.593761057864993891e+00 5.760437900864243232e+00 1.351314719631502514e+00 1.721213526233891233e+00 5.054748915796410946e-01 2.182612940820302327e+00 9.000000000000000000e+00 1.000000000000000000e+01 3.000000000000000000e+00 -2.185756663832423783e+03 1.185999999999975358e+02 7.903541489526554109e+00 -1.800484210934183871e+00 5.011211584240010453e+00
1.595151641333300008e+00 1.598807186400102776e+00 1.980446233044326876e+00 8.592680190785264571e+00 1.796837569164397852e+00 1.135234952059237301e+00 5.078783763627026104e-01 2.317123557033120562e+00 6.000000000000000000e+00 7.000000000000000000e+00 4.000000000000000000e+00 -1.532408018471771243e+02 1.316699999999936495e+02 1.573605336260967130e-02 -9.882218251323514613e-01 6.101073695818383769e+00
6.620090817644941339e-01 1.250564938830968309e+00 8.717414260783518998e+00 3.434391236280618820e+00 2.452760559883979230e+00 1.825276752152551474e-01 6.699171694152794565e-01 3.705719189185962215e+00 2.000000000000000000e+00 1.200000000000000000e+01 2.000000000000000000e+00 -6.384401541173117494e+02 3.601200000000105774e+02 2.864875963233165734e+01 1.105006179588371128e-02 5.906644292135413039e-03
5.647950455220791532e-01 1.562030108000295403e+00 9.034883156575709506e+00 5.322123322081623975e+00 2.409327313956466821e+00 1.273021751910152544e+00 6.286069617048433145e-01 3.998871517597552216e+00 2.000000000000000000e+00 1.600000000000000000e+01 2.000000000000000000e+00 -7.201278287012523833e+02 4.801600000000302657e+02 3.000298929382732638e+01 8.776769708739959319e-03 6.282717167850744744e+00
1.207814230614453921e+00 2.044022175761428972e+00 7.798460584461313516e+00 5.899096983413303796e+00 9.309153616163784450e-01 7.032649957282821607e-01 7.276504151904390483e-01 2.584213926736196321e+00 2.000000000000000000e+00 1.600000000000000000e+01 2.000000000000000000e+00 -5.359044002372195337e+02 4.801600000000302657e+02 1.848902501482527683e+01 -3.462629355206080922e-02 3.510129908365290825e-04
2.057709787292285597e-01 1.296403177886032765e+00 6.261989992518803838e+00 6.542217805744637182e+00 2.483064134330192907e+00 8.951570911155571908e-01 5.278756413462187824e-01 3.122667723009176388e+00 4.000000000000000000e+00 1.500000000000000000e+01 2.000000000000000000e+00 -6.570188457156669983e+02 4.501499999999774104e+02 2.699649035722989154e+01 1.268215593818380060e-01 7.783821657796433091e-02
9.030113620416020392e-01 2.456894614280548339e+00 3.073475518241871818e+00 3.614832416525603165e+00 1.549582578349240514e+00 1.246789671283164314e+00 3.518614194821550467e-01 2.981998986765157955e+00 3.000000000000000000e+00 9.000000000000000000e+00 4.000000000000000000e+00 -7.720682862600535827e+02 1.893600000000058969e+02 -4.277537150989343950e-03 -6.763636207748026763e+00 3.924514383681723562e+00
2.289178685159843241e+00 1.535056103376243319e+00 8.248785518150828722e+00 2.735605611745491217e+00 2.070392314070556683e+00 8.815534162556277753e-01 2.799474819617824295e-01 2.492982782572378042e+00 3.000000000000000000e+00 7.000000000000000000e+00 2.000000000000000000e+00 -2.850413617073692194e+02 2.100699999999860097e+02 1.125039760671101163e+01 -4.893340615737020172e-01 6.225262774648571806e+00
6.025379855590466960e-01 1.868649019432687908e+00 5.449165248082801227e+00 8.266846884425998354e+00 1.082459142236519956e+00 4.512558166234196255e-01 6.911353343396655635e-01 3.137957895113204554e+00 3.000000000000000000e+00 1.100000000000000000e+01 2.000000000000000000e+00 -4.500849352754253232e+02 3.301100000000244563e+02 1.781437095471331844e+01 2.767275239703798073e-03 3.639027763532911349e-03
8.837831977376285897e-01 2.274892644274268960e+00 5.755940007682383452e+00 2.518873736383837159e+00 2.143471634511337154e+00 6.926969670501899046e-01 1.899948437038700977e-01 2.846499014410113215e+00 5.000000000000000000e+00 1.800000000000000000e+01 2.000000000000000000e+00 -6.904634851180600208e+02 5.401800000000090449e+02 2.627334281987846865e+01 1.168929003898815620e-02 3.531213634963006279e-03
4.554375807253174813e-01 2.104325620199273938e+00 3.123572102227672342e+00 5.998344811038816005e+00 1.006929964029744218e+00 7.522520542482200590e-01 4.352891745896095843e-01 2.815078152016580404e+00 2.000000000000000000e+00 5.000000000000000000e+00 2.000000000000000000e+00 -6.380912304265959278e+01 1.269499999999949296e+02 2.088269016638285430e-02 -9.505013852726287293e-01 6.278610866859938966e+00
1.596947769013728369e+00 1.121303665949650252e+00 4.512489559597170796e+00 4.682704923993215473e+00 2.007760715129967899e+00 2.148129574984185108e+00 4.392807812959361735e-01 2.854924634902102465e+00 5.000000000000000000e+00 7.000000000000000000e+00 2.000000000000000000e+00 -1.231809910928463978e+02 1.603699999999908528e+02 2.108861110156490595e-02 -9.762902193725501165e-01 5.685291324087318188e-01
1.016561061377687425e+00 2.935611349171433293e+00 4.841653830308485951e+00 7.792028360479192450e+00 2.494642933414933150e+00 7.791554052782773132e-01 5.403924008844547267e-01 3.460334280423772668e+00 4.000000000000000000e+00 8.000000000000000000e+00 4.000000000000000000e+00 -4.010735483034064259e+02 2.400800000000151329e+02 1.756459676896242783e+01 -2.139555178663128387e-01 1.282244010233095366e-01
2.411173276251630249e+00 2.087780663044711993e+00 5.472948490399206278e+00 7.064602155881768653e+00 1.928882350789506095e+00 7.575823052904995247e-03 1.592355048986237864e-01 2.593849723442171129e+00 3.000000000000000000e+00 2.000000000000000000e+00 2.000000000000000000e+00 -2.384647200349986178e+03 5.439999999999971969e+00 2.387045002187413445e+01 -1.592904737075116373e+00 5.390168682008591831e-03
4.196577180873449775e-01 1.982043302238455373e+00 9.772073758516985009e+00 4.054079813476852756e+00 2.851299319157036383e+00 2.453216219873441961e-01 2.916877893490698592e-01 2.310782934818957468e+00 1.000000000000000000e+01 1.000000000000000000e+01 2.000000000000000000e+00 -5.487760546491466584e+02 3.000999999999997385e+02 2.492037841557167610e+01 -3.970580706790293180e-01 6.282218246942845141e+00
1.539686172595703839e+00 1.904698216383552856e+00 6.986941783540836504e+00 3.046142849606432002e+00 1.096551068623100145e+00 5.645116344906503381e-01 5.486003237149004175e-01 2.985119210166043757e+00 4.000000000000000000e+00 1.100000000000000000e+01 3.000000000000000000e+00 -2.950266697222943435e+02 3.301100000000244563e+02 8.123229357642632209e+00 8.526722317145268848e-02 6.280775995382958499e+00
1.362270633273338305e+00 1.162067592369753211e+00 7.195796172423969850e+00 7.560491730880007921e+00 2.170120160391262321e+00 3.543420875582569685e-01 3.123965369193353880e-01 2.523115407555900358e+00 0.000000000000000000e+00 1.700000000000000000e+01 3.000000000000000000e+00 -8.258659597615439907e+02 2.949499999999953275e+02 1.376243009329169986e-02 -1.279278636288392157e+01 2.194070090196141631e+00
2.553939059357988928e+00 2.885118916025586788e+00 3.088376982947423244e+00 4.975923598897533218e+00 1.673364520008364220e+00 5.530321381767950850e-01 1.121379759078222627e-01 3.400086526607518866e+00 2.000000000000000000e+00 1.300000000000000000e+01 3.000000000000000000e+00 -2.088700426761033214e+03 1.054299999999990973e+02 2.249089172564601391e+00 -1.091145602315997287e+01 5.777252216745104363e+00
1.369800464102980397e+00 1.648665675825269794e+00 6.598646124004538649e+00 6.764957858989097517e+00 3.037639406466623448e-01 6.659017338875564684e-01 7.563798033105494367e-01 3.032244585124469261e+00 1.000000000000000000e+00 1.400000000000000000e+01 1.000000000000000000e+00 -2.623781772328083548e+02 2.554999999999880629e+02 9.830034584726383279e-03 -1.544804770145289829e+00 8.183815416312225643e-01
3.801324862581437758e-01 2.123586304401304137e+00 6.308564183466771169e+00 4.317418848643781892e+00 8.197483710492811104e-01 2.550684400678244312e+00 3.002541099014379156e-01 4.077780532199009045e+00 6.000000000000000000e+00 5.000000000000000000e+00 2.000000000000000000e+00 -1.702358256108372245e+02 7.154999999999807869e+01 2.179355647022274828e-02 -1.021872180224632221e+00 5.437859896139983995e+00
3.751113543178723475e-01 1.295745939452797035e+00 5.620694659210373700e+00 8.513197762540068325e+00 2.490356793861420392e+00 1.374046144632102395e+00 8.370814138739735011e-01 3.313446598349768291e+00 1.000000000000000000e+00 4.000000000000000000e+00 2.000000000000000000e+00 -3.595218541451542933e+02 1.200400000000075664e+02 1.871886588407190644e+01 -4.855155863633635605e-01 1.416228045479151322e-03
1.887760568058437727e+00 1.387590155873292375e+00 4.096867301329990774e+00 1.060907245189009362e+00 1.195296905741828564e+00 4.461990604209007394e-01 6.412759314571170322e-01 3.129671999802968507e+00 1.000000000000000000e+00 9.000000000000000000e+00 3.000000000000000000e+00 -5.478325310294659403e+02 2.700900000000045225e+02 2.579922068934148172e+01 6.660656604570827644e-02 1.858167003512884406e-03
2.878697230203281610e+00 1.933664021355691931e+00 3.072076362925255211e+00 6.850027877521208453e+00 2.298407318018013346e+00 2.053365087484209983e+00 6.478044921416198365e-01 3.054393687940308855e+00 4.000000000000000000e+00 4.000000000000000000e+00 2.000000000000000000e+00 -3.791226179229462900e+01 7.512000000000054456e+01 2.201636201839744789e-02 -9.464535253355852440e-01 6.266977386091800106e+00
