1.561170980986702705e+00 1.630194122199212003e+00 9.701212089097008828e+00 5.387320617582413540e+00 1.011503820345479365e+00 6.063464270284102398e-02 9.459373805683968239e-01 3.692352845777527648e+00 6.000000000000000000e+00 9.000000000000000000e+00 1.000000000000000000e+00 -2.379849267784825315e+02 2.700900000000045225e+02 6.433745423655017781e+00 -7.724935734494857778e-03 9.323777943180547659e-04
1.323489046563966820e+00 7.011136451029897909e-01 5.218682117539969134e+00 3.187536170590717699e+00 2.750555380311219267e+00 9.334856756800558042e-02 3.619937888327600106e-01 2.808533229097485151e+00 5.000000000000000000e+00 6.000000000000000000e+00 1.000000000000000000e+00 -3.628849005570173176e+02 1.800600000000052887e+02 1.705343128481341708e+01 9.171342184519429980e-03 1.204625228554063500e-04
2.099715241717604819e+00 2.121409068355307515e+00 3.454456405766082927e+00 6.618275817142359685e+00 2.221099069911368851e+00 2.597198395765570211e+00 7.044009901307111132e-01 4.204657592809248001e+00 1.000000000000000000e+00 7.000000000000000000e+00 3.000000000000000000e+00 -2.195350640380445839e+03 1.645000000000004547e+01 1.169535252377786705e+01 -2.551329654222918109e+01 3.359111130636536213e+00
1.121552996239467470e+00 1.764113045365140575e+00 6.951492395063248786e+00 4.887223685074468804e+00 1.088343979417316643e+00 1.850323755621406385e-01 4.423019700609354121e-01 3.186815023090612264e+00 5.000000000000000000e+00 1.500000000000000000e+01 1.000000000000000000e+00 -4.908390268061323241e+02 4.501499999999774104e+02 1.661025167538397440e+01 -3.844230449048441356e-03 6.281966103054670292e+00
7.470955117533764067e-01 7.773586957905219696e-01 8.731030182410655982e+00 5.536080406108854213e+00 2.125072562415116550e+00 7.604019354081523741e-01 6.535089464710776008e-01 4.294287087284972770e+00 7.000000000000000000e+00 1.100000000000000000e+01 3.000000000000000000e+00 -2.346322856062703067e+03 6.269999999999973284e+01 1.968580350391895806e+01 -3.005798494238829388e+00 9.620191880384149075e-02
1.904330378100539622e+00 2.088302459089302676e+00 8.061191817337514109e+00 8.369671040396250206e+00 2.331700966964102228e+00 1.687819850509036934e-01 4.709853912839649381e-01 3.013396863914258539e+00 0.000000000000000000e+00 9.000000000000000000e+00 1.000000000000000000e+00 -5.837773743619453626e+02 2.700900000000045225e+02 2.804577339762144561e+01 -1.065322152483916540e-01 6.782353341733603571e-05
1.230773028258757895e+00 2.283384509151514141e+00 9.435122648010986879e+00 4.272905944239336229e+00 1.510622973181534157e+00 1.342522649446969973e+00 7.301292796880514135e-01 2.326910538944225060e+00 2.000000000000000000e+00 3.000000000000000000e+00 2.000000000000000000e+00 -7.394593620372845066e+01 9.003000000000264436e+01 1.808183512732945308e+00 -4.327918578266662375e-01 6.283167007208740884e+00
1.628169418511618227e+00 2.744252782400059321e+00 5.286280760913079746e+00 5.426484736717793744e+00 2.522267370155319988e+00 2.395008588511569059e-01 7.956447276586244843e-01 3.733169607302819326e+00 4.000000000000000000e+00 1.400000000000000000e+01 2.000000000000000000e+00 -6.228020136795798862e+02 4.201399999999720194e+02 2.579575085497461373e+01 2.738508527204350229e-01 6.269353005913650634e+00
1.782291472212151451e+00 1.224677816139198683e+00 4.939821730628414898e+00 4.285915666149847425e+00 2.322449621746470960e+00 9.734856215981977368e-01 3.442297113926120478e-01 2.890037483620751413e+00 6.000000000000000000e+00 4.000000000000000000e+00 3.000000000000000000e+00 -2.318727125164419249e+03 1.699999999999981526e+01 1.938919532277619240e+01 -4.360751526545733725e+00 5.992686440363842237e+00
1.892189842533211541e+00 1.815694010439931727e+00 5.070836814700903084e+00 4.886684278680264448e+00 1.571870304629215731e+00 1.022557572881642951e+00 3.745912481905722680e-01 3.210459984265729982e+00 2.000000000000000000e+00 9.000000000000000000e+00 2.000000000000000000e+00 -2.022068956626720251e+02 2.700900000000045225e+02 4.197618478916860241e+00 2.827669206637428018e-02 6.568404890782682769e-03
2.448093130122471539e+00 2.387303123200420263e+00 7.072536292569538752e+00 7.071572576861815840e+00 2.006377487804519077e+00 8.557045293506627681e-01 9.209052753367337196e-01 3.042540231614100588e+00 5.000000000000000000e+00 9.000000000000000000e+00 2.000000000000000000e+00 -4.072576353778547400e+02 2.700900000000045225e+02 1.701328971111578170e+01 4.139018490350386270e-01 6.140144143892257489e+00
1.610127915209822902e+00 2.385581271392885672e+00 5.232646105885044641e+00 7.233799664767582627e+00 1.498275488970693292e+00 1.039591340042299361e+00 2.590163806031946514e-01 3.108719097155287603e+00 7.000000000000000000e+00 1.800000000000000000e+01 2.000000000000000000e+00 -4.183163409151989072e+02 5.401800000000090449e+02 9.264146307199649044e+00 -1.148828351643925494e+00 6.184078112507028102e+00
1.480331239588593917e+00 2.365164846482026295e+00 5.418513015524057508e+00 2.904803052352917359e+00 8.179800697102903584e-01 9.795068161955610142e-01 5.223919740391073097e-01 3.738402724118292220e+00 3.000000000000000000e+00 1.100000000000000000e+01 1.000000000000000000e+00 -2.330404087893708152e+02 3.301100000000244563e+02 4.249088049334910799e+00 -7.371665893973925604e-03 6.283094845481760338e+00
1.787370128146358095e+00 6.172135501043879424e-01 7.613382341806280706e+00 2.320025035198062024e+00 2.243045779544794449e+00 8.618463612652609296e-01 3.636233578525802645e-01 2.252030098628074128e+00 6.000000000000000000e+00 5.000000000000000000e+00 1.000000000000000000e+00 -2.028269254464844664e+02 1.500499999999998693e+02 7.987620340405283237e+00 -4.994382193203179485e-03 6.283084177063256170e+00
1.242183751684599491e+00 1.905519311786212810e+00 6.290254444490747332e+00 2.874033668138755271e+00 1.389610311935090881e+00 1.083130194657007550e+00 4.301451950036740968e-01 3.403659189777775484e+00 6.000000000000000000e+00 7.000000000000000000e+00 2.000000000000000000e+00 -2.151897331044132784e+02 2.100699999999860097e+02 6.884670819026266209e+00 -1.903817800810144031e-03 6.282720028322055228e+00
1.741441052174952819e+00 1.423324831309323191e+00 4.313728853629839932e+00 5.014089689341158618e+00 2.480721435946092734e-01 7.201237753543412445e-01 5.764604249354823295e-01 2.678047852679715568e+00 7.000000000000000000e+00 1.000000000000000000e+01 1.000000000000000000e+00 -2.168402093983306713e+03 9.059999999999912745e+01 7.693880873956691069e+00 -1.225741923240442288e+00 6.067528391943809218e+00
4.535479430362606146e-01 2.941777797752458845e+00 4.984158267519484653e+00 6.645917966288074297e+00 1.729035420073703255e+00 1.174349531168265237e+00 6.918182910089688553e-01 3.709761059196010180e+00 4.000000000000000000e+00 1.800000000000000000e+01 2.000000000000000000e+00 -2.236891588052268617e+03 1.344600000000025659e+02 1.060384925326670569e+01 -5.857566679009472921e+00 5.666974482195737295e+00
1.230505582623045102e+00 9.598121838119557658e-01 7.131284322359259242e+00 3.171940439172657999e+00 2.086617860202971464e+00 1.034493832084828924e+00 5.659950807885105739e-01 3.726522640508945994e+00 5.000000000000000000e+00 1.000000000000000000e+01 2.000000000000000000e+00 -4.301949862481494620e+02 3.000999999999997385e+02 1.750906164050935132e+01 -1.320883765346588098e-03 5.885176613723235961e-05
1.768077190322125958e+00 1.978637811467368834e+00 6.742640860686242021e+00 4.523109482175200924e+00 1.679353634864991340e+00 1.849479139941716088e+00 9.134739932811503094e-02 3.256359706362792039e+00 5.000000000000000000e+00 1.500000000000000000e+01 2.000000000000000000e+00 -2.381095348104254754e+03 2.677500000000050591e+02 1.545127175651577467e+01 -3.735605984342410757e+00 5.199739102217526110e+00
6.070730927968213120e-01 1.563056244595768973e+00 4.793791538755056258e+00 4.283119763853577844e+00 2.999230762983891907e+00 1.228871389877665088e+00 4.044141468942294981e-01 3.669372442288243441e+00 3.000000000000000000e+00 5.000000000000000000e+00 2.000000000000000000e+00 -4.397122685965217670e+02 1.500499999999998693e+02 2.279295428728261541e+01 -4.943682385323773347e-03 2.179733726010228928e-04
7.710764142458035320e-01 2.189411292886577876e+00 7.182634167032928119e+00 5.695265265772580854e+00 1.553099234987624477e+00 2.880645663209233653e-01 6.822673156489023061e-01 2.418181106826829296e+00 8.000000000000000000e+00 1.800000000000000000e+01 2.000000000000000000e+00 -6.176824973491475248e+02 5.401800000000090449e+02 2.172453108432143765e+01 1.153695658768221638e-02 3.974288305160327537e-05
8.228188697806930740e-01 1.220204036049124863e+00 6.848682753015446600e+00 3.942105941749081577e+00 8.951664838738275787e-01 2.350865319934786868e+00 1.586127271430404218e-01 2.541615312713501940e+00 3.000000000000000000e+00 6.000000000000000000e+00 2.000000000000000000e+00 -1.533972309372196321e+02 1.372800000000036675e+02 2.099920179569621931e-02 -9.568015919229938548e-01 6.081768036290012169e+00
1.645603671186957495e+00 2.288238170545942474e+00 6.699383145615064095e+00 6.280555809811958490e+00 1.540979671873442314e+00 1.314330984017485715e+00 6.728415831714454898e-01 3.533096121021445768e+00 7.000000000000000000e+00 5.000000000000000000e+00 3.000000000000000000e+00 -2.269465412520611153e+03 2.620000000000023732e+01 1.602283828253818498e+01 -1.395326389841119896e+00 4.806449981649462799e+00
1.101717365349256905e+00 2.761679922599007408e+00 6.852029107568946564e+00 3.550140050645452572e+00 5.365914125278549163e-01 1.540826244020064628e+00 9.582086505064544291e-01 3.366161190108232226e+00 2.000000000000000000e+00 4.000000000000000000e+00 1.000000000000000000e+00 -1.330751678411012620e+02 6.511999999999898137e+01 1.176836744423162898e-02 -1.473151897789350517e+00 7.267867327328813021e-01
8.926214425360353699e-01 1.809170067921847425e+00 9.520807745692192015e+00 3.524891254256121709e+00 1.910126420858334839e+00 8.582061061474787200e-01 7.845927602121175459e-01 2.982462193850142551e+00 3.000000000000000000e+00 1.300000000000000000e+01 1.000000000000000000e+00 -6.421116011078202064e+02 3.901299999999891384e+02 2.794041256923910410e+01 -9.330291417665348419e-02 9.641423753952905627e-04
2.421557088431228522e+00 1.329169601183184390e+00 4.179327475626944732e+00 4.248958955229907630e+00 2.083371677885375917e+00 2.900597602464919378e-01 2.988549456825597139e-01 2.794188063824550650e+00 1.000000000000000000e+00 3.000000000000000000e+00 2.000000000000000000e+00 -7.624072747592254018e+01 9.003000000000264436e+01 1.951607967245076125e+00 -3.319423048192047809e-01 8.765836102294985032e-05
1.775645772013838997e+00 7.123633759150225231e-01 4.439564849614074049e+00 1.513883769507117449e+00 1.758035616636928866e+00 9.435988634405514386e-01 4.113934139344544993e-01 3.037402175778733948e+00 4.000000000000000000e+00 8.000000000000000000e+00 1.000000000000000000e+00 -2.396740466469938156e+02 2.400800000000151329e+02 7.477127915436640571e+00 -4.152748233739057132e-02 6.280640591988049692e+00
1.703509194624108325e+00 2.104639587503821296e+00 4.953353233902284991e+00 5.390389875654180152e+00 1.761847815532918027e+00 1.613760946873559199e+00 7.109453526186656491e-01 3.489970708253666842e+00 5.000000000000000000e+00 6.000000000000000000e+00 2.000000000000000000e+00 -1.360445269610254115e+02 1.800600000000052887e+02 2.875907935063922949e+00 -6.627199418073145831e-03 1.004877354871698027e-02
1.909615938690804704e+00 1.124222639893565079e+00 6.654254091614515865e+00 2.165687209447249018e+00 1.052236105869871041e+00 1.076718596787509252e+00 5.896798444001309925e-01 2.738120016134544255e+00 3.000000000000000000e+00 6.000000000000000000e+00 1.000000000000000000e+00 -2.002498375635223056e+02 1.800600000000052887e+02 6.888739847719979714e+00 -6.605414955331609383e-02 1.865460977396461439e-01
1.878841846255438597e+00 1.695796574708053672e+00 6.962753573012259167e+00 6.775488703500249343e+00 1.206389427429117145e+00 7.706632996242126499e-01 4.930967776385495327e-01 3.599656707015228996e+00 1.000000000000000000e+00 1.100000000000000000e+01 2.000000000000000000e+00 -2.219677621256007569e+03 1.198999999999994373e+02 9.982976328500505758e+00 -8.315463449190330092e-01 1.465674607418243278e-02
2.175764323632466635e+00 2.471096233710842860e+00 3.530607536947774516e+00 6.257042280386509780e+00 1.980694853986114445e+00 1.217215291549696765e+00 3.694705759529618438e-01 2.129452075808644818e+00 4.000000000000000000e+00 1.000000000000000000e+01 3.000000000000000000e+00 -6.398488973726319955e+02 1.935999999999932868e+02 -1.402179403701475646e-02 -9.263508314323740223e+00 4.402334281274271177e+00
1.953583332105548243e+00 2.405765091053313931e+00 8.663708311703731013e+00 5.631088290223269510e+00 2.296689346451517011e+00 4.359966607498957369e-01 7.270294488371532582e-01 3.883542805952329591e+00 7.000000000000000000e+00 1.200000000000000000e+01 1.000000000000000000e+00 -4.630327916845311051e+02 3.601200000000105774e+02 1.768579948028286353e+01 1.477585163748177666e-01 6.268731076748923492e+00
2.202937560568741127e+00 2.781787943590551038e+00 2.064674918754636934e+00 4.141664745375194912e+00 9.714606272075730908e-01 7.393377084029593149e-01 9.745038550457607585e-01 2.591858426124267645e+00 5.000000000000000000e+00 6.000000000000000000e+00 2.000000000000000000e+00 -2.158252112343146109e+03 7.008000000000113516e+01 7.700757021446597683e+00 -9.644385009964068223e-01 6.186449127260994274e+00
3.624828930590435760e-01 2.130276337616563875e+00 4.352019665164432283e+00 5.391325301336915565e+00 1.793658723384259135e+00 9.480141642529030799e-01 6.304191949002633244e-01 2.615102027550700647e+00 4.000000000000000000e+00 8.000000000000000000e+00 1.000000000000000000e+00 -4.038604927367402411e+02 2.400800000000151329e+02 1.773878079604579128e+01 -2.367550301707558626e-03 5.811925075197853138e-06
1.857051586641922825e+00 1.954196461199661838e+00 3.022265214413941692e+00 4.963178419036252009e+00 2.335045036307306976e+00 5.779265325613862636e-01 4.892398444133968516e-01 2.997763587252838757e+00 2.000000000000000000e+00 7.000000000000000000e+00 2.000000000000000000e+00 -3.925939826545434244e+02 2.100699999999860097e+02 1.797243641590940300e+01 9.020317447037180802e-02 6.278319871427370913e+00
1.979026535970310308e+00 1.441827536473212046e+00 9.811941036598941679e+00 5.661220336119038521e+00 1.121719648697676375e+00 1.805161276533177039e-01 3.131022168466831568e-01 3.134420182437734237e+00 8.000000000000000000e+00 1.400000000000000000e+01 1.000000000000000000e+00 -2.255847260869516049e+02 4.201399999999720194e+02 9.696703804353494771e-01 -5.017026882692692258e-01 6.273053559107199639e+00
5.484144156971058059e-01 1.999895463355125136e+00 6.466570710273945366e+00 6.416378432354963302e+00 2.281172890338163395e-01 2.228118494956906059e-01 7.492240859695826760e-01 2.954620534439913904e+00 3.000000000000000000e+00 7.000000000000000000e+00 1.000000000000000000e+00 -1.956745102520501405e+02 2.100699999999860097e+02 5.664969390753570089e+00 -3.788183643332953469e-06 2.216474769921990846e-06
2.485577928896039346e+00 2.399655985529994595e+00 6.363066281701747151e+00 7.002776497660186728e+00 6.621896103984348247e-01 1.376779051441544999e+00 6.555546293163339033e-01 3.934163911801078051e+00 5.000000000000000000e+00 4.000000000000000000e+00 1.000000000000000000e+00 -2.320887826948473503e+03 1.223999999999991495e+01 1.967298918427960075e+01 -2.820165805246740653e+00 6.034534786350146618e+00
2.149759593061626450e+00 1.401425873419723578e+00 5.484463152995555646e+00 4.703784733889356140e+00 2.179612998033155336e+00 7.957099513754897213e-01 7.446373788944369299e-01 3.128559116407990892e+00 5.000000000000000000e+00 1.200000000000000000e+01 1.000000000000000000e+00 -5.218353662158953057e+02 3.601200000000105774e+02 2.136096038849312606e+01 -2.226766015147648142e-03 6.282994599728556118e+00
9.941287818498569795e-01 9.972889068116448374e-01 2.437146035076318107e+00 6.372019200879247336e+00 2.476141249799545641e+00 1.020179391231721633e+00 4.277689158976748507e-01 3.451686460202817219e+00 5.000000000000000000e+00 1.300000000000000000e+01 1.000000000000000000e+00 -2.117377206877462413e+03 1.514499999999974875e+02 2.603262929841458462e+00 -3.152827414443734266e+00 9.075667811754337677e-01
9.695225379161038770e-01 2.470756493463544423e+00 9.749519138741689517e+00 5.085486640684273141e+00 2.645225575141192387e+00 9.856956004327754872e-01 2.406965285776639651e-01 3.470286034128960750e+00 9.000000000000000000e+00 1.600000000000000000e+01 1.000000000000000000e+00 -5.069648298700844862e+02 4.801600000000302657e+02 1.668030186687933636e+01 -7.895632602010411727e-01 1.238699664742418660e-01
4.354549612963308780e-01 1.647233112186940795e+00 3.031090927663417922e+00 6.276007471350672162e+00 2.089869669842979061e+00 2.464587881250001611e-01 8.819033468171565415e-01 2.401656992142789715e+00 6.000000000000000000e+00 8.000000000000000000e+00 2.000000000000000000e+00 -5.316049330845393115e+02 2.400800000000151329e+02 2.572280831778323673e+01 2.611877293980269677e-04 6.283040369701909711e+00
3.462188760295333290e-01 9.279925329850575721e-01 7.794485047906758446e+00 1.512463169466530255e+00 1.432075529757816490e+00 9.111333306509437069e-01 2.729193106090850307e-01 2.196058162227427779e+00 8.000000000000000000e+00 1.800000000000000000e+01 3.000000000000000000e+00 -6.774316327785927569e+02 5.401800000000090449e+02 2.545885204866176821e+01 1.565864880412740079e-01 6.273800059127740525e+00
1.719602260013201711e+00 1.361287603402996593e+00 5.427796048315942201e+00 1.756209690257940270e+00 2.138119116655152308e+00 7.964610163690419853e-01 1.593937497913431034e-01 3.403267010451171082e+00 3.000000000000000000e+00 9.000000000000000000e+00 2.000000000000000000e+00 -2.874629909546840736e+02 2.700900000000045225e+02 9.526124434667613272e+00 -4.005755352503528322e-01 3.203615313762931543e-02
2.638947551023086008e-02 2.876417844771143706e+00 1.680136573814398737e+00 6.237564957732605997e+00 2.260830441220070153e+00 4.482253038481791019e-01 7.011913029238321382e-01 3.081975940629128274e+00 9.000000000000000000e+00 1.600000000000000000e+01 1.000000000000000000e+00 -5.837963485566505142e+02 4.801600000000302657e+02 2.148227178478970956e+01 1.760894974738258165e-02 6.283153088022877419e+00
1.464868460995641275e+00 1.915266537692908555e+00 7.574519378885410603e+00 3.040437233476107171e+00 2.234599581025855652e+00 9.499774942997805116e-01 3.627541842158812924e-01 4.052794939904613258e+00 4.000000000000000000e+00 1.200000000000000000e+01 1.000000000000000000e+00 -5.414036418518156779e+02 3.601200000000105774e+02 2.258397761573814932e+01 -1.820817568829631583e-01 6.211172669471391572e+00
5.581855806379808493e-01 2.112533601799752692e+00 7.265167377604217158e+00 7.217806129494832135e+00 2.436863440658279867e+00 1.294480286769971178e+00 3.081983557197324197e-01 2.129261391402872849e+00 2.000000000000000000e+00 7.000000000000000000e+00 1.000000000000000000e+00 -4.603955838979894679e+02 2.100699999999860097e+02 2.221003649362478072e+01 -4.883973515752075834e-01 6.230100300964897642e+00
2.878697230203281610e+00 1.933664021355691931e+00 3.072076362925255211e+00 6.850027877521208453e+00 2.298407318018013346e+00 2.053365087484209983e+00 6.478044921416198365e-01 3.054393687940308855e+00 4.000000000000000000e+00 4.000000000000000000e+00 2.000000000000000000e+00 -3.791226179229462900e+01 7.512000000000054456e+01 2.201636201839744789e-02 -9.464535253355852440e-01 6.266977386091800106e+00
