1.577621162567111934e+00 1.560401880464662439e+00 6.627071068738297654e+00 6.207991895842013719e+00 2.243155036981328010e+00 1.230629792539971401e+00 4.350078930961480128e-01 2.526569314874534733e+00 8.000000000000000000e+00 1.600000000000000000e+01 2.000000000000000000e+00 -5.184872841884937316e+02 4.801600000000302657e+02 1.740045526177991064e+01 -2.391441200155700053e-01 6.275806054425704161e+00
1.652042569459339028e+00 2.809403487412841738e+00 5.865714952888691158e+00 6.042014291028182882e+00 1.246967405796940653e+00 9.800095074210959378e-01 7.244986713575234383e-01 4.018598008298866375e+00 2.000000000000000000e+00 4.000000000000000000e+00 1.000000000000000000e+00 -1.073734977116482412e+02 1.200400000000075664e+02 2.959593606977779068e+00 -1.169954685079140425e-02 6.283111496990545497e+00
2.559589525573755964e+00 2.539136092820945656e+00 8.631998785668479002e+00 7.780171953787140993e+00 1.467242187272559395e+00 7.666873514411127744e-01 8.231688622849261394e-01 3.903071645425387537e+00 3.000000000000000000e+00 7.000000000000000000e+00 2.000000000000000000e+00 -1.851048290710669733e+02 2.100699999999860097e+02 5.004364316942123025e+00 -1.680667854216777099e-02 6.237726124896907365e+00
1.058373933046055981e+00 2.510353954760253803e+00 7.617276333895354412e+00 7.955497346652133928e+00 1.823192083613662584e+00 1.204614595831955626e+00 4.108803248317839385e-01 2.054439309051020679e+00 2.000000000000000000e+00 6.000000000000000000e+00 1.000000000000000000e+00 -3.632782701389948556e+02 1.800600000000052887e+02 1.707801688368701321e+01 -5.564713770429274148e-02 6.280408169003042218e+00
7.831148036313290151e-01 2.786646048447564361e+00 3.168938681547859293e+00 1.689639497478145236e+00 1.012248109776003435e+00 1.148015131046626447e+00 5.234647413106701119e-01 3.292102132227657130e+00 6.000000000000000000e+00 1.400000000000000000e+01 2.000000000000000000e+00 -3.282139834933370253e+02 4.201399999999720194e+02 7.383998968334439361e+00 -5.691172748114962758e-03 2.057066993623123639e-04
1.205237812996132973e+00 6.551163658328154060e-01 4.615683220266626030e+00 8.018897497738784352e+00 1.659439507844699291e+00 9.115440487198525066e-01 6.193841872904446433e-01 2.546484751394390678e+00 8.000000000000000000e+00 4.000000000000000000e+00 1.000000000000000000e+00 -2.323192863171161207e+03 1.915999999999976922e+01 1.960080394819757288e+01 -1.611501620469627971e+00 5.949354237626234720e+00
1.638657684251963342e+00 1.864940645140353848e+00 7.406104297097323652e+00 2.563966353621769834e+00 1.369377634761896001e+00 7.755506325692981262e-01 1.719526661321301164e-01 3.619787122641655586e+00 4.000000000000000000e+00 1.400000000000000000e+01 1.000000000000000000e+00 -4.752952389761334757e+02 4.201399999999720194e+02 1.657657743600921663e+01 2.320998381015772771e-01 6.139692487665395326e+00
1.171107427356162800e+00 2.492277200449094732e+00 9.413977221402051399e+00 4.242382821042784080e+00 1.094228468459178316e+00 1.468721569775513602e+00 8.881443277160117056e-01 2.843582809813562928e+00 0.000000000000000000e+00 7.000000000000000000e+00 1.000000000000000000e+00 -2.742782532815925833e+02 2.100699999999860097e+02 1.057770333009997366e+01 -4.832808217428759961e-03 6.283095853239720086e+00
2.014377466212008638e+00 1.441141560723816939e+00 7.473798074926044421e+00 4.100124793343534080e+00 1.627601516697380735e+00 7.121910906157007393e-01 6.658183992442637811e-01 3.010877343407111884e+00 6.000000000000000000e+00 1.600000000000000000e+01 1.000000000000000000e+00 -5.293161960446454941e+02 4.801600000000302657e+02 1.807726225278939580e+01 -1.835629300423216870e-01 6.269283851804176244e+00
1.187333572672839122e+00 1.626055816518455543e+00 8.186678619097767395e+00 5.091016876951949932e+00 2.021672772494261139e+00 6.522705158733141939e-01 2.756146937710148848e-01 2.273799183289617165e+00 5.000000000000000000e+00 1.800000000000000000e+01 2.000000000000000000e+00 -6.794213474465026366e+02 5.401800000000090449e+02 2.558320921540613213e+01 6.700674048141239125e-02 4.097982634177583378e-02
1.356936221392561981e+00 2.558691540221570193e+00 3.080259522215858858e+00 6.544909023284260385e+00 1.396700918818286397e+00 2.076589220526652291e-01 9.339657845301861938e-01 2.317471934409713885e+00 2.000000000000000000e+00 4.000000000000000000e+00 1.000000000000000000e+00 -1.982613661344724676e+02 1.200400000000075664e+02 8.640085383404292330e+00 6.071669041118843597e-03 6.281984671394774900e+00
1.155671492065363237e+00 1.638207036900757974e+00 3.607953346525523131e+00 5.583193081518031953e+00 2.562926588928628568e+00 4.838893524448037997e-01 4.949173531865629916e-01 4.334097503993718625e+00 5.000000000000000000e+00 1.000000000000000000e+01 2.000000000000000000e+00 -3.861655355865381125e+02 3.000999999999997385e+02 1.475722097415863843e+01 -3.029182953476314832e-01 6.282438687314893855e+00
1.216573214661725633e+00 1.841678253377484753e-01 5.695967770650381290e+00 1.669548606794601930e+00 1.669699350053147402e+00 4.394348678663307362e-01 3.673699909954930565e-01 2.432408671490768448e+00 6.000000000000000000e+00 1.100000000000000000e+01 2.000000000000000000e+00 -4.433452801141719988e+02 3.301100000000244563e+02 1.739314250713498566e+01 -2.969112071846533724e-02 4.488035170589799476e-04
1.420236271474084822e+00 2.010863007402373892e+00 4.339454867208884181e+00 4.633197733491431158e+00 3.694949783417751377e-01 2.663888324140142316e-01 9.304150679595855067e-01 3.402955784000881057e+00 4.000000000000000000e+00 9.000000000000000000e+00 1.000000000000000000e+00 -7.739343170886598955e+01 1.539900000000045566e+02 2.490198180398204425e-02 -9.908525254351587819e-01 6.281165652329862681e+00
1.063968874826807909e+00 2.682809525580618359e+00 8.927754361311201592e+00 4.462469150685116404e+00 2.612867106024570063e+00 1.670485190106809625e+00 1.753701660288630171e-01 3.174768355550100729e+00 8.000000000000000000e+00 1.300000000000000000e+01 2.000000000000000000e+00 -4.407737750387328788e+02 3.901299999999891384e+02 1.535679843992114257e+01 -3.196560868933055577e+00 5.596117335130492698e+00
1.618885684337257880e+00 1.090010921701372704e+00 4.302203269027611299e+00 3.294519299021958059e+00 1.790957687181563562e+00 9.862957464991827239e-01 5.158563569335853360e-01 3.316194977316430315e+00 4.000000000000000000e+00 1.100000000000000000e+01 1.000000000000000000e+00 -4.451999000475568096e+02 3.301100000000244563e+02 1.750905625297153634e+01 1.745606569660934082e-01 6.169444499469573628e+00
1.319745667035934655e+00 2.270127858771722629e+00 8.229656669057238361e+00 5.950962230166592093e+00 2.948077391907755640e+00 1.620944182766154595e+00 6.347785290955278992e-01 4.089993123190230229e+00 8.000000000000000000e+00 9.000000000000000000e+00 3.000000000000000000e+00 -2.215272801626272667e+03 4.959000000000062158e+01 1.190486260164202470e+01 -1.407224329736697399e+01 5.708446381034045558e+00
1.129924878750475425e+00 1.650677264475762573e+00 8.041583411237876788e+00 3.158235698783270706e+00 1.491280406760450150e+00 2.017568577658590545e-01 4.814988599686926829e-01 2.731802954850282461e+00 3.000000000000000000e+00 8.000000000000000000e+00 1.000000000000000000e+00 -3.919471965467329255e+02 2.400800000000151329e+02 1.699419978417033406e+01 -1.013270136988379116e-01 6.283006982300950227e+00
1.652357046218736691e+00 2.518316050585271526e+00 1.489637656999023285e+00 5.776609656701407580e+00 1.289097234521318747e+00 9.763563996628082942e-01 6.601538824561482555e-01 2.676916484772520644e+00 6.000000000000000000e+00 7.000000000000000000e+00 2.000000000000000000e+00 -6.195759978387590650e+01 1.231299999999944816e+02 2.453748649241660126e-02 -9.480591152706874247e-01 6.224532868026490640e+00
7.612369754001205857e-01 6.387732465650457492e-01 7.693599801584162456e+00 4.987037851893045826e+00 1.462943899268030812e+00 7.022914865248861549e-01 4.697943336062997410e-01 2.614673230555028205e+00 6.000000000000000000e+00 5.000000000000000000e+00 2.000000000000000000e+00 -1.935710542859663121e+02 1.116999999999957964e+02 2.221409901739745257e-02 -9.520794242110645067e-01 6.274216837052717821e+00
1.981491509005053331e-01 1.552804835792633842e+00 3.900556936532728169e+00 5.769569277815392638e+00 1.531660764021736121e+00 1.622544176941665972e-01 7.971380551497534439e-01 2.422666343833907110e+00 6.000000000000000000e+00 6.000000000000000000e+00 1.000000000000000000e+00 -3.490595458072560859e+02 1.800600000000052887e+02 1.618934661295334010e+01 -1.010919847175808205e-02 6.283144278412745365e+00
1.350382472330757810e+00 7.755240662116363870e-01 7.320302086640198880e+00 4.672218461281472557e+00 1.515219096632881568e+00 4.269398721087867554e-01 3.136114864474255359e-01 2.252024811123991110e+00 6.000000000000000000e+00 1.200000000000000000e+01 1.000000000000000000e+00 -3.799741723434513005e+02 3.601200000000105774e+02 1.249463577146537396e+01 -1.412022594630980565e+00 6.253264865288044483e+00
2.300390675299652798e+00 2.517146733784194623e+00 3.862578652988913230e+00 2.809297862307101212e+00 1.552123382098443694e+00 2.072656448817896013e+00 7.236390101309199130e-01 3.991925665094211872e+00 3.000000000000000000e+00 1.000000000000000000e+01 2.000000000000000000e+00 -2.821362228056049162e+02 3.000999999999997385e+02 8.255388925350317209e+00 1.179810309853356748e-01 7.052227163614585570e-02
8.702543888373471814e-01 2.159428128776943012e+00 5.189648592267968930e+00 5.444373090239531088e+00 1.608870812467139810e+00 8.648781125816797921e-01 4.545908790232905394e-01 3.604733110842845978e+00 4.000000000000000000e+00 1.400000000000000000e+01 2.000000000000000000e+00 -5.012235881314348376e+02 4.201399999999720194e+02 1.819709925821555174e+01 1.910406352788457940e-01 8.146055276388723676e-02
1.915811997429217817e+00 1.782886730298058442e+00 4.994439717738278439e+00 5.316545143968018472e+00 1.983190084643667417e+00 8.788299756639976756e-01 4.450500846928689413e-01 2.016947162428114115e+00 3.000000000000000000e+00 6.000000000000000000e+00 1.000000000000000000e+00 -2.103085346708688803e+02 1.800600000000052887e+02 7.517408416929139747e+00 -1.890784463058239107e+00 6.186991623711403321e+00
1.969690663130920560e+00 1.557120240930345956e+00 4.678172440622427430e+00 5.230221609678666894e+00 2.506163825323818095e+00 5.816567347222392215e-01 3.440850986500465503e-01 3.555022640476572793e+00 3.000000000000000000e+00 5.000000000000000000e+00 2.000000000000000000e+00 -1.397887523545409181e+02 1.500499999999998693e+02 4.047734522158812354e+00 1.240819608488102355e-01 3.503660066396625198e-03
1.058622819243189461e+00 1.572168008206414669e+00 7.389451037600518468e+00 7.212527882345765029e+00 1.882816553838575047e+00 1.112120159283471743e+00 3.662967848778168056e-01 4.016225710396625459e+00 5.000000000000000000e+00 9.000000000000000000e+00 1.000000000000000000e+00 -2.712765689320222009e+02 2.700900000000045225e+02 8.514473058251246229e+00 -2.923053987833418299e-01 6.079743569798130132e+00
1.393302362431204644e+00 9.642258029033929922e-01 4.677386586282271885e+00 5.070670509519970892e+00 1.238239251083023351e+00 2.265678313490402662e-01 1.075899668765319950e-01 2.196420974066813248e+00 3.000000000000000000e+00 1.000000000000000000e+01 2.000000000000000000e+00 -2.370870431672955760e+02 3.000999999999997385e+02 5.439815197955981674e+00 -2.168226956627093305e+00 6.274708253189511531e+00
2.200900327812912671e+00 2.985214788184621160e+00 3.725795975153830319e+00 5.306509410163362084e+00 1.726623399410244897e+00 2.216998871202624066e+00 5.005854058408867324e-01 3.417035893187820417e+00 7.000000000000000000e+00 1.100000000000000000e+01 2.000000000000000000e+00 -2.091861708716862438e+02 3.301100000000244563e+02 2.758198179479626422e+00 -1.489277671463684893e-01 6.233363719871817921e+00
1.645024057667558326e+00 1.701893430669011220e+00 4.881559542626798809e+00 6.491324988041442978e+00 1.599707240952210618e+00 8.489607779197099191e-01 2.695671854823142310e-01 3.613822351644765618e+00 4.000000000000000000e+00 1.200000000000000000e+01 2.000000000000000000e+00 -2.512212313810861986e+02 3.601200000000105774e+02 4.447576961317556865e+00 2.911851393632835031e-02 1.749860184255944834e-02
7.205063967407914216e-01 1.129357285650750109e+00 3.005562642937879225e+00 4.439205541516209053e+00 2.955828917069706296e+00 9.224112646849983443e-01 4.473224923832667121e-01 3.169674783805358054e+00 4.000000000000000000e+00 1.100000000000000000e+01 2.000000000000000000e+00 -4.594807947609791086e+02 3.301100000000244563e+02 1.840161217256043003e+01 7.263580910603749385e-02 6.278619254831879104e+00
1.625501455224680480e+00 1.761806678949448202e+00 6.246494328332107493e+00 7.258231765189936624e+00 1.846486352333986281e+00 1.092435178874175072e+00 5.518574343364548440e-01 2.003594699148742553e+00 1.000000000000000000e+01 1.300000000000000000e+01 3.000000000000000000e+00 -3.088785866474221393e+02 3.901299999999891384e+02 7.113349165464224022e+00 1.375934222207121360e-01 6.243708241006471482e+00
1.738670174705122751e+00 2.737421409436395781e+00 6.006406340007500511e+00 6.120902409384261667e+00 2.408793213884737217e+00 1.606873058896416406e-01 8.156257035805756228e-01 2.387186058967837088e+00 9.000000000000000000e+00 1.400000000000000000e+01 2.000000000000000000e+00 -6.102744141030730134e+02 4.201399999999720194e+02 2.501277588144293418e+01 -7.371055495080886064e-04 3.426339251002776889e-06
7.850325187716225006e-01 1.428032610434555316e-01 6.241615509673889228e+00 3.076562760706764710e+00 1.295559102670169604e+00 7.686060600586953617e-01 4.655077971688806882e-01 2.242408068917845387e+00 1.000000000000000000e+01 1.600000000000000000e+01 2.000000000000000000e+00 -3.676428584120106962e+02 4.801600000000302657e+02 7.972678650749724483e+00 4.671911106257805452e-03 6.282579961137833457e+00
2.212267192848918818e+00 1.694446568019777111e+00 4.480669668315985454e+00 4.703584087628743582e+00 1.604337874554501608e+00 6.358529482159729351e-01 5.496678274678956644e-01 3.558864105261557054e+00 5.000000000000000000e+00 1.500000000000000000e+01 3.000000000000000000e+00 -2.371477327143808907e+03 8.220000000000025864e+01 2.064858294648803394e+01 -1.051282134145073988e+00 5.448684595609408099e+00
1.810451566443083582e+00 4.655883263131957994e-01 8.719110311101363919e+00 4.067944754588395995e+00 2.465683214593124006e+00 4.474351248370501133e-01 7.123711047017389220e-01 3.610975375741685589e+00 4.000000000000000000e+00 1.000000000000000000e+01 2.000000000000000000e+00 -5.117753061307332700e+02 3.000999999999997385e+02 2.260783163317083932e+01 3.448635045399607302e-01 6.272219951907795021e+00
2.210465581803585877e+00 2.849714159446818051e+00 2.382057521551365742e+00 5.237763120262374450e+00 1.801873202290872333e+00 2.415040815742425906e+00 6.203435845641482871e-01 4.115002308404473119e+00 1.000000000000000000e+00 5.000000000000000000e+00 3.000000000000000000e+00 -1.111951000529202020e+03 2.800000000000026290e+01 -1.081511676639984598e-01 -2.358347978557777225e+01 3.197100717576082385e+00
1.709509744723107794e+00 1.257013873582836672e+00 4.055004498599208418e+00 5.426458487146199161e+00 1.916179694907977238e+00 5.482765947948624596e-01 4.107244810665793278e-01 2.263249896883332113e+00 2.000000000000000000e+00 5.000000000000000000e+00 3.000000000000000000e+00 -1.669917079787180967e+02 1.442499999999985505e+02 1.491558923067764532e-02 -1.043118598805536701e+00 1.652783132062107807e-01
4.513897375313533078e-01 1.730012581661915849e+00 5.341473339689343902e+00 7.111957022577027665e+00 1.054548615607247664e+00 1.684050455243033539e-01 4.895096735852334513e-01 2.571432751706207664e+00 7.000000000000000000e+00 1.800000000000000000e+01 3.000000000000000000e+00 -5.464794538891768525e+02 5.401800000000090449e+02 1.727434086807327063e+01 -1.147662865002440219e-01 1.761939795932898969e-02
2.314220453636735897e+00 1.350262886434101084e+00 6.520288159801954642e+00 4.838854301069117625e+00 1.481429459985444730e+00 1.449040279772230155e-01 3.704878107166119650e-01 3.247987599792939939e+00 5.000000000000000000e+00 5.000000000000000000e+00 2.000000000000000000e+00 -2.387331602090513115e+03 1.290000000000004832e+01 2.380510013065706687e+01 -1.862749008737793144e+00 4.365194428750297784e-02
1.509073949926917457e+00 1.586758151277229967e+00 9.141948207487402556e+00 5.031957197661714787e+00 1.004427697865526659e+00 2.960031181472283501e-01 3.290618772636432210e-01 2.386504922040647791e+00 5.000000000000000000e+00 8.000000000000000000e+00 1.000000000000000000e+00 -2.524672954328857486e+02 2.266400000000130319e+02 2.115729848294287813e-02 -1.002487483641608002e+00 6.282849914793640522e+00
1.041126874804713776e+00 2.516343812765643673e+00 5.609009830119225271e+00 4.320527525941574076e+00 1.955911200253665827e+00 5.974325728673079983e-01 3.804671927791863917e-01 4.250515446398088315e+00 6.000000000000000000e+00 1.100000000000000000e+01 1.000000000000000000e+00 -4.278142283584406300e+02 3.301100000000244563e+02 1.642245177240177512e+01 2.475155492075267749e-01 6.183195584351798502e+00
2.718464939039901829e+00 1.617807157713115451e+00 5.620665185747792947e+00 2.878331268693904654e+00 2.011777010887810135e+00 6.427708162571685868e-01 4.419505671380226097e-01 3.335271397910026359e+00 3.000000000000000000e+00 4.000000000000000000e+00 2.000000000000000000e+00 -8.974807303282766213e+01 1.200400000000075664e+02 1.858004564551492210e+00 -1.874440050280417325e-01 1.590523622221324911e-04
1.188894267449648545e+00 1.333725334795407225e+00 4.749161229199195589e+00 3.892251414528199227e+00 7.235523892728956685e-02 9.604236473068072932e-01 5.358584176008258648e-01 2.509218706377769337e+00 4.000000000000000000e+00 1.600000000000000000e+01 2.000000000000000000e+00 -2.351401623684222614e+03 7.391999999999913484e+01 1.965260148026394660e+01 -1.742565481865285371e+00 6.030884100573429052e+00
2.468871082130744909e+00 1.855905964527153174e+00 3.314189847192823279e+00 5.434056503565940943e+00 1.365764939918535426e+00 1.581137072693078016e+00 5.495574066681505609e-01 3.899749194264712226e+00 2.000000000000000000e+00 9.000000000000000000e+00 2.000000000000000000e+00 -2.268195488468038548e+03 5.355000000000077165e+01 1.508878052925236446e+01 -3.985651257915275636e+00 1.055271733962734659e+00
9.577751603524976842e-02 2.094292569556522654e+00 7.958667166091574430e+00 8.331377924612072050e+00 2.940149024176061943e+00 2.216336203846241304e+00 1.820860358209440144e-01 2.873304959777773782e+00 3.000000000000000000e+00 1.200000000000000000e+01 3.000000000000000000e+00 -2.406090648094975677e+03 1.004400000000007793e+02 2.224191550593596389e+01 -6.284671544857296510e+00 3.384096849020408637e+00
8.606267407732270946e-02 2.176108151291566095e+00 4.976948730795156983e+00 5.265183198428943889e+00 2.952037192399282972e+00 2.954336376164976019e-01 8.036918379572819404e-01 2.726206764966382590e+00 8.000000000000000000e+00 1.800000000000000000e+01 1.000000000000000000e+00 -6.979374215397638181e+02 5.401800000000090449e+02 2.674046384623495598e+01 1.456382709163617784e-01 9.138420831239762315e-04
2.878697230203281610e+00 1.933664021355691931e+00 3.072076362925255211e+00 6.850027877521208453e+00 2.298407318018013346e+00 2.053365087484209983e+00 6.478044921416198365e-01 3.054393687940308855e+00 4.000000000000000000e+00 4.000000000000000000e+00 2.000000000000000000e+00 -3.791226179229462900e+01 7.512000000000054456e+01 2.201636201839744789e-02 -9.464535253355852440e-01 6.266977386091800106e+00
