1.554262757076013468e+00 1.520689074254707451e+00 6.637893209539171835e+00 5.366400855186530983e+00 1.367002672609712866e+00 2.840613801469523692e-01 4.625833087221340456e-01 2.917129456880395377e+00 6.000000000000000000e+00 1.100000000000000000e+01 1.000000000000000000e+00 -2.136591033418933989e+02 3.301100000000244563e+02 3.037756458867573173e+00 -8.545134592770685378e-02 6.238674835657739948e+00
3.616907586873123748e-01 2.117385908401525185e+00 1.654069280894019389e+00 9.830157634476746509e+00 5.185270102626771127e-01 2.599451787069380071e-01 3.672683163107631210e-01 2.891431556150756865e+00 6.000000000000000000e+00 6.000000000000000000e+00 1.000000000000000000e+00 -6.108400635515511823e+01 1.213800000000030792e+02 2.462539719709864322e-02 -9.948923001133890276e-01 6.279734218454273709e+00
1.680598828176594228e+00 1.747812393483429982e+00 6.938146709644668064e+00 6.730523216672217757e+00 1.348948269838731839e+00 7.774449573356413401e-01 4.734206605106999755e-02 2.807732432053181348e+00 1.000000000000000000e+01 1.300000000000000000e+01 1.000000000000000000e+00 -1.461068842413198468e+02 2.914599999999925899e+02 2.355526508272139108e-02 -9.616734895502404568e-01 6.233343891744842935e+00
6.384445388086587014e-01 2.407298668702758881e+00 5.803035746684988894e+00 8.355691042513402778e+00 1.273482254483634390e+00 6.522369361815282263e-01 2.337255909084378080e-01 2.756578440423875787e+00 6.000000000000000000e+00 5.000000000000000000e+00 2.000000000000000000e+00 -5.334413704150131963e+01 1.058999999999961261e+02 2.463356509395373678e-02 -9.502174779603779209e-01 6.281285334009692356e+00
1.628110106411466695e+00 1.071162238118427812e+00 4.917133761870531750e+00 5.594105189451926918e+00 2.088405660290901356e+00 1.759797869321797492e+00 3.073420276169713250e-01 2.947840177513650683e+00 5.000000000000000000e+00 1.200000000000000000e+01 1.000000000000000000e+00 -4.002601582636648345e+02 3.601200000000105774e+02 1.376250989147871984e+01 -1.156761155238382327e-01 1.069998716007946882e-01
2.563449271278962271e+00 2.037176514391750182e+00 2.483698636951808147e+00 4.358261626300519609e+00 1.787256582638363733e+00 1.294413511690710061e+00 4.577914642169602644e-01 2.568904332176459526e+00 1.100000000000000000e+01 3.000000000000000000e+00 1.000000000000000000e+00 -2.320431648576382941e+03 1.292999999999991623e+01 1.962291553602393890e+01 -1.691368614881220589e+00 6.136341698562587155e+00
1.066343006373464686e+00 2.091636987922913971e+00 6.424236523973696933e+00 4.414742472928327999e+00 1.292721403905202626e+00 6.273980731039449088e-01 7.549208018369172324e-01 2.490832856657351435e+00 8.000000000000000000e+00 1.300000000000000000e+01 2.000000000000000000e+00 -3.392602871545698804e+02 3.901299999999891384e+02 9.012205447160956950e+00 2.682580398913096409e-01 1.198605437129152910e-03
1.857751582635653431e+00 1.636930402515849314e+00 4.090179250448024995e+00 4.716626348178082573e+00 1.659933744874929618e+00 9.164007770275450770e-02 2.648386698591798094e-01 4.117830600094906757e+00 8.000000000000000000e+00 1.200000000000000000e+01 1.000000000000000000e+00 -2.331674751478994949e+02 3.601200000000105774e+02 3.319217196743386999e+00 -4.335497905180139833e-03 8.996358614653023880e-04
1.102149108555521950e+00 8.886038097858925955e-01 8.245774621920258340e+00 7.913661461826700716e+00 2.000983066746122585e+00 9.129098100126994408e-01 7.311906675687047663e-01 2.221891975238002193e+00 2.000000000000000000e+00 8.000000000000000000e+00 2.000000000000000000e+00 -4.955789123842744175e+02 2.400800000000151329e+02 2.347118202401667730e+01 -2.583506085797880689e-03 6.283042112748248087e+00
8.690012013480474806e-01 2.085480083475508728e+00 4.874702497417358060e+00 7.325877527095620678e+00 2.862578151165357188e+00 7.799085373182585990e-01 2.440828598395949345e-01 2.488169012496735277e+00 6.000000000000000000e+00 1.100000000000000000e+01 1.000000000000000000e+00 -4.577112319713684769e+02 3.301100000000244563e+02 1.829101449820976555e+01 -1.069699366508151533e-01 6.548917925001378204e-02
6.358159755716445982e-01 2.124078878873604470e+00 5.202794155608020610e+00 5.781910834840857660e+00 1.502975163270579895e+00 1.929716300166360199e+00 4.701016447683349364e-01 2.643780816462746763e+00 1.000000000000000000e+01 1.400000000000000000e+01 2.000000000000000000e+00 -2.383549982652991446e+02 4.201399999999720194e+02 1.767812391582071596e+00 -2.116525998004367692e-01 1.839312393805531652e-03
7.551007794910653548e-01 1.089934505828350719e+00 5.667726882336064698e+00 4.795695591305128680e+00 4.880278288284051746e-01 1.077857859818522668e+00 8.138945128393400008e-01 3.139455058388382014e+00 2.000000000000000000e+00 1.400000000000000000e+01 1.000000000000000000e+00 -2.165234252145652135e+03 3.232599999999814600e+02 2.252657591038506879e-01 -1.234500305850802171e+00 1.777913839843344723e-01
1.904326270212634009e+00 8.374064957217333127e-01 7.175209388314092607e+00 6.139028312208593796e+00 1.262017792899042590e+00 3.299682501279921354e-02 4.985649245324727530e-01 2.286384276515722735e+00 1.100000000000000000e+01 1.800000000000000000e+01 1.000000000000000000e+00 -3.952690616516776458e+02 5.126400000000166983e+02 1.593962850650035290e-02 -1.004564067683126005e+00 6.282426129447433283e+00
1.786058915565871041e+00 1.989657429303240743e+00 7.650491021234985922e+00 5.487610284893774448e+00 1.298439072774401737e+00 1.568229707155906150e+00 4.675995249289349176e-01 2.947875778823644488e+00 8.000000000000000000e+00 9.000000000000000000e+00 3.000000000000000000e+00 -2.241345704808479240e+03 6.849000000000133070e+01 1.294379405052988830e+01 -7.957376363100312489e-01 5.736524895446210692e+00
1.959514883365120808e+00 2.317757618723458535e+00 6.622455033146486869e+00 5.437813155048629277e+00 4.141040537479482864e-01 5.807094939276972179e-01 9.246453006715154022e-01 2.536973781625868174e+00 9.000000000000000000e+00 1.600000000000000000e+01 1.000000000000000000e+00 -2.185457780451728922e+03 1.966399999999965189e+02 5.446111278233155772e+00 -7.004649171386659878e-01 1.230220766976484609e-01
8.208115224628094175e-01 2.866853705740992631e-01 2.864245281845725799e+00 4.342380539497006531e+00 1.216140134150143659e+00 6.883079551209361213e-01 5.278918958990065358e-01 2.785692154767216433e+00 8.000000000000000000e+00 1.100000000000000000e+01 2.000000000000000000e+00 -2.824056611974336874e+02 3.301100000000244563e+02 7.334416324838841206e+00 -4.862685640240436567e-04 6.283175182728499841e+00
8.537873966588140906e-01 1.698755182439759537e+00 6.431114562545758417e+00 6.035214777046622459e+00 2.205190331155749028e+00 1.890729303263255279e+00 3.125736640155359902e-01 2.469972157321603579e+00 6.000000000000000000e+00 4.000000000000000000e+00 2.000000000000000000e+00 -3.305271268743845212e+02 1.200400000000075664e+02 1.690669542964879568e+01 -1.096547407679107113e-02 4.467815751025109596e-04
1.017896861401567099e+00 2.014633333459978193e+00 2.401125296648086049e+00 7.376708994892966942e+00 2.039615337195224143e+00 6.574878133821372428e-01 4.743985534820253092e-01 3.064516194610216626e+00 5.000000000000000000e+00 1.300000000000000000e+01 1.000000000000000000e+00 -4.752069355747318014e+02 3.901299999999891384e+02 1.750887097342107879e+01 1.581903748776665453e-01 2.905663004300410024e-02
9.640800756926605208e-01 1.117861842823302698e+00 7.515664845419830264e+00 5.033411912033079361e+00 2.220603465941374033e+00 5.071892818739093256e-01 2.247172982476058622e-01 2.383060988956035686e+00 1.000000000000000000e+01 2.000000000000000000e+01 1.000000000000000000e+00 -6.370600941696511654e+02 6.001999999999994770e+02 2.106000588560321418e+01 1.953145073847500218e-02 6.283102447021096104e+00
1.344101737606170133e+00 2.926476944760861620e+00 5.254214719136958145e+00 7.602186238487306014e+00 2.198295950981371760e+00 1.380704000476862259e+00 2.107534224440144599e-01 2.691021524375065255e+00 9.000000000000000000e+00 1.400000000000000000e+01 2.000000000000000000e+00 -2.481540385221103406e+02 4.201399999999720194e+02 2.380252407632771128e+00 -1.881010113423327301e-01 6.270740318884879372e+00
2.132311558995181322e+00 1.228617542461155621e+00 9.280178263687806961e+00 6.764258804644738277e+00 2.256529121113826974e+00 7.369174116404990649e-01 8.458019861651480675e-02 3.966468824439296714e+00 6.000000000000000000e+00 1.700000000000000000e+01 1.000000000000000000e+00 -2.346079114661468793e+03 4.629100000000110526e+02 7.164007166341470167e+00 -2.642301052991455013e+00 8.220261771831585129e-01
8.543002678545073003e-01 2.569901338273595570e+00 2.507256737168801486e+00 8.043986937052704178e+00 2.243669552004792678e+00 1.451355415359812495e+00 4.318967510858683911e-01 2.409692224140720374e+00 7.000000000000000000e+00 9.000000000000000000e+00 2.000000000000000000e+00 -4.075677296549162065e+02 2.700900000000045225e+02 1.703267060343211980e+01 4.685159919909957608e-03 6.281656108322589027e+00
4.803069233560843809e-01 1.782140786845700653e+00 4.941583639035238562e+00 6.599806680140321014e+00 1.085377964167915321e+00 1.668270405153038816e+00 5.199480962981776200e-01 2.612162741223643891e+00 5.000000000000000000e+00 1.300000000000000000e+01 2.000000000000000000e+00 -4.740173767799044526e+02 3.901299999999891384e+02 1.743452354874436594e+01 1.204383903691730873e-01 6.460634871951888292e-02
1.297805027988442328e+00 1.967731217524355980e+00 4.747549468119320437e+00 9.727526289695395789e+00 1.936360034973315214e+00 9.576698513076365993e-01 7.220566573222325646e-01 2.670105967038396866e+00 3.000000000000000000e+00 1.600000000000000000e+01 1.000000000000000000e+00 -2.259230011581829785e+03 2.139199999999961506e+02 9.516875723864471226e+00 2.750291109628307806e-01 5.332587022897081752e+00
9.709997388310601663e-01 2.633042929055922521e+00 6.651870861721898009e+00 5.716928235861364449e+00 2.160233257966758913e+00 7.649185231369987070e-01 8.111860573980307354e-01 3.344044608513919048e+00 8.000000000000000000e+00 4.000000000000000000e+00 1.000000000000000000e+00 -2.146638081621872516e+03 4.471999999999922437e+01 7.767380101367061584e+00 -8.474297535145145499e-01 6.111831767577998065e+00
1.989649886742750784e+00 1.316298873592345320e+00 6.258158329739940129e+00 4.728932505077192872e+00 2.262361063914066328e+00 2.167206155893103947e+00 1.806852637825924757e-01 2.996278265291444143e+00 8.000000000000000000e+00 9.000000000000000000e+00 1.000000000000000000e+00 -2.253418661262369938e+02 2.206800000000070838e+02 1.344506984961520504e-02 -1.511006596958123671e+00 7.764811942478165863e-01
1.640512562441236444e+00 1.697404684952086962e+00 3.376163457275830559e+00 5.491674690918983082e+00 1.576445225010773221e+00 8.354131018811531417e-01 3.280818012213381762e-01 2.644498716404556582e+00 8.000000000000000000e+00 9.000000000000000000e+00 1.000000000000000000e+00 -2.275915192480308633e+02 1.787400000000054945e+02 1.825455794412170207e-02 -1.000800786310076962e+00 6.280139739768879181e+00
1.053247101965857802e+00 2.024544513542938518e+00 9.429730860271671844e+00 4.921226147557772990e+00 1.609504005687739436e+00 2.575555836974495971e+00 2.821812551125245094e-01 2.481181207814708856e+00 4.000000000000000000e+00 8.000000000000000000e+00 1.000000000000000000e+00 -2.648133861201677064e+02 2.400800000000151329e+02 9.048336632510009636e+00 -5.810512602473429933e-01 3.122348346257554086e-01
1.496098431212109725e+00 1.651866383079734657e+00 3.338437361199006137e+00 5.910874920172942915e+00 8.407487651303422460e-01 7.088472587516460033e-01 7.765134124817889560e-01 2.934304989959510834e+00 1.100000000000000000e+01 1.100000000000000000e+01 1.000000000000000000e+00 -2.172519697519944657e+03 1.032899999999995231e+02 7.554668594996565290e+00 -2.678465473811022513e+00 2.845608493175955656e-01
2.030569631272270303e+00 1.445502196928452721e+00 6.673440614716179553e+00 4.880996791479552677e+00 9.156188182957846200e-01 1.844702792494577803e+00 4.964583409150299387e-01 2.323414487267514872e+00 3.000000000000000000e+00 1.800000000000000000e+01 2.000000000000000000e+00 -4.293738096107070419e+02 5.401800000000090449e+02 9.955238100668907464e+00 -8.276523154262735438e-04 5.777713960574583363e-02
2.141645769101577557e+00 1.198688707264439435e+00 7.810839412653733049e+00 7.426927362907582264e+00 2.390089635031316107e+00 1.486155151047015233e+00 7.556101834294819408e-01 2.388309591803441378e+00 7.000000000000000000e+00 6.000000000000000000e+00 4.000000000000000000e+00 -1.172935300344735623e+02 1.531200000000042678e+02 2.035373626656256096e-02 -1.024891135316186697e+00 5.971572889976414444e+00
1.025997048394396760e+00 3.857665710445592477e-01 5.690322391448392025e+00 9.283880533042596639e+00 2.756663924677263289e+00 3.851248674936919580e-01 6.923326960329369006e-01 2.711908624178343441e+00 6.000000000000000000e+00 1.400000000000000000e+01 1.000000000000000000e+00 -6.505571826409226333e+02 4.201399999999720194e+02 2.753044891505853897e+01 -1.356494372625759448e-01 6.279645280112664985e+00
9.322571722219779033e-01 1.712908933423516356e+00 6.014300819603851878e+00 4.315351742403763957e+00 2.689123685227871707e+00 1.196212960448433726e+00 7.822287030358890947e-01 2.463724445232723159e+00 7.000000000000000000e+00 1.000000000000000000e+01 3.000000000000000000e+00 -2.348954565857764010e+03 2.882999999999970555e+02 1.280028536611033907e+01 -8.774536525665533659e+00 2.661674331137167560e+00
1.631548499095320848e+00 2.038490998824465716e+00 3.712014851420988748e+00 7.711614189952903153e+00 1.820087818114910494e+00 8.767690164925011631e-01 3.944000183911790525e-01 2.995092872844722365e+00 1.000000000000000000e+00 1.200000000000000000e+01 1.000000000000000000e+00 -4.833470989351034746e+02 3.601200000000105774e+02 1.895544368344363662e+01 2.264110057142149079e-02 6.206398529164961708e+00
3.386116289032685689e-01 1.819972539440639192e+00 5.392937090849063253e+00 7.671926212443425541e+00 1.556561996234516076e+00 1.754250586661120770e-01 7.471689737184016300e-01 2.559160460179513930e+00 4.000000000000000000e+00 9.000000000000000000e+00 1.000000000000000000e+00 -5.426372568942639418e+02 2.700900000000045225e+02 2.547451605589135326e+01 -4.662735395093030311e-02 2.402066034545723497e-03
1.384905345010776667e+00 2.075832425893904709e+00 6.758239987061924303e+00 5.285881688694265890e+00 2.058096484215153232e+00 1.384468542225619325e+00 3.036169997557142675e-01 2.391741210916494165e+00 0.000000000000000000e+00 1.300000000000000000e+01 2.000000000000000000e+00 -5.216556620259083275e+02 3.901299999999891384e+02 2.041191637661960812e+01 8.542416340049761858e-02 6.119383103172725491e+00
1.350121910871129094e+00 2.137016125625870622e+00 8.687511555012038755e+00 7.221497806520709162e+00 2.674450953504690087e+00 1.096680403944335414e+00 6.113275634989164820e-01 2.580653167290565708e+00 4.000000000000000000e+00 1.700000000000000000e+01 2.000000000000000000e+00 -7.144962392697236737e+02 5.101700000000154773e+02 2.871320245435724416e+01 1.535063440316747907e-01 2.726411438220527447e-04
2.135190800106936848e+00 1.043355816143906711e+00 4.476808581059844805e+00 8.095170068425860066e+00 1.522924126287565683e+00 1.135359044193312572e+00 4.665293902094242995e-01 3.234380529342082866e+00 9.000000000000000000e+00 1.100000000000000000e+01 3.000000000000000000e+00 -2.340668195816369916e+03 4.410999999999982890e+01 1.991332473852312290e+01 -3.414794734489873917e+00 3.996423010783129115e+00
1.425283566394597301e+00 2.428761842796509196e+00 1.625900910378610398e+00 5.920289593687522611e+00 1.385804681689965845e+00 6.789865398944102681e-01 6.264945489050058880e-01 4.100957987243980973e+00 1.100000000000000000e+01 1.400000000000000000e+01 1.000000000000000000e+00 -1.298111866313118981e+02 2.588599999999877355e+02 2.382416445737668698e-02 -9.804779049651255463e-01 4.505680791425462767e-02
1.982220525564854618e+00 1.624404503813960510e+00 8.230888967876946793e+00 6.936363751482794271e+00 1.377517155830950690e+00 1.165317728210962578e+00 4.272480036109939650e-01 3.263525074463416331e+00 3.000000000000000000e+00 1.200000000000000000e+01 1.000000000000000000e+00 -2.338530647581619633e+03 1.798800000000037755e+02 1.553691547385110994e+01 -3.839215697496430657e+00 1.353435403291810335e+00
1.063486119377213601e+00 2.324802618052336456e+00 4.095084121956858780e+00 4.942080212884197188e+00 2.903898783844244047e+00 5.942212784001510428e-01 8.608081899659827396e-01 3.748002322042602419e+00 2.000000000000000000e+00 1.400000000000000000e+01 3.000000000000000000e+00 -8.931602227093162583e+02 1.338399999999999181e+02 -3.071365468764084006e-02 -1.388702836309650479e+01 3.654467690831915583e+00
1.963835746735466570e+00 5.804409575363238538e-01 6.007934533811593703e+00 6.757370870022231024e+00 8.048250039118626242e-01 7.368251734029762634e-01 6.567627634444282991e-01 3.607361612302728560e+00 6.000000000000000000e+00 1.000000000000000000e+01 2.000000000000000000e+00 -2.018000795482481067e+02 2.113999999999922750e+02 2.176129282318753355e-02 -9.332962730020056830e-01 6.145994144204609100e+00
2.293435694425663307e+00 2.741520105645412819e+00 5.486329529417070638e+00 6.334113379628063534e+00 2.457442617914307625e+00 8.264868795226170128e-01 3.178513253878711975e-01 3.193634804869874610e+00 6.000000000000000000e+00 6.000000000000000000e+00 2.000000000000000000e+00 -1.094998927069958654e+02 1.800600000000052887e+02 1.216868294187076316e+00 -3.495883755702556273e-01 6.279783069679880647e+00
2.559408004259578817e+00 1.029198732735289612e+00 4.712753759684118471e+00 6.751604002563187379e+00 1.182593007544874286e+00 4.196867190365988209e-01 6.932478045680707801e-01 2.416757418204254826e+00 6.000000000000000000e+00 1.400000000000000000e+01 1.000000000000000000e+00 -3.366898654569239397e+02 3.950799999999744614e+02 1.572466265133340077e-02 -1.003142963059407755e+00 7.725827200618501627e-05
1.037960577117819083e-01 1.549879533039616897e+00 3.077185980539547394e+00 4.301202331978827509e+00 1.593922800853151855e+00 1.637522335720632327e+00 3.918600205977222917e-01 2.901780671549865520e+00 1.100000000000000000e+01 1.100000000000000000e+01 1.000000000000000000e+00 -1.920769219055341921e+02 3.301100000000244563e+02 1.688870119095122080e+00 -3.983187768376888482e-01 2.494001508050424087e-01
2.434063612375746644e+00 1.714660876850417237e+00 6.171559524480095149e+00 7.540358421170060055e+00 9.726447353493505865e-01 9.342911678031639022e-01 5.037026536354700657e-01 2.347450273425723211e+00 5.000000000000000000e+00 4.000000000000000000e+00 2.000000000000000000e+00 -2.146722856121575205e+03 4.375999999999924484e+01 7.802678507598470148e+00 -7.575551800358961696e-01 2.674323201510640097e-02
3.140549920326297650e-01 2.595928633440602873e+00 5.217371561359982479e+00 7.238739313355144311e+00 2.257108410042780733e+00 1.185505421751451127e+00 1.906201284860791212e-01 2.473286990587255652e+00 3.000000000000000000e+00 4.000000000000000000e+00 1.000000000000000000e+00 -2.466127175247108596e+02 1.200400000000075664e+02 1.166204484529419183e+01 -7.007053251073527833e-02 6.272460259931043502e+00
1.679594356383192100e+00 2.265994289871022804e+00 5.666958242627443632e+00 7.843128473532235745e+00 1.718829845720157845e+00 1.512835113073668358e+00 5.370899344646318241e-01 2.306490968431563093e+00 4.000000000000000000e+00 3.000000000000000000e+00 2.000000000000000000e+00 -2.964057465486073539e+01 5.856000000000145889e+01 2.253591592875036492e-02 -9.545744649585344854e-01 6.282135917923077351e+00
