2.135612004040278400e+00 1.175474452153545180e+00 6.765656028346931805e+00 6.381994392884069001e+00 2.935971935502069030e+00 3.476778560712483479e-01 5.675782296218001566e-01 4.524278987901982241e+00 7.000000000000000000e+00 1.600000000000000000e+01 3.000000000000000000e+00 -2.395719199284771548e+03 2.932800000000010527e+02 1.556744995529820663e+01 -7.011023910109001278e+00 2.345456469888338447e+00
1.710128749462698661e+00 1.238298780156009027e+00 4.387201597356497729e+00 9.426800281732974796e+00 1.066595913152474040e+00 1.263212571792549976e+00 7.650790785865880794e-01 2.009721468777943887e+00 8.000000000000000000e+00 1.100000000000000000e+01 1.000000000000000000e+00 -2.743623903804680708e+02 3.301100000000244563e+02 6.831711898778491054e+00 2.791653248904463203e-02 3.012376152837740063e-03
1.663570241665676575e+00 2.507519532608172952e+00 4.717524018656847673e+00 5.626122979124063228e+00 1.136937445708882555e+00 4.848291709963719054e-01 2.361452654174011345e-01 2.496554778036819133e+00 7.000000000000000000e+00 9.000000000000000000e+00 3.000000000000000000e+00 -2.389365177691086899e+02 2.018700000000063710e+02 2.117837043242958711e-02 -1.048212187405280105e+00 6.277566282892974137e+00
8.875504962385631913e-01 1.144552707155184867e+00 2.306011937789639088e+00 8.500906453177776712e+00 6.582975602010873173e-01 7.741253962896477159e-01 7.095750170669592460e-01 2.807072863833568466e+00 3.000000000000000000e+00 5.000000000000000000e+00 1.000000000000000000e+00 -1.414729907021711313e+02 8.259999999999745057e+01 1.751822207080218699e-02 -8.792056351118109347e-01 6.147168357426777696e+00
2.381373320703703556e-01 1.519884356800584424e+00 5.457862179410239989e+00 4.264090193259326256e+00 7.537700166778035227e-01 5.785963659286943450e-01 2.538168155940829784e-01 3.646904301120638348e+00 6.000000000000000000e+00 1.200000000000000000e+01 1.000000000000000000e+00 -2.287645249384693216e+02 3.601200000000105774e+02 3.044032808654001609e+00 1.660527353936275263e-02 6.267135373799578524e+00
2.878697230203281610e+00 1.933664021355691931e+00 3.072076362925255211e+00 6.850027877521208453e+00 2.298407318018013346e+00 2.053365087484209983e+00 6.478044921416198365e-01 3.054393687940308855e+00 4.000000000000000000e+00 4.000000000000000000e+00 2.000000000000000000e+00 -3.791226179229462900e+01 7.512000000000054456e+01 2.201636201839744789e-02 -9.464535253355852440e-01 6.266977386091800106e+00
1.822096609467395600e+00 1.421277473865204755e+00 4.120066166050718515e+00 3.354988663435978680e+00 1.026661880765441959e+00 8.384714172900583629e-01 2.814834289386279886e-01 4.501938361001088573e+00 5.000000000000000000e+00 1.600000000000000000e+01 3.000000000000000000e+00 -2.355222624510507103e+03 4.191999999999980986e+01 2.089141403190669877e+01 -8.376873564996992982e+00 4.036208237959281853e+00
1.603710076496845272e+00 1.379243594112967486e+00 2.277048681329081781e+00 5.061312825630669643e+00 1.454689695458724286e+00 5.709018023863255964e-01 8.916854464933685054e-02 4.264732360485700369e+00 1.000000000000000000e+01 1.700000000000000000e+01 1.000000000000000000e+00 -2.889946557614080689e+02 5.101700000000154773e+02 2.119353485087520195e+00 -1.094090788143202084e-02 1.884720643111847949e-03
7.293737579309071961e-01 1.285343833970944649e+00 1.422407580347336387e+00 3.397663720752997829e+00 1.835410980303762818e+00 1.352778137050556939e+00 4.938306784359809964e-01 3.372285010322154442e+00 2.000000000000000000e+00 1.100000000000000000e+01 2.000000000000000000e+00 -2.288071414649449707e+03 6.335999999999972943e+01 1.602446341559062759e+01 -2.963284740523827399e+00 4.263273054704312059e+00
2.847939541192186841e+00 1.424950697302342695e+00 3.644534886081497227e+00 7.592423148786616949e+00 2.536797244916611405e+00 1.692175083441937344e+00 5.523084069943686725e-01 3.011102037317430202e+00 6.000000000000000000e+00 5.000000000000000000e+00 3.000000000000000000e+00 -2.183759790637768674e+03 3.285000000000027143e+01 1.045842441486051833e+01 -8.542810259856304711e+00 1.461199029479113731e+00
1.310743744523479970e+00 1.769133039408034014e+00 5.891015793995387995e+00 8.867132762815682412e+00 2.083338360246913545e+00 1.332252659880459822e+00 3.933113785044690114e-01 2.647033661868115395e+00 5.000000000000000000e+00 1.800000000000000000e+01 1.000000000000000000e+00 -6.906395555740025429e+02 5.401800000000090449e+02 2.628434722337487273e+01 1.678527859690612523e-01 6.201264863155834917e+00
1.394574680532460143e+00 7.303904220126105074e-01 5.866604667023407771e+00 4.872023569179108726e+00 2.148688775759173719e+00 1.191345689740055391e+00 3.750020539526388030e-01 3.255330544826131156e+00 2.000000000000000000e+00 1.000000000000000000e+01 2.000000000000000000e+00 -4.390730320430078564e+02 3.000999999999997385e+02 1.806393950268800097e+01 3.435343709029532039e-02 5.880814544504136876e+00
1.404722256523233126e+00 2.744140705722913909e-01 7.267534676343815114e+00 8.305126971215681664e+00 1.719179571307259291e+00 6.053890246195996888e-02 1.076972004702785868e-01 4.029354267780490773e+00 4.000000000000000000e+00 2.000000000000000000e+01 2.000000000000000000e+00 -6.565438458773849106e+02 6.001999999999994770e+02 2.227774036733657326e+01 -8.961620078027693337e-02 6.278231790386336719e+00
1.417448642270329184e+00 1.414282094027794923e+00 2.423789730536286768e+00 8.559670728756923808e+00 2.534431203448984871e+00 1.442688417300539649e+00 2.437258106772639266e-01 3.044942738002372806e+00 4.000000000000000000e+00 1.600000000000000000e+01 2.000000000000000000e+00 -7.674896296268287870e+02 2.217599999999959834e+02 -2.723614495688286841e-02 -7.566543662717927887e+00 4.074487693138805433e+00
1.438142904255541588e+00 9.366990765264889829e-01 7.883176397877287300e+00 7.434371812651088263e+00 2.040906331053347955e+00 1.605755621613810247e-01 2.159021660113501218e-01 3.285976992635156080e+00 7.000000000000000000e+00 1.500000000000000000e+01 3.000000000000000000e+00 -4.910990610586544562e+02 4.501499999999774104e+02 1.662650381616661122e+01 -3.174437930196132296e-01 6.278483014146851282e+00
1.135696209641555710e+00 4.735417568647985465e-01 7.884401849516655680e+00 6.781748556795424321e+00 1.364614071887604085e+00 3.198776577306770008e-01 4.570499521611371962e-01 3.966721854082442267e+00 5.000000000000000000e+00 1.600000000000000000e+01 3.000000000000000000e+00 -2.397963086321557057e+03 1.347199999999978388e+02 2.066269289509738627e+01 -3.216371647618347929e+00 4.353848064860320832e+00
2.794778067949451605e-01 1.573315299758120123e+00 4.480201948262480194e+00 6.530410004632076770e+00 1.679261473878551403e+00 5.072168769040328318e-01 6.521123970078723797e-01 3.337393050620186319e+00 4.000000000000000000e+00 1.400000000000000000e+01 2.000000000000000000e+00 -5.923782795572426494e+02 4.201399999999720194e+02 2.389426747232853998e+01 1.426374553427269265e-01 3.997567655062946035e-02
4.687002823955848108e-01 2.759749756180150282e+00 4.072627601986139823e+00 2.396229772810317904e+00 1.398521885175433521e+00 3.429679730973644869e-01 5.293973914555598625e-01 2.479333288785205536e+00 4.000000000000000000e+00 9.000000000000000000e+00 1.000000000000000000e+00 -4.093784261945189655e+02 2.700900000000045225e+02 1.714583913715729580e+01 3.199776404796625395e-02 2.636295901608151290e-03
5.004177351534762064e-01 1.773866861655997607e+00 6.543414375174778641e+00 7.089276815183002789e+00 6.644544902589237800e-01 1.355218215847640018e+00 6.686305507426824057e-01 3.010232059945000760e+00 4.000000000000000000e+00 8.000000000000000000e+00 1.000000000000000000e+00 -1.871603285705606083e+02 2.053600000000097054e+02 1.414836180531327432e-02 -1.147472793178078598e+00 2.181258737208976450e-01
7.011650633425732249e-01 2.023837747605278903e+00 6.013459983312128720e+00 9.091139710651944483e+00 2.721735089777427952e+00 8.834834279707738380e-01 6.323883531877183550e-01 2.030348560824342563e+00 5.000000000000000000e+00 1.400000000000000000e+01 1.000000000000000000e+00 -6.484420355561705946e+02 4.201399999999720194e+02 2.739825222226154011e+01 5.191291960891160351e-02 6.272506742167385241e+00
1.386506443748538153e+00 1.959327265292085229e+00 2.571867470778510967e+00 2.158819937232385300e+00 2.234390446290946741e+00 4.778352058330883612e-01 7.509302324088038549e-01 3.404016524429296808e+00 3.000000000000000000e+00 9.000000000000000000e+00 2.000000000000000000e+00 -4.181831664066019130e+02 2.700900000000045225e+02 1.769613540041247646e+01 8.105709384412129737e-02 2.010454436816015711e-03
1.068547116710934386e+00 2.871252830816940271e+00 5.090449448224806162e+00 2.293955020501494690e+00 1.326999190341337176e+00 4.702704850612413612e-01 6.436603220595076280e-01 3.030068960868867123e+00 8.000000000000000000e+00 6.000000000000000000e+00 3.000000000000000000e+00 -2.189144701431699559e+03 1.318800000000034629e+02 7.700293839481107128e+00 -1.221574543742551144e+00 6.147930075258138061e+00
2.007692690862767471e+00 2.301038512628033494e+00 1.538400337897812831e+00 7.490938635081772823e+00 1.295313238501098141e+00 8.765409800508188187e-01 8.053362389033627555e-02 3.138870320482014975e+00 3.000000000000000000e+00 1.100000000000000000e+01 2.000000000000000000e+00 -2.148549709413015307e+02 1.706100000000046748e+02 1.628919290983035784e-02 -9.946297081176154187e-01 7.305405864796077342e-02
1.187326974480157338e+00 1.014615672530982504e+00 7.241427272961922235e+00 6.318310569359344875e+00 1.540290531499654669e+00 1.297358880951875681e+00 4.016211409238839569e-01 2.815514005041410694e+00 2.000000000000000000e+00 1.000000000000000000e+01 3.000000000000000000e+00 -2.342126969369907783e+03 5.230000000000047322e+01 1.974856058561922012e+01 -8.297560651622164940e+00 5.469312052216826814e+00
1.090484135889480566e+00 4.865480455007949456e-01 5.262636731104710641e+00 7.710085054551679917e+00 1.581784928285072001e+00 2.839091050762495572e-01 2.035645430963385905e-01 2.698288377313156516e+00 7.000000000000000000e+00 7.000000000000000000e+00 2.000000000000000000e+00 -8.105236834257185308e+01 1.614199999999907504e+02 2.139802141102990773e-02 -9.539205803617475388e-01 3.601317343472391214e-02
1.702169686250109226e+00 8.887753102467890187e-01 7.415442236943956544e+00 4.942593325882283395e+00 1.629685630243402850e+00 1.973047490297696882e-02 3.472401182449408319e-01 3.596295387800300336e+00 4.000000000000000000e+00 1.100000000000000000e+01 2.000000000000000000e+00 -4.460881838648928692e+02 3.301100000000244563e+02 1.756457399155504007e+01 -2.047796720475436039e-01 6.278364091250104195e+00
9.877380778972180142e-01 1.272382476893576531e+00 7.301626820049592403e+00 2.832399558769882475e+00 1.355843437908078819e+00 7.449515328464795250e-02 2.843726203966843169e-01 3.405767434386800296e+00 7.000000000000000000e+00 1.500000000000000000e+01 3.000000000000000000e+00 -4.201730630444782832e+02 4.501499999999774104e+02 1.219362894028059863e+01 -1.712986188622773742e+00 6.271012123319981590e+00
1.064962567209562838e+00 2.354112153830448584e+00 3.063410887936873994e+00 3.167162381501043456e+00 4.850223985757180500e-01 1.089164306181531483e+00 1.804625137972105664e-01 2.523763418276196102e+00 4.000000000000000000e+00 2.000000000000000000e+01 2.000000000000000000e+00 -2.661523728103170470e+02 4.563999999999826400e+02 2.213840986715335385e-02 -9.766639603862981023e-01 5.537199172982056883e-01
2.298573472002520823e+00 6.455734616922350622e-01 6.452993294160185300e+00 7.579318810209024093e+00 1.836564067497042485e+00 7.304987264667257563e-01 2.766764651260953389e-01 3.442660949604626541e+00 4.000000000000000000e+00 1.500000000000000000e+01 2.000000000000000000e+00 -5.575938311865955939e+02 3.871499999999869601e+02 1.150186166562792295e-02 -3.742476716205434872e+00 4.790260446584052367e+00
5.658906287216503017e-01 2.186386400551887821e+00 4.575528402535794292e+00 4.389407403436281108e+00 7.491504262915602563e-01 4.345591223060732977e-01 7.590865275320926031e-01 4.340125036037733253e+00 2.000000000000000000e+00 1.900000000000000000e+01 1.000000000000000000e+00 -5.285309085110792466e+02 5.701900000000110822e+02 1.521474428194210837e+01 -1.018126555579664666e-01 3.521772038013656209e-02
1.980253113833873702e+00 2.592625557759615784e+00 4.281804588660144795e+00 7.521674958921780174e+00 2.040239357350549732e+00 1.881766972170930252e+00 4.145496668689956365e-01 3.713890892435975921e+00 8.000000000000000000e+00 8.000000000000000000e+00 2.000000000000000000e+00 -1.686013857694376554e+02 2.400800000000151329e+02 3.035086610589381007e+00 5.637993580823428413e-02 6.263809604798832531e+00
7.092756408490252795e-01 1.169930468940655777e+00 4.564375838185076972e+00 3.641834969503769504e+00 1.362548042893430233e+00 1.184236763918164570e+00 6.146579634324161878e-01 3.430310602410262977e+00 3.000000000000000000e+00 1.400000000000000000e+01 3.000000000000000000e+00 -2.365293308229557624e+03 6.412000000000021771e+01 2.082708176434735492e+01 -8.398257924347287684e+00 3.165737457555734546e-01
2.500392703400764471e+00 2.199618589588879125e+00 5.858769316235831859e+00 8.505069754433526086e+00 2.357791535386231097e+00 1.862261261133538071e+00 2.839664006485004832e-01 3.281061836361858663e+00 7.000000000000000000e+00 1.200000000000000000e+01 3.000000000000000000e+00 -2.279809222452310223e+03 5.147999999999967002e+01 1.587932640326939016e+01 -1.285556265453022284e+01 6.107491964612348667e+00
5.698120594905429215e-01 1.631983631228841602e+00 5.109995231307733476e+00 5.489610208622658583e+00 1.488674319434074800e+00 1.530502154543033289e+00 4.207452984946021823e-01 3.420107505550366689e+00 8.000000000000000000e+00 1.500000000000000000e+01 2.000000000000000000e+00 -2.887800382488728133e+02 4.501499999999774104e+02 3.981564890555256309e+00 3.467112834347321759e-02 5.909923052761774542e+00
2.082682150001819110e+00 2.226567862528744612e+00 5.185237244801478518e+00 3.601737551775228141e+00 2.219169525808716514e+00 7.306988133343597092e-01 5.625363933412925732e-01 3.526687663763784286e+00 7.000000000000000000e+00 1.200000000000000000e+01 3.000000000000000000e+00 -2.158868162839464276e+03 1.371600000000021566e+02 5.643010177466476485e+00 -1.432655682540807662e+00 5.009316523776418784e+00
8.911101149561692081e-01 1.943277011717839287e+00 3.087980736293480799e+00 2.172959711685082951e+00 1.240596970491206985e+00 1.044542131247603090e+00 6.468475926009961130e-01 4.123412323053225137e+00 6.000000000000000000e+00 1.300000000000000000e+01 1.000000000000000000e+00 -2.269483667317285835e+03 1.433899999999977695e+02 1.236179170733044685e+01 -3.406561552951026695e+00 4.938452000548331888e+00
2.753188658754268214e+00 1.963457816578935589e+00 5.569786849027732245e+00 4.374616410481568352e+00 7.854205685906248124e-01 1.762903231528445136e-01 2.992209949762905108e-01 2.192110661905051217e+00 3.000000000000000000e+00 1.500000000000000000e+01 2.000000000000000000e+00 -3.068258600207082054e+02 4.501499999999774104e+02 5.109428751294967874e+00 -1.054040626487050325e+00 6.996034875398460251e-03
2.629963959156161657e+00 1.525567802296893039e+00 3.328702886387286064e+00 7.696568169013988658e+00 2.117029248253035956e+00 1.409135878179494039e+00 1.824340523916003765e-01 3.207941147563584394e+00 4.000000000000000000e+00 8.000000000000000000e+00 2.000000000000000000e+00 -1.539349757798610767e+02 2.130400000000109060e+02 2.245136982670190365e-02 -9.581444941353951528e-01 3.244600684954375702e-01
1.192581153486052870e+00 9.003423852231917657e-01 6.110993482127326182e+00 1.848812519903250129e+00 2.199189168426006979e+00 2.616646895082131441e-01 4.981724226064156991e-01 3.598789786342202035e+00 6.000000000000000000e+00 1.700000000000000000e+01 3.000000000000000000e+00 -6.750085948209780327e+02 5.101700000000154773e+02 2.624522467631064515e+01 1.855985246358498042e-01 2.388659813408117345e-03
1.067069861485028248e-01 2.120424369201932002e+00 3.134666899286536967e+00 3.715231432016759872e+00 2.078130886228906959e+00 8.133484608817775907e-02 7.410167439279928825e-01 3.526871105671466111e+00 6.000000000000000000e+00 1.100000000000000000e+01 2.000000000000000000e+00 -5.629266562292091294e+02 3.301100000000244563e+02 2.486697851432480988e+01 -3.815759670401248638e-01 1.101430565476622242e-02
1.753378910529718393e+00 2.283677760572565774e+00 9.994079525172635314e+00 3.734740910860582908e+00 1.213064142034145254e+00 1.353725109336409993e+00 3.230003539554513470e-01 4.676577646193023519e+00 3.000000000000000000e+00 1.800000000000000000e+01 1.000000000000000000e+00 -2.310442953830040551e+03 9.396000000000104535e+01 1.646643461437751554e+01 -4.691946256546734695e+00 5.846456648591734861e+00
2.904843724973065644e+00 2.090315465292610142e+00 4.957308294353072853e+00 3.935406078361549653e+00 2.485335403423839296e+00 2.362850884769417625e+00 6.708948326862110845e-01 3.605648166063431415e+00 3.000000000000000000e+00 6.000000000000000000e+00 4.000000000000000000e+00 -2.270617205939985070e+03 3.257999999999972118e+01 1.589545037124909577e+01 -1.080137429011275430e+01 3.764332894316468892e+00
2.426030797927053229e+00 1.786128265876333110e+00 4.188700628780126500e+00 6.558994033322528061e+00 2.124053728068009406e+00 2.603686402343909023e+00 1.828905649007108170e-01 3.771646442210793371e+00 6.000000000000000000e+00 2.000000000000000000e+00 4.000000000000000000e+00 -2.383820497065983545e+03 3.640000000000002789e+00 2.387503106662396135e+01 -3.781849332683516529e+00 2.027570140322578491e-06
7.888739934945534493e-01 2.735553725954615878e+00 7.040581460694288474e+00 4.798885545787426210e+00 2.753647122690771720e+00 1.335992293284601118e+00 4.257149766156712589e-01 2.068491215228553948e+00 3.000000000000000000e+00 1.600000000000000000e+01 1.000000000000000000e+00 -7.065890334493823275e+02 4.801600000000302657e+02 2.915681459058545144e+01 9.518633998095879512e-02 1.940866770933524776e-03
1.839514063196858062e+00 9.293207993640499875e-01 8.145150194040644109e+00 6.237693056843334638e+00 2.596814990304426196e+00 3.957450137184321814e-01 3.086234049510383493e-01 3.451166131351806055e+00 4.000000000000000000e+00 1.400000000000000000e+01 2.000000000000000000e+00 -6.193909252189566814e+02 4.201399999999720194e+02 2.558255782618566343e+01 -9.648722062450988679e-02 8.325235673566319661e-02
1.435094399191701786e+00 5.962833436391209441e-01 3.528160302978681440e+00 9.737153866763488708e+00 1.954420721866965360e+00 1.198394136073233307e+00 6.637063215654265269e-01 2.696391550994103881e+00 3.000000000000000000e+00 9.000000000000000000e+00 1.000000000000000000e+00 -4.215340955566424554e+02 2.700900000000045225e+02 1.790556847229001391e+01 -4.953873521875812869e-01 1.837448075230664890e-01
4.786924323106376833e-01 1.823466564033220605e+00 4.290622250629733792e+00 3.781998483881987561e+00 9.460261441634382207e-01 1.191656321840857125e-01 8.530673982333510097e-02 3.731624569873106090e+00 8.000000000000000000e+00 1.000000000000000000e+01 3.000000000000000000e+00 -1.709570846388585323e+02 3.000999999999997385e+02 1.306692789928666887e+00 -2.843343867555913063e-01 6.282075373155211473e+00
9.956285775437284657e-01 2.475645962561558111e+00 1.431794455291256485e+00 2.261599519590870244e+00 1.443173263540918239e+00 5.462031606188983979e-01 6.517627621033594831e-01 3.443867733400727271e+00 5.000000000000000000e+00 5.000000000000000000e+00 2.000000000000000000e+00 -4.239260065031258051e+01 8.424999999999735678e+01 1.672504064461909773e-02 -9.479195081693472247e-01 6.281546395863609966e+00
