2.651373554001851929e+00 2.114452399529022752e+00 4.292190587693363035e+00 7.713353956824059665e+00 2.215674450594743217e+00 2.108353964942410563e+00 4.657180976830961328e-01 4.143152107600613476e+00 7.000000000000000000e+00 5.000000000000000000e+00 2.000000000000000000e+00 -2.318560132901606721e+03 1.475000000000007461e+01 1.944907080635039875e+01 -3.697848517971016769e+00 5.613991158025836370e+00
3.908108608189588273e-01 1.150666878858735531e+00 4.648071201116115603e+00 6.655348246458007822e+00 1.047214654147321289e+00 7.723727165620335455e-01 8.242922677772845930e-02 3.765661790207477821e+00 7.000000000000000000e+00 7.000000000000000000e+00 2.000000000000000000e+00 -7.249363069550742011e+01 1.443399999999924148e+02 2.022691846945113420e-02 -9.410684870074105257e-01 6.174311235674447396e+00
1.649374469887147976e+00 1.729684184268298175e+00 4.214445863278102777e+00 8.311002365527510705e+00 2.199360973713216261e+00 1.661076990472258874e+00 2.593149032095151685e-01 2.940844680445795500e+00 2.000000000000000000e+00 5.000000000000000000e+00 2.000000000000000000e+00 -1.415224694462878006e+02 1.397999999999975387e+02 2.228859634932822686e-02 -9.559262113168290886e-01 2.484618561550449023e-01
9.943773757805811631e-01 4.813856683045255602e-01 4.795006558477492575e+00 4.117205998356925356e+00 1.630110935126775296e+00 1.085185468827170485e+00 4.531628073611371210e-01 2.914418955652598786e+00 2.000000000000000000e+00 6.000000000000000000e+00 1.000000000000000000e+00 -1.441985756276642405e+02 1.800600000000052887e+02 3.385535976728848873e+00 1.903588065538230067e-01 6.163114313313212911e+00
1.584231396175519446e+00 5.472584933842241650e-01 6.722130937355105473e+00 2.258136662615869206e+00 2.816007338661244308e+00 2.600291679468025308e-01 5.899947622765305821e-01 3.076133851191114044e+00 2.000000000000000000e+00 1.100000000000000000e+01 3.000000000000000000e+00 -6.080449542833107444e+02 3.301100000000244563e+02 2.768687214270615726e+01 -3.076605285171197801e-01 6.229573223843132723e+00
1.277649155786883539e-01 2.530357927584381272e+00 3.226511634043485621e+00 3.310685798114359368e+00 7.000483378704565052e-01 1.393749395168564886e+00 3.715814215632557427e-01 2.943362602614421064e+00 8.000000000000000000e+00 9.000000000000000000e+00 3.000000000000000000e+00 -2.134306315293903936e+03 9.819000000000245620e+01 5.325707205868921434e+00 -4.186003122601068327e+00 5.599458614917028676e+00
6.497221897685226955e-01 1.371883407961883350e+00 6.111763840816500704e+00 7.575509188656763371e+00 1.590764136265490070e+00 1.303923738467392957e+00 6.879682617924818278e-01 3.096353128267891996e+00 5.000000000000000000e+00 8.000000000000000000e+00 2.000000000000000000e+00 -2.307080059115059498e+02 2.400800000000151329e+02 6.916750369468648074e+00 -3.061749613868495867e+00 6.151235711574355669e+00
1.056534715499252819e+00 1.491633542655351308e+00 7.685349359144983517e+00 4.008174779063187643e+00 2.475062671503082345e+00 1.763704898831379153e-01 5.164753452037782466e-01 2.849037858658967082e+00 4.000000000000000000e+00 1.100000000000000000e+01 2.000000000000000000e+00 -5.859023004838932138e+02 3.301100000000244563e+02 2.630295628024256516e+01 -4.144223519367259967e-03 6.279913397184230028e+00
1.539384980574653783e+00 2.720670319324053343e-01 3.719981145186799232e+00 8.719570371260372710e+00 2.311025489884722450e+00 1.875606915026640231e-01 4.275853173028891785e-01 3.342475976920342262e+00 7.000000000000000000e+00 9.000000000000000000e+00 1.000000000000000000e+00 -1.865669090484137769e+02 2.700900000000045225e+02 3.220119315525720616e+00 3.385608194546701252e-03 9.996526688551554685e-04
1.785718405417679566e+00 1.614728154214144507e+00 2.323515735300194063e+00 6.337959284241605040e+00 1.266733753484938108e+00 5.667350515930853483e-01 3.564971465495437863e-01 2.644773713295854201e+00 6.000000000000000000e+00 8.000000000000000000e+00 2.000000000000000000e+00 -7.746405862018796995e+01 1.544000000000017394e+02 1.650366376169360924e-02 -9.549481736401407295e-01 6.280583449084755188e+00
8.270924795982806943e-01 2.539025751620640925e+00 4.050361146103643506e+00 7.593373448461235853e+00 8.851049502401306945e-01 7.664669061868746303e-01 3.645527725874906921e-01 2.422763226289441629e+00 3.000000000000000000e+00 1.000000000000000000e+01 2.000000000000000000e+00 -2.326332556710685822e+02 2.657999999999919396e+02 1.966236426400502779e-02 -9.545111211930639161e-01 1.376853274163253593e-01
1.064555160642224996e+00 5.419387973800844360e-01 3.289381050811942764e+00 9.266332749595171947e+00 1.801188635252545467e+00 5.721014129668364756e-01 2.603329932158306992e-01 2.766638375380992443e+00 6.000000000000000000e+00 1.200000000000000000e+01 2.000000000000000000e+00 -4.447469162508670024e+02 3.601200000000105774e+02 1.654293226567885711e+01 -2.770305805308652370e-04 3.319422166059696318e-07
1.617518114819806119e+00 1.711521792240265682e+00 6.254796944368400169e+00 2.119569740142292602e+00 1.242550830114749649e+00 1.429396137250042109e+00 2.358740279858373423e-01 2.769048628780831134e+00 5.000000000000000000e+00 1.800000000000000000e+01 3.000000000000000000e+00 -2.405204340362452058e+03 1.458000000000029956e+02 2.076902127265315556e+01 -1.115351544780998516e+00 4.608798585981475071e+00
1.379480765842527656e+00 1.242279601023789093e+00 5.829930401711566290e+00 8.257271007929677609e+00 1.970220716616718937e+00 9.449321656744641418e-03 3.537577881134044144e-01 2.864631839016821946e+00 5.000000000000000000e+00 1.000000000000000000e+01 1.000000000000000000e+00 -5.586191109902290464e+02 3.000999999999997385e+02 2.553556943688932179e+01 -1.358211354829610973e-01 1.343630239187389164e-02
1.118395741140884470e+00 1.446361363804008260e+00 5.837546316266225332e+00 4.482206756455330954e+00 1.628025320663619713e+00 8.372797378491513287e-01 2.503308658123615804e-01 2.922910792143254000e+00 6.000000000000000000e+00 1.200000000000000000e+01 3.000000000000000000e+00 -2.309524074003146325e+03 1.112400000000011886e+02 1.586900462519663257e+01 -2.659415644803980516e+00 1.206593575533479790e+00
7.049607478362747148e-01 1.417208764390483156e+00 5.510870967951199795e+00 5.376060545006187574e+00 1.377800683461974263e+00 1.245979672075250066e+00 5.147831873547229486e-01 2.868143708580671802e+00 2.000000000000000000e+00 8.000000000000000000e+00 1.000000000000000000e+00 -2.690800762515027031e+02 2.400800000000151329e+02 9.315004765718446933e+00 -4.217369649133136111e-02 4.231892046355160975e-02
2.383962253491537453e+00 2.488279909304759840e+00 6.161544815180566737e+00 4.203128044787280082e+00 4.456483996640100420e-01 1.114715393138161259e+00 4.864986183642500683e-01 2.722182641917597401e+00 7.000000000000000000e+00 8.000000000000000000e+00 2.000000000000000000e+00 -2.328173840594577541e+03 3.447999999999962029e+01 1.943336503716111352e+01 -2.660874330070002181e+00 5.990885568263477623e+00
3.498265312849159203e-01 1.795868606562109449e+00 7.952505022712223592e+00 8.146338158410790342e+00 1.086529659524229308e+00 1.352388823589452116e+00 3.228945083166955277e-01 3.499743222802861098e+00 8.000000000000000000e+00 1.000000000000000000e+01 1.000000000000000000e+00 -2.202062498015829419e+02 2.972999999999991019e+02 2.289032869134089918e-02 -1.145691891661562378e+00 2.369710293262696776e-01
2.347566724378591374e-01 5.320190154262862681e-01 8.858258688345962639e+00 6.332995953978095116e+00 1.706292362223286840e+00 8.242441428407356607e-01 4.899968765569906459e-01 2.560410493198116644e+00 5.000000000000000000e+00 1.300000000000000000e+01 1.000000000000000000e+00 -5.637090379639643061e+02 3.901299999999891384e+02 2.304025237274811033e+01 -2.733726971349251245e-01 6.209131065255609983e+00
3.951960778840630795e-01 2.271602028607901502e+00 4.433862878519242656e+00 4.073598302224462842e+00 1.970044842429260035e+00 5.692284549389158288e-01 1.552440347783781149e-01 3.591771083133199483e+00 9.000000000000000000e+00 1.200000000000000000e+01 2.000000000000000000e+00 -2.454328480540600594e+02 3.601200000000105774e+02 4.085803003378424059e+00 1.310282015598276603e-02 6.243488007583344768e+00
2.311490703868663843e-01 2.803677257216722563e+00 3.012566325747196849e+00 1.307409568890310902e+00 9.784664900511367280e-01 7.002670749510251369e-01 3.908772398431415440e-01 2.685370612121348532e+00 6.000000000000000000e+00 1.900000000000000000e+01 2.000000000000000000e+00 -6.825240029892640905e+02 5.701900000000110822e+02 2.483931268682865579e+01 -1.483682506215018293e-01 9.516126510894732521e-03
1.548681307412816732e+00 2.858230226760957393e+00 5.260071321869548733e+00 5.264469573868784558e+00 1.950346716586816020e+00 8.019973845921321010e-01 3.058990717084822952e-01 3.009793698723888689e+00 3.000000000000000000e+00 1.000000000000000000e+01 2.000000000000000000e+00 -4.332295353196010410e+02 3.000999999999997385e+02 1.769872095747507501e+01 3.137210997965671211e-02 7.022208007685719518e-03
9.866611919520000828e-01 1.968630239629240553e+00 6.673226349888237152e+00 4.508134879983295207e+00 3.380912789458330181e-01 1.093479423037652776e+00 6.669244873916488903e-01 2.602475540521069775e+00 3.000000000000000000e+00 7.000000000000000000e+00 2.000000000000000000e+00 -1.214905415451954838e+02 1.240399999999943930e+02 2.415530918703627170e-02 -9.521793555144809629e-01 2.554141963817563310e-01
6.930326597796043764e-01 1.884761511740810302e+00 5.862003548706174350e+00 3.893433290772731592e+00 7.524597903523069231e-01 1.161395464633607544e+00 9.054577868463122847e-01 3.335586267548001693e+00 6.000000000000000000e+00 1.700000000000000000e+01 3.000000000000000000e+00 -2.358083788804919550e+03 8.126000000000064460e+01 1.984086180030744373e+01 -5.021757971244002583e+00 5.786112092131467932e+00
1.459659549979712700e+00 1.595411635622586255e+00 5.567259273824787691e+00 5.353458830131702761e+00 1.277997058452253976e+00 1.534237534325506580e+00 4.661216599451459275e-01 3.438858994486820642e+00 4.000000000000000000e+00 1.500000000000000000e+01 2.000000000000000000e+00 -7.111767538272081310e+02 2.323500000000059345e+02 -5.318314900994554340e-02 -1.048526157994965402e+01 4.279287422761509418e+00
1.656819049477909367e+00 2.252122271155272415e+00 5.588754629893121439e+00 9.316943230935855524e+00 1.186656285433274283e+00 8.083571934788353897e-01 1.393478198304254345e-01 2.775085905764421490e+00 1.000000000000000000e+01 1.500000000000000000e+01 2.000000000000000000e+00 -2.778336194096401073e+02 3.035999999999996248e+02 1.589121503432015109e-02 -9.554782936024104334e-01 4.141765190049205569e-02
1.057179252042818929e+00 8.314210382784334996e-01 5.181830402365433130e+00 5.839419245471883180e+00 7.624137590469612924e-01 6.445923701256869309e-01 1.730670349316483780e-01 2.956032047611705682e+00 7.000000000000000000e+00 5.000000000000000000e+00 3.000000000000000000e+00 -2.110228040186654653e+03 4.694999999999946994e+01 5.422065011665912593e+00 -9.266126142731513360e-01 5.948771895994100056e+00
1.081211436540568283e+00 1.631006286449970588e+00 7.056730195642373360e+00 4.691505978697257717e+00 1.983229800696955758e+00 1.141713148780699960e+00 1.222003700675625137e-01 2.907793995832217426e+00 6.000000000000000000e+00 1.300000000000000000e+01 2.000000000000000000e+00 -4.654814260024920713e+02 3.901299999999891384e+02 1.690102662515609211e+01 -5.177579241614063688e-02 1.139175100563121490e-01
3.762666309459453684e-01 2.208736014507767909e+00 4.100258694235710877e+00 6.476447204252329115e+00 1.912238787659132466e+00 9.123686297246255128e-01 8.278707585471908326e-01 2.162415599226773733e+00 4.000000000000000000e+00 1.100000000000000000e+01 1.000000000000000000e+00 -5.418505688090949661e+02 3.301100000000244563e+02 2.354972305056767112e+01 1.785244952035812058e-02 6.282429064163388865e+00
2.886456855551249312e-01 1.925088857488988836e+00 5.067570569538127678e+00 4.264362092512858915e+00 2.273319191048404964e+00 7.483120622483558915e-01 3.555252119010433587e-01 3.177637540039886410e+00 4.000000000000000000e+00 1.400000000000000000e+01 2.000000000000000000e+00 -6.203551441364929815e+02 4.201399999999720194e+02 2.564282150853168218e+01 2.922697515449993247e-02 6.220407110905890491e+00
1.925066967946545304e+00 1.444028727304596638e+00 6.665462765286777724e+00 5.269181878292513055e+00 1.505322613735926573e+00 7.244218723374111768e-01 1.679755936880150680e-01 2.559254769966130549e+00 4.000000000000000000e+00 1.300000000000000000e+01 4.000000000000000000e+00 -3.164261649456408918e+02 3.901299999999891384e+02 7.585072809102894276e+00 -3.763364085866087172e-01 6.268642785223420333e+00
1.333285324911823944e+00 1.987190815190951643e+00 4.227739416377690240e+00 4.309720851357686122e+00 1.042452347628159526e+00 1.236337410664809511e+00 2.074095066412541544e-01 3.271955927514432094e+00 6.000000000000000000e+00 1.600000000000000000e+01 1.000000000000000000e+00 -3.723739627602396922e+02 3.009600000000022533e+02 -7.808452973726287549e-03 -3.466030165478650726e+00 5.274760593852382051e+00
1.670052126606747178e+00 1.274596688921443510e+00 6.557992261514023369e+00 7.262415742679847241e+00 9.912593394546618253e-01 1.292377300813601249e+00 7.777260876073225360e-01 2.343412269325792607e+00 7.000000000000000000e+00 1.300000000000000000e+01 1.000000000000000000e+00 -2.741637069129389488e+02 3.495699999999905572e+02 2.365279073057692874e-02 -6.099989723254229945e-01 6.154287306034834870e+00
5.173236473584096329e-01 2.124257688192883187e+00 6.122424706322584065e+00 4.597399561032100124e+00 2.460570924117440050e-01 3.293634284950071045e-01 3.158512892408209538e-01 2.199221970600826914e+00 8.000000000000000000e+00 1.100000000000000000e+01 2.000000000000000000e+00 -1.117865422741737831e+02 2.229700000000111686e+02 1.884639213551234788e-02 -9.578058751034479457e-01 5.385590012844902220e-03
2.905501519097286156e+00 1.114901294968593248e+00 3.932625192856129992e+00 5.134776255270600664e+00 1.399017403017207339e+00 5.728781291557176747e-01 2.970739644113691291e-01 2.674345130721258457e+00 4.000000000000000000e+00 2.000000000000000000e+01 3.000000000000000000e+00 -2.253848314026202843e+03 1.296000000000011880e+02 1.181551962663763611e+01 -1.375738689758305355e+01 4.536346041759602876e+00
2.210039373521544448e+00 5.128183701344279921e-02 5.899567609622611286e+00 8.023912911441936302e+00 2.085790128988656900e+00 4.476068291202721094e-01 4.088026216963173143e-01 2.494457839840410251e+00 6.000000000000000000e+00 8.000000000000000000e+00 1.000000000000000000e+00 -1.289746340364090145e+02 2.400800000000151329e+02 5.584146272750911688e-01 -6.022980557571006033e-01 6.169412436051697313e+00
2.503697596843192374e-01 1.699206492522882472e+00 7.228407171554886546e+00 6.258037717606467432e+00 1.032001897226181075e+00 1.806171639535180562e+00 6.911176718785931872e-01 2.907656642305334493e+00 2.000000000000000000e+00 1.200000000000000000e+01 1.000000000000000000e+00 -2.301626123328822359e+03 2.038800000000046850e+02 1.248038270805124839e+01 -4.688418449713934955e+00 9.834762767483209434e-01
6.608885328310628582e-01 1.335798135497565209e+00 6.295563238656301408e+00 8.572042647998127762e+00 2.241111666259188340e+00 1.432626402521975262e+00 7.231424029735904480e-01 2.236743600963665202e+00 2.000000000000000000e+00 1.300000000000000000e+01 1.000000000000000000e+00 -2.328444002270020064e+03 1.822599999999964098e+02 1.483212514187636089e+01 -5.533832084510401650e-01 6.202553905475839180e+00
1.960583688876883723e+00 1.313853044665461267e+00 7.296635700433187210e+00 6.755633882577573246e+00 2.015343347529301443e+00 8.672908455451421306e-01 1.709922264992847774e-01 2.864232569068066336e+00 2.000000000000000000e+00 8.000000000000000000e+00 2.000000000000000000e+00 -2.210678626619550755e+02 2.400800000000151329e+02 6.314241416371720206e+00 -6.348354978897156053e-01 6.279946226574792512e+00
2.684184465216623572e+00 1.990517634552163351e+00 7.203484428947815488e+00 5.247065479618395756e+00 1.098943487890652770e+00 6.070511166526404434e-01 1.523167969265617205e-01 2.294883544079819426e+00 2.000000000000000000e+00 1.400000000000000000e+01 2.000000000000000000e+00 -3.085805729392030230e+02 4.201399999999720194e+02 6.156910808701063331e+00 -3.398757894783135947e-01 3.368339957884022243e-03
2.084849560530912527e+00 1.166691489825995021e+00 1.585538860271002104e+00 7.885820666410387147e+00 3.330655650717639915e-01 1.308228834459431056e+00 9.592202141450558717e-01 2.380776489465665779e+00 9.000000000000000000e+00 1.100000000000000000e+01 1.000000000000000000e+00 -2.182482765346240740e+03 1.120899999999994776e+02 7.902360334140084319e+00 -1.097184365042179310e+00 3.106796808216461536e-01
1.224879603181272092e+00 2.504305586443484888e+00 5.035310758520478380e+00 7.007932872339187824e+00 1.938841561115183243e+00 1.781737224501737105e+00 1.628400249983285586e-01 3.754752496769395709e+00 7.000000000000000000e+00 1.300000000000000000e+01 3.000000000000000000e+00 -2.353918126608255534e+03 4.472000000000016939e+01 2.072238291301596647e+01 -8.913786272049577519e+00 4.549213364896477430e+00
9.917803107355417369e-01 2.171918610450694231e+00 2.933948872135006880e+00 6.393862163156801337e+00 3.298195408450355082e-01 1.743154263710801066e-01 5.354506906724487703e-02 4.808365662541070229e+00 1.000000000000000000e+01 1.900000000000000000e+01 1.000000000000000000e+00 -2.396436575795506087e+03 3.515000000000005542e+01 2.367884848721912050e+01 -3.137713587515893465e+00 1.494346775277596850e-01
1.058288026903885459e+00 9.555333723482798414e-01 9.362177158350341699e+00 6.590360954791485426e+00 1.579848505503100187e+00 6.353311599409668942e-01 2.986622428085055625e-01 2.890750714999247073e+00 8.000000000000000000e+00 1.300000000000000000e+01 3.000000000000000000e+00 -2.305869251341173367e+03 1.307799999999982106e+02 1.502995320882339847e+01 -5.941388242328515368e+00 6.187078321172522877e+00
2.006021547702163677e+00 2.983085940296432703e-01 5.708683252885942139e+00 6.779098694175459627e+00 1.170561671880844923e+00 7.439617704057379655e-01 5.187102107499683701e-01 3.578636780518471117e+00 4.000000000000000000e+00 1.500000000000000000e+01 3.000000000000000000e+00 -2.278829095856864114e+03 5.399999999999966604e+01 1.573931849105401248e+01 -1.242603190719118977e+01 2.551887612746152723e+00
2.871903614976744290e+00 1.485877264149847887e+00 3.003479565974044974e+00 7.325815207481268132e+00 2.121291948652733073e+00 9.724214402372673982e-01 2.123965908211939424e-01 3.158116266110072790e+00 4.000000000000000000e+00 8.000000000000000000e+00 3.000000000000000000e+00 -2.124275542904372287e+03 6.943999999999887507e+01 5.597221431523314195e+00 -3.434925127467274741e+00 4.908286922542393071e+00
1.253321533181796843e+00 9.029943471906992647e-02 6.695975788400007289e+00 7.467386346757543869e+00 2.195327922848301583e+00 7.795423000782486511e-01 2.280335874634621951e-01 2.791343487375013144e+00 7.000000000000000000e+00 7.000000000000000000e+00 3.000000000000000000e+00 -2.335183319036757894e+03 3.955000000000013927e+01 1.971301993979735556e+01 -3.749770279787718152e+00 3.419249822681835749e+00
2.878697230203281610e+00 1.933664021355691931e+00 3.072076362925255211e+00 6.850027877521208453e+00 2.298407318018013346e+00 2.053365087484209983e+00 6.478044921416198365e-01 3.054393687940308855e+00 4.000000000000000000e+00 4.000000000000000000e+00 2.000000000000000000e+00 -3.791226179229462900e+01 7.512000000000054456e+01 2.201636201839744789e-02 -9.464535253355852440e-01 6.266977386091800106e+00
