1.687531729508227940e+00 2.040878944083296176e+00 3.016127322601411809e+00 3.235388848027834996e+00 6.555874236944081446e-01 7.269724596434955499e-01 4.773601630712685506e-01 3.201962932806012407e+00 3.000000000000000000e+00 9.000000000000000000e+00 2.000000000000000000e+00 -1.263456381392733334e+02 1.643400000000049488e+02 1.847706365441026399e-02 -9.587639502067258901e-01 3.261445116992995330e-01
1.130800592630753165e+00 2.272078052456536046e+00 8.086429900848592922e+00 5.687755158322534754e+00 2.022327914786957948e+00 2.545970859732501479e-01 6.810118454511109309e-01 2.219612459639964008e+00 2.000000000000000000e+00 8.000000000000000000e+00 2.000000000000000000e+00 -5.152215271167428909e+02 2.400800000000151329e+02 2.469884544479596045e+01 -6.425798858305199479e-01 6.282181277386828633e+00
1.285825755013594751e+00 2.076938548153060893e+00 5.738227685994470306e+00 5.000367888653016735e+00 2.453783127115805041e+00 4.776929215860148958e-01 3.006594036703240658e-01 2.292628810051031252e+00 4.000000000000000000e+00 1.000000000000000000e+01 2.000000000000000000e+00 -4.868153156761675291e+02 3.000999999999997385e+02 2.104783222976048052e+01 -1.411553762666312162e-01 4.170369359441801135e-03
8.674265229690085732e-01 2.045289050399307751e+00 6.789004895740117895e+00 4.535176000542580965e+00 1.888597521787940270e+00 3.449067160313188385e-01 2.404318443758577117e-01 3.441308981597218430e+00 6.000000000000000000e+00 1.300000000000000000e+01 1.000000000000000000e+00 -4.681820957861172019e+02 3.901299999999891384e+02 1.706981848663266632e+01 1.035143941264856926e-01 1.473476318170087321e-03
1.024259845916447809e+00 1.362587034271872666e+00 5.386905195421531012e+00 3.522890465369908242e+00 1.096788283299900968e+00 1.747216487253542283e+00 4.398681003739116635e-01 3.036848540999625534e+00 7.000000000000000000e+00 9.000000000000000000e+00 1.000000000000000000e+00 -2.189687975723119280e+02 2.079000000000065995e+02 1.055474165958775017e-02 -1.525346280342228411e+00 7.805768032915196830e-01
8.172361731033412902e-01 2.039217340692855540e+00 5.465085339487806948e+00 6.244077772767250956e+00 2.545331990663994848e+00 2.600733889216061634e+00 4.958417467585346516e-01 2.287459521480740499e+00 3.000000000000000000e+00 1.000000000000000000e+01 1.000000000000000000e+00 -2.273855588450328014e+03 2.444999999999903935e+02 9.475349278145777987e+00 -1.714500391403034618e-01 6.190055556185435570e+00
2.162543356235793190e+00 1.669244772036583502e+00 6.692099593212807562e+00 6.161755052532283727e+00 2.090736396472507863e+00 8.796907313633536285e-01 6.745300915555647592e-01 3.703322737701277845e+00 3.000000000000000000e+00 1.500000000000000000e+01 3.000000000000000000e+00 -2.389860027210262615e+03 1.084500000000012534e+02 2.097718920064139780e+01 -3.005243865959473126e+00 4.519159711247792366e+00
2.907331075147534527e-02 2.605739894221646757e+00 5.637403632156260613e+00 4.151296046591420819e+00 1.488154673931860295e+00 1.435899372177046329e+00 6.342565505011841243e-01 3.308582476608753709e+00 8.000000000000000000e+00 1.100000000000000000e+01 3.000000000000000000e+00 -2.249000278770880414e+03 2.416700000000134878e+02 8.010329923179620337e+00 -2.556731399734447852e+00 2.063260361290149891e+00
9.346208383290660615e-01 2.430734877731261179e+00 2.650265181402760462e+00 7.220674461250835563e+00 1.978076459824968047e+00 1.895431663311935910e+00 4.981385446374209658e-01 2.636331298314213978e+00 1.000000000000000000e+00 9.000000000000000000e+00 3.000000000000000000e+00 -2.339589132313628397e+03 2.609999999999996589e+01 2.040869576960179188e+01 -1.445964386786168099e+01 4.156223234187488735e+00
2.416620546884418630e+00 2.420451533293795698e+00 3.508165970612496576e+00 6.651626633480494100e+00 1.090176708153928864e+00 1.711543504908195512e+00 5.043173919765554514e-01 3.161426686167601474e+00 0.000000000000000000e+00 6.000000000000000000e+00 3.000000000000000000e+00 -2.262652824119359593e+03 2.081999999999993989e+01 1.576517650745999610e+01 -1.282814764832398247e+01 6.090486228108882294e+00
1.995089365780866597e+00 2.911451542216696886e+00 1.672620354474128046e+00 5.606777395141001819e+00 1.258917548023940514e+00 1.141237876842639443e+00 4.089188756503765454e-01 3.414667579305232792e+00 1.000000000000000000e+00 5.000000000000000000e+00 3.000000000000000000e+00 -2.142393811767670741e+03 3.590000000000009805e+01 7.777738235479427331e+00 -4.893292448598062450e+00 5.077395714574858943e+00
3.010487774663159755e-01 1.046773734047205640e+00 4.146286387268842688e+00 6.968475372329812956e+00 1.425366617343411635e+00 2.307299364139490994e+00 4.414814703500930526e-01 3.572439951610460795e+00 5.000000000000000000e+00 7.000000000000000000e+00 1.000000000000000000e+00 -7.639257180100975120e+02 7.790999999999888814e+01 -1.647743410420224319e-02 -8.053450861824268614e+00 3.839011581285638020e+00
1.373636926878785580e+00 1.502474555112540688e+00 9.804966947171603664e+00 6.070628136267118613e+00 1.553868582145233601e+00 5.783668199857707748e-01 4.115006744128205107e-01 3.064693544749122367e+00 7.000000000000000000e+00 1.400000000000000000e+01 2.000000000000000000e+00 -4.782886974531493252e+02 4.201399999999720194e+02 1.676366859082270722e+01 -6.429421026469056555e-02 2.105655013180801269e-02
1.441502682823588843e+00 2.207498136779662445e+00 5.653720597795695468e+00 7.939112904909955581e+00 2.179621704418554629e+00 1.695109682868625178e+00 6.061850671061489448e-01 2.312421206561714460e+00 5.000000000000000000e+00 8.000000000000000000e+00 3.000000000000000000e+00 -2.345154698334376008e+03 6.279999999999901661e+01 1.960966864589853742e+01 -2.137243261597337796e+00 4.816335570551997236e+00
4.797142446618669065e-01 2.186639186815408475e+00 7.103960755757689149e+00 8.627270849445526579e+00 1.288643574559155791e+00 4.522169490321528151e-01 3.291319735437570060e-01 3.289456022968855642e+00 4.000000000000000000e+00 9.000000000000000000e+00 3.000000000000000000e+00 -4.007560117714970147e+02 2.700900000000045225e+02 1.660693823571842032e+01 7.239144207488844990e-03 6.222263122670050883e+00
5.214068243347103060e-01 2.100777267224290146e+00 7.300124919113438082e+00 6.000912008787312679e+00 2.718750408138953301e+00 2.558803125923846955e-01 4.582779033805374214e-01 2.452154003992140563e+00 4.000000000000000000e+00 1.100000000000000000e+01 1.000000000000000000e+00 -5.998317283254824588e+02 3.301100000000244563e+02 2.717354552034188941e+01 -5.468450739438460856e-02 1.278007007649492772e-02
8.943264582700324317e-01 1.532725869884593362e+00 5.047748471840264095e+00 5.269235827908118175e+00 2.095449010601753148e+00 1.031190193972590041e+00 5.935074954536042613e-01 3.280676174733937245e+00 1.000000000000000000e+00 1.100000000000000000e+01 1.000000000000000000e+00 -2.264271296928539414e+03 2.077900000000092859e+02 1.002351855803342495e+01 7.963657427840027669e-02 9.318296051009218595e-02
1.051642775168316390e+00 2.714425147114789105e+00 7.322373386306564313e+00 5.566302754921676588e+00 9.200745312821079214e-01 6.429545628930528611e-01 4.807568920962681513e-01 3.563704483670304235e+00 2.000000000000000000e+00 1.200000000000000000e+01 2.000000000000000000e+00 -2.704777962060666709e+02 3.601200000000105774e+02 5.651112262878836390e+00 5.653014539847230069e-02 6.245067708017869812e+00
7.551590114965966993e-01 1.379598987156871459e+00 7.725078258269178377e+00 2.197710525491948452e+00 1.754130263800686151e+00 1.600054818365016285e+00 6.064213612637996409e-01 2.875142964366029119e+00 4.000000000000000000e+00 1.300000000000000000e+01 3.000000000000000000e+00 -6.188718822191868867e+02 3.901299999999891384e+02 2.648793013869951807e+01 -2.155991186953447325e-02 6.281160430605986278e+00
1.003303072486736447e+00 1.738038420935930972e+00 4.619631789754968132e+00 8.917107471163348009e+00 1.598455258932947265e+00 1.174133503400444756e+00 6.965221376001150544e-01 3.178804332659316056e+00 3.000000000000000000e+00 9.000000000000000000e+00 1.000000000000000000e+00 -4.163826234199045757e+02 2.700900000000045225e+02 1.758360146374389643e+01 5.669184756931863189e-01 6.155288769673737725e+00
3.418614699520131639e-01 2.665049234499520026e+00 4.830120212806618518e+00 5.314739057219145302e+00 2.895114322718093103e+00 7.424831073941673409e-02 2.944184409598125662e-01 2.686390627356528782e+00 4.000000000000000000e+00 1.100000000000000000e+01 2.000000000000000000e+00 -5.857645559939257964e+02 3.301100000000244563e+02 2.629434724961959446e+01 3.230368203803754557e-02 6.274651731393035448e+00
4.363092220470035087e-01 2.050553102152189666e+00 7.975613802872317137e+00 8.113439960833551012e+00 7.775020835361434735e-01 7.235998243887260539e-01 4.170636739944910687e-01 2.486099279513212412e+00 3.000000000000000000e+00 1.100000000000000000e+01 1.000000000000000000e+00 -4.341599524453992558e+02 3.301100000000244563e+02 1.681905952783668923e+01 -1.558684308284297437e-01 6.188971342309868895e+00
1.369386643974307205e+00 1.537383147652111370e+00 3.404837644978306876e+00 6.494469094843162260e+00 1.690852159009445632e+00 4.901233863163530491e-01 6.800282939669128890e-01 3.299466886280222333e+00 3.000000000000000000e+00 8.000000000000000000e+00 1.000000000000000000e+00 -3.890322416364209062e+02 2.400800000000151329e+02 1.681201510227583285e+01 5.078439710884811303e-02 6.278759838867657983e+00
1.674870374564563225e+00 1.488836504772977021e+00 4.819337689823755433e+00 6.245114672321604665e+00 1.573862060213709224e+00 1.063930181625558191e+00 2.168264214534629808e-01 2.603344031359561939e+00 1.000000000000000000e+00 4.000000000000000000e+00 1.000000000000000000e+00 -1.019429289224416522e+02 8.728000000000244540e+01 2.138857906269607187e-02 -5.119356171289591861e-01 6.017943314764343299e+00
3.403456969163798362e-01 1.390999723717742498e+00 5.941921830059109233e+00 8.487105433831658274e+00 1.927507481048931881e+00 6.198500875694508139e-01 4.273792660191553794e-01 2.187405301922741963e+00 4.000000000000000000e+00 6.000000000000000000e+00 1.000000000000000000e+00 -4.929416987490359361e+02 1.800600000000052887e+02 2.518198117181458073e+01 -3.439379257954603645e-03 2.303582260086349878e-02
3.604005708815583020e-01 1.488742955091213016e+00 7.774215695585529495e+00 5.030555524398830691e+00 2.470793753039376206e+00 1.486850406538726410e-01 4.573670443480593595e-01 2.080164453233514621e+00 2.000000000000000000e+00 1.100000000000000000e+01 3.000000000000000000e+00 -6.055119567673546044e+02 3.301100000000244563e+02 2.752855979795890207e+01 -1.325959514384202065e-01 2.417677897049150693e-03
7.275848867805030373e-01 7.191537179934758273e-01 5.060535420985491584e+00 3.808120602624285311e+00 2.363969130212610903e+00 5.395005440510554084e-01 6.077278645845927141e-01 2.613017644005261264e+00 4.000000000000000000e+00 1.200000000000000000e+01 1.000000000000000000e+00 -5.917618840370574844e+02 3.601200000000105774e+02 2.573136775231576223e+01 -6.516604412304755284e-04 5.502014731769304308e-06
1.146424376640234000e+00 2.629434615548219778e+00 1.629114405364274765e+00 5.186997379328027513e+00 1.921270452971859166e+00 6.816791145568878996e-02 2.174317336626150343e-01 3.981812394102533403e+00 2.000000000000000000e+00 6.000000000000000000e+00 2.000000000000000000e+00 -1.920641224251007770e+02 1.800600000000052887e+02 6.377132651568632404e+00 -2.821548182128025828e-01 6.274707117246432375e+00
5.030558666954180191e-01 1.734303798044809053e+00 8.331545009837023841e+00 4.643306673692662478e+00 1.448075924163509054e+00 2.172369696020640673e-01 2.528622085099270778e-01 2.711087121619145446e+00 6.000000000000000000e+00 1.000000000000000000e+01 3.000000000000000000e+00 -4.082022710883603622e+02 3.000999999999997385e+02 1.613451694302253259e+01 5.658540608733378038e-03 5.843157381823744579e-04
1.965055001545366276e+00 1.625326370690726385e+00 4.992919075863611056e+00 7.480706296902244645e+00 2.360682593279641139e+00 1.324511150972333962e+00 3.070150010220910053e-01 2.661416829635772974e+00 3.000000000000000000e+00 6.000000000000000000e+00 1.000000000000000000e+00 -1.259316252585201426e+02 1.800600000000052887e+02 2.243851578657343193e+00 1.052586654098290608e-01 6.050492664355150652e+00
1.197050664080881566e+00 2.059916721390365524e+00 2.819124927588716467e+00 7.871126092343402547e+00 1.627434811193713138e+00 8.888303149760403699e-01 5.034771448898828217e-01 3.041890422022786034e+00 0.000000000000000000e+00 4.000000000000000000e+00 4.000000000000000000e+00 -4.325838651160735822e+02 4.671999999999918174e+01 -8.621853158577434673e-02 -1.152240811379459906e+01 4.897202603005101906e+00
3.813768257624433611e-01 2.814724705453147902e+00 6.348291801807223855e+00 5.151446803380061112e+00 2.463606376896016581e+00 1.002344675584167843e+00 5.807932415111274338e-01 3.054513178490362080e+00 3.000000000000000000e+00 6.000000000000000000e+00 3.000000000000000000e+00 -3.789387501221983712e+02 1.800600000000052887e+02 1.805679688263723293e+01 -2.248126852243265139e-04 3.271399085536182832e-02
1.166052644986357301e+00 2.138215341947400372e+00 4.676266092875350999e+00 3.446213167634889718e+00 1.068962146735443319e+00 2.069147906588026942e+00 7.277671785836107299e-01 3.481708725633446022e+00 2.000000000000000000e+00 8.000000000000000000e+00 2.000000000000000000e+00 -2.598593689464705676e+02 2.400800000000151329e+02 8.738710559153938462e+00 8.398719290799096238e-02 6.255754188097775170e+00
9.809942705772208837e-01 1.454732801891288840e+00 5.419076378332695398e+00 2.581355308818926275e+00 2.382462632292704718e+00 9.123963894305995304e-01 6.411385543375324181e-01 3.752564802858072035e+00 2.000000000000000000e+00 8.000000000000000000e+00 2.000000000000000000e+00 -5.500616883049018497e+02 2.400800000000151329e+02 2.687635551905589537e+01 1.896920126815563601e-01 6.280910173605940727e+00
1.654775041240444278e+00 1.313892103665990962e+00 4.092683817910834243e+00 5.180846214977503195e+00 1.697396518934541021e+00 8.638809928051177645e-01 5.563161257717886832e-01 2.883556081784212299e+00 3.000000000000000000e+00 1.100000000000000000e+01 2.000000000000000000e+00 -4.488850914898781639e+02 3.301100000000244563e+02 1.773938071811662098e+01 8.324297372376628090e-02 6.250869139595485180e+00
8.040035037556378938e-01 7.731887850806530293e-01 6.192577396968597547e+00 8.184686064134410799e+00 1.520551849326147176e+00 2.950371344037714394e-01 4.485873913858698936e-01 2.917773406999116581e+00 7.000000000000000000e+00 5.000000000000000000e+00 3.000000000000000000e+00 -6.349951191264630523e+01 1.262499999999949694e+02 2.340699454055125001e-02 -9.873458647134771837e-01 6.279597763185101655e+00
2.138172005696643119e+00 1.828256522444964949e+00 3.448053409319942197e+00 3.566498318973146731e+00 2.475668085844811461e+00 2.121788977918967589e+00 5.804493730214630443e-01 2.846614058543197601e+00 3.000000000000000000e+00 8.000000000000000000e+00 2.000000000000000000e+00 -3.930463338418871899e+02 2.400800000000151329e+02 1.706289586511747558e+01 9.246658930184620262e-02 6.037837537198889493e+00
9.733578649247248693e-01 1.260697650769478706e+00 9.332117646881238571e+00 4.483606001949072883e+00 1.907378433315762845e+00 7.707589585450697056e-01 3.423358318962402280e-01 2.474669929289279757e+00 8.000000000000000000e+00 5.000000000000000000e+00 2.000000000000000000e+00 -5.468114653428235528e+01 1.085999999999959726e+02 2.382165839277303188e-02 -9.526797907355376571e-01 4.671709278248613317e-02
2.184634244222356803e-01 2.150612644881231716e+00 5.481749897979741881e+00 6.028367864262471620e+00 2.206401064717168570e+00 5.659286730408039645e-01 1.949122097466515213e-01 3.071811431621812805e+00 5.000000000000000000e+00 5.000000000000000000e+00 3.000000000000000000e+00 -2.232239329747279498e+03 1.337499999999961631e+02 1.033527060920507168e+01 -4.968261350596629988e+00 4.339897993401987009e+00
4.462410041789325321e-01 2.348681121180075770e+00 5.356923992214275287e+00 2.399825539893738480e+00 2.099150328947449573e+00 3.498199834373373340e-01 3.418483319563304645e-01 2.676649380522899246e+00 9.000000000000000000e+00 4.000000000000000000e+00 1.000000000000000000e+00 -2.148909363779533578e+03 4.803999999999915360e+01 7.805585236220880851e+00 -8.552722119532942813e-01 3.578444042197825165e-02
1.062655635518926278e+00 4.100916000001093575e-01 2.901771035685053235e+00 5.863765545064232754e+00 1.974467314317982947e+00 3.933817256817774277e-01 4.376230445801733149e-01 2.859661943371740733e+00 2.000000000000000000e+00 4.000000000000000000e+00 2.000000000000000000e+00 -5.811709071941664462e+01 1.156400000000068786e+02 1.856816996332535941e-02 -9.467885370977574544e-01 6.246527427211357342e+00
1.117777551118023682e+00 2.373521268946070961e+00 8.935360614056552464e+00 3.387229552829287282e+00 2.376000107762260338e+00 1.218336757836401274e+00 5.954214867344009843e-01 3.056973687758531621e+00 2.000000000000000000e+00 1.200000000000000000e+01 4.000000000000000000e+00 -6.184812924051909704e+02 3.601200000000105774e+02 2.740133077532410155e+01 1.792308650842493190e-01 1.453553565427508423e-03
1.292975626241698928e+00 1.861717062568929215e+00 1.789630700676088537e+00 6.452285531145031783e+00 1.847782126402330416e+00 8.566101801111809522e-01 3.846296010088516848e-01 3.072433439565210200e+00 2.000000000000000000e+00 8.000000000000000000e+00 2.000000000000000000e+00 -1.997487023325868734e+02 1.440800000000001262e+02 1.872374202521575118e-02 -9.418621174110203276e-01 7.873539902390637446e-02
2.407363900301566328e+00 1.090594228832842294e+00 3.297471117852334821e+00 3.973461175980271598e+00 2.211172172210442710e+00 4.724100224867973097e-01 7.861410081304271991e-01 2.607011265113297505e+00 1.000000000000000000e+00 1.600000000000000000e+01 3.000000000000000000e+00 -2.167969681985077841e+03 1.588799999999973238e+02 5.533105124067433600e+00 -6.349271042876117654e+00 1.106412686058592998e+00
5.709808209618527641e-03 2.306694653339255385e+00 6.001974063185127939e+00 6.566268264048128245e+00 1.421999937509179190e+00 1.831879269668260091e-01 4.214134013673035972e-01 2.827818180823125527e+00 0.000000000000000000e+00 1.000000000000000000e+01 2.000000000000000000e+00 -3.847449410944889223e+02 3.000999999999997385e+02 1.466843381840556759e+01 -3.379502118942404043e-02 6.283026436695648087e+00
2.430177120031173921e-02 2.535770345055678998e+00 7.498748446637856446e+00 5.537147828379715975e+00 2.301238801594835071e+00 6.192957718573974812e-01 1.132765956328080220e-01 3.211163830699804045e+00 2.000000000000000000e+00 1.200000000000000000e+01 3.000000000000000000e+00 -5.376534703998037230e+02 3.601200000000105774e+02 2.234959189998740214e+01 2.601245427409636796e-02 6.283064735218528263e+00
1.478051659670901907e+00 2.972992368176030187e+00 3.041164186264647018e+00 8.235097311000309617e+00 3.354272787708064696e-01 1.099695768688439212e+00 2.777030295995621678e-01 3.244526173675032155e+00 2.000000000000000000e+00 8.000000000000000000e+00 2.000000000000000000e+00 -1.934793274547647854e+02 1.056799999999981026e+02 1.706693218788415262e-02 -9.693577556848361754e-01 6.245489429685746607e+00
2.878697230203281610e+00 1.933664021355691931e+00 3.072076362925255211e+00 6.850027877521208453e+00 2.298407318018013346e+00 2.053365087484209983e+00 6.478044921416198365e-01 3.054393687940308855e+00 4.000000000000000000e+00 4.000000000000000000e+00 2.000000000000000000e+00 -3.791226179229462900e+01 7.512000000000054456e+01 2.201636201839744789e-02 -9.464535253355852440e-01 6.266977386091800106e+00
