1.297056461979296138e+00 1.481089115842816994e+00 7.831580194326035027e+00 7.002978147095862305e+00 1.871280912138553409e+00 1.286935069466225823e+00 4.637448508513597467e-01 2.339355016623384742e+00 4.000000000000000000e+00 9.000000000000000000e+00 2.000000000000000000e+00 -4.193020968893678173e+02 2.700900000000045225e+02 1.776606855558534903e+01 6.508966597143253652e-02 6.277792762351296574e+00
1.886090890654742225e+00 9.894613681891872847e-01 6.609955818774945868e+00 9.753048525228582122e+00 2.515141116867477322e+00 9.312659792129588388e-01 5.751220171926001434e-01 2.690653148986414500e+00 7.000000000000000000e+00 1.500000000000000000e+01 1.000000000000000000e+00 -6.383726407060672727e+02 4.501499999999774104e+02 2.583110254412991225e+01 1.460201818742201674e-01 1.867136162331713423e-01
1.225369600024188710e+00 1.325979948098256145e+00 6.022169773891469902e+00 5.525648240379176457e+00 1.108880958032794517e+00 9.869660859918084617e-01 3.155223732150951310e-01 3.552579001467982778e+00 5.000000000000000000e+00 1.000000000000000000e+01 2.000000000000000000e+00 -2.008100353182690014e+02 3.000999999999997385e+02 3.172502207391820761e+00 -6.286604468231169439e-03 6.246735089825850018e+00
9.918059820827747064e-01 1.239287957967020848e+00 2.898343602335128999e+00 5.827361205305270353e+00 2.403029060780864867e+00 7.361765189248915542e-01 4.720296673131270659e-01 3.850907342504794162e+00 5.000000000000000000e+00 8.000000000000000000e+00 2.000000000000000000e+00 -3.898389047543407173e+02 2.400800000000151329e+02 1.686243154714582104e+01 4.408372935456100956e-04 1.349392830464175468e-07
1.416862746241638327e+00 2.014668205777737420e+00 2.799786855426380505e+00 8.604346409751924440e+00 9.835534640464649314e-01 1.483359182964577805e+00 4.424939996097775330e-01 2.842041797649188073e+00 7.000000000000000000e+00 1.200000000000000000e+01 1.000000000000000000e+00 -2.206354955359301186e+02 2.277600000000055900e+02 1.892275966823660227e-02 -1.107703899259945057e+00 1.385890688148390670e-01
1.454685981323260435e+00 2.092087624954379166e+00 6.808466410839274729e+00 7.462629525995997604e+00 9.398337946242550922e-01 9.968357288001747918e-01 5.664265246399476927e-01 2.899506794147592270e+00 4.000000000000000000e+00 1.000000000000000000e+01 1.000000000000000000e+00 -1.886255840283597252e+02 3.000999999999997385e+02 2.410974001772491437e+00 -3.167123637001143521e-01 2.212655134627191100e-01
5.778401568199762472e-01 2.224433501624210940e+00 4.704904136263284187e+00 5.753657143529758322e+00 1.099761774064764053e+00 2.854387436274626211e+00 5.903805663462040609e-01 3.000475411143612270e+00 6.000000000000000000e+00 6.000000000000000000e+00 1.000000000000000000e+00 -2.128576936675412981e+03 6.030000000000077165e+01 6.151683542213285172e+00 -3.507409242909983682e+00 7.454206460442388549e-01
2.222884271803115208e+00 2.404634018211536883e+00 4.418282616198445645e+00 9.261182259442239939e+00 2.315824352632274596e+00 1.371758282628227299e+00 4.303326995991188508e-01 2.238372041814627345e+00 3.000000000000000000e+00 7.000000000000000000e+00 1.000000000000000000e+00 -2.418231513273179587e+02 2.100699999999860097e+02 8.549259457957809616e+00 -5.292702902212906846e-01 4.284043394470033600e-02
1.429447205814490696e+00 1.492671996383613919e+00 5.512503018220602513e+00 8.193167238967856036e+00 2.175747450522520499e+00 2.065746973416636934e+00 3.524776927697937934e-01 2.547878327923213782e+00 5.000000000000000000e+00 7.000000000000000000e+00 1.000000000000000000e+00 -1.445116334805372560e+02 2.100699999999860097e+02 2.467289592534015696e+00 -3.551162815369999365e-02 6.208765263903377019e+00
1.575321574211002940e+00 1.636174378053337097e+00 6.843224941473755152e+00 6.387343981608900378e+00 3.015810479200904393e-01 1.598325947640098499e-01 4.509391813606360433e-01 3.300404387197670708e+00 6.000000000000000000e+00 1.100000000000000000e+01 3.000000000000000000e+00 -2.392802409433977118e+03 2.672999999999991516e+01 2.371483808962356576e+01 -2.662241847823856311e+00 1.869434817118921510e-01
8.816596069010429471e-01 1.635026979213133114e+00 8.129646579089461866e+00 3.950818492246432001e+00 1.343410168364564727e+00 8.076523737963144933e-01 7.056051325268755114e-01 3.150183046226648020e+00 9.000000000000000000e+00 1.700000000000000000e+01 1.000000000000000000e+00 -3.783441536042545295e+02 5.101700000000154773e+02 7.703697100265424424e+00 -1.832519675451417529e-02 6.282542109619739357e+00
1.219859479224259857e+00 2.296471073151828968e+00 8.171716479518247311e+00 6.591885415505144508e+00 1.347059775685973237e+00 1.981282121428439513e+00 4.067914813188700518e-01 3.000876197505010445e+00 7.000000000000000000e+00 7.000000000000000000e+00 2.000000000000000000e+00 -7.230850255053567821e+01 1.439199999999924557e+02 2.178140940871542419e-02 -9.482182341969356276e-01 6.275526035383264478e+00
2.278361697950323617e+00 2.111276658846609422e+00 8.423163050058434465e+00 5.172480769771327758e+00 1.290749069341135868e+00 1.110310017388018267e+00 4.350297455900138943e-01 3.015100418153967787e+00 0.000000000000000000e+00 1.200000000000000000e+01 1.000000000000000000e+00 -2.290383956828604823e+03 2.668800000000070440e+02 9.808997301787556466e+00 -2.664666128496709252e+00 6.144472525063322088e+00
8.720510277534574417e-01 1.680360556981475684e+00 6.572986295704128068e+00 6.537728930336964339e+00 2.025620628664434708e+00 1.344517165126637881e+00 4.007301672853011976e-01 3.098260376942086225e+00 9.000000000000000000e+00 8.000000000000000000e+00 2.000000000000000000e+00 -1.342560164719451450e+02 2.400800000000151329e+02 8.885010294960982158e-01 -4.388707255389619477e-01 6.275656594212900785e+00
1.033619872380715066e+00 1.546388074687117475e+00 3.529432874073283877e+00 6.606464680796255706e+00 1.836381180928714052e+00 7.963624234360567877e-01 8.009425556787584943e-01 3.069333165829949195e+00 8.000000000000000000e+00 1.200000000000000000e+01 1.000000000000000000e+00 -4.551246178759776626e+02 3.601200000000105774e+02 1.719153861724827337e+01 -6.452111784648070225e-01 1.840075218537055857e-01
1.833829995697965787e+00 1.084188618690639982e+00 6.280338096580737606e+00 7.748600190758034856e+00 9.224843260471543571e-01 6.850092008396677645e-01 5.381761634796274896e-01 3.648653533460980647e+00 5.000000000000000000e+00 1.400000000000000000e+01 4.000000000000000000e+00 -2.233746646654244159e+03 1.404199999999992770e+02 1.022104041589028256e+01 -5.140480929933479715e+00 5.416852689692609246e+00
8.680208340075703521e-01 2.045804625562465340e+00 4.185315452852476525e+00 7.029518467107703117e+00 2.436180794357138524e+00 1.059891013246513136e+00 4.168031690674115497e-01 2.551111733384242797e+00 3.000000000000000000e+00 6.000000000000000000e+00 2.000000000000000000e+00 -3.731735347837130803e+02 1.800600000000052887e+02 1.769647092398190225e+01 8.453413093359182047e-04 2.044028388934474505e-05
1.234107702635047321e+00 1.995081352647068318e+00 3.992051837736807940e+00 6.264815048500929073e+00 2.259283961328395485e+00 9.823507588884492492e-01 5.170695624113731403e-01 2.558202882504484688e+00 0.000000000000000000e+00 1.300000000000000000e+01 2.000000000000000000e+00 -5.055094553656861081e+02 3.901299999999891384e+02 1.940277846035572296e+01 4.214758361522347174e-01 1.541816489275666946e-01
1.420945945913717479e+00 2.655038079355097391e+00 2.270091630627677937e+00 5.439254670435580863e+00 1.685841189122226247e+00 1.296030051363184388e+00 7.925721351664405390e-02 2.603391779664581129e+00 6.000000000000000000e+00 8.000000000000000000e+00 1.000000000000000000e+00 -2.085621895470687548e+02 1.502400000000010891e+02 1.616554268690170021e-02 -9.880395625377680346e-01 6.257003172887697140e+00
1.556182180098428791e+00 2.166151182979087153e+00 7.887135988677776766e+00 4.170307772416734338e+00 1.523477619353786228e+00 3.918397317905588650e-01 8.001846606037831267e-01 3.694042864748002586e+00 3.000000000000000000e+00 1.500000000000000000e+01 1.000000000000000000e+00 -6.224233410437053635e+02 4.501499999999774104e+02 2.483427131523229292e+01 -9.248834879965291966e-01 6.251539247992429438e+00
1.452370332585922963e+00 1.773980963189983662e+00 7.815169183775255490e+00 6.359727440219961281e+00 1.450733001432255254e+00 1.277595127887963589e+00 6.229869433549216629e-01 2.552958625706606366e+00 7.000000000000000000e+00 1.000000000000000000e+01 2.000000000000000000e+00 -2.129372452473737951e+02 3.000999999999997385e+02 3.930452827960869921e+00 -8.269650116850838506e-01 1.572161531376229781e-03
2.269471046398280123e+00 2.187402598588290115e+00 3.667899293964347329e+00 5.481968108010041085e+00 1.533396511798205131e+00 1.686968345111689027e-01 2.820514423680337002e-01 3.008880227072836533e+00 4.000000000000000000e+00 1.400000000000000000e+01 2.000000000000000000e+00 -4.690887508299274486e+02 4.201399999999720194e+02 1.618867192687133993e+01 -3.072692141937848898e-01 2.107429985972740158e-02
2.542719006534382320e+00 1.025556672971395633e+00 8.530063322509127133e+00 5.874201289890086386e+00 1.297945879708384709e+00 7.617667904701596049e-01 5.595057270135322947e-01 3.137288020353467211e+00 6.000000000000000000e+00 1.400000000000000000e+01 3.000000000000000000e+00 -2.307411661052413365e+03 1.005200000000003655e+02 1.607197881577582521e+01 -2.871050741159414166e+00 6.480277777691068053e-01
2.338054524565432502e+00 2.497510029411586174e+00 5.422722671858443810e+00 9.100175496868674330e+00 1.875921392120061260e+00 1.375490967551761923e+00 8.123733540614896942e-01 2.645009675844635755e+00 6.000000000000000000e+00 3.000000000000000000e+00 2.000000000000000000e+00 -2.385510882153756029e+03 7.950000000000021494e+00 2.384599263460975394e+01 -2.656536756220531093e+00 8.102539977546122790e-03
4.553618269800893126e-01 1.186230438819718236e+00 2.567512119086182487e+00 7.190193147303168608e+00 1.092153156619477983e+00 1.580708977501822599e+00 4.676511036671696653e-01 2.484860776397842308e+00 5.000000000000000000e+00 1.000000000000000000e+01 2.000000000000000000e+00 -2.449378346139987741e+02 2.708999999999930992e+02 2.411679036354087008e-02 -9.620648296475678984e-01 6.160991662197051077e+00
1.906825890236213628e+00 2.143950364904458894e+00 6.586405985724661960e+00 5.006810525706669956e+00 1.401394696631435011e+00 1.217752110778400620e+00 2.067948112110631897e-01 2.358626044869494898e+00 9.000000000000000000e+00 8.000000000000000000e+00 2.000000000000000000e+00 -2.169227047906894768e+03 9.215999999999839076e+01 7.696690494180956854e+00 -1.884278487051874951e+00 1.941324771976529751e-01
8.982835958967633205e-01 2.820529941169635180e+00 3.391916978672387284e+00 8.369514340379168971e+00 1.039264876214663458e+00 1.286837627318312416e+00 2.977859901934730713e-01 2.447786402965058450e+00 6.000000000000000000e+00 5.000000000000000000e+00 1.000000000000000000e+00 -1.815173733882895988e+02 8.709999999999719478e+01 1.851141798292101764e-02 -1.001541304563793311e+00 6.279300514087212903e+00
2.246582318242758447e+00 2.852612639922041726e+00 6.924985758458815255e+00 5.714995320358288389e+00 8.786928061490584252e-01 4.057225585129999867e-01 6.074571398873022110e-01 2.573695320675038811e+00 7.000000000000000000e+00 1.300000000000000000e+01 1.000000000000000000e+00 -1.677227228294335077e+02 3.348799999999910710e+02 1.767017683987259086e-02 -9.646727464882781655e-01 6.229668813771894520e+00
1.387595328863432398e+00 2.233900142134841449e+00 7.488644590539034418e+00 5.380626120522903122e+00 1.249740107622598018e+00 2.482368743512455289e-01 5.100211430031834636e-01 3.158155764199504834e+00 6.000000000000000000e+00 1.600000000000000000e+01 1.000000000000000000e+00 -5.155089431089736536e+02 4.801600000000302657e+02 1.721430894430990577e+01 2.591737587050649966e-02 1.768559173958039494e-05
7.175247525838761575e-01 1.889748006389531776e+00 6.208684004211017182e+00 6.628159431711141636e+00 1.801983274282787484e+00 4.485520913523642905e-01 5.939060476362637564e-01 2.628216537111965678e+00 8.000000000000000000e+00 1.800000000000000000e+01 1.000000000000000000e+00 -6.107310767871385906e+02 5.401800000000090449e+02 2.129006729919587571e+01 1.227864593924217762e-01 6.254248687656643213e+00
9.052402077437795569e-01 1.640773369426692607e+00 4.322167417435144543e+00 5.255504423720447349e+00 1.770377410779869098e+00 4.647602315005447404e-01 5.653906429153682245e-01 2.413873303839495499e+00 6.000000000000000000e+00 7.000000000000000000e+00 2.000000000000000000e+00 -3.692729141410749207e+02 2.100699999999860097e+02 1.651486963381762152e+01 2.241125247835343021e-03 2.508376902389454583e-05
1.609170451282069925e+00 1.673402340578599823e+00 7.389104882930067397e+00 4.796910952467204226e+00 1.893902789855941737e+00 1.582427692830392196e+00 5.768026458604571527e-01 2.412302204910159453e+00 6.000000000000000000e+00 8.000000000000000000e+00 3.000000000000000000e+00 -2.164844925278839128e+03 1.505600000000011391e+02 5.597807829927400114e+00 -1.643865368869848131e+00 1.378445835485269333e+00
1.302373495202678422e+00 1.480971053848085361e+00 7.633547133174001686e+00 7.270173364101496283e+00 9.633625160071649374e-01 1.106905921499475420e+00 3.178914104785363626e-01 3.353886879310453040e+00 4.000000000000000000e+00 1.000000000000000000e+01 3.000000000000000000e+00 -2.337342830482451063e+03 3.840000000000027569e+01 1.988392690515318506e+01 -3.698789521760002419e+00 6.857123800696764970e-01
1.815822827555404473e-01 2.986084545531397794e+00 8.190107854608701388e+00 6.148702186167207095e+00 1.504550968765895336e+00 1.637279733131538517e+00 4.435256888622948201e-01 2.576369967209948264e+00 2.000000000000000000e+00 1.000000000000000000e+01 2.000000000000000000e+00 -2.424220146759570525e+03 1.476999999999958959e+02 2.189813417247327365e+01 -1.440362345892600149e-01 6.275964598927049387e+00
6.886436405903697544e-01 1.464898437354239080e+00 5.013138754699998145e+00 7.348320699316460036e+00 1.452660119497598989e+00 9.406340491228396550e-01 2.996175627761479832e-01 2.876482675017997703e+00 2.000000000000000000e+00 7.000000000000000000e+00 1.000000000000000000e+00 -1.597432847176785060e+02 2.100699999999860097e+02 3.419267794855343379e+00 -5.406098952258569373e-02 6.206660151031700323e+00
6.631456709717908904e-01 1.209479664437281832e+00 4.789321990308268440e+00 8.094571414535893794e+00 1.783423713173946989e+00 1.959611502049031895e+00 6.282364846160336525e-01 2.783890237601930551e+00 6.000000000000000000e+00 9.000000000000000000e+00 3.000000000000000000e+00 -2.339127625787073157e+03 5.265000000000073754e+01 1.955016411169205170e+01 -3.475420808178197873e+00 1.502030813011186128e+00
8.808522356887638072e-01 1.782426658702734423e+00 9.108838710463775357e+00 4.316360995076960805e+00 1.710745150908536960e+00 1.352971615584715348e+00 3.005218152587365577e-01 2.604984080364729060e+00 5.000000000000000000e+00 6.000000000000000000e+00 3.000000000000000000e+00 -5.219944465742581770e+02 1.628400000000046361e+02 -8.151564371707047119e-03 -3.711935723114727192e+00 4.551615330839843487e+00
1.377488394578214592e+00 1.133570812624093982e-01 4.350580408151853540e+00 3.938801739441958993e+00 1.709270486200649364e+00 2.123374289263056713e+00 6.062348411829739936e-01 3.285573155826006619e+00 3.000000000000000000e+00 4.000000000000000000e+00 1.000000000000000000e+00 -4.488373102689968732e+02 6.879999999999955662e+01 -5.863929004962173397e-03 -4.445780839172917887e+00 1.554916507168011108e+00
1.140424819360174036e+00 1.585255404372639232e+00 5.092560794476213459e+00 4.279154385056830101e+00 1.985279833418421624e+00 2.017293173295629849e+00 6.278725984598446663e-01 2.522773739899759615e+00 4.000000000000000000e+00 2.000000000000000000e+00 2.000000000000000000e+00 -2.382426668237646481e+03 5.399999999999972822e+00 2.373291676485289514e+01 -2.493245532277412302e+00 2.488670997457981815e-01
1.459363898252573843e+00 1.232049138675529898e+00 5.984344656268273610e+00 3.964962368505110302e+00 2.500994040822278386e+00 1.336310877374593531e+00 5.599693131276020086e-01 3.192462986982313566e+00 5.000000000000000000e+00 9.000000000000000000e+00 2.000000000000000000e+00 -4.208652817345810035e+02 2.700900000000045225e+02 1.786376760841116962e+01 -1.147226010630530701e-01 3.296818292601070947e-03
7.383303841279535984e-01 1.648998731270431950e+00 6.153496398049083993e+00 8.721059221189046085e+00 1.133713280336722029e+00 1.044116041233504877e-01 8.879790982241229091e-01 3.363262628024207057e+00 9.000000000000000000e+00 1.500000000000000000e+01 1.000000000000000000e+00 -3.645777527573381462e+02 4.501499999999774104e+02 8.718922047334340064e+00 -7.307336738274262684e-04 4.527442423374627062e-05
2.040008044292068501e+00 2.004809052799556568e+00 4.138892206045703404e+00 8.865840866853849533e+00 2.775028605632190448e+00 1.679078294011434824e+00 3.279916637827666182e-01 2.772150882912253422e+00 6.000000000000000000e+00 4.000000000000000000e+00 2.000000000000000000e+00 -9.633740347312354402e+01 7.628000000000072589e+01 2.226712641116452424e-02 -9.553836278345479993e-01 2.557055864275180612e-01
2.439251823188274493e+00 4.964633276057964784e-01 5.515753391766045510e+00 7.395633892248276275e+00 1.668164231655295593e+00 6.284637355815310134e-01 3.419783514541160918e-01 3.292127441537450849e+00 8.000000000000000000e+00 1.700000000000000000e+01 1.000000000000000000e+00 -3.152605023800500135e+02 5.101700000000154773e+02 3.760968898752641731e+00 2.156891701200595868e-02 6.182632394797418662e+00
1.097835970788798354e+00 1.984523747258932769e+00 7.230280331916804748e+00 8.834537396820342892e+00 1.485490637437719696e+00 4.738464924183157789e-01 5.409375803617240130e-01 2.663600940796511107e+00 6.000000000000000000e+00 9.000000000000000000e+00 2.000000000000000000e+00 -4.057024261611722977e+02 2.700900000000045225e+02 1.691608913507312550e+01 2.690958988539789432e-01 6.261536236709319247e+00
1.372355000407138981e+00 1.675252467854524641e+00 3.913911247220170697e+00 8.380211746527761463e+00 3.017657753202970250e-01 9.566152701694039528e-01 1.159618974192524882e-01 2.965141091862137035e+00 9.000000000000000000e+00 1.800000000000000000e+01 2.000000000000000000e+00 -2.204764922284573913e+03 1.578600000000034527e+02 7.864682642785753686e+00 -8.310363715096297232e-01 3.022577830024731904e-01
1.131443684220505119e+00 1.872071303351997562e-01 4.690225387958730785e+00 4.450207592255558176e+00 1.875657322930617044e+00 6.621604838879797672e-01 5.712165500618928693e-01 2.926516263791135497e+00 6.000000000000000000e+00 1.100000000000000000e+01 3.000000000000000000e+00 -2.262624813456285665e+03 8.062999999999964018e+01 1.389436334101785775e+01 -7.555973011224837776e+00 5.629317647566745464e+00
4.189271663713501903e-01 1.869301533261094272e+00 2.215791778594292882e+00 9.845997893602595141e+00 4.211664201701492694e-01 1.266828195503486354e+00 4.512884016314520630e-01 3.588668794496382652e+00 5.000000000000000000e+00 5.000000000000000000e+00 1.000000000000000000e+00 -2.120343931585403425e+03 6.974999999999818101e+01 5.341808224087770895e+00 -4.692343590819645360e-01 1.008880981373281010e-03
1.679594356383192100e+00 2.265994289871022804e+00 5.666958242627443632e+00 7.843128473532235745e+00 1.718829845720157845e+00 1.512835113073668358e+00 5.370899344646318241e-01 2.306490968431563093e+00 4.000000000000000000e+00 3.000000000000000000e+00 2.000000000000000000e+00 -2.964057465486073539e+01 5.856000000000145889e+01 2.253591592875036492e-02 -9.545744649585344854e-01 6.282135917923077351e+00
