9.261645830265924362e-01 1.431820833853842068e+00 8.921107497818137944e+00 7.454618070489177128e+00 2.467324688281988365e+00 1.070651359865201435e+00 2.304092644604979756e-01 2.801162577386550723e+00 9.000000000000000000e+00 1.400000000000000000e+01 2.000000000000000000e+00 -5.424120233232483770e+02 4.201399999999720194e+02 2.077137645770389796e+01 1.111980311730207949e-01 2.599804954787017161e-02
1.008823506320294605e+00 1.885134601803531318e+00 6.332634792777113830e+00 4.886086728865967288e+00 1.162715415315938694e+00 2.577069921709372657e+00 2.462415954009511965e-01 3.562201652828608900e+00 4.000000000000000000e+00 4.000000000000000000e+00 1.000000000000000000e+00 -1.814339233173295440e+02 6.671999999999923148e+01 1.085887734640525459e-02 -1.617513023429897112e+00 8.812557308379269649e-01
1.822880865916679971e+00 2.096617292935287757e+00 6.913689559949033558e+00 5.550827206013314807e+00 2.215254721782594860e+00 3.842468510105970791e-01 5.303090825506580064e-01 3.139506837939533224e+00 3.000000000000000000e+00 6.000000000000000000e+00 1.000000000000000000e+00 -3.623993385699376972e+02 1.800600000000052887e+02 1.702308366062094080e+01 2.379575702743880472e-01 6.281571001301814228e+00
2.005779895875202445e+00 1.332553159440766466e+00 7.956210926202341938e+00 4.145454144783866646e+00 2.143775169528405744e+00 4.217012927944893130e-01 2.687168470803145137e-01 2.298158004945993316e+00 6.000000000000000000e+00 1.700000000000000000e+01 1.000000000000000000e+00 -6.072755663601471952e+02 5.101700000000154773e+02 2.201191039750871781e+01 -7.569764342608299723e-02 1.393717957118773172e-03
2.109636162186225405e+00 2.585382540230205528e+00 7.757202883342898758e+00 4.473649804084169901e+00 2.133357838580125954e+00 1.863666087199481458e+00 2.580864900099167358e-01 3.256606815774591546e+00 1.000000000000000000e+00 1.300000000000000000e+01 2.000000000000000000e+00 -2.485176017879350638e+03 2.512899999999939951e+02 2.247068861745959722e+01 -5.982870886970881319e-01 6.055732479757089060e+00
1.176497052054826797e+00 1.919282739496747769e+00 5.143664066670892154e+00 6.149728561045838759e+00 1.229033160383388168e+00 3.473168133982714734e-01 4.807640088981623427e-01 3.442498908205700037e+00 5.000000000000000000e+00 7.000000000000000000e+00 1.000000000000000000e+00 -1.382272401314056651e+02 2.100699999999860097e+02 2.074515008213292155e+00 -9.097997758563901305e-02 6.283087644669067551e+00
1.541729903595007389e+00 1.608855733192563253e+00 6.933915454400102263e+00 3.344271692966157339e+00 1.204546380789296212e+00 4.568207234062598432e-01 5.962229930175491077e-01 3.600161521096448158e+00 3.000000000000000000e+00 1.000000000000000000e+01 3.000000000000000000e+00 -2.910070736614604812e+02 3.000999999999997385e+02 8.809817103841286468e+00 -1.272711809786021726e-02 3.683896961789354628e-03
8.974679983953123275e-01 1.920815961024828322e+00 7.449120038364061891e+00 7.207584467167782449e+00 1.670679018395698545e+00 1.610931189964031507e+00 1.398353707367392951e-01 2.181019709122619776e+00 4.000000000000000000e+00 5.000000000000000000e+00 3.000000000000000000e+00 -8.462840581888438010e+02 1.073999999999960409e+02 -1.099314070205772986e-02 -6.540216861784523772e+00 3.546617882933154497e+00
2.248907196662874863e+00 1.979060866922878859e+00 4.679403128914088050e+00 5.708833215496730062e+00 1.624898344254778415e+00 4.548996712299750445e-01 3.193202257405018396e-01 2.961648211452398094e+00 4.000000000000000000e+00 7.000000000000000000e+00 2.000000000000000000e+00 -1.034739851134516329e+02 2.064299999999863644e+02 1.618656959115319718e-02 -9.533637333495169619e-01 6.280435229770566785e+00
1.117771228961280894e+00 2.662891562640649745e+00 6.519556032816449687e+00 2.862038296095843926e+00 2.272015027807664289e+00 5.551452011458272162e-01 4.752613664962033191e-01 3.360552096531875144e+00 3.000000000000000000e+00 1.200000000000000000e+01 3.000000000000000000e+00 -6.075700841771581509e+02 3.601200000000105774e+02 2.671938026107205388e+01 1.062409131402354684e-01 6.282994382966485603e+00
2.403813059157865251e+00 1.065016077612837897e+00 5.435727832839484464e+00 6.413779216583068710e+00 2.096516045785357107e+00 2.222649271630816603e+00 2.055577466175632084e-01 2.967437506289831717e+00 5.000000000000000000e+00 7.000000000000000000e+00 2.000000000000000000e+00 -1.923229352889401582e+02 1.699599999999899183e+02 1.930171046824277759e-02 -9.322963471612657482e-01 6.143193989272552002e+00
1.050873547493150761e+00 1.394283839614482989e+00 7.898668206247497992e+00 5.166792189483480513e+00 2.032142403656717278e+00 5.990263401774783558e-01 4.627096724170944864e-01 2.114501512384767690e+00 4.000000000000000000e+00 8.000000000000000000e+00 2.000000000000000000e+00 -4.080339713186846211e+02 2.400800000000151329e+02 1.799962320741731503e+01 -1.645236912869985912e-01 6.283176010949124368e+00
1.654320561164762671e+00 1.850864897073587034e+00 5.630932164603568602e+00 3.671440455949359638e+00 1.727917423754631754e+00 4.860514781181504151e-01 8.624191797787255087e-01 3.021241960496451995e+00 2.000000000000000000e+00 7.000000000000000000e+00 3.000000000000000000e+00 -3.887157956991688934e+02 2.100699999999860097e+02 1.773004973119849481e+01 -4.162166733179965550e-01 8.180751513713582085e-03
1.343945190177280091e+00 1.389683012407017637e+00 6.394371283913534043e+00 5.484148166360465204e+00 2.084722532295395059e+00 1.615816124137200660e+00 4.372117553783516630e-01 2.738420546155079460e+00 5.000000000000000000e+00 7.000000000000000000e+00 2.000000000000000000e+00 -1.524595877528751657e+02 2.100699999999860097e+02 2.964036734555134611e+00 -1.405329405723184655e-01 2.028831879208325972e-05
8.330904775697219877e-01 1.810019614541431565e+00 5.167054099998388494e+00 5.827469054047679009e+00 1.602539110877307715e+00 1.182176305009538853e+00 3.335679234344552935e-01 2.827987369888806057e+00 2.000000000000000000e+00 1.200000000000000000e+01 3.000000000000000000e+00 -2.340668846747431417e+03 4.907999999999972118e+01 1.975805292171447292e+01 -8.720526743532282410e+00 5.675473466972779768e+00
1.328084314551522205e+00 2.503552122137035152e+00 3.878011255818162528e+00 7.071478294779248053e+00 1.723250316038071661e+00 1.325213330376830145e-01 4.595816800919217404e-01 2.814419716256602033e+00 3.000000000000000000e+00 1.000000000000000000e+01 3.000000000000000000e+00 -4.291691569705241136e+02 3.000999999999997385e+02 1.744494731065776705e+01 -1.410758025596448584e-01 6.134252641354365210e-04
2.080005176908193754e+00 2.778891377605976487e+00 7.368696042491025722e+00 2.821242285886924606e+00 1.869678484885051617e+00 2.626625342835247068e-01 5.684344583578531118e-01 2.636967461007081681e+00 0.000000000000000000e+00 9.000000000000000000e+00 3.000000000000000000e+00 -5.808433746279663410e+02 2.700900000000045225e+02 2.786239841424775321e+01 4.906229410164548999e-02 6.283162953221292923e+00
2.128028663697569822e+00 1.912327139517576935e+00 9.928876797498077167e+00 4.797944480940719458e+00 2.391873101195262308e+00 1.681203845166190813e+00 3.638617955091145162e-01 2.109406691418604929e+00 3.000000000000000000e+00 5.000000000000000000e+00 4.000000000000000000e+00 -2.035057565345684907e+02 1.500499999999998693e+02 8.030047283410535641e+00 -1.681929801740692509e-01 5.374510169266387243e-03
1.045736511959189041e+00 2.867183650146392981e+00 9.858380929977357710e+00 4.308346644113022705e+00 2.039452450403777206e+00 1.195857808593135507e+00 1.487704859410194924e-01 2.101834133001406091e+00 3.000000000000000000e+00 6.000000000000000000e+00 3.000000000000000000e+00 -3.547193106844852650e+02 1.800600000000052887e+02 1.654308191778016379e+01 2.659760867031883951e-03 6.509328875255595420e-03
7.208852599304604869e-01 1.298744425591785934e+00 6.435041028235482408e+00 4.963580025339653368e+00 2.608289910822999325e+00 1.623500599367351693e+00 5.553549164373164926e-01 3.288073220524734719e+00 3.000000000000000000e+00 1.200000000000000000e+01 2.000000000000000000e+00 -6.144600105509966852e+02 3.601200000000105774e+02 2.715000065943695873e+01 -1.713659522960283288e-01 6.272277860050085252e+00
3.873457367220589642e-01 2.721873060816462075e+00 9.307790345162709755e+00 1.762597274935620906e+00 1.848533737018787537e+00 5.556014414354385478e-01 2.001180795641756549e-01 2.860914224149107010e+00 3.000000000000000000e+00 1.800000000000000000e+01 1.000000000000000000e+00 -7.135128058654037204e+02 5.401800000000090449e+02 2.771392536658744987e+01 2.560352402655204779e-02 6.281926516628747237e+00
1.185603475155334596e+00 1.099355631739706185e+00 7.289333415425021556e+00 6.805666743115441619e+00 1.555959880773774229e+00 6.137129079091584449e-01 6.095098339297966294e-01 2.860020801739033836e+00 1.000000000000000000e+00 6.000000000000000000e+00 1.000000000000000000e+00 -1.907533189208901661e+02 1.800600000000052887e+02 6.295207432555470106e+00 -5.514818206760620234e-02 6.104043593713193161e-03
1.466666967967315438e+00 2.102195760146082559e+00 7.335385267378730312e+00 7.868552252062841035e+00 2.045806240456130354e+00 8.494799477002362709e-01 4.822096892854807471e-01 2.537057381574220116e+00 3.000000000000000000e+00 6.000000000000000000e+00 3.000000000000000000e+00 -3.092236602745991831e+02 1.800600000000052887e+02 1.369960376716228190e+01 -1.247550287977760464e+00 6.248376920712461313e+00
1.629455195998095629e+00 1.418535494690656318e+00 9.256279314570175387e+00 8.097741999970233806e+00 1.001065808910315047e+00 1.094197710465900641e+00 4.273211879232186039e-01 3.937095272459165685e+00 1.000000000000000000e+00 2.000000000000000000e+01 2.000000000000000000e+00 -2.361585832748742632e+03 1.050000000000009521e+02 1.931786454679638254e+01 -3.398478931687280991e+00 1.090466837639292752e+00
7.823352432915405830e-01 1.584296835575427886e+00 6.483353305242507858e+00 5.427484235374662624e+00 1.814643525358411669e+00 6.010763300777960394e-02 4.538510627189954461e-01 2.388029609090032146e+00 0.000000000000000000e+00 1.400000000000000000e+01 2.000000000000000000e+00 -6.622582406669288275e+02 4.201399999999720194e+02 2.826176504168392611e+01 -7.091570787147001287e-01 6.272412913058224682e+00
2.719962933655771131e+00 1.724262782034823749e+00 6.161029722863075264e+00 4.474763174744015970e+00 1.786622503467972578e+00 2.018397191456845263e+00 3.110249503760181833e-01 2.993695094654332589e+00 2.000000000000000000e+00 8.000000000000000000e+00 3.000000000000000000e+00 -2.352428190102022654e+03 3.383999999999963393e+01 2.096926188137643621e+01 -4.131500045155834577e+00 1.236848584408771545e+00
1.430548553206561158e+00 2.395068981121678320e+00 9.659102954785476314e+00 5.900124477158910530e+00 1.795548994108864482e+00 7.861588583683942755e-01 5.283557207670763756e-01 2.981374872710283341e+00 4.000000000000000000e+00 1.200000000000000000e+01 1.000000000000000000e+00 -5.240369450868831791e+02 3.601200000000105774e+02 2.149855906792986815e+01 2.414914780236521868e-02 6.282756755357042699e+00
1.801315981058091875e+00 5.996254090197921105e-01 7.217913480813172633e+00 7.389087253457335080e+00 1.223221050186854120e+00 1.740533055785535410e+00 5.110628086898925115e-01 3.460055649088123353e+00 2.000000000000000000e+00 1.800000000000000000e+01 1.000000000000000000e+00 -2.362785416947337580e+03 7.110000000000017906e+01 2.045221355920859452e+01 -4.139974995686293902e+00 9.733144358316344613e-01
1.964755539135201845e+00 2.101767030671549463e+00 8.409098398430838728e+00 4.279574699483323919e+00 2.147493572123890804e+00 8.290985536141656231e-01 4.336211541234877287e-01 2.435772142399932783e+00 3.000000000000000000e+00 5.000000000000000000e+00 1.000000000000000000e+00 -1.770760089668885939e+02 1.500499999999998693e+02 6.378188060430541206e+00 -2.617287789820787469e-01 3.551211826374630590e-04
6.490858344230650001e-01 1.031531791076742977e+00 6.465525625657004838e+00 6.597992956063063019e+00 1.153037362156571932e+00 1.160044617320623028e-01 9.427315092782970751e-01 3.853547929948331952e+00 2.000000000000000000e+00 1.300000000000000000e+01 1.000000000000000000e+00 -2.335982084266401216e+03 3.658199999999899887e+02 9.567005266650403073e+00 2.383823277834738741e-02 6.277655756636048245e+00
1.109247650266779184e+00 5.844495112628673716e-01 6.970681406045728501e+00 6.043779937093988863e+00 2.047684001701270073e+00 3.762063461621130145e-01 7.358295989179068908e-01 2.559427532867355026e+00 5.000000000000000000e+00 4.000000000000000000e+00 1.000000000000000000e+00 -9.733174777695700186e+01 1.200400000000075664e+02 2.331984236059576610e+00 -5.253600529489980131e-01 6.187395718549295154e+00
1.448022264061562814e-01 2.561231172901493380e+00 7.143478214660992087e+00 4.654897099214461598e+00 8.709282736940171521e-01 1.650877920487122230e+00 3.456136677112915945e-01 3.040216212555360897e+00 1.000000000000000000e+00 1.200000000000000000e+01 3.000000000000000000e+00 -2.365434352692866923e+03 6.467999999999942418e+01 2.081839704330419849e+01 -2.562898860250991451e+00 9.361773379979924092e-01
2.322684816955410181e+00 2.065274651834863029e+00 5.614241392255341800e+00 7.217337076791550565e+00 2.069705129894175322e+00 1.090115199506052734e+00 5.060718403528843279e-01 3.311193178659028291e+00 1.000000000000000000e+00 1.500000000000000000e+01 3.000000000000000000e+00 -2.384898807229138129e+03 3.464999999999984936e+01 2.297336295182113730e+01 -3.346332203716031906e+00 5.629031919035972775e-01
2.673580892801186604e+00 2.108119907159645035e+00 5.865144950517183986e+00 5.018461478102665296e+00 2.030392358098596972e+00 7.915573431094838908e-01 5.937840402571508136e-01 2.387547466085152781e+00 6.000000000000000000e+00 1.500000000000000000e+01 1.000000000000000000e+00 -4.999204428201328483e+02 4.501499999999774104e+02 1.717784017625900717e+01 -9.099905306579839093e-02 6.278768463680791889e+00
2.310461744798451456e+00 1.415417483660236453e+00 7.466861138425173294e+00 4.086333720531931668e+00 1.413554027311428429e+00 1.038623313318945307e+00 4.175355753728298147e-01 2.753553089523979924e+00 8.000000000000000000e+00 1.300000000000000000e+01 1.000000000000000000e+00 -2.809935214073369707e+02 3.686799999999898887e+02 2.452007132473478859e-02 -1.100033831254918271e+00 1.638798623390764764e-01
3.246526738343815666e-01 1.629099197381605135e+00 4.984615634745694912e+00 8.470557305017685223e+00 1.196821339965292719e-01 9.883599410102458793e-02 7.063162810182512796e-01 3.133840739877938208e+00 5.000000000000000000e+00 1.400000000000000000e+01 2.000000000000000000e+00 -1.231557953537930388e+02 2.455599999999890315e+02 2.348720961240787636e-02 -9.447230597910381000e-01 6.279707884932884454e+00
1.419048112888996904e+00 2.472421305838850891e+00 7.780594324591850963e+00 5.432880798429616576e+00 1.877967236704733756e+00 6.097036128932467047e-01 7.547688044519204054e-01 2.473461085228881196e+00 2.000000000000000000e+00 1.000000000000000000e+01 3.000000000000000000e+00 -2.463694379313627451e+03 2.274999999999913598e+02 2.187152370710196436e+01 -2.759806249383944254e-01 6.261966278929540053e+00
2.631362429244715750e-02 2.252568477450769269e+00 6.569105647270879089e+00 1.637098631126756132e+00 2.272716201541132186e+00 5.566645259754932074e-01 6.124217662910813598e-01 4.044307288663039124e+00 2.000000000000000000e+00 1.300000000000000000e+01 2.000000000000000000e+00 -6.531132816136645260e+02 3.901299999999891384e+02 2.862801760085437053e+01 1.586979114646917544e-01 1.230729012112686464e-04
2.963944531897640733e+00 2.283797466938128018e+00 2.909511184695185992e+00 8.219954337039615311e+00 2.786021212025904248e+00 1.606891234129566248e+00 6.561534903957897402e-01 2.308643571097172220e+00 4.000000000000000000e+00 5.000000000000000000e+00 4.000000000000000000e+00 -5.409815718089045333e+01 1.076999999999960238e+02 1.550982380577745762e-02 -9.959952977604901170e-01 6.264328227803894755e+00
9.257826707164582558e-01 2.642628083595833122e+00 2.698187435101846887e+00 6.404089932701920951e+00 1.715966617316182941e+00 1.640416778833563738e+00 8.123982329165574390e-01 3.384402427502394950e+00 5.000000000000000000e+00 1.400000000000000000e+01 1.000000000000000000e+00 -2.126842622306125577e+03 2.386999999999897000e+02 4.682888941331647681e-01 -2.972360162804374539e+00 9.154045585634282833e-01
8.613699220286317182e-01 8.438533655571360814e-01 4.452122955255564563e+00 8.791776772114095806e+00 2.944438935115511136e+00 1.424367457674524218e+00 7.320002471662614418e-01 2.956516926563158787e+00 1.000000000000000000e+00 2.000000000000000000e+00 1.000000000000000000e+00 -7.077919644599701599e+01 6.002000000000378321e+01 2.548074777874695052e+00 -3.050750899785167891e-02 6.283092236942246167e+00
1.058524036570647642e+00 1.731977938096926461e+00 9.231733517127484134e+00 5.370840057681699697e+00 1.613473702971912616e-02 1.260225524307317713e+00 4.821994108288961689e-01 4.589605078066470334e+00 3.000000000000000000e+00 1.100000000000000000e+01 3.000000000000000000e+00 -2.331372270413231490e+03 2.606999999999991857e+01 1.989607940082697013e+01 -6.154532997753524803e+00 2.371017116667788915e+00
2.416467692310019899e+00 2.539340387699757340e+00 4.414895901882831097e+00 3.457696166701512919e+00 2.812689557981367994e+00 9.658005617666327591e-01 3.410873110615348924e-01 2.762708677068506091e+00 3.000000000000000000e+00 1.400000000000000000e+01 3.000000000000000000e+00 -5.172282214344238582e+02 4.201399999999720194e+02 1.919738883965236553e+01 -1.378766452707300416e-01 5.282242812611991079e-03
3.889887914626218857e-01 2.044890836074074514e+00 4.003338995206778606e+00 4.400015930675515996e+00 5.074711355672038016e-01 1.261347379551768233e+00 2.513825649798239747e-01 3.517057906356717112e+00 6.000000000000000000e+00 1.100000000000000000e+01 1.000000000000000000e+00 -2.141671934065773257e+02 1.943700000000076216e+02 1.738321499071826190e-02 -1.527822665215968989e+00 7.783226042033458691e-01
7.544498136347270734e-01 1.281477030198247657e+00 6.112961859612561000e+00 7.065489978376672475e+00 2.613956515533141900e+00 4.596277146998967167e-01 7.322202470123289064e-01 3.241241681817291553e+00 7.000000000000000000e+00 1.200000000000000000e+01 2.000000000000000000e+00 -5.836215184782889764e+02 3.601200000000105774e+02 2.522259490489273048e+01 3.351762143435533950e-04 3.078337379394522103e-06
5.261547345054848890e-01 8.350024184408806338e-01 9.142452567015322273e+00 1.212301468102131796e+00 2.902972638546267525e+00 5.771243124102809485e-01 6.252755588648807317e-01 3.959286497142766148e+00 0.000000000000000000e+00 1.500000000000000000e+01 2.000000000000000000e+00 -7.163828085253185236e+02 4.501499999999774104e+02 3.070673803283311187e+01 -1.268842950989683138e-01 3.388359782541151746e-03
7.039335147811359716e-01 1.694467310130578941e+00 9.969547354338818224e+00 4.499583495933450195e+00 2.888734323029945372e+00 2.569630052108904938e-01 2.993713672536672532e-01 2.283997884008782897e+00 7.000000000000000000e+00 1.300000000000000000e+01 3.000000000000000000e+00 -6.196308941202539700e+02 3.901299999999891384e+02 2.653536838251621433e+01 2.227509743646567675e-02 1.279636656477123324e-03
2.878697230203281610e+00 1.933664021355691931e+00 3.072076362925255211e+00 6.850027877521208453e+00 2.298407318018013346e+00 2.053365087484209983e+00 6.478044921416198365e-01 3.054393687940308855e+00 4.000000000000000000e+00 4.000000000000000000e+00 2.000000000000000000e+00 -3.791226179229462900e+01 7.512000000000054456e+01 2.201636201839744789e-02 -9.464535253355852440e-01 6.266977386091800106e+00
