2.245073440088702021e+00 2.733145891546136852e+00 3.998970591998710411e+00 4.779257304112042526e+00 1.398244994202508140e+00 7.330879935479946985e-01 4.773953096048250133e-01 3.698547265066613132e+00 1.000000000000000000e+01 1.300000000000000000e+01 1.000000000000000000e+00 -2.300040370600530650e+02 3.901299999999891384e+02 2.183689816253656435e+00 -2.013364035926282214e-02 6.274172861515585176e+00
5.724565441331962434e-01 2.604820175967283991e+00 3.120854781850866289e+00 7.532973246787630472e+00 1.785762390022397117e+00 1.148991771050910771e+00 3.661373359498782398e-01 2.845558698600159531e+00 8.000000000000000000e+00 8.000000000000000000e+00 3.000000000000000000e+00 -2.151453777219009226e+03 5.743999999999913086e+01 7.670861076188113081e+00 -1.165336468373594769e+01 3.278418418574014503e-01
1.271865458499092050e+00 1.470051757869642151e+00 7.733533361056357691e+00 4.267711345851559201e+00 2.314526145094708554e+00 1.492803037317552484e+00 4.933898983814083428e-01 2.205187774540684043e+00 7.000000000000000000e+00 1.400000000000000000e+01 1.000000000000000000e+00 -5.153758674335397245e+02 4.201399999999720194e+02 1.908161671459711073e+01 -9.103464934514624018e-02 8.030979416549427485e-02
2.486648969266881615e+00 1.780837245731015761e+00 5.973356017679176233e+00 5.987410085583258379e+00 2.164168223558839088e+00 1.225590041807535391e+00 1.898115436494846042e-01 3.222103575674100551e+00 7.000000000000000000e+00 1.100000000000000000e+01 1.000000000000000000e+00 -2.125436777604707288e+02 3.301100000000244563e+02 2.968042360028656290e+00 4.699496924109806267e-02 6.162742333504035663e+00
2.381314089204593643e+00 2.766921616913841753e+00 4.954848253676396475e+00 6.734553029301379112e+00 1.702649311357352424e+00 1.855262739427337992e+00 7.008186442364696678e-01 2.192559422662974100e+00 8.000000000000000000e+00 9.000000000000000000e+00 2.000000000000000000e+00 -2.260527027798951565e+02 2.191500000000070258e+02 1.790448470861166763e-02 -9.563045244650680843e-01 7.186523513153426912e-02
9.192065810327914033e-01 2.378868523732602824e+00 4.940848769169063459e+00 8.319231115298487467e+00 2.460902153133010195e+00 1.092984094096280501e+00 3.739320708980315988e-01 2.451238297793179477e+00 2.000000000000000000e+00 1.100000000000000000e+01 1.000000000000000000e+00 -2.258544121742071638e+03 2.062500000000090949e+02 9.713695108879202067e+00 -3.741662379280941142e-02 6.267241635219734874e+00
4.124439494608687085e-01 1.750596147311089812e+00 1.623840600016369429e+00 9.255904632260506304e+00 6.526743588088181891e-01 1.510216906016678129e-01 3.492383066742282272e-01 2.177039903923125408e+00 8.000000000000000000e+00 1.300000000000000000e+01 1.000000000000000000e+00 -2.947839289675328587e+02 3.901299999999891384e+02 6.232433060471142205e+00 -9.462090129683809955e-03 4.066242801461721719e-04
2.773020484447827894e-01 1.448139860405705415e+00 6.521108940684874788e+00 7.337907976195978677e+00 1.547006764174285287e+00 1.294900911501515095e+00 6.120730344114142518e-01 2.325673777548281862e+00 4.000000000000000000e+00 1.500000000000000000e+01 1.000000000000000000e+00 -6.592257182128706745e+02 4.501499999999774104e+02 2.713441988830512130e+01 5.787310939219140332e-02 2.420589654952154043e-02
2.706381297345463288e+00 2.790277285313266908e+00 4.514270091995076228e+00 9.465837728868500278e+00 2.800740995915817155e+00 5.784563934417993325e-01 7.775136076658595297e-01 2.610720373269272088e+00 8.000000000000000000e+00 6.000000000000000000e+00 4.000000000000000000e+00 -2.715399712976104638e+02 1.800600000000052887e+02 1.134437320610048872e+01 -9.628506282501295144e-03 1.979303355253091666e-03
1.710570090336774651e+00 1.129481457459938110e+00 4.356651523017740502e+00 4.867434736941596896e+00 1.950561679062403408e+00 8.613325991032569906e-01 4.658514502762438059e-01 3.204758791788028915e+00 5.000000000000000000e+00 8.000000000000000000e+00 1.000000000000000000e+00 -1.735405452752240478e+02 2.400800000000151329e+02 3.343784079701030088e+00 2.634761695365770914e-02 6.163162988987465063e+00
3.749125265933627160e-01 2.151774898452777141e+00 1.847801709466543318e+00 8.003522305584482410e+00 1.720568851315703585e+00 1.572009791639825682e+00 4.749425240303673523e-01 2.875606472334547359e+00 9.000000000000000000e+00 1.800000000000000000e+01 2.000000000000000000e+00 -5.442731398271102989e+02 5.401800000000090449e+02 1.713644623919410748e+01 -3.061054710175172833e-01 6.249839852961734721e+00
9.125320802453925628e-01 1.840349692254906744e+00 4.296418136781319674e+00 5.205659469035800235e+00 1.013806978770791511e+00 4.243623938207138346e-01 4.637919761856524881e-01 3.073261441338520861e+00 1.000000000000000000e+01 1.300000000000000000e+01 1.000000000000000000e+00 -3.269348042784211543e+02 3.850599999999893157e+02 1.566760000262265584e-02 -1.011289850063369133e+00 1.522980732708346246e-02
2.118672562592287978e+00 1.156786295953964316e+00 5.372165890881316130e+00 7.256415271364224040e+00 2.178807976500131804e+00 2.361947244007259528e+00 3.536094963799535917e-01 3.020064033304089790e+00 7.000000000000000000e+00 1.300000000000000000e+01 1.000000000000000000e+00 -2.328916858097629301e+03 1.610699999999971510e+02 1.552386613110193991e+01 -3.324435441312594719e+00 1.172576025890814888e+00
1.792916171729693087e+00 1.211606701440923750e+00 4.363156428047860302e+00 6.905492018584187264e+00 1.579773972476540944e+00 4.952601353770165193e-01 4.781109552047287381e-01 2.264841645310859519e+00 6.000000000000000000e+00 1.200000000000000000e+01 2.000000000000000000e+00 -3.291282048414623205e+02 3.601200000000105774e+02 9.316762802591066261e+00 4.806392555885886930e-02 6.560660905132490936e-04
2.380899458358671339e+00 1.810661364053976152e+00 4.256461422658680327e+00 4.839067129230707920e+00 2.124759903536902250e+00 9.059091831466459244e-01 1.272086753875559806e-01 2.221831732424643047e+00 7.000000000000000000e+00 1.000000000000000000e+01 1.000000000000000000e+00 -2.660947767433209492e+02 2.561999999999897568e+02 2.137989111029793207e-02 -1.002185859056594186e+00 6.279225848431214452e+00
9.998089813413765237e-01 1.542811900981001516e+00 7.636781824302536492e+00 3.561767983022905426e+00 1.958757063166791434e+00 1.329965891785237275e+00 1.898206912011817238e-01 2.717117762969768258e+00 5.000000000000000000e+00 1.100000000000000000e+01 1.000000000000000000e+00 -4.491920194095237662e+02 3.301100000000244563e+02 1.775856371309447113e+01 -1.494892657368226407e-01 1.063014109291449405e-01
1.063113443374966938e+00 2.399562534968229244e+00 5.919160764324280954e+00 8.124296816652236686e+00 1.167613812775963655e+00 2.227893262991615053e+00 5.029772995149522918e-01 2.724773128707086212e+00 7.000000000000000000e+00 8.000000000000000000e+00 2.000000000000000000e+00 -9.043493465769169859e+01 1.803200000000057912e+02 1.718341610554990906e-02 -9.500340141452257026e-01 6.263474380817715570e+00
9.402106516488982768e-01 1.068713547639623007e+00 5.030996933141437033e+00 7.632751519415036157e+00 1.092323705355728425e+00 1.163858847664442919e+00 7.639930465524547021e-01 2.518517950169259390e+00 6.000000000000000000e+00 1.300000000000000000e+01 1.000000000000000000e+00 -4.654236303482938411e+02 3.901299999999891384e+02 1.689741439676870627e+01 8.051695312373842450e-02 6.135220320811884065e+00
8.946768205117432426e-01 9.690806573028883930e-01 6.930461806339336839e+00 4.497907337669017735e+00 1.704770898371630539e+00 1.203305731054999272e+00 2.378561545433791613e-01 2.683964416181151336e+00 9.000000000000000000e+00 1.400000000000000000e+01 1.000000000000000000e+00 -2.499352764526153123e+02 4.201399999999720194e+02 2.491579778289330971e+00 -2.326038209059017869e-01 6.278509181067676970e+00
1.558808892097362175e+00 6.467147168108425825e-01 2.235203512519171820e+00 4.939875479526669722e+00 1.185766147761755596e+00 1.072538616914671561e+00 3.017351383814164678e-01 3.364578287686104563e+00 5.000000000000000000e+00 1.000000000000000000e+01 1.000000000000000000e+00 -2.434729260818482715e+02 1.930999999999933152e+02 1.468929471437354674e-02 -1.048185165474508240e+00 2.924944298690057565e-02
1.574337613411049830e+00 1.227944935830133533e+00 3.743376914238681685e+00 7.402345439406687433e+00 1.677286236672861808e+00 1.123889119323236541e+00 3.624411095604055943e-01 2.770100126954230024e+00 7.000000000000000000e+00 1.000000000000000000e+01 1.000000000000000000e+00 -2.427661469477539526e+02 2.514999999999899956e+02 2.405800415512995144e-02 -9.852259389655136923e-01 8.688728843161321047e-02
1.293182136431735518e+00 6.813182925260583556e-01 7.447371767828301792e+00 4.029779185668061814e+00 1.638440650502821949e+00 1.439001030643453971e+00 3.384717488929115392e-01 2.643793064834953466e+00 7.000000000000000000e+00 1.400000000000000000e+01 1.000000000000000000e+00 -4.799158093894801596e+02 4.201399999999720194e+02 1.686536308684338437e+01 3.594948514437907305e-01 6.022761198414685602e+00
1.148549479824312991e+00 2.766727813258722080e+00 7.365431800851534483e+00 5.346805593664088363e+00 2.288818298079567271e+00 2.063498640553548036e+00 6.914928335072485499e-01 3.473988681912457022e+00 7.000000000000000000e+00 1.000000000000000000e+01 1.000000000000000000e+00 -4.229339537420897841e+02 3.000999999999997385e+02 1.705524710888061790e+01 -2.521066117647660643e-01 6.123242120893795715e+00
9.707675295639781599e-01 8.919677832139887297e-01 3.987470162161268039e+00 6.929828528200598470e+00 1.907764682511895682e+00 6.140076691234088724e-01 6.447882135046115737e-01 2.583284954257708321e+00 4.000000000000000000e+00 1.400000000000000000e+01 1.000000000000000000e+00 -5.574166230703862084e+02 4.201399999999720194e+02 2.170916394190001242e+01 -3.575656200853177119e-02 6.261600234739439941e+00
2.466635709702318824e+00 1.625878808310691426e+00 7.346781762661444226e+00 4.396823176080251194e+00 2.536986005105237751e+00 1.145219927391220027e+00 8.338054368620079204e-02 3.391169617592379559e+00 5.000000000000000000e+00 1.200000000000000000e+01 2.000000000000000000e+00 -3.521327153123855851e+02 3.601200000000105774e+02 1.075454470702376852e+01 -8.717014666137755663e-01 1.173796708168893532e-01
9.920742940792568465e-01 2.259079186914179971e+00 4.492009463260012936e+00 6.661369526804237218e+00 1.951326020767945701e+00 1.439080779776126473e+00 3.253868516028295965e-01 2.786495685454706273e+00 1.000000000000000000e+01 1.200000000000000000e+01 1.000000000000000000e+00 -2.843876782520296160e+02 3.478800000000101136e+02 1.873201538629779700e-02 -1.060272857772759147e+00 9.229660067197198448e-02
1.809802757486188352e+00 2.892061890073077457e+00 4.756165381298968597e+00 7.006465132040507804e+00 2.408449700373347824e+00 1.636022733278300390e+00 5.855504253618029065e-01 4.010232825204067098e+00 2.000000000000000000e+00 1.400000000000000000e+01 3.000000000000000000e+00 -2.336737429125284507e+03 3.654000000000010573e+01 1.990421432033027216e+01 -8.943368174150450045e+00 2.190555215919283150e+00
1.297096864483398448e+00 1.722304537146808201e+00 2.624980028950687938e+00 6.388130092325864595e+00 2.600751148127732115e+00 1.256514523300137354e+00 5.013101779462953989e-01 2.872903530529051341e+00 8.000000000000000000e+00 1.500000000000000000e+01 2.000000000000000000e+00 -5.003152499589075433e+02 4.501499999999774104e+02 1.720251562243242560e+01 -2.411320824010796879e-02 9.282955479528878784e-02
7.407206653933761098e-01 2.720954228941023789e+00 3.674784690649647967e+00 7.142307368740166140e+00 1.265807694679692563e+00 8.102914392255833320e-01 6.793253049903029694e-01 3.120533800744674124e+00 1.100000000000000000e+01 1.000000000000000000e+01 3.000000000000000000e+00 -2.122356026779015792e+03 7.649999999999992895e+01 5.256626673688490570e+00 -9.186102108698678492e+00 5.822264362763474033e-01
1.681542252681836214e+00 6.342119519180806630e-01 4.322291429561625264e+00 7.884789555976150943e+00 8.700211926847539745e-01 7.922404734736747667e-01 5.127389429287173561e-01 3.004860998535564320e+00 8.000000000000000000e+00 1.300000000000000000e+01 1.000000000000000000e+00 -2.488162201948744894e+02 2.750799999999931629e+02 2.007221055357437389e-02 -9.340278355677048561e-01 6.160569568123934303e+00
1.330020502071180832e+00 1.654369046871339233e+00 4.998581579976359102e+00 7.020120319443246437e+00 1.715862346910105085e+00 1.175027673251225036e+00 5.808590003294058501e-01 2.350259426622188119e+00 3.000000000000000000e+00 5.000000000000000000e+00 2.000000000000000000e+00 -1.038500147315029380e+02 1.500499999999998693e+02 1.801563420718937714e+00 -3.025515377515299309e-01 6.283120360892683998e+00
2.132203726261984400e+00 1.398528951074919036e+00 5.195820893950548580e+00 4.501600600237026129e+00 1.338827549488057045e+00 2.674809031533892933e-01 7.631006186981017514e-01 2.822377376065971610e+00 6.000000000000000000e+00 1.500000000000000000e+01 2.000000000000000000e+00 -4.984821702554954754e+02 4.501499999999774104e+02 1.708794814096917491e+01 1.981878253925784818e-04 7.897611333024566818e-04
1.036858607812049415e+00 1.641074493429248937e+00 5.239007254802551472e+00 6.445486229918465426e+00 1.858299833772110388e+00 1.510388588988462066e+00 2.389816990247654593e-01 2.529327185286686319e+00 5.000000000000000000e+00 1.100000000000000000e+01 2.000000000000000000e+00 -4.392381994205592264e+02 3.301100000000244563e+02 1.713644996378418739e+01 -1.674559740347966730e-01 6.125005333455932011e+00
1.116289377498725699e+00 6.387189139217830380e-01 4.549541904240765433e+00 8.438001173887164086e+00 1.104779145004057606e+00 5.486326114779180863e-01 4.962597562086704106e-01 2.973900666415164817e+00 4.000000000000000000e+00 4.000000000000000000e+00 2.000000000000000000e+00 -2.143287180999268458e+03 4.159999999999929088e+01 7.655448812454286767e+00 -1.812683877903291885e+00 5.967166721053283496e+00
2.012725847094707810e+00 8.301314099409444758e-01 8.436963932389918597e+00 6.409720043079564000e+00 4.395338071878585051e-02 1.336156560921705649e+00 7.234290803530314395e-01 4.244618471506118595e+00 5.000000000000000000e+00 8.000000000000000000e+00 2.000000000000000000e+00 -2.323656787456833172e+03 2.183999999999988617e+01 1.954604921605207934e+01 -4.253296012886599975e+00 5.609951607038246912e+00
1.449825696521521934e+00 1.887139542133059011e+00 6.915623409123756282e+00 7.254717210879915612e+00 1.292701766235173411e+00 9.842026013474319823e-01 1.588770164453093270e-01 2.929851408887298447e+00 5.000000000000000000e+00 1.400000000000000000e+01 1.000000000000000000e+00 -2.931194393045318520e+02 4.201399999999720194e+02 5.190589956534116034e+00 -5.290517204499750603e-01 6.219495430733744890e+00
7.289837802540664047e-01 2.105244048089425224e+00 1.984305680894542956e+00 8.628491236226013328e+00 8.527149042629933451e-01 4.364854190553651425e-01 3.763924269155859981e-01 2.920259949353154916e+00 7.000000000000000000e+00 6.000000000000000000e+00 1.000000000000000000e+00 -1.860336987375819433e+02 1.105200000000026677e+02 2.144232191267421081e-02 -1.016864137778398680e+00 2.721769343500403740e-02
1.949468367283164749e+00 1.538609145251496946e+00 5.306340779891208115e+00 4.737910936905424641e+00 1.460299494452063085e+00 2.250770609412525936e+00 7.277707734921427807e-02 3.070510582595844973e+00 1.100000000000000000e+01 7.000000000000000000e+00 1.000000000000000000e+00 -2.158847529075507282e+03 6.384000000000023789e+01 7.932970567219173930e+00 -2.929762116840748942e-01 9.903051141218213727e-02
1.675004649974470849e+00 1.292149024814037483e+00 6.044888198302681204e+00 3.396445141543117607e+00 1.290696413305361556e+00 2.037499792783523667e+00 2.474810435700778855e-01 2.268651755169121209e+00 4.000000000000000000e+00 1.600000000000000000e+01 2.000000000000000000e+00 -5.209431899668538790e+02 4.801600000000302657e+02 1.755394937292742341e+01 -8.429118082518577415e-02 4.336986212781714783e-02
2.236798860332282146e+00 1.121405191323658457e+00 6.124293517321595104e+00 7.633055200453630285e+00 1.496836607798176511e+00 4.496618362309725003e-01 1.837934881278942278e-01 2.833498454047637338e+00 1.000000000000000000e+01 1.700000000000000000e+01 1.000000000000000000e+00 -3.488309491690044979e+02 4.265300000000076466e+02 1.706539443980108900e-02 -1.011175727112739064e+00 1.188911658017124083e-02
1.482836767279622325e+00 2.344161392598053339e+00 2.667114660231619361e+00 4.991142304016338294e+00 1.634824077714643442e+00 2.390042048227291049e-01 7.124482130409470759e-01 4.585744635957474280e+00 1.100000000000000000e+01 1.300000000000000000e+01 1.000000000000000000e+00 -2.365102262160765463e+02 3.901299999999891384e+02 2.590326638505124457e+00 3.363916427588043434e-01 6.279892085713195904e+00
1.517931816445601267e+00 2.211940760233385816e+00 2.771956971076257048e+00 5.046649057350084178e+00 2.883671317459377548e+00 1.665274739409184246e+00 7.383240171335363478e-01 4.802361663179973483e+00 5.000000000000000000e+00 1.100000000000000000e+01 3.000000000000000000e+00 -2.272740393180116371e+03 3.255999999999988859e+01 1.602877457375726777e+01 -1.273706206154000142e+01 5.887060660400349477e+00
4.642225281106307500e-01 1.964751099592416894e+00 3.088131534132400269e+00 8.504683412799616704e+00 7.364567413271134733e-01 1.271292554410476727e+00 4.700406590416985053e-01 2.278150278702435472e+00 8.000000000000000000e+00 1.200000000000000000e+01 2.000000000000000000e+00 -1.540800375816771748e+02 3.074400000000085811e+02 2.250234885455531728e-02 -9.526591807294013670e-01 6.277033436511864295e+00
3.833037699000427789e-01 1.014135338808298759e+00 5.249733751240409418e+00 6.016219267906685708e+00 2.000782829831954324e+00 1.921034362937119822e+00 4.619937289723093921e-01 2.388820815905351669e+00 6.000000000000000000e+00 4.000000000000000000e+00 2.000000000000000000e+00 -1.722508756063933504e+02 1.200400000000075664e+02 7.014429725399348392e+00 1.829552552715536448e-03 6.283166587394179103e+00
1.033877460249781333e-01 1.726703212082575822e+00 1.324560161026945071e+00 6.329639615671950104e+00 1.846426718172915482e+00 6.256169033743469443e-01 4.901566490611781179e-01 3.472787370741816648e+00 6.000000000000000000e+00 1.500000000000000000e+01 2.000000000000000000e+00 -4.842199341252447766e+02 4.501499999999774104e+02 1.619655838282850624e+01 2.333947984249635788e-01 6.163273168313685879e+00
1.931406214340781968e+00 9.596807942708283079e-01 9.089750143331716714e+00 5.764091090315083044e+00 2.583349299473713501e+00 1.065229326355752404e+00 8.776890246932387285e-01 2.354025078625229916e+00 9.000000000000000000e+00 5.000000000000000000e+00 3.000000000000000000e+00 -2.223885105882668540e+03 3.390000000000021174e+01 1.293344411766675606e+01 -1.387665116444148339e+01 4.234427733945304695e+00
5.762230019756356958e-01 2.661864016243431941e+00 5.176157102266330412e+00 5.285794595811353247e+00 1.432848180426232965e+00 5.104540845300344909e-01 3.556791306729397140e-01 2.146205846785184335e+00 3.000000000000000000e+00 2.000000000000000000e+00 1.000000000000000000e+00 -2.137636383929753720e+03 2.555999999999954397e+01 7.803523995609633168e+00 -1.338981241670793298e-01 4.187196460637990919e-02
1.679594356383192100e+00 2.265994289871022804e+00 5.666958242627443632e+00 7.843128473532235745e+00 1.718829845720157845e+00 1.512835113073668358e+00 5.370899344646318241e-01 2.306490968431563093e+00 4.000000000000000000e+00 3.000000000000000000e+00 2.000000000000000000e+00 -2.964057465486073539e+01 5.856000000000145889e+01 2.253591592875036492e-02 -9.545744649585344854e-01 6.282135917923077351e+00
