9.826928545633386580e-01 5.517767313570028920e-01 4.010808069104532692e+00 4.836541513762911748e+00 2.264018303131075882e+00 1.205248579264276199e+00 7.401913747291074541e-01 4.709606425242419903e+00 4.000000000000000000e+00 1.200000000000000000e+01 2.000000000000000000e+00 -2.289272070127144161e+03 6.395999999999940400e+01 1.608075438294654802e+01 -1.457465411299877056e+00 5.648471135335490168e+00
7.349643647266992375e-01 1.770720971843229297e+00 6.834608136775875309e+00 8.211451095619215934e+00 1.591431653298283511e+00 8.019884085479733749e-01 2.676175183348315501e-01 2.754500351241624845e+00 1.100000000000000000e+01 1.300000000000000000e+01 1.000000000000000000e+00 -3.054600985454623014e+02 3.361799999999910256e+02 1.642711443216561193e-02 -1.007866019792111656e+00 6.080949881138066580e-03
1.169595121759534839e+00 1.299435903457184072e+00 1.279500598401320133e+00 7.351704281050852607e+00 9.141460223145613240e-01 4.722261021996159158e-01 7.561781479363549607e-01 2.826091989703307661e+00 5.000000000000000000e+00 7.000000000000000000e+00 1.000000000000000000e+00 -1.952869031817868688e+02 1.138199999999953889e+02 1.720258116299246132e-02 -1.002647815560485434e+00 2.638766273767145093e-03
2.234517518681590431e+00 1.216809380938070673e+00 3.960626883032165590e+00 6.175471398076511242e+00 1.902731946451394540e+00 7.774875944345164269e-01 2.906500358069699086e-01 2.709350378195013231e+00 5.000000000000000000e+00 1.800000000000000000e+01 1.000000000000000000e+00 -5.508240407351718204e+02 5.401800000000090449e+02 1.754587754594795967e+01 -9.032146452841634254e-02 6.246171354728265790e+00
1.043799426558736920e+00 3.487386895725830827e-01 8.923509606586254250e+00 3.603223068262728201e+00 5.023422006101756487e-01 8.977363968277145556e-01 6.618154457273627278e-01 4.162934176667173247e+00 2.000000000000000000e+00 7.000000000000000000e+00 1.000000000000000000e+00 -2.077036735868955020e+03 1.315999999999936563e+02 7.022959918098682364e-01 -3.306168301757148598e-01 5.140701583946880149e+00
1.208103724005383572e+00 1.704281456615028167e+00 5.704432372353573477e+00 4.810903342871617028e+00 2.114851378169279705e+00 8.746014146283127566e-01 6.046080424191466740e-01 3.263308873089270534e+00 6.000000000000000000e+00 9.000000000000000000e+00 1.000000000000000000e+00 -4.049429801883730988e+02 2.700900000000045225e+02 1.686862376177317913e+01 -3.828945507712475105e-02 3.643960732662676963e-03
9.376317584025328777e-01 1.304751755589136364e+00 8.541290689671615866e+00 5.533763184308067018e+00 1.062678197334331109e+00 1.377796783072730902e+00 7.263503017028126729e-01 2.093252140504815451e+00 4.000000000000000000e+00 1.200000000000000000e+01 3.000000000000000000e+00 -2.395698505749054675e+03 1.206000000000015433e+02 2.096240660931588451e+01 -1.808116817008802224e+00 4.739596559176149526e+00
2.354792514000826120e+00 1.786870190136875980e+00 2.813382854426202506e+00 7.248215413143352492e+00 2.443344220140859946e+00 1.808675507490310030e+00 7.779774221714370608e-01 2.044893730493812622e+00 5.000000000000000000e+00 1.000000000000000000e+01 1.000000000000000000e+00 -4.314658310219851955e+02 3.000999999999997385e+02 1.758848943887408112e+01 -5.646640867235344814e-04 6.269081303713229580e+00
2.326896118646252454e+00 1.313882584742585902e+00 4.299500775623455340e+00 9.461125100094911033e+00 1.538889590224769455e+00 4.020746710394290657e-01 4.511989262466756245e-01 3.957947063778003205e+00 8.000000000000000000e+00 1.100000000000000000e+01 3.000000000000000000e+00 -2.064495478249226608e+02 3.301100000000244563e+02 2.587159239056902926e+00 -1.254031711852081343e-02 2.447374202176679295e-02
2.235049434192887263e-01 1.943808167773276141e+00 6.974708764364899949e+00 8.399625299721448002e+00 1.471562897938023085e+00 7.372534035884680259e-01 1.001695519991463584e-01 2.561971708381863166e+00 6.000000000000000000e+00 1.300000000000000000e+01 1.000000000000000000e+00 -4.671123673366287221e+02 3.901299999999891384e+02 1.700296045853963278e+01 -1.033691301957689601e-01 6.185027291686084894e+00
8.648824660305609591e-01 8.517045342195739277e-01 4.793920097159515947e+00 5.689596404335889979e+00 9.431413113089670563e-01 3.037999495793076710e-01 5.575033683144927643e-01 2.736428507126569709e+00 4.000000000000000000e+00 1.200000000000000000e+01 1.000000000000000000e+00 -4.394263937360416321e+02 3.601200000000105774e+02 1.621039960850227146e+01 1.751497347381942016e-01 6.233927159182586664e+00
1.966562322981912692e+00 8.187453980764960448e-01 6.979802609491668086e+00 6.863369980138947390e+00 2.037332158477500599e+00 9.474682704932002597e-02 4.487265241364088997e-01 3.259029179493897033e+00 4.000000000000000000e+00 6.000000000000000000e+00 2.000000000000000000e+00 -2.165864937477477667e+02 1.800600000000052887e+02 7.909780859234070149e+00 -4.357042551534587860e-01 2.869925308184479579e-02
1.757106446230493280e+00 1.181017482106919037e+00 3.901374928562280520e+00 7.814541341110767370e+00 2.066241199050951494e+00 2.160023579817019757e-01 2.561891577140504306e-01 3.374394349903264256e+00 9.000000000000000000e+00 4.000000000000000000e+00 2.000000000000000000e+00 -2.386068047147411562e+03 8.959999999999984865e+00 2.384925294671323570e+01 -1.394547776306554132e+00 5.875794182151085343e-02
1.924025719578924987e+00 6.456949998936142299e-01 5.016916484186364045e+00 2.896833415666554057e+00 1.951445224288633540e+00 1.313765273435073988e+00 7.390102051376874481e-01 3.202784324716025921e+00 2.000000000000000000e+00 9.000000000000000000e+00 2.000000000000000000e+00 -2.232613935800841318e+03 2.286900000000073874e+02 7.391808487552332885e+00 -3.272487076501681802e+00 4.372126536429695065e+00
2.428520400689732739e+00 9.349649516776925573e-01 5.939641880528556683e+00 5.390444177006183502e+00 2.955120341168471665e+00 8.345151504552618116e-01 6.842642764898689833e-01 3.290350093612866456e+00 5.000000000000000000e+00 5.000000000000000000e+00 2.000000000000000000e+00 -1.389967765168603080e+02 1.500499999999998693e+02 3.998236032303773779e+00 -7.777611852224027705e-03 6.282297048201264111e+00
1.874603100498088981e+00 8.170013292038468267e-01 7.913986011139841459e+00 4.782958626574453476e+00 1.633953490737149572e+00 4.600103868578020450e-01 6.992165947166389950e-01 3.425568786158130319e+00 3.000000000000000000e+00 1.400000000000000000e+01 2.000000000000000000e+00 -5.602484496964007121e+02 4.201399999999720194e+02 2.188615310602592245e+01 -9.652808476271882432e-01 6.266407406457235929e+00
8.603998124392215896e-01 1.530752358360723653e+00 6.333479707929007496e+00 6.300551144411740800e+00 1.385485411352550322e+00 3.973517817137753316e-01 2.506095882900973848e-01 2.548874102853021295e+00 4.000000000000000000e+00 1.000000000000000000e+01 1.000000000000000000e+00 -4.174939676337706942e+02 3.000999999999997385e+02 1.671524797711067478e+01 -6.318258918125956546e-03 6.721688839313566743e-06
2.672070752726102061e+00 4.658396147027936696e-01 7.604383238699210068e+00 4.596147365208064883e+00 8.440231190255519378e-01 3.878652726210974899e-01 2.610989632247358028e-01 3.123559929277434755e+00 7.000000000000000000e+00 1.200000000000000000e+01 2.000000000000000000e+00 -1.096082962958665945e+02 2.185200000000052398e+02 2.176851849149877283e-02 -9.665420425030308849e-01 6.067492057481707057e+00
4.120348404714470614e-01 1.860151482086176200e+00 2.024085333199320491e+00 5.369281612498423506e+00 2.467105847499468041e+00 4.956282354840303439e-01 6.408967639890613688e-01 3.250595566799396430e+00 3.000000000000000000e+00 8.000000000000000000e+00 1.000000000000000000e+00 -3.963470807128441606e+02 2.400800000000151329e+02 1.726919254455228625e+01 5.341020637252724690e-02 6.238085242538353725e+00
2.708022664842130389e+00 1.315089968295536815e+00 3.531289462234255438e+00 6.349152308734941741e+00 2.991603716346516340e+00 1.571175885460097010e+00 4.729038216538304917e-01 2.468585131554313250e+00 1.000000000000000000e+00 1.000000000000000000e+01 2.000000000000000000e+00 -4.529753029649812106e+02 3.000999999999997385e+02 1.893283143531133561e+01 -2.139638535666553154e-01 6.079766341724865519e+00
1.083195936503216217e+00 1.279598103338483117e+00 3.652551403565356569e+00 5.722733310620679248e+00 2.268892371647633688e+00 8.399081428546513184e-01 6.943482633576912866e-01 3.152571173099065316e+00 3.000000000000000000e+00 1.600000000000000000e+01 3.000000000000000000e+00 -2.299609334195538395e+03 8.495999999999889951e+01 1.607058338722119473e+01 -1.481332449167184429e+01 5.303866683407449045e+00
3.133632332245370744e-01 1.970782060298112093e+00 6.260705011471468850e+00 8.615354264750598290e+00 2.056681818657299043e+00 1.131958627614107371e+00 3.344305602245156717e-01 3.127062388124230541e+00 5.000000000000000000e+00 1.000000000000000000e+01 2.000000000000000000e+00 -5.612207928549828466e+02 3.000999999999997385e+02 2.569817455343643431e+01 -5.724268480353406768e-02 6.592911050677142948e-02
1.113109546639644787e+00 1.460815187109429036e+00 8.073708811491936643e+00 5.145759678975750262e+00 1.192876787136535555e+00 1.097241347102802189e+00 2.276147519950078302e-01 2.405918492666660580e+00 3.000000000000000000e+00 1.100000000000000000e+01 2.000000000000000000e+00 -4.422102715618559614e+02 3.301100000000244563e+02 1.732220447261523333e+01 -1.260411508549769688e-01 3.366854178002699066e-02
7.435842258499374413e-01 1.166741886422927310e+00 6.159151036041227378e+00 9.640900636255887335e+00 2.478560142132232968e+00 3.070431457906360739e-01 7.501047015831242559e-01 2.797764255608549799e+00 5.000000000000000000e+00 7.000000000000000000e+00 1.000000000000000000e+00 -4.019427368895675272e+02 2.100699999999860097e+02 1.855673355559840587e+01 -1.716413243906511621e-01 6.278690817312692296e+00
1.677898800285966718e+00 2.531878458616826144e+00 7.965802372317518198e+00 6.717252623854692573e+00 1.778642781400124884e+00 7.999690961242655884e-02 5.000170677170818756e-01 3.163034455570584491e+00 9.000000000000000000e+00 1.300000000000000000e+01 1.000000000000000000e+00 -3.345374532705640149e+02 3.901299999999891384e+02 8.717028329410592136e+00 4.775144011926620545e-03 6.279362639651262512e+00
1.335715609205648580e+00 1.025176322926408590e+00 7.178132826411031786e+00 4.412140519224116986e+00 2.003788198912610063e+00 6.030222630193499134e-01 6.799146607946725540e-01 2.588033642959900682e+00 6.000000000000000000e+00 8.000000000000000000e+00 1.000000000000000000e+00 -3.908203221655945754e+02 2.400800000000151329e+02 1.692377013534918717e+01 3.118689133567580443e-02 7.210424863823739969e-03
1.638881907894469858e+00 1.012155621568456176e+00 4.593792379439610052e+00 3.478553503623744270e+00 2.380408070973909940e+00 1.678137461663927743e-01 3.982512634419899111e-01 3.808987440097488353e+00 5.000000000000000000e+00 7.000000000000000000e+00 2.000000000000000000e+00 -1.688521962599437813e+02 2.100699999999860097e+02 3.988574766246923087e+00 1.035422459924702637e-01 7.000820428364717442e-03
1.821202341402125002e+00 4.271876201062246858e-01 8.256940234814571511e+00 8.194773626804924049e+00 1.000070696713064589e+00 7.578918323255801059e-03 1.903239560164086686e-01 3.166127612424637583e+00 3.000000000000000000e+00 5.000000000000000000e+00 2.000000000000000000e+00 -2.387927532710457399e+03 1.670000000000010232e+01 2.372359579440356825e+01 -7.766050118599890917e-01 1.551497920517896922e-03
1.145678395004263495e+00 1.310920760028325915e+00 8.339099394805099763e+00 6.159124925109307647e+00 1.693870384418107999e-01 1.191228943025363751e+00 1.620454671546923131e-01 2.909562161545278247e+00 1.100000000000000000e+01 8.000000000000000000e+00 1.000000000000000000e+00 -2.330452870241055734e+03 3.071999999999969688e+01 1.969330439006599676e+01 -1.924604606207355628e+00 5.967451363781424156e+00
8.116128646883937758e-01 1.549164225113550675e+00 9.898701231990340688e+00 5.402210903189063274e+00 1.892713293202932689e+00 1.002616717171947558e+00 5.042698550574238325e-01 2.828027716975753059e+00 7.000000000000000000e+00 1.400000000000000000e+01 1.000000000000000000e+00 -5.565669739418842710e+02 4.201399999999720194e+02 2.165606087136863778e+01 -1.648347981430250205e-04 2.980578910458579232e-06
7.813720076590002783e-01 2.079332967846399427e+00 5.076089769631763282e+00 6.281800008527585355e+00 2.526587475307487285e+00 4.469310558585067872e-01 7.878793813336654184e-01 3.082220570619212285e+00 1.000000000000000000e+00 4.000000000000000000e+00 1.000000000000000000e+00 -3.534441040708661035e+02 1.200400000000075664e+02 1.833900650442889457e+01 7.462451612381501564e-02 8.015220385732208311e-05
1.473733112179101523e+00 1.090549722180492287e+00 6.592715639571938624e+00 7.751094672460398627e+00 2.793990092909697243e+00 7.002821359428673675e-01 5.072373706501274171e-01 2.964768281696413155e+00 5.000000000000000000e+00 1.200000000000000000e+01 1.000000000000000000e+00 -5.792480216304825262e+02 3.601200000000105774e+02 2.494925135190483090e+01 1.671868007197183925e-01 6.244572448192934111e+00
6.827874547330752275e-01 1.505569923430187806e-01 4.441398647960419055e+00 6.212443391049628616e+00 1.297070846542452527e+00 4.393088388892810725e-01 1.989060971492483676e-01 2.763059248436360971e+00 7.000000000000000000e+00 7.000000000000000000e+00 1.000000000000000000e+00 -7.356248054815783632e+01 1.464399999999922102e+02 2.140503426010794547e-02 -5.772353643890936192e-01 6.148404164837720565e+00
6.366575943458306908e-01 1.181181751467940577e+00 6.667356245555676963e+00 9.654932943429617609e+00 1.428173768610990102e+00 9.204226040514792428e-01 9.202838561863266875e-01 3.276027508200259675e+00 7.000000000000000000e+00 1.000000000000000000e+01 2.000000000000000000e+00 -4.197837718601804227e+02 3.000999999999997385e+02 1.685836074126128281e+01 -8.572427322402792482e-03 7.449614447378370696e-03
9.002334292625023826e-01 3.100418881270550209e-01 6.675519732142983997e+00 7.408822788317102059e+00 1.275809883879912565e+00 9.917515970137198433e-01 7.218613808836958912e-01 3.285414901260952369e+00 5.000000000000000000e+00 1.300000000000000000e+01 3.000000000000000000e+00 -2.348357303808115830e+03 6.188000000000050704e+01 1.983858148800723598e+01 -4.455089925256502603e+00 9.122874412781555309e-01
1.056315079285852443e+00 1.051831832346658446e+00 6.752818298461459534e+00 8.043728877198459415e+00 1.841190182508759987e+00 1.107997586509167798e+00 4.473795015294022570e-01 3.013365832007532941e+00 6.000000000000000000e+00 6.000000000000000000e+00 1.000000000000000000e+00 -1.115439951659058266e+02 1.776600000000051978e+02 2.207492855610940913e-02 -1.313079685463524493e+00 4.958997891536739422e-01
2.977805365927667314e+00 1.182087267422337051e+00 3.506418343264404935e+00 5.736488993976263551e+00 2.372168749148569233e+00 2.481638218934798523e+00 5.867771129005028286e-01 4.091878591129983533e+00 3.000000000000000000e+00 3.000000000000000000e+00 3.000000000000000000e+00 -2.321338670970302701e+03 8.100000000000019185e+00 1.983054193564390033e+01 -6.291792743274180033e+00 5.444815772468131421e+00
2.726394054234348996e+00 2.105313665392672395e-01 6.110563660042985568e+00 8.943295032130643918e+00 1.484138606229631119e+00 8.843017950167045838e-01 3.998265795394861932e-01 2.292172468597280410e+00 3.000000000000000000e+00 1.000000000000000000e+01 4.000000000000000000e+00 -2.237773702193578629e+03 1.446999999999960664e+02 1.033898138709877301e+01 -1.025203511933572820e+01 3.119720907654600417e+00
2.073627577303245317e+00 1.743068093242838623e+00 8.503841231600292261e+00 6.138270618669752210e+00 2.387583147874793532e+00 1.134065910871287830e+00 6.255672876618272316e-01 2.046315458723264591e+00 1.000000000000000000e+01 1.800000000000000000e+01 2.000000000000000000e+00 -5.304622936825875286e+02 5.401800000000090449e+02 1.627326835516143788e+01 2.034496578695164093e-01 6.166441025114979269e+00
1.867757085077013324e+00 1.717913988076004816e+00 3.072527869280721191e+00 4.670292227636294591e+00 2.149308338249636297e+00 2.215321858878439576e-01 8.791702812086319430e-01 3.173016243014855409e+00 5.000000000000000000e+00 1.700000000000000000e+01 4.000000000000000000e+00 -5.503348758008311279e+02 5.101700000000154773e+02 1.845311723755146005e+01 -7.684645097072576037e-02 6.253257836765943267e+00
1.149578254443376579e+00 1.311798208450336789e+00 4.212792236197890006e+00 3.600175358702466077e+00 2.294566541591884778e+00 1.384895243192736158e+00 8.241012447115286799e-01 2.742862162125286218e+00 6.000000000000000000e+00 3.000000000000000000e+00 2.000000000000000000e+00 -2.385687535898177885e+03 7.380000000000016769e+00 2.387484599363610016e+01 -2.713847651172072162e+00 5.643720302154829442e-04
9.967585131191805115e-01 1.401062867447995908e+00 4.715594376566975221e+00 5.271888725055630331e+00 1.240000652280396132e+00 1.270228471732212094e+00 4.252170998335776941e-01 2.577609401468238914e+00 3.000000000000000000e+00 9.000000000000000000e+00 1.000000000000000000e+00 -1.743661650563913668e+02 2.700900000000045225e+02 2.457572816024319540e+00 -2.139652829010576240e-01 3.621625586001576275e-02
1.295205189074211116e+00 1.539135117389116125e+00 2.538730267258184181e+00 4.950501978272829895e+00 1.538199881861989526e+00 3.270059026485075404e-02 1.808804316805636969e-01 2.991989100919289601e+00 8.000000000000000000e+00 1.500000000000000000e+01 4.000000000000000000e+00 -3.365110624069653227e+02 4.501499999999774104e+02 6.964753900436038592e+00 1.889603234571269122e-02 2.073175388911200896e-04
2.164768859237181875e+00 1.282636049949496870e+00 5.811717074544768380e+00 9.957464535325886601e+00 7.529228044559401756e-01 6.377536755738535401e-01 7.089471968117910805e-01 4.012454851842669257e+00 5.000000000000000000e+00 8.000000000000000000e+00 1.000000000000000000e+00 -2.151056540521793067e+03 6.039999999999906777e+01 7.553533782612084302e+00 -2.533350920983226118e+00 4.466539584075820413e-01
6.895796201780480805e-01 1.017730977297092609e+00 5.982131326816585215e+00 4.913105409865940132e+00 2.070816433623203778e+00 3.747653804564388125e-01 5.374940724960302063e-01 2.801301694371314266e+00 2.000000000000000000e+00 1.200000000000000000e+01 2.000000000000000000e+00 -5.917673383862666014e+02 3.601200000000105774e+02 2.573170864914133205e+01 -1.202795863133542115e-01 2.100137670039358383e-03
1.370510554992711683e+00 1.375008309419474939e+00 7.094761650508048412e+00 9.289513257114826672e+00 1.706390002561903652e+00 2.505450679319546348e-01 2.193634636245352654e-01 3.170452658698512227e+00 9.000000000000000000e+00 6.000000000000000000e+00 1.000000000000000000e+00 -2.390520864331956545e+03 2.405999999999987082e+01 2.365567902074729290e+01 -1.667895883642511956e+00 1.219890617652593101e-01
9.814160103469213858e-01 2.086121069874431910e+00 5.491518361496231293e+00 9.169496293931469921e+00 8.415670659319407498e-01 1.134846604701429840e+00 3.927654579347655273e-01 2.811759792284828308e+00 0.000000000000000000e+00 1.200000000000000000e+01 3.000000000000000000e+00 -2.345145111736293529e+03 5.531999999999958817e+01 1.984281948351835823e+01 -3.323238795800287360e+00 1.056180847922997268e+00
2.878697230203281610e+00 1.933664021355691931e+00 3.072076362925255211e+00 6.850027877521208453e+00 2.298407318018013346e+00 2.053365087484209983e+00 6.478044921416198365e-01 3.054393687940308855e+00 4.000000000000000000e+00 4.000000000000000000e+00 2.000000000000000000e+00 -3.791226179229462900e+01 7.512000000000054456e+01 2.201636201839744789e-02 -9.464535253355852440e-01 6.266977386091800106e+00
