8.993922275012435907e-01 1.537760410858175497e+00 4.581363267436265652e+00 2.286901161569258711e+00 1.787693120216442777e+00 1.278824923769107169e+00 9.800178197376394063e-02 2.679227189978371726e+00 7.000000000000000000e+00 1.100000000000000000e+01 4.000000000000000000e+00 -1.715155298456639343e+02
1.954547337278244701e+00 1.666246499858050401e+00 2.862056118050399611e+00 4.450904103727237882e+00 1.728005660693335166e+00 1.266713893448273787e+00 5.398951654678452172e-01 3.995842405182322032e+00 5.000000000000000000e+00 6.000000000000000000e+00 5.000000000000000000e+00 -7.461374633122152034e+01
1.918320416552726115e+00 1.438204546676196127e+00 1.475963642821377153e+00 3.574265459491924979e+00 2.686743266574014299e+00 1.195575141936171537e+00 4.420768844952555066e-01 3.842894824784430785e+00 3.000000000000000000e+00 8.000000000000000000e+00 5.000000000000000000e+00 -5.968163383103983932e+01
2.114908412487703782e+00 1.213158628294765284e+00 4.646743320020809698e+00 2.185998018862079117e+00 9.613932036298477035e-01 1.375956731769932828e+00 3.936579439768242983e-01 2.958872959178993067e+00 5.000000000000000000e+00 1.500000000000000000e+01 3.000000000000000000e+00 -1.073309529090166876e+02
2.126089541962876694e+00 1.723661982472685539e+00 2.572385198417956431e+00 5.816721121355527657e+00 2.086584132940292768e+00 9.719603253800062070e-01 1.854973045466713488e-01 3.216020168788592759e+00 9.000000000000000000e+00 6.000000000000000000e+00 3.000000000000000000e+00 -5.578803455992186144e+01
1.174434680543163356e+00 2.189618577143285005e+00 3.164331314481253266e+00 4.623918513371812367e+00 1.324423207141960823e+00 1.385115566022543376e+00 4.767023104262674282e-01 4.462468707290014436e+00 8.000000000000000000e+00 6.000000000000000000e+00 4.000000000000000000e+00 -4.491944448644325405e+01
2.808208019992480597e+00 2.133693705824576181e+00 4.899476800250542219e+00 1.678411560103828304e+00 2.315030496423593931e+00 6.811293712951791424e-01 2.961944565773187987e-01 3.106798920715855061e+00 6.000000000000000000e+00 1.300000000000000000e+01 2.000000000000000000e+00 -1.970201660673092761e+02
1.678033988026448764e+00 2.088066664809363537e+00 2.073979594034159657e+00 3.885884384233991629e+00 1.041593865941478070e+00 1.006686913955403329e+00 4.846842452955891778e-01 2.983000726416875192e+00 3.000000000000000000e+00 1.000000000000000000e+01 5.000000000000000000e+00 -8.191278820827693607e+01
1.574128662918476973e+00 1.929206475276932453e+00 4.978657798324715777e+00 4.327342048681046549e+00 1.270551067825749225e+00 5.931247716917100732e-01 3.696798773467468990e-01 2.061429953414005034e+00 4.000000000000000000e+00 8.000000000000000000e+00 3.000000000000000000e+00 -1.368286037812050040e+02
2.074829499116297882e+00 1.367043164733029670e+00 5.661732969109861457e+00 5.287059523040229969e+00 1.956809013168798739e+00 4.948220594885064383e-01 5.622182107285068620e-01 3.322534480392970835e+00 5.000000000000000000e+00 8.000000000000000000e+00 4.000000000000000000e+00 -1.101559222945858210e+02
2.703847604530879245e+00 9.395779805871262713e-01 1.779159336017856141e+00 3.279585061326767637e+00 2.252701420458470771e+00 1.639384405597719585e+00 4.076141977427265584e-01 2.907279731491534402e+00 6.000000000000000000e+00 6.000000000000000000e+00 4.000000000000000000e+00 -4.479835411605304074e+01
2.118230131413808337e+00 1.284903016359106198e+00 3.422811354058787892e+00 2.688344540636951052e+00 2.835317473773856012e+00 8.210950368906571040e-01 3.651393934093425386e-01 2.648669321643276398e+00 5.000000000000000000e+00 9.000000000000000000e+00 4.000000000000000000e+00 -1.669684032316501430e+02
1.828310636537572087e+00 2.228485998811953639e+00 3.608779665815451398e+00 5.294384373546256128e+00 1.057624214691710751e+00 4.108821420441269856e-01 2.503058824757678491e-01 3.053024782538562132e+00 6.000000000000000000e+00 1.100000000000000000e+01 3.000000000000000000e+00 -1.311970023947108359e+02
2.215494490318216769e+00 2.132938735426384902e+00 6.692000110299618498e+00 4.578262188775257258e+00 1.964218192340548841e+00 3.967044352332024237e-01 6.168071391946463589e-01 3.767132494134959320e+00 5.000000000000000000e+00 9.000000000000000000e+00 4.000000000000000000e+00 -1.818325756237466635e+02
1.139068473340067111e+00 9.677972921880209078e-01 1.724256485851066056e+00 4.819380220327652786e+00 1.965522307954345571e+00 8.973310071842832691e-02 3.376808491019946401e-01 2.936921977082491253e+00 3.000000000000000000e+00 5.000000000000000000e+00 3.000000000000000000e+00 -9.941544064478323151e+01
2.207368513739452975e+00 1.403967840144025425e+00 4.782961753009955075e+00 4.244046799913981260e+00 1.977349940935585915e+00 2.092404660609098466e-02 6.634034042532002129e-01 3.527540164853467886e+00 6.000000000000000000e+00 3.000000000000000000e+00 5.000000000000000000e+00 -6.656284215817750294e+01
2.050270787402777461e+00 2.823555303893396484e+00 5.040689099022053199e+00 2.556426427006429414e+00 1.661717320884019911e+00 1.213661586389600311e+00 5.008279882091931645e-01 2.471777812725123979e+00 7.000000000000000000e+00 7.000000000000000000e+00 4.000000000000000000e+00 -1.296907765200313065e+02
2.768045744103720285e+00 2.568630635149782293e+00 2.953033969308310969e+00 4.951934107713277911e+00 1.552534005377573134e+00 1.377617465315200462e+00 7.458825551446923718e-01 3.969347255892609283e+00 4.000000000000000000e+00 1.200000000000000000e+01 5.000000000000000000e+00 -1.006537724473508933e+04
2.026534162077485934e+00 1.734285203047465362e+00 4.711130402510868009e+00 2.094425819926594379e+00 2.013507067438811582e+00 1.080205860626349601e+00 4.459902838312291284e-01 3.665924494925524080e+00 5.000000000000000000e+00 1.000000000000000000e+01 5.000000000000000000e+00 -1.839528556844631453e+02
1.384855583855054695e+00 2.025838726293976766e+00 1.484766140675388479e+00 4.850407024353562413e+00 2.054641135725443490e+00 6.064586771242783669e-01 1.687334003356990297e-01 2.122018284069421057e+00 9.000000000000000000e+00 1.400000000000000000e+01 3.000000000000000000e+00 -1.608755937705633414e+02
1.389526876252777043e+00 1.355854464206191157e+00 3.502937459317166713e+00 2.470086712686928365e+00 2.530932549822860533e+00 8.807792353648348227e-01 3.114214466951069071e-01 3.044849848559109784e+00 1.000000000000000000e+01 9.000000000000000000e+00 4.000000000000000000e+00 -8.290210602916336313e+01
1.217097180524989719e+00 2.752279176140540073e+00 5.966308801449256904e+00 5.885287796939107530e+00 9.821071618808212556e-01 1.820024495456080138e-01 2.575875915520879356e-01 3.790342387907431387e+00 5.000000000000000000e+00 8.000000000000000000e+00 5.000000000000000000e+00 -1.099327961860318510e+02
1.793355903778645732e+00 1.354699523675953809e+00 5.054681595075005696e+00 4.362182677902992189e+00 2.112959695274446492e+00 9.041503640825307997e-01 4.410972962573154188e-01 2.339607232489933519e+00 5.000000000000000000e+00 9.000000000000000000e+00 3.000000000000000000e+00 -6.883262094440740952e+01
2.315207510372959909e+00 1.322519509709057184e+00 1.600716699540383647e+00 6.213721685687773721e+00 2.553722672291566465e+00 4.468087789227624951e-01 6.354007293749016627e-01 2.414543785453681757e+00 3.000000000000000000e+00 5.000000000000000000e+00 2.000000000000000000e+00 -7.323305521644493865e+01
1.977337593043611896e+00 1.715881881920282348e+00 5.010900323347319052e+00 2.733081114015973867e+00 1.620708442390216719e+00 1.090582434670388290e+00 5.023141031724971395e-01 2.360918510614517629e+00 8.000000000000000000e+00 7.000000000000000000e+00 5.000000000000000000e+00 -1.123124897280178516e+02
1.422885911674702353e+00 1.875582996561516058e+00 4.694416842947786606e+00 4.654544892899614261e+00 1.589017456134493633e+00 3.677920535801497692e-01 3.514850861270696347e-02 2.481467862568486282e+00 5.000000000000000000e+00 1.400000000000000000e+01 3.000000000000000000e+00 -2.419796082208500252e+02
2.632711141504951335e+00 2.504970512671674143e+00 3.533468792598177366e+00 2.694149919799296633e+00 2.510341505233634862e+00 1.437125087594703476e+00 4.463208492902526192e-01 2.085594801131977150e+00 5.000000000000000000e+00 8.000000000000000000e+00 4.000000000000000000e+00 -1.490569298385655941e+02
2.724887125939645216e+00 2.445366653479869257e+00 3.406393112147562796e+00 3.970697517348288130e+00 2.546788139370305792e+00 7.161531665927289847e-01 6.722111841187980996e-01 3.251504524158276954e+00 3.000000000000000000e+00 1.000000000000000000e+01 3.000000000000000000e+00 -1.006745641464354594e+04
1.901034398376979517e+00 2.151402478753020375e+00 2.320363071074288630e+00 2.467115350529069495e+00 1.309075785379699930e+00 1.634961297747971942e+00 4.064979361262091584e-01 3.524463569906783000e+00 8.000000000000000000e+00 4.000000000000000000e+00 4.000000000000000000e+00 -6.803681795430077273e+01
1.680194448553590902e+00 1.938120807580656413e+00 3.828104710855818826e+00 2.133370823690921014e+00 2.487976628171875149e+00 1.302317076079863023e+00 3.969561310954192179e-01 2.256333788604092838e+00 7.000000000000000000e+00 1.100000000000000000e+01 4.000000000000000000e+00 -2.106587703088678722e+02
2.057641724761335666e+00 1.690302827220795834e+00 1.756525404327750062e+00 1.954902008917087652e+00 2.368776445409198850e+00 1.196127229752338428e+00 5.009625325048695510e-01 2.521398344819929527e+00 9.000000000000000000e+00 1.000000000000000000e+01 4.000000000000000000e+00 -1.873876074040687172e+02
5.055247045437906150e-01 1.532946168145150612e+00 2.152490304664798515e+00 4.506592082522062448e+00 1.719801124589281915e+00 8.137725217676032852e-01 3.837920635435460581e-01 2.526252601364348482e+00 9.000000000000000000e+00 1.000000000000000000e+01 2.000000000000000000e+00 -1.312109471864088448e+02
1.328561174095572284e+00 2.282434499217207868e+00 1.148769468170217856e+00 4.253915849944618799e+00 2.057592488298784161e+00 1.023370386843843516e+00 3.262332819998856048e-01 3.817395076763784090e+00 8.000000000000000000e+00 8.000000000000000000e+00 3.000000000000000000e+00 -7.324783794480185861e+01
1.520120727510845038e+00 1.118952435750463437e+00 1.550764499563807242e+00 4.856734692943184051e+00 2.416042842236614252e+00 1.168513095798016543e+00 9.236418189563688763e-01 3.277341754342341318e+00 7.000000000000000000e+00 1.000000000000000000e+01 3.000000000000000000e+00 -8.280546079232601642e+01
2.080593622432040490e+00 1.275785607301871405e+00 6.149923581045127818e+00 2.240148141281768090e+00 2.088145310926776244e+00 3.067652233073604462e-01 5.147214171740295274e-01 2.735407720785326902e+00 6.000000000000000000e+00 8.000000000000000000e+00 3.000000000000000000e+00 -1.193343162728008622e+02
1.864781403549646166e+00 2.322220708698199854e+00 2.901889132981048114e+00 4.054214573906522290e+00 1.149335670282099375e+00 1.132906077883463425e+00 2.097759530814272411e-01 2.505110088489903575e+00 9.000000000000000000e+00 8.000000000000000000e+00 4.000000000000000000e+00 -6.228307796184087408e+01
1.893100742636491418e+00 1.341261932043461336e+00 2.113863507093175720e+00 3.314141751576324957e+00 1.442240121617553328e+00 1.150822814115016524e+00 4.280585950473323464e-01 2.205939961562085383e+00 5.000000000000000000e+00 8.000000000000000000e+00 5.000000000000000000e+00 -1.562475994919087157e+02
2.046116223451872607e+00 2.791283999024968487e+00 3.070225547917476483e+00 4.688840214795268579e+00 1.581504177366794162e+00 1.305981321874350343e+00 5.083279235501214632e-01 3.950617473364145482e+00 8.000000000000000000e+00 1.300000000000000000e+01 5.000000000000000000e+00 -8.315074527607718835e+01
2.141248528493771452e+00 2.384201880198797863e+00 1.225589055948310913e+00 6.071199918672647300e+00 2.475696817142727824e+00 9.798206991999476312e-01 5.288122978680424024e-01 3.840288598376627505e+00 7.000000000000000000e+00 9.000000000000000000e+00 2.000000000000000000e+00 -7.481400408773026811e+01
1.675662644075256669e+00 1.371532317582119909e+00 1.382052804725818040e+00 5.808474970546450677e+00 2.378230230825748137e+00 8.747348028824859512e-01 1.955315571116446605e-01 3.113105840403588953e+00 6.000000000000000000e+00 6.000000000000000000e+00 4.000000000000000000e+00 -1.003434384365418737e+04
1.784827777485699762e+00 1.575966060477790975e+00 4.989343695867749950e+00 3.885734428567094056e+00 1.173184492477884699e+00 1.285773046153668719e+00 1.362887228323569067e-01 2.514453264912377861e+00 7.000000000000000000e+00 2.000000000000000000e+00 3.000000000000000000e+00 -6.617141563170093832e+01
8.410285399520074368e-01 1.803256594689783165e+00 1.435762836613007076e+00 2.824106441471357254e+00 1.237954472074078938e+00 8.073651432545209117e-01 5.428746494669238754e-01 2.275268338877283636e+00 7.000000000000000000e+00 1.000000000000000000e+01 4.000000000000000000e+00 -1.508216150245660856e+02
7.636450153376679317e-01 1.687760235988582158e+00 3.551370061489746988e+00 1.653815978759755945e+00 2.185677054066076597e+00 5.434361804295017029e-01 1.366138879359254932e-01 2.927848233597463601e+00 6.000000000000000000e+00 1.600000000000000000e+01 3.000000000000000000e+00 -3.101609372427905100e+02
2.608621003315123588e+00 1.291360872820119576e+00 1.702475985219929377e+00 3.932414448985340094e+00 5.127860323246591356e-01 1.540536739334004146e+00 3.324604962453246437e-01 4.272699916370234163e+00 7.000000000000000000e+00 3.000000000000000000e+00 4.000000000000000000e+00 -6.506258373515235860e+01
1.656156615764939222e+00 1.797686545546639980e+00 3.234945332425205322e+00 1.369750598521532137e+00 2.029073857533611580e+00 1.495657793322866524e+00 3.901208802819400856e-01 3.252408559606920768e+00 1.100000000000000000e+01 1.200000000000000000e+01 3.000000000000000000e+00 -1.007275977554361077e+02
1.605657107607780576e+00 4.488537066537866549e-01 2.036242410676594616e+00 4.515673261832383822e+00 2.114851754082312407e+00 8.178650647414058561e-01 8.483354645382842341e-01 3.277783192161128234e+00 7.000000000000000000e+00 9.000000000000000000e+00 2.000000000000000000e+00 -1.005013684525471763e+04
1.360129534023341025e+00 1.712473303354117737e+00 4.540633716006903242e+00 5.038311030417152558e+00 2.185191434650290976e+00 4.325149261350369478e-01 4.824548370204226888e-01 2.786776003559185089e+00 9.000000000000000000e+00 1.300000000000000000e+01 5.000000000000000000e+00 -9.542633483074712331e+01
1.819887128044605173e+00 1.859143994021503765e+00 1.592875317736112795e+00 5.521142536237910292e+00 2.565230710681445370e+00 6.722237203008522011e-01 1.714555731375793091e-01 3.007732018059032342e+00 1.000000000000000000e+00 3.000000000000000000e+00 4.000000000000000000e+00 -3.273175179590558770e+01
