1.015784543952226615e+00 2.248804893946803052e+00 1.722690521571095035e+00 3.022878048932781336e+00 2.391947432696740705e+00 1.736870692389051340e+00 1.752732651316575296e-01 3.482964221759365042e+00 5.000000000000000000e+00 1.300000000000000000e+01 2.000000000000000000e+00 -1.263310504458474952e+02
2.777548503741665620e+00 2.596528996102262177e+00 6.217041074342311902e+00 3.954242098797737359e+00 2.155963626518849097e+00 2.245215672604092383e+00 5.852013343940567491e-01 4.525949533319087337e+00 6.000000000000000000e+00 5.000000000000000000e+00 1.000000000000000000e+00 -6.816878926456783461e+01
1.196907279703952609e+00 1.496319326823889684e+00 4.454878298991835628e+00 5.299883478859235275e+00 1.537337108815427733e+00 1.322377341991046729e+00 1.969245849830151551e-01 2.849037497577404654e+00 9.000000000000000000e+00 1.000000000000000000e+01 1.000000000000000000e+00 -1.299322333574957895e+02
1.760187156606044301e+00 1.587904098373938089e+00 4.626291223355616822e+00 4.603902653552402136e+00 1.584883696544530318e+00 1.878735241796942512e+00 3.579243441440990714e-01 3.768759654505164924e+00 9.000000000000000000e+00 1.600000000000000000e+01 1.000000000000000000e+00 -1.007291110373975789e+04
2.373475355189921920e+00 1.023856592490911321e+00 8.164385341651376748e+00 3.917800343768016003e+00 2.482974555412815754e+00 1.503528779656610581e+00 9.594094670159571958e-01 3.732708155280014317e+00 9.000000000000000000e+00 9.000000000000000000e+00 2.000000000000000000e+00 -1.008798092400093992e+04
7.798587238015348699e-01 2.425717114926948081e+00 5.172403840579772094e+00 3.708042970737022603e+00 1.658023910780238586e+00 5.615339093204574361e-01 8.019890765920758557e-01 4.085590259613475439e+00 5.000000000000000000e+00 1.300000000000000000e+01 1.000000000000000000e+00 -1.011206334692684504e+04
2.598546069466219688e+00 2.242255702967226760e+00 5.026797178815637146e+00 4.590023771976555089e+00 2.720066042780227455e+00 2.157492156955363338e+00 6.415491886575853675e-01 3.265611933077959605e+00 4.000000000000000000e+00 1.100000000000000000e+01 3.000000000000000000e+00 -1.006638808163911199e+04
2.890013053701513179e+00 1.916365875729092227e+00 7.514923607167226294e+00 4.240819537795688987e+00 2.596734076152018122e+00 2.822969489135044086e+00 7.075587316075372391e-01 3.637283959583018422e+00 4.000000000000000000e+00 2.000000000000000000e+00 2.000000000000000000e+00 -6.504960530491796078e+01
3.168613551205693435e-01 2.512901982501960063e+00 3.649841038717071662e+00 4.817271606308719534e+00 1.321981898510561360e+00 1.753750705541524457e+00 4.316128395861806855e-01 2.513477488994796616e+00 9.000000000000000000e+00 7.000000000000000000e+00 1.000000000000000000e+00 -7.862279841015939041e+01
4.929964056198568034e-01 1.314616779720890527e+00 4.662790502693912487e+00 2.783654006944810799e+00 2.202883147851291135e+00 1.185806393124630986e-01 6.651374939583895030e-01 3.893797367608366589e+00 5.000000000000000000e+00 8.000000000000000000e+00 3.000000000000000000e+00 -1.201318656074956266e+02
9.087924367424102812e-01 2.576905939114030542e+00 2.430312577410381536e+00 7.308058459255860839e+00 2.076142515364036711e+00 1.595345623826956327e+00 7.082455570263593847e-01 3.831159180236064721e+00 3.000000000000000000e+00 1.300000000000000000e+01 4.000000000000000000e+00 -8.588452761696959215e+01
1.301263909296977994e+00 2.559930578602855000e+00 6.164998685436495762e+00 5.663950422636068183e+00 1.804676252290045690e+00 9.044613215757510982e-01 7.445280358960664202e-01 3.413636918969924050e+00 1.000000000000000000e+00 8.000000000000000000e+00 4.000000000000000000e+00 -7.740454291423642985e+01
1.630690395279707605e+00 2.472085616861472879e+00 4.389052863832289653e+00 4.931525899505133204e+00 3.194456361269100153e-01 1.229111634090677807e+00 1.802433715930975844e-01 4.772811804432409488e+00 3.000000000000000000e+00 7.000000000000000000e+00 2.000000000000000000e+00 -2.868872188943520314e+02
2.228568340682342441e+00 2.570684071837556317e+00 6.152592006041365913e+00 7.453864529245297632e+00 2.724782696465773757e+00 1.514302081818367451e+00 1.683330252598775334e-01 3.392841239811109855e+00 1.000000000000000000e+01 1.500000000000000000e+01 2.000000000000000000e+00 -1.757276623052225659e+02
8.338380577263471150e-01 1.697815612828746490e+00 1.854990328280875733e+00 4.493374391933819822e+00 2.823135357705255810e+00 1.187088625888820914e+00 1.524462301596247737e-01 3.888735391400697683e+00 4.000000000000000000e+00 1.400000000000000000e+01 2.000000000000000000e+00 -1.016145212976561822e+02
2.064285107384569606e+00 2.684687288240859893e+00 2.593726685048125091e+00 5.691055908080416614e+00 4.735391279458778802e-01 5.714970209208104501e-01 9.199192682502074780e-02 3.483350708897127390e+00 4.000000000000000000e+00 9.000000000000000000e+00 4.000000000000000000e+00 -7.788230821984002716e+01
1.565151496114119967e+00 9.929937514578659474e-01 6.881116593092057698e+00 7.828712556366276942e+00 1.836219073428002835e+00 1.785607502973169725e+00 4.070723537624265642e-01 2.871185019419212114e+00 3.000000000000000000e+00 1.000000000000000000e+01 2.000000000000000000e+00 -7.931604999141059409e+01
5.946819014709370244e-01 2.853273833599314635e+00 1.648421482070856481e+00 5.904261449863190236e+00 3.608494483444181777e-01 1.681308487143409192e+00 1.627363280464911854e-01 4.707708792984083956e+00 6.000000000000000000e+00 7.000000000000000000e+00 5.000000000000000000e+00 -7.029183073655579506e+01
1.569228608435790040e+00 1.348838636409880332e+00 7.799085964394427251e+00 7.960166772113395517e+00 2.565676283298619520e+00 2.455471998526296495e+00 9.308727842404540542e-02 4.167625244532078277e+00 7.000000000000000000e+00 1.300000000000000000e+01 3.000000000000000000e+00 -6.116126576883183930e+01
7.852604674801091367e-01 2.709886757065289586e+00 4.983256885282662196e+00 2.311031699100384529e+00 1.950297785463856570e+00 7.486612266277279382e-01 8.607621945180140566e-01 4.280343159340436188e+00 9.000000000000000000e+00 1.400000000000000000e+01 3.000000000000000000e+00 -8.161791524174944357e+01
1.330170542421821755e+00 2.256387108378336226e+00 5.596355867360135683e+00 3.422978884559986668e+00 1.151103621815680711e+00 1.501009971342480043e+00 9.042617655773850238e-01 2.271496523955979452e+00 7.000000000000000000e+00 3.000000000000000000e+00 4.000000000000000000e+00 -6.948917395493879212e+01
1.657653981537051902e+00 1.414724727250944891e+00 3.099276391906953698e+00 3.455630228318372854e+00 1.006892297555060045e+00 1.106397343909260034e+00 8.893445347183275285e-01 2.454194902535723699e+00 6.000000000000000000e+00 1.500000000000000000e+01 4.000000000000000000e+00 -2.942637889607129864e+02
1.124058133700847062e+00 2.579613962515471925e+00 1.505561477741900633e+00 8.201042328571457318e+00 1.222948119207144080e+00 2.016687647795510241e+00 6.731438062650466625e-01 2.891776491938867988e+00 7.000000000000000000e+00 8.000000000000000000e+00 3.000000000000000000e+00 -5.759746511172477312e+01
1.050158402775337230e+00 2.210921873771005686e+00 5.464444857837320590e+00 5.840543982336722451e+00 1.256787528156075195e+00 7.734502159978502434e-01 5.099598795669613160e-01 3.920461818814765298e+00 3.000000000000000000e+00 1.400000000000000000e+01 3.000000000000000000e+00 -1.120398044220660267e+02
5.322696577735209766e-01 2.745513953261797813e+00 3.154684019582286503e+00 4.455157675974842135e+00 9.318696822715837325e-01 5.874214464146743087e-01 6.533044687766301761e-01 4.840843551980480441e+00 5.000000000000000000e+00 7.000000000000000000e+00 2.000000000000000000e+00 -1.004988564963070166e+04
2.201686595127306134e+00 1.078935929138313599e+00 8.938742531168198724e+00 8.778316214051232080e+00 2.879685746592469009e+00 8.315909805903715091e-01 3.365234155353673540e-01 4.124934807233214151e+00 6.000000000000000000e+00 2.000000000000000000e+01 2.000000000000000000e+00 -1.008872005839604753e+04
1.480494637795575663e+00 2.671203749612333755e+00 8.331156250609067726e+00 8.995576929876692773e+00 1.896372222272625585e+00 2.242603810479000259e+00 2.818885401311832517e-01 2.513739570176440008e+00 4.000000000000000000e+00 1.900000000000000000e+01 3.000000000000000000e+00 -1.008818500092104296e+04
1.300257788935672565e+00 2.670318546510859647e+00 3.651267828695119899e+00 6.089444102817770599e+00 1.363987382488236699e+00 1.713396449879106331e+00 6.280866001851906910e-01 3.434812482778898612e+00 1.100000000000000000e+01 9.000000000000000000e+00 2.000000000000000000e+00 -7.961557411240053739e+01
1.758622665865408496e+00 2.518590747856666479e+00 3.416498079737635862e+00 3.868423065201870514e+00 1.866878415041688388e+00 1.143494976214140868e+00 2.786854320753792136e-01 2.862148996510699650e+00 5.000000000000000000e+00 1.200000000000000000e+01 3.000000000000000000e+00 -6.901472211643064725e+01
1.226632196006286479e+00 8.671782309609943340e-01 5.118165148836375522e+00 1.370240654107322431e+00 1.633034487815947067e+00 8.293145033075064454e-01 7.230167007494580078e-01 2.725996480924099075e+00 0.000000000000000000e+00 8.000000000000000000e+00 4.000000000000000000e+00 -7.419626878396381642e+01
1.198068105777720938e+00 8.355953536272036075e-01 3.080000101403812085e+00 2.919920506958363582e+00 9.779194449050223614e-01 2.892980616876333899e-01 2.683454651347376707e-01 4.466349433104994660e+00 7.000000000000000000e+00 3.000000000000000000e+00 5.000000000000000000e+00 -6.585541221235489218e+01
3.302873842166111351e-01 2.064487246091523343e+00 3.393149005744119151e+00 2.764788477756025653e+00 2.618641365171675339e+00 9.604797125633416366e-01 1.748016073925706126e-01 3.406794025717463814e+00 3.000000000000000000e+00 1.400000000000000000e+01 3.000000000000000000e+00 -1.037266677882764014e+02
1.145535578521114539e+00 2.719193367511111514e+00 3.555628396890120779e+00 7.791199353180237708e+00 2.865658388238324639e-01 1.795572443241292504e+00 6.573370906562834293e-01 2.458199589276597763e+00 6.000000000000000000e+00 1.100000000000000000e+01 5.000000000000000000e+00 -3.122019398893473294e+02
1.056673015444788977e+00 2.222676656575132359e+00 2.095168248794182730e+00 6.307203744212864116e+00 1.611760059579714799e+00 9.768435548522913514e-01 4.309893860097256391e-01 4.491694819704223463e+00 4.000000000000000000e+00 1.300000000000000000e+01 4.000000000000000000e+00 -2.763950684986022566e+02
1.711574566306559797e+00 1.581468450741632559e+00 5.628721600889506682e+00 6.736961864374737985e+00 2.414497708053366942e+00 1.066213241839928827e+00 3.014949376725432062e-01 4.250775251531811350e+00 4.000000000000000000e+00 1.800000000000000000e+01 4.000000000000000000e+00 -2.041430219069145267e+02
1.372746165222878956e+00 2.383894516556003040e+00 4.470596819776718078e+00 1.651990853596994935e+00 1.993916781536546612e+00 1.290333651595045872e+00 1.977099805546065625e-01 4.642710885103376484e+00 5.000000000000000000e+00 8.000000000000000000e+00 1.000000000000000000e+00 -7.267978082149055297e+01
1.069745230622938470e+00 2.112373354993122732e+00 7.723744654727245695e+00 9.096898455934359973e+00 5.312257452927451329e-01 1.556231213482739184e+00 7.376052719703871663e-01 2.579184872083072566e+00 7.000000000000000000e+00 1.800000000000000000e+01 4.000000000000000000e+00 -1.179322821130700731e+02
2.556216660995645373e+00 1.852621508066473854e+00 5.058813865466496473e+00 6.553681280734893200e+00 2.025499909465878989e+00 7.929646435096563417e-01 9.731665086945321397e-01 2.702814013537754523e+00 1.100000000000000000e+01 1.300000000000000000e+01 4.000000000000000000e+00 -2.038377010231340307e+02
7.744926317019396045e-03 5.178170395684323912e-01 4.516515687578903204e+00 9.292609280818746598e+00 1.963218571547897806e+00 7.994166107801440324e-01 2.923301836640819773e-01 2.616920781774501492e+00 9.000000000000000000e+00 1.800000000000000000e+01 3.000000000000000000e+00 -3.434653342299819769e+02
1.471455657706376208e+00 2.088931397278928959e+00 9.352768096145384291e+00 8.525990367196190078e+00 1.153028785637072673e+00 1.767306089374471867e+00 1.890736615316634672e-01 4.147330625998090881e+00 4.000000000000000000e+00 1.400000000000000000e+01 1.000000000000000000e+00 -8.360786390840316074e+01
2.651326895142255502e+00 1.706465862688890223e+00 8.307382481427111998e+00 3.288594773299430507e+00 2.986813126669476404e+00 1.813288997018945192e+00 6.923927122192459205e-01 4.227969151193876840e+00 6.000000000000000000e+00 2.000000000000000000e+00 3.000000000000000000e+00 -6.432982516957594044e+01
2.779597746986587570e+00 2.527251651321120285e+00 4.904917082070793910e+00 1.734163149163144180e+00 2.557017581450966137e+00 1.170060553697206407e-01 5.747664156205232189e-01 3.208942682701160898e+00 0.000000000000000000e+00 5.000000000000000000e+00 5.000000000000000000e+00 -2.248381149520212432e+02
9.341545679031320049e-01 1.896473595844804905e+00 5.623766814059160346e+00 1.990218643294225931e+00 7.898225913262861830e-01 1.327963754824854403e+00 6.143876967658757904e-01 2.334720487648146658e+00 1.100000000000000000e+01 4.000000000000000000e+00 3.000000000000000000e+00 -5.957323298455676763e+01
6.308418704379806785e-01 4.616399016609183947e-01 8.398499850677145773e+00 3.842315477383565714e+00 3.179523472785741323e-01 2.529715492507033314e+00 6.958595419072158839e-01 2.864404790240222098e+00 1.000000000000000000e+01 1.300000000000000000e+01 1.000000000000000000e+00 -8.711529901679433863e+01
1.026960675047185578e+00 2.684002683982681159e+00 5.674639617304801043e+00 4.600164489227905662e+00 1.187264049386367537e+00 1.175026292860129384e+00 4.976277015622557753e-01 2.900943006898129894e+00 5.000000000000000000e+00 6.000000000000000000e+00 3.000000000000000000e+00 -1.047195773478718195e+02
1.841546866398538151e+00 2.167784742308701773e+00 3.856997690727058892e+00 8.453008750889058120e+00 2.224780612259283252e+00 1.848443306253482188e+00 5.051047730097468769e-01 4.364249850696308108e+00 4.000000000000000000e+00 1.900000000000000000e+01 4.000000000000000000e+00 -1.009862221894137292e+04
1.131450611904023740e+00 1.310594534742811623e-01 1.994088212734630439e+00 2.587598306463416709e+00 8.873093094413309068e-01 1.163956554799379539e+00 9.551585784393401557e-01 2.509885918439421104e+00 4.000000000000000000e+00 5.000000000000000000e+00 3.000000000000000000e+00 -6.993188907839595458e+01
2.779597746986587570e+00 2.527251651321120285e+00 4.904917082070793910e+00 1.734163149163144180e+00 2.557017581450966137e+00 1.170060553697206407e-01 5.747664156205232189e-01 3.208942682701160898e+00 0.000000000000000000e+00 5.000000000000000000e+00 5.000000000000000000e+00 -2.248381149520212432e+02
