1.278685568557384356e+00 9.133866580388889655e-01 4.129264603716999105e+00 2.757184767952333804e+00 1.061742684982037499e+00 9.958393632185396083e-01 2.086874711400069915e-01 3.476758807101023585e+00 7.000000000000000000e+00 1.200000000000000000e+01 3.000000000000000000e+00 -8.266865981798319751e+01
2.694984722224534668e+00 1.033584582949758968e+00 6.565608509506252410e+00 4.295724763028722748e+00 2.498930905026193638e+00 1.315561822054540642e+00 7.674638649105054444e-01 3.774304629315125226e+00 9.000000000000000000e+00 9.000000000000000000e+00 3.000000000000000000e+00 -8.266185275701339208e+01
1.902702720174799467e+00 1.560376776100115492e+00 2.390866537589153573e+00 4.865389362885268909e+00 7.843872253199550837e-01 1.052280806851931150e+00 2.175960361873600923e-01 4.095268891093129859e+00 8.000000000000000000e+00 5.000000000000000000e+00 5.000000000000000000e+00 -6.892605606112634575e+01
1.350774423182731887e+00 1.812340577118659368e+00 5.447122920629579035e+00 4.585164983755171342e+00 2.370990393543524366e+00 2.157164990818827732e+00 6.294342029943257311e-01 2.917060649968940655e+00 3.000000000000000000e+00 5.000000000000000000e+00 2.000000000000000000e+00 -1.006301950619560375e+04
1.180408023554390340e+00 2.359120633545713552e+00 6.443811050702992205e+00 3.826157535249351760e+00 2.373325138770474574e+00 1.201609164976286781e+00 7.396994502310173525e-01 4.070902831242209530e+00 5.000000000000000000e+00 1.100000000000000000e+01 3.000000000000000000e+00 -1.006299302593864411e+02
1.427848511278858146e+00 1.501164486476761484e+00 4.163470639697283815e+00 7.023364187108918522e+00 1.943322341366369388e+00 1.466900589678332256e+00 5.047977506832498351e-01 3.186315027388161525e+00 3.000000000000000000e+00 8.000000000000000000e+00 2.000000000000000000e+00 -1.161006390359154778e+02
1.472393883932479053e+00 2.295543222580761711e+00 7.649254763851809358e+00 7.067725026624098739e+00 1.626330650246822440e+00 1.634858049511585865e+00 6.667871699566944865e-02 3.752779514571650932e+00 8.000000000000000000e+00 1.900000000000000000e+01 1.000000000000000000e+00 -1.005713568930962356e+04
1.439764004372492634e+00 1.574392555345452305e+00 4.860237309961615182e+00 4.641147214995232417e+00 2.381652376145830807e+00 1.227935708370767376e+00 3.106661983829706597e-01 3.181021411167852531e+00 4.000000000000000000e+00 1.100000000000000000e+01 2.000000000000000000e+00 -6.814943345395903407e+01
3.097806200107122709e-01 2.348170346052449453e+00 1.347258538196369315e+00 5.852570838812209075e+00 1.911623973788152409e+00 1.479207618662720547e+00 7.202910757102798378e-01 4.464795485986526202e+00 4.000000000000000000e+00 9.000000000000000000e+00 5.000000000000000000e+00 -7.280263524095620653e+01
7.594808505076395821e-01 1.696256807673734102e+00 2.092927061231846242e+00 8.857507596974034669e+00 1.440272455480356095e+00 7.341796013383463659e-01 1.324940000693158038e-01 4.677785546188665933e+00 6.000000000000000000e+00 9.000000000000000000e+00 5.000000000000000000e+00 -7.593089680324823121e+01
2.367223337492778246e+00 1.388331414132837338e+00 4.342190086931344339e+00 7.003369250907837795e+00 2.833229002932180052e+00 2.131686805199557888e+00 4.161145475569262286e-01 3.558655050710612056e+00 4.000000000000000000e+00 9.000000000000000000e+00 4.000000000000000000e+00 -9.020606450417464828e+01
3.930185011430644693e-01 2.368375046599263012e+00 5.756888184042515455e+00 9.280790309117566750e+00 1.631809712102497478e+00 1.294624636387761596e+00 6.205246580821941471e-01 3.460416334052366150e+00 3.000000000000000000e+00 1.000000000000000000e+01 2.000000000000000000e+00 -1.008561878422854716e+04
2.351138854414710266e+00 2.159916134887727157e+00 7.119701035267583578e+00 6.557331323381425214e+00 2.189453451971599574e+00 2.634715855366661863e+00 5.110125989618521380e-01 3.750514298783845124e+00 5.000000000000000000e+00 3.000000000000000000e+00 1.000000000000000000e+00 -1.003074891304206358e+04
2.213989816542780709e+00 1.849800033746705097e+00 6.398412177365213616e+00 4.810661345403700828e+00 2.578143327515741490e+00 1.402753027686135745e+00 5.979314156599335739e-01 3.927231161427142681e+00 2.000000000000000000e+00 1.300000000000000000e+01 4.000000000000000000e+00 -1.022273123872531141e+04
1.256611476474842393e+00 2.376093623491326579e+00 4.525942674878677963e+00 4.800173734589506580e+00 1.714734983008066482e+00 1.126940714435942237e-02 2.421962750188376701e-01 3.336426548863394181e+00 5.000000000000000000e+00 1.000000000000000000e+01 4.000000000000000000e+00 -1.970932377122807964e+02
7.747029025792360191e-01 2.577043277987213443e+00 5.536257329007658434e+00 7.424301363556821798e+00 7.822968497477962302e-01 8.159294642303724920e-01 9.509411522043431653e-01 3.673553055108134124e+00 4.000000000000000000e+00 1.100000000000000000e+01 4.000000000000000000e+00 -2.828101887318488821e+02
2.252399782949625173e+00 2.212968612379406785e+00 4.762757127310187855e+00 6.476003184215961994e+00 2.104307153577783307e+00 1.970826985266371345e+00 4.116798616537449829e-01 4.296457872716629822e+00 8.000000000000000000e+00 1.100000000000000000e+01 3.000000000000000000e+00 -7.829523475547480871e+01
1.588392338217486932e+00 1.766071189802046248e+00 3.738360284487279195e+00 4.874621538172982049e+00 2.091861804007547843e+00 4.986547314414455645e-01 2.968499647449532319e-01 2.896654836708551173e+00 4.000000000000000000e+00 1.400000000000000000e+01 5.000000000000000000e+00 -2.833703508422357231e+02
2.423924027734837949e+00 2.093817123304943628e+00 3.706617243411494123e+00 3.508806779762777772e+00 1.838200889501840685e+00 2.165927813570758254e-01 9.181835734234122803e-01 2.709577334460335329e+00 5.000000000000000000e+00 1.200000000000000000e+01 5.000000000000000000e+00 -2.524765513648736146e+02
1.683924796073912766e+00 1.593460787622365871e+00 8.346612523080541024e+00 7.822032910282064933e+00 2.917216982867477437e+00 1.676819991500779317e+00 1.068257614959909618e-02 3.413153372465617341e+00 6.000000000000000000e+00 1.400000000000000000e+01 3.000000000000000000e+00 -8.975617876017531671e+01
1.484461754022947666e+00 9.068104111421877445e-01 5.832642971961094602e+00 5.848865229827335810e+00 2.777123140405456936e-01 1.607853847820459592e+00 5.452602346753775420e-01 3.723946600560638753e+00 8.000000000000000000e+00 1.100000000000000000e+01 2.000000000000000000e+00 -7.944053600326411413e+01
1.014421935445090295e+00 2.551628922228217355e+00 2.831942404053692908e+00 6.494632971538519151e+00 8.021517159159921029e-01 2.042634633352420792e+00 5.526344356607741926e-01 3.263729957712283802e+00 7.000000000000000000e+00 8.000000000000000000e+00 5.000000000000000000e+00 -1.004003232809086148e+04
1.978918473864106131e+00 2.900234830898157146e+00 4.630049148435650963e+00 5.382636763572609340e+00 7.072218701589361167e-01 8.109007003606645281e-01 3.071000965201312050e-01 3.258949703710151358e+00 3.000000000000000000e+00 1.200000000000000000e+01 4.000000000000000000e+00 -1.584102863475158074e+02
1.051764617227932463e+00 1.475283608839578653e+00 4.199798161494071813e+00 1.316620595513045666e+00 2.416122346292187473e+00 1.150846579157969174e+00 1.655802637202737626e-01 3.664908947289202246e+00 4.000000000000000000e+00 9.000000000000000000e+00 1.000000000000000000e+00 -1.004751939476490588e+04
1.275893552615950721e+00 1.583730602548322652e+00 5.411225264873557705e+00 4.776388612806251821e+00 1.920557414888234948e+00 1.790034836836046805e+00 5.963428210849990307e-01 3.664949801521516282e+00 7.000000000000000000e+00 1.500000000000000000e+01 2.000000000000000000e+00 -1.008097174341404570e+04
2.251397848113472655e+00 2.606809752265264013e+00 6.139171809588478190e+00 5.528962296320451664e+00 1.220974638506699739e+00 8.954594541465138446e-01 9.236530497201463907e-01 2.478653677472915096e+00 1.100000000000000000e+01 6.000000000000000000e+00 3.000000000000000000e+00 -8.151372924949380661e+01
1.214629318271776004e+00 1.927820463988708433e+00 5.313694566663428986e+00 5.708216574766351137e+00 1.471668865843766216e+00 1.288204217086790893e+00 3.917484026407743736e-01 3.904824419877031882e+00 7.000000000000000000e+00 7.000000000000000000e+00 2.000000000000000000e+00 -1.004781020681377595e+04
1.293604662669394001e+00 1.914265868700726569e+00 3.850688115223281915e+00 1.119129769481868264e+00 1.205724803623122288e+00 8.055415788473372363e-01 7.661049158428681616e-02 4.126512675568478450e+00 5.000000000000000000e+00 6.000000000000000000e+00 3.000000000000000000e+00 -8.225202936560836520e+01
5.948887671506772890e-01 1.242233573100538058e+00 1.338824849938414996e+00 7.089334365455626674e+00 2.145870151276172422e+00 6.354174358524806721e-01 2.527702382281544757e-01 3.595344277999017901e+00 4.000000000000000000e+00 1.700000000000000000e+01 2.000000000000000000e+00 -1.164363792721590158e+02
1.318674434426687636e+00 1.463122158216118240e+00 9.317181416133440308e+00 9.474210610488533746e+00 1.345461430076306586e+00 1.929720218374635365e+00 1.317572155530402356e-01 4.422296261369398351e+00 8.000000000000000000e+00 1.300000000000000000e+01 2.000000000000000000e+00 -1.008829376155629689e+04
1.454553321569343138e+00 2.190607625863076002e+00 6.720437062975607390e+00 5.442742854715042711e+00 1.265318027784972266e+00 1.303011305653262175e+00 6.554217660794925404e-01 3.461074593830711255e+00 1.100000000000000000e+01 1.400000000000000000e+01 3.000000000000000000e+00 -8.609196175399165440e+01
6.605078830511122989e-01 1.960457184327283997e+00 3.001544633200956103e+00 3.388857543700520392e+00 1.657591754704464959e+00 3.734946476611027411e-01 9.182158323108599030e-01 4.101152166500557250e+00 7.000000000000000000e+00 9.000000000000000000e+00 3.000000000000000000e+00 -1.983957895073433235e+02
1.458535144607641776e+00 1.132175153902054809e+00 5.808640460918695680e+00 2.919600399775888366e+00 1.744410797826829507e+00 1.177181704653551320e+00 3.368334925969784788e-01 3.480508573738856359e+00 8.000000000000000000e+00 9.000000000000000000e+00 3.000000000000000000e+00 -7.713838331607959731e+01
1.382089024819182388e+00 2.470892726985774779e+00 5.048861690560531912e+00 7.071776260040762097e+00 1.636182066962249326e+00 1.733253647474399362e+00 4.813338024564829953e-01 4.184502113060215578e+00 9.000000000000000000e+00 1.400000000000000000e+01 2.000000000000000000e+00 -1.008829118840703995e+04
1.637141233285013486e+00 2.005945743570789030e+00 3.235161517963665023e+00 3.666529436816763354e+00 2.353417824843566208e+00 1.543801670969615181e+00 4.197042158053442273e-01 3.372985122196583863e+00 6.000000000000000000e+00 1.100000000000000000e+01 3.000000000000000000e+00 -1.085445212513603508e+02
6.512778364470188652e-01 1.727530120074561637e+00 5.739414922567709354e+00 3.721518091174065734e+00 2.778886326760920955e-02 2.072702825050184217e+00 6.024826810750205652e-01 2.028664876558416985e+00 1.100000000000000000e+01 1.100000000000000000e+01 2.000000000000000000e+00 -8.890621863340570030e+01
1.078412804086138710e+00 2.965350353347128376e+00 3.980273707856495591e+00 2.782939397399619263e+00 1.460995386012519770e+00 7.354845122555696557e-01 6.519015827222492954e-01 4.609360617143180683e+00 9.000000000000000000e+00 2.000000000000000000e+01 4.000000000000000000e+00 -3.653877979938778822e+02
7.664511379198124530e-01 2.674549869512446776e+00 1.794964212041963769e+00 8.207701124798333581e+00 1.394600463460751616e+00 2.205035764260461217e+00 6.683441028745223944e-01 2.683627745312737733e+00 7.000000000000000000e+00 1.300000000000000000e+01 4.000000000000000000e+00 -1.008210122307434722e+04
2.716087604987667881e+00 2.302197112113905320e+00 4.777000393560271618e+00 2.384790931337660957e+00 2.582521166191559914e+00 2.061659077516831140e-01 4.537406509387609255e-01 3.349935016114490960e+00 2.000000000000000000e+00 5.000000000000000000e+00 5.000000000000000000e+00 -9.101429593263721074e+01
9.267974427550934591e-01 2.019784602417563080e-01 8.584503941401182558e+00 3.275994949112383203e+00 2.582149237699291611e-01 2.814611295471574959e+00 7.816972115663691767e-01 3.031583720087751566e+00 1.100000000000000000e+01 1.500000000000000000e+01 1.000000000000000000e+00 -3.378376760014981528e+02
3.522117406530630435e-01 2.638750944630702477e+00 5.046534110407578488e+00 6.417787722346439239e+00 1.937630564614681639e+00 7.742316110341709301e-01 4.129127154718277293e-01 2.875933723657106089e+00 7.000000000000000000e+00 5.000000000000000000e+00 3.000000000000000000e+00 -7.472444540050155126e+01
2.808760240332637714e+00 2.449462265000444727e+00 3.652999330722107363e+00 4.085929167847973886e+00 1.924453146778654311e+00 2.440265951316709980e+00 6.401534207037263835e-01 4.404269918924591742e+00 6.000000000000000000e+00 7.000000000000000000e+00 1.000000000000000000e+00 -7.242888284493673723e+01
1.365526171445616166e+00 8.262950722407395032e-01 3.703638001656515577e+00 1.932899598686153686e+00 1.366825748898534476e+00 7.069544887396035371e-01 4.923669222201302320e-01 4.465731155383696027e+00 8.000000000000000000e+00 3.000000000000000000e+00 5.000000000000000000e+00 -6.637948866666144454e+01
4.352862430717526765e-01 2.202608163389554452e+00 2.462698073311054614e+00 3.672190546757223117e+00 2.581905117089397184e+00 6.265468513921210736e-01 1.108319339876112919e-01 3.727428845450002637e+00 1.000000000000000000e+00 1.200000000000000000e+01 4.000000000000000000e+00 -8.586867101053934448e+01
1.522607687315779890e+00 2.832158829818099743e+00 1.145316085264732608e+00 3.620488862217441373e+00 2.799285990035264682e+00 1.514816674652913031e+00 1.816902580795324018e-01 3.709118179014387895e+00 6.000000000000000000e+00 1.800000000000000000e+01 2.000000000000000000e+00 -1.135190260219886795e+02
4.662534636071364869e-01 2.415693885214913461e+00 3.006654582198657444e+00 4.813716797772459977e+00 9.438246954176789938e-01 1.659606536351373007e+00 7.668108042762349363e-01 3.485367045485256554e+00 9.000000000000000000e+00 1.000000000000000000e+01 1.000000000000000000e+00 -1.006229044871920087e+04
1.192544230295270680e+00 2.269946228232965879e+00 5.977449194369223839e+00 5.272227603041768518e+00 1.273217694578806070e+00 1.681737154811408175e+00 5.826862628119128251e-01 4.266619700891970624e+00 3.000000000000000000e+00 1.600000000000000000e+01 3.000000000000000000e+00 -2.851259671540453837e+02
2.716087604987667881e+00 2.302197112113905320e+00 4.777000393560271618e+00 2.384790931337660957e+00 2.582521166191559914e+00 2.061659077516831140e-01 4.537406509387609255e-01 3.349935016114490960e+00 2.000000000000000000e+00 5.000000000000000000e+00 5.000000000000000000e+00 -9.101429593263721074e+01
