1.578006140481164055e+00 2.096132137257007866e+00 4.613553269006525959e+00 4.753485903757604270e+00 2.301134837773164854e+00 1.179037589380712792e+00 2.456524445875005180e-01 3.052280164774505256e+00 7.000000000000000000e+00 1.400000000000000000e+01 3.000000000000000000e+00 -1.826586816730913085e+02
1.964864883869008372e+00 2.317359494380974994e+00 3.707845196488030126e+00 2.254421705680361043e+00 1.844267842194058371e+00 1.339516156606014752e+00 3.929259163086063489e-01 3.424792489801976370e+00 5.000000000000000000e+00 1.300000000000000000e+01 3.000000000000000000e+00 -9.549493436251540857e+01
2.200417927160348341e+00 1.828684561325414126e+00 4.703724707473891264e+00 3.594107385596165383e+00 2.051041832523863739e+00 1.562468905847513856e+00 5.162390320827561219e-01 2.784144580901967814e+00 8.000000000000000000e+00 1.000000000000000000e+01 4.000000000000000000e+00 -1.396633093526665732e+02
1.782722902218313976e+00 1.116232446610562867e+00 4.267566274554897454e+00 2.990814729057549748e+00 1.391931772899221098e+00 1.396128624681002073e+00 5.369715924249288674e-01 3.268843952853431212e+00 7.000000000000000000e+00 1.000000000000000000e+01 4.000000000000000000e+00 -1.617772891818717937e+02
1.450514432736663473e+00 1.697281080544642551e+00 3.642172960042938445e+00 6.166928962844282935e+00 2.931652210410558457e+00 1.025614739544223220e+00 4.122612623151378219e-01 3.954570471424984746e+00 9.000000000000000000e+00 8.000000000000000000e+00 3.000000000000000000e+00 -1.282343371279181667e+02
1.976682242604114625e+00 1.963806513555207856e+00 3.186080979461810792e+00 2.676411287572060260e+00 2.247670041842775301e+00 6.277614078566857714e-01 5.687718039107987344e-01 3.595023628247705716e+00 7.000000000000000000e+00 7.000000000000000000e+00 5.000000000000000000e+00 -7.535948168856641871e+01
8.820431031733815264e-01 2.288806328930357736e+00 2.784246393443151391e+00 6.276590542340814594e+00 1.560901810774511622e+00 3.849433392864237691e-01 4.973360157936304038e-01 3.338477316645403814e+00 6.000000000000000000e+00 8.000000000000000000e+00 5.000000000000000000e+00 -1.589532480250711615e+02
1.781001605959542822e+00 2.247495348169465501e+00 3.568849993844193769e+00 4.434790656472702430e+00 1.660063027333396057e+00 9.848805573397030333e-01 2.664155585880904065e-01 3.410479132724423934e+00 4.000000000000000000e+00 1.300000000000000000e+01 3.000000000000000000e+00 -1.006305128954731299e+04
1.661517394949277859e+00 2.529038344531884697e+00 6.836255725159553265e+00 4.698924743048960906e+00 1.916208390457012856e+00 7.288385755665947041e-01 4.940759449942212500e-01 2.866426385471370075e+00 7.000000000000000000e+00 8.000000000000000000e+00 4.000000000000000000e+00 -1.747058132300218176e+02
1.676407499392717160e+00 1.953112984589740364e+00 3.403523981538087106e+00 4.158480833156619205e+00 1.872203254321535004e+00 3.272298111322516356e-01 3.214611318291484277e-01 3.063884590737568470e+00 3.000000000000000000e+00 6.000000000000000000e+00 5.000000000000000000e+00 -1.208804452966231224e+02
1.254924112239774514e+00 1.976966935895134725e+00 3.920806428195608540e+00 4.693537246860708834e+00 2.064827242853467748e+00 2.246167112048600423e+00 5.094661630184599277e-01 3.750733030303281090e+00 5.000000000000000000e+00 1.100000000000000000e+01 2.000000000000000000e+00 -1.011317723160137393e+04
2.419231535680241407e+00 2.011708206445041114e+00 4.100426694481140721e+00 5.362929762639215170e+00 2.522775611042929800e+00 1.609076162558265022e+00 3.404973166944109675e-01 3.101922532110813702e+00 8.000000000000000000e+00 1.200000000000000000e+01 3.000000000000000000e+00 -8.141177399634263168e+01
1.982974363105763027e+00 2.040519739181459791e+00 2.379583106188753572e+00 4.183720334087962733e+00 1.998030628086088889e+00 1.420951005992443950e+00 3.959734647477435865e-01 3.712447670483527418e+00 9.000000000000000000e+00 1.100000000000000000e+01 4.000000000000000000e+00 -7.473632262117081382e+01
1.611831017946310451e+00 1.838848257074753301e+00 2.496361142772206332e+00 3.019077645664248521e+00 2.045736814332039799e+00 8.281372279670884406e-02 4.523337084894531457e-01 3.352397406365264843e+00 7.000000000000000000e+00 1.000000000000000000e+01 4.000000000000000000e+00 -1.730798195140196469e+02
2.708073944793660814e+00 1.641125063199747824e+00 3.384018625978804540e+00 3.077458191664759202e+00 2.406678723531185060e+00 9.128127960916987416e-02 3.124360150707389261e-01 4.372756602850178531e+00 5.000000000000000000e+00 5.000000000000000000e+00 4.000000000000000000e+00 -8.185998257830121361e+01
1.999320530571231824e+00 2.334147893103379445e+00 3.694095663120925188e+00 7.409399793013662361e+00 2.090068804194962215e+00 8.763568173939402239e-01 6.649232300698666442e-01 3.289276263175352710e+00 3.000000000000000000e+00 7.000000000000000000e+00 4.000000000000000000e+00 -2.417038016197613501e+02
1.201879109092867992e+00 1.989560193810213873e+00 3.397656524246144727e+00 3.263263718653302892e+00 2.166665341451802451e+00 5.031209202640325451e-01 3.308086445139972742e-01 3.079566183097354859e+00 6.000000000000000000e+00 7.000000000000000000e+00 4.000000000000000000e+00 -1.510298817915804364e+02
1.980147659756579248e+00 1.255873853529387407e+00 7.682637599256535665e+00 4.461614399996486569e+00 2.172946173398137226e+00 1.861853845335838198e+00 3.115819156974402593e-01 3.411356945159801146e+00 5.000000000000000000e+00 1.000000000000000000e+01 3.000000000000000000e+00 -5.382484274222952081e+01
2.282788962635147634e+00 1.963608552332857915e+00 3.320346664930245328e+00 5.756296459372514107e+00 1.877870328636803254e+00 1.295799521822819766e+00 2.644157080373119584e-01 3.378557821724321730e+00 7.000000000000000000e+00 9.000000000000000000e+00 4.000000000000000000e+00 -6.387691583826835995e+01
1.726484754161292212e+00 1.611723871515428730e+00 3.365755587424102302e+00 4.240957200574869468e+00 1.736226908334066010e+00 7.970352931062419932e-01 3.511819110817310241e-01 2.585163562591060504e+00 5.000000000000000000e+00 9.000000000000000000e+00 3.000000000000000000e+00 -1.555369440666223966e+02
2.716142026901603668e+00 1.767992954082763912e+00 2.252396327619853089e+00 2.944039426451813490e+00 2.113196250821961275e+00 2.302643397927801039e-01 2.418911378530258227e-01 2.551110139464980442e+00 4.000000000000000000e+00 1.100000000000000000e+01 4.000000000000000000e+00 -1.923253408763588936e+02
1.870562296597436003e+00 2.240030680268620511e+00 1.840394460727611703e+00 3.507242631088085094e+00 1.234106872363849527e+00 6.191354958405201891e-01 3.981254856873612802e-01 2.488816082885102698e+00 4.000000000000000000e+00 1.100000000000000000e+01 3.000000000000000000e+00 -1.681768005351313775e+02
2.268314354546519418e+00 1.792966386966704073e+00 3.512512092430345234e+00 2.627456271478126659e+00 1.746518547806256594e+00 1.127768008774442166e+00 4.184963490547033427e-01 2.370557831163829565e+00 5.000000000000000000e+00 9.000000000000000000e+00 4.000000000000000000e+00 -1.021347619431460458e+02
2.215858503779469135e+00 2.353098050838053013e+00 3.830989084800930478e+00 3.788200169051842980e+00 2.061028980432038971e+00 1.691818257994024965e-01 3.623057286279768308e-01 3.658606682481647443e+00 4.000000000000000000e+00 1.100000000000000000e+01 4.000000000000000000e+00 -2.319826914431187106e+02
1.469989115148552683e+00 2.553036383394496234e+00 1.671817269017017882e+00 5.611469190288085329e+00 2.158717126155881072e+00 1.405802771248993999e+00 3.462703993927782609e-01 3.124736372149352626e+00 5.000000000000000000e+00 8.000000000000000000e+00 5.000000000000000000e+00 -1.003321925791202557e+04
1.973650293161438807e+00 2.097790883295296727e+00 1.971060427818117855e+00 4.966251343699720877e+00 2.152861118506270266e+00 7.540510496710904897e-01 4.709751965196804502e-01 3.118527336356236912e+00 4.000000000000000000e+00 1.200000000000000000e+01 3.000000000000000000e+00 -2.310570156374806174e+02
2.324283302787282679e+00 1.345042080317508937e+00 2.157130704316515324e+00 5.607405714951228859e+00 2.021579535024001562e+00 6.614551969106334806e-01 4.018299682846906973e-01 3.229396980932878858e+00 4.000000000000000000e+00 8.000000000000000000e+00 4.000000000000000000e+00 -7.652383751403962719e+01
1.687642881672728468e+00 1.799224083372469529e+00 7.582998559996226184e+00 5.084574617917449579e+00 2.078224961989662223e+00 1.001911521467823363e+00 5.377921302393114944e-01 2.221612028473812117e+00 4.000000000000000000e+00 4.000000000000000000e+00 4.000000000000000000e+00 -2.212958530475780776e+02
1.459742317639310949e+00 1.834930651024120118e+00 2.664603178201798706e+00 4.076328966816951116e+00 2.228874463601218103e+00 1.599244293004636663e+00 3.155894276689117373e-01 2.494551540150631741e+00 4.000000000000000000e+00 1.300000000000000000e+01 4.000000000000000000e+00 -1.103621287463075618e+02
2.454103391548589030e+00 1.497974676102447944e+00 5.859927562819581937e+00 5.770810021234302312e+00 1.385617833046376424e+00 1.646375694980337201e+00 2.631518627589046755e-01 4.264439036535418559e+00 4.000000000000000000e+00 1.000000000000000000e+01 3.000000000000000000e+00 -5.971507129699925542e+01
1.521804237981651653e+00 1.731353171359538035e+00 5.051105646002588045e+00 2.628212846121383617e+00 1.841784025914704692e+00 9.765829213329593195e-01 4.600907861334078697e-01 3.557572299849850683e+00 4.000000000000000000e+00 1.000000000000000000e+01 3.000000000000000000e+00 -9.032218586577056385e+01
1.891631427928107234e+00 1.487043825772215833e+00 6.208003133015528086e+00 4.989852379972383289e+00 2.576406061982360995e+00 8.173506661182136090e-01 3.437590765163549555e-01 2.651295602031876086e+00 8.000000000000000000e+00 8.000000000000000000e+00 4.000000000000000000e+00 -1.081646922351675641e+02
1.462386276958539622e+00 1.853408523890585746e+00 3.519190149693684155e+00 3.591392190607086476e+00 1.492974504324999341e+00 7.696918284963969459e-01 3.081667732996148934e-01 2.664655023991498339e+00 6.000000000000000000e+00 7.000000000000000000e+00 3.000000000000000000e+00 -8.988833986302758206e+01
1.926813792025108718e+00 2.642512639047303047e+00 2.177126750512234032e+00 4.522001710660938478e+00 2.883752709868731667e+00 3.074175641246001955e-01 6.220980346307065645e-01 3.470573897311479694e+00 5.000000000000000000e+00 1.300000000000000000e+01 3.000000000000000000e+00 -8.580767493285163994e+01
1.271177722278144406e+00 2.490358712405996044e+00 1.342554549328347058e+00 3.056305180964760115e+00 9.420294141128865428e-01 7.314023612958669984e-01 4.811930287700447173e-01 3.743075062257061880e+00 7.000000000000000000e+00 1.100000000000000000e+01 4.000000000000000000e+00 -8.918964001829034771e+01
3.589677509846961323e-01 1.167009465231622745e+00 2.599679478949804334e+00 1.779908773630759722e+00 2.662614592423254045e+00 8.810376141900809754e-01 4.092672718877520266e-01 2.889645017341009314e+00 1.000000000000000000e+01 7.000000000000000000e+00 4.000000000000000000e+00 -1.311553874420566785e+02
1.090255460010990163e+00 1.028375277880040795e+00 2.144253852587714615e+00 1.869142575235487325e+00 2.316777727488497529e+00 7.192777389844342562e-01 3.203334752217770198e-01 2.140215999471830610e+00 9.000000000000000000e+00 1.300000000000000000e+01 4.000000000000000000e+00 -2.419913913428502781e+02
1.988203591568553419e+00 2.730691714107496004e+00 3.833107852614155320e+00 1.567669084557953951e+00 2.644309720527650232e+00 4.593689004324038594e-01 6.465329409560949259e-01 4.275508812520305568e+00 7.000000000000000000e+00 7.000000000000000000e+00 2.000000000000000000e+00 -7.169050870151633603e+01
8.084941016205470232e-01 2.673215077823030583e+00 1.295230539772601830e+00 6.358728961760505172e+00 1.562989633469312967e+00 1.303924372964241130e+00 3.199293178985134212e-01 2.832488560144675205e+00 4.000000000000000000e+00 7.000000000000000000e+00 2.000000000000000000e+00 -8.349077962404992093e+01
8.657247825843291666e-01 2.479438819280139761e+00 5.673848913186588128e+00 5.826203116118648495e+00 2.094728591655087957e+00 2.528992685094128001e-01 3.991320057330415838e-01 2.472675785745502619e+00 3.000000000000000000e+00 1.100000000000000000e+01 2.000000000000000000e+00 -1.020406505738082342e+04
1.673066561362335225e+00 1.672068276898764472e+00 3.509360552637076136e+00 2.173963197229614064e+00 2.142352341211601008e+00 1.829825645269048895e+00 3.855432322248406596e-01 2.625482169569570257e+00 8.000000000000000000e+00 1.600000000000000000e+01 2.000000000000000000e+00 -3.105099115520109763e+02
2.602994271051256803e+00 2.365923720535358488e+00 1.163919794489475912e+00 4.301407077258573963e+00 2.653018865824877892e+00 1.080559054540024766e+00 5.103910495890360277e-01 3.598105847160883997e+00 9.000000000000000000e+00 1.200000000000000000e+01 5.000000000000000000e+00 -7.997880523205475356e+01
2.285222490876646084e+00 2.062558627453919824e-01 4.582931867897170441e+00 3.752260653265884205e+00 2.454728984658375524e+00 7.230002138338262885e-01 7.578144692255267545e-01 3.423724441730601420e+00 6.000000000000000000e+00 8.000000000000000000e+00 5.000000000000000000e+00 -7.955522287748775057e+01
1.678973818436551468e+00 2.627808512291451848e+00 1.826740616184257426e+00 3.082774414972368593e+00 2.065306806118651917e+00 3.415649058925222525e-01 4.573675403257280725e-01 3.331921006419734432e+00 5.000000000000000000e+00 4.000000000000000000e+00 4.000000000000000000e+00 -6.591103838748134081e+01
9.340593451077563447e-01 1.183748244417264672e+00 1.500165515277022354e+00 4.666709685888497994e+00 1.396605925768119150e+00 1.013220031446516067e+00 2.872049235159700453e-01 2.813618445437628512e+00 2.000000000000000000e+00 1.700000000000000000e+01 4.000000000000000000e+00 -2.185874506009369043e+02
8.334261864937908548e-01 1.386778472860291656e+00 5.697165187027851907e+00 4.406201760161129855e+00 2.044602980932233915e+00 2.329854604870614243e-01 1.952559400141444801e-01 3.119160606380283696e+00 7.000000000000000000e+00 1.400000000000000000e+01 3.000000000000000000e+00 -2.841967525946258775e+02
2.111673788417842257e+00 2.375459476251572610e+00 2.583409898268170135e+00 2.204448287620770941e+00 1.529635424623964068e+00 1.104079765314542216e+00 4.879351849330492708e-01 3.419051713764864608e+00 8.000000000000000000e+00 1.400000000000000000e+01 4.000000000000000000e+00 -2.401172002934004013e+02
1.819887128044605173e+00 1.859143994021503765e+00 1.592875317736112795e+00 5.521142536237910292e+00 2.565230710681445370e+00 6.722237203008522011e-01 1.714555731375793091e-01 3.007732018059032342e+00 1.000000000000000000e+00 3.000000000000000000e+00 4.000000000000000000e+00 -3.273175179590558770e+01
