1.272909426552608858e+00 2.265539726437568735e+00 3.060478026789359873e+00 3.420595374168546421e+00 2.909117709495705029e+00 1.121923263765807421e+00 3.230871865463367798e-01 3.629530650334791719e+00 8.000000000000000000e+00 7.000000000000000000e+00 4.000000000000000000e+00 -1.006060669476072871e+04
2.510746476718130449e+00 1.330940984584050524e+00 2.453635728315172848e+00 4.640203038150628956e+00 2.069895015819434470e+00 6.807453036336492680e-01 1.283370925092695847e-01 2.990073745234184788e+00 4.000000000000000000e+00 9.000000000000000000e+00 4.000000000000000000e+00 -1.054235968064157731e+02
4.969886667025101290e-01 9.896807731244239292e-02 3.071928154810184441e+00 5.705047237225679524e+00 2.052498594485710370e+00 8.613363366342169369e-01 7.419464127093189365e-01 2.919291498966007037e+00 1.000000000000000000e+00 9.000000000000000000e+00 4.000000000000000000e+00 -8.414710459188745517e+01
2.426284490862131271e+00 2.073355961012603554e+00 4.374592103535840160e+00 1.993857513150655514e+00 1.945727608259119945e+00 1.053674076744894217e+00 5.600251103185246437e-01 2.075405224877147514e+00 1.000000000000000000e+01 3.000000000000000000e+00 4.000000000000000000e+00 -5.507188279690370791e+01
2.864342598481827373e+00 1.703083410883173832e+00 5.054746506834417730e+00 4.601989551927294642e+00 2.391955136366035184e+00 6.607118747614653120e-01 3.481772929670298722e-01 3.265392396402444941e+00 4.000000000000000000e+00 9.000000000000000000e+00 3.000000000000000000e+00 -1.384408422359369411e+02
2.211352748388773382e+00 1.429722397434468828e+00 3.138358971773201667e+00 4.244233612100008379e+00 1.581827953666950837e+00 5.358552728279027955e-01 2.929168770940507871e-01 2.715430049292956838e+00 8.000000000000000000e+00 6.000000000000000000e+00 4.000000000000000000e+00 -7.522740285421252793e+01
2.710305480015719137e+00 1.390130862791429056e+00 1.708603919721896292e+00 7.201500911815046813e+00 2.457746223485986370e+00 8.200450443920773713e-01 5.253544782820144254e-01 3.188567468676981598e+00 5.000000000000000000e+00 4.000000000000000000e+00 4.000000000000000000e+00 -5.559750455621758647e+01
2.280970847815090075e+00 2.250024779587523227e+00 4.216465104406083242e+00 7.101500255779116699e+00 2.512320566070396666e+00 4.731200100376204420e-01 3.064832597325812813e-01 2.906944606728177227e+00 4.000000000000000000e+00 5.000000000000000000e+00 4.000000000000000000e+00 -9.318332003005485831e+01
2.577385468031347049e+00 1.459118059005602763e+00 1.314598708189005372e+00 2.186277919791655755e+00 1.792079247763803895e+00 1.011290847234665335e+00 6.171097991953694573e-01 3.245409053549388911e+00 6.000000000000000000e+00 6.000000000000000000e+00 4.000000000000000000e+00 -5.975210655178663899e+01
1.465399213252490895e+00 2.181456570820032859e+00 2.007466360145494289e+00 3.906283065315304892e+00 2.658405790073298469e+00 1.366710290102109315e+00 2.911517451616845720e-01 4.165704045398584299e+00 4.000000000000000000e+00 9.000000000000000000e+00 3.000000000000000000e+00 -7.621431263498439534e+01
1.508708698658533631e+00 2.604175996544130456e+00 1.803253184173652102e+00 4.262299886526520254e+00 1.242821850944341611e+00 1.497666621593388037e+00 3.212552458419560275e-01 2.593243304328209486e+00 8.000000000000000000e+00 6.000000000000000000e+00 4.000000000000000000e+00 -7.696254946205074532e+01
2.054505110206998442e+00 2.588039248364367939e+00 2.009591801934789146e+00 3.239476442840622639e+00 2.240752342341483239e+00 2.094293142797924112e+00 1.072985528146575551e-01 3.463704391223672019e+00 2.000000000000000000e+00 5.000000000000000000e+00 5.000000000000000000e+00 -6.785101093643052650e+01
1.268732698189750208e+00 2.253245156388837156e+00 2.463759831731249239e+00 1.190294886972238952e+00 1.538351336233288125e+00 9.460406136830503687e-01 4.052670119224267009e-01 2.563397693324235505e+00 8.000000000000000000e+00 2.000000000000000000e+00 3.000000000000000000e+00 -6.563435467606868201e+01
2.509979351847789530e+00 1.785136149636954439e+00 2.780326046792374051e+00 3.820580740153845412e+00 1.986301759283122248e+00 9.481447416291203245e-01 4.295000083336211749e-01 2.021741358794914234e+00 6.000000000000000000e+00 1.000000000000000000e+01 4.000000000000000000e+00 -1.791640215324746919e+02
2.047038690679167772e+00 1.316792616212235201e+00 4.591760170285557940e+00 1.891602455064081534e+00 1.718545550188115945e+00 4.983119291230286851e-01 3.179659117624391573e-01 3.221903853024012054e+00 6.000000000000000000e+00 9.000000000000000000e+00 4.000000000000000000e+00 -1.424452906092706712e+02
6.851281019547041939e-01 1.635846656618579864e+00 3.153399306305542993e+00 4.121956697319390628e+00 2.904509135888448057e+00 6.015363670292472875e-02 3.101183413719029169e-01 3.047128849122560990e+00 3.000000000000000000e+00 9.000000000000000000e+00 4.000000000000000000e+00 -2.060583526049764487e+02
2.662934056773686997e+00 1.509438350482120050e+00 5.527143014237378971e+00 2.433984355785420384e+00 1.679737487062777479e+00 9.915511089887857343e-01 2.221155612940471369e-01 2.994115446182483709e+00 6.000000000000000000e+00 3.000000000000000000e+00 4.000000000000000000e+00 -6.550571130141152310e+01
1.408388727063405899e+00 1.687660417051332962e+00 3.781006976800752817e+00 3.834290963339370695e+00 2.152831862399923857e+00 6.884416861125353115e-02 1.620718921013157843e-01 3.698290888858778658e+00 7.000000000000000000e+00 1.000000000000000000e+01 3.000000000000000000e+00 -2.408775941328771069e+02
1.277951306007941046e+00 2.133725687636354618e+00 3.807901788185798608e+00 4.871351966455390148e+00 1.473339973080666887e+00 3.685886268450296877e-01 4.770864239668243800e-01 2.439617483881158400e+00 7.000000000000000000e+00 7.000000000000000000e+00 4.000000000000000000e+00 -1.303130584425730376e+02
2.721336087469838905e+00 1.430134901443177453e+00 3.456438867403250903e+00 3.814533976988886632e+00 2.449420319718653261e+00 6.996508843856283910e-01 5.422075983353060735e-01 2.118716744141402764e+00 1.000000000000000000e+00 1.000000000000000000e+01 3.000000000000000000e+00 -1.069947696109704651e+02
2.030907920205957673e+00 1.419698715823346280e+00 5.719404214229713901e+00 3.244375950616628757e+00 1.264663020226702628e+00 1.103756016988206579e+00 5.163528517892641556e-01 3.672450622672382980e+00 6.000000000000000000e+00 1.200000000000000000e+01 3.000000000000000000e+00 -9.914625761306572826e+01
1.958116916595261880e+00 1.837556510940298704e+00 4.243946403255500321e+00 6.047525324276316283e+00 2.098483252793899911e+00 5.042078398393419203e-01 3.837172282653382727e-01 2.449817150368634344e+00 4.000000000000000000e+00 2.000000000000000000e+00 4.000000000000000000e+00 -6.612723788796355961e+01
1.059778531082423925e+00 1.733548946030237348e+00 1.574665776038192799e+00 5.110436586941822235e+00 1.837542296886244042e+00 5.719715642835654368e-02 3.382769304050934900e-01 3.151969663178078029e+00 3.000000000000000000e+00 1.000000000000000000e+01 3.000000000000000000e+00 -7.839651116419258869e+01
1.958723004363393638e+00 1.367701314432787418e+00 2.038107255848713883e+00 3.329893412940876374e+00 2.913030061882772692e+00 6.413423894020221505e-01 3.730603452394635755e-01 3.616110919719027983e+00 5.000000000000000000e+00 9.000000000000000000e+00 5.000000000000000000e+00 -7.599894777944868451e+01
1.749434898290577856e+00 2.568435600988514533e+00 3.465983585707301362e+00 4.070292154667855655e+00 1.161887777318310055e+00 3.784182175373766999e-01 3.238891948770418194e-01 3.202109380615533851e+00 8.000000000000000000e+00 5.000000000000000000e+00 4.000000000000000000e+00 -7.090930214442420265e+01
5.516391113200000973e-01 1.727612702648060550e+00 2.476158174719704341e+00 2.510040160374122031e+00 1.580359303841461394e+00 4.518981733926942246e-01 4.488150200305489057e-01 2.428148486455853128e+00 7.000000000000000000e+00 1.100000000000000000e+01 4.000000000000000000e+00 -1.941595312828416979e+02
1.392644078279944297e+00 2.092788524396533401e+00 4.646547652431206821e+00 2.901458033618303567e+00 2.310161976566901476e+00 1.503968598776793231e+00 4.400981605541993691e-01 2.770779355593869564e+00 6.000000000000000000e+00 9.000000000000000000e+00 3.000000000000000000e+00 -7.722419516563705599e+01
1.836872813444497821e+00 1.129725629049892044e+00 1.995062440280806815e+00 5.499367786241296407e+00 2.454301507996868636e+00 1.104817341533420150e+00 9.930262841391099271e-02 2.337866000997315119e+00 6.000000000000000000e+00 6.000000000000000000e+00 4.000000000000000000e+00 -5.071970406931970388e+01
1.795471965569476192e+00 1.475084986000259724e+00 4.558478839835920837e+00 3.914415384338949533e+00 1.546450288896055181e+00 2.835924739525083060e-01 2.225186081176819819e-01 2.701528955976736590e+00 5.000000000000000000e+00 6.000000000000000000e+00 4.000000000000000000e+00 -9.081598000559469597e+01
9.419628334957004245e-01 1.376712261951611005e+00 1.482337695617865769e+00 5.363048768886737427e+00 1.737120008387599945e+00 6.395796546845802233e-01 2.336469751034027376e-01 2.719761205239281665e+00 8.000000000000000000e+00 6.000000000000000000e+00 4.000000000000000000e+00 -1.124368138368610488e+02
2.122989824876769127e+00 2.058442326029331415e+00 3.717386272627421828e+00 3.410575650415927917e+00 2.379763650108320583e+00 4.101414586037562815e-01 4.000632333667349383e-01 3.730131604391763389e+00 6.000000000000000000e+00 3.000000000000000000e+00 3.000000000000000000e+00 -3.148478714257159794e+01
2.112640129430493730e+00 2.124866922998625007e+00 1.629465607661993554e+00 5.554077886039628709e+00 1.433129359182303331e+00 1.089720783084322742e+00 7.784798749585050692e-02 2.833627267796948068e+00 1.000000000000000000e+01 5.000000000000000000e+00 3.000000000000000000e+00 -4.184913556179229488e+01
6.579066932355148722e-01 1.905055992070040727e+00 5.191513447415876392e+00 1.565427142612662026e+00 2.074692471342862721e+00 4.453050262266293746e-01 4.932287643385868114e-01 2.140160532590230424e+00 6.000000000000000000e+00 1.000000000000000000e+01 3.000000000000000000e+00 -1.016168677950602796e+04
2.184230794548852828e+00 1.621857541782987688e+00 4.165128167247986291e+00 7.113031717345326577e+00 2.763780236576375060e+00 4.145143265396102894e-01 3.263717803711672083e-01 2.509228679672607765e+00 4.000000000000000000e+00 1.200000000000000000e+01 3.000000000000000000e+00 -8.615296158725411146e+01
2.292631121279914641e+00 1.817463183020046058e+00 3.628341387905614557e+00 3.275983222537052431e+00 2.610152579292653652e+00 9.736114553377954728e-01 4.680449911205161184e-01 2.481429456479290252e+00 1.000000000000000000e+01 1.100000000000000000e+01 4.000000000000000000e+00 -9.971932960902847753e+01
1.555477632651923070e+00 2.684263595497073052e+00 2.050905540413663797e+00 4.823069670402270859e+00 2.282653510288914500e+00 1.045202989977603192e+00 4.638491656387286888e-01 2.327219313490468622e+00 5.000000000000000000e+00 5.000000000000000000e+00 5.000000000000000000e+00 -8.137372275697910595e+01
1.655876422421511007e+00 1.724066902736016926e+00 6.122754786616603440e+00 4.244898950177349306e+00 2.794078644420122437e+00 1.593472427768474198e+00 4.800028776147373666e-01 2.951879043122642710e+00 4.000000000000000000e+00 1.400000000000000000e+01 5.000000000000000000e+00 -1.025710531121388158e+04
2.046161082429657441e+00 1.114374417912945558e+00 4.809391229248611843e+00 2.006279092271384901e+00 1.452877005963346013e+00 1.184938472473107129e+00 2.166160989569702877e-01 4.353054355543902076e+00 8.000000000000000000e+00 7.000000000000000000e+00 5.000000000000000000e+00 -5.438755137660988481e+01
1.931454095711238939e+00 1.279705641382352432e+00 1.071079559108814472e+00 3.478646076322597924e+00 2.632247625659162704e+00 8.659860098023338670e-01 4.464667405114988719e-01 3.400151241335884311e+00 3.000000000000000000e+00 1.100000000000000000e+01 2.000000000000000000e+00 -1.258760472869692109e+02
2.022656668400618862e+00 1.437765216517653988e+00 3.061738897910577961e+00 3.436838357040164826e+00 1.645459377914757937e+00 1.320170386757516745e+00 2.925232447696982652e-01 3.396699729871029749e+00 5.000000000000000000e+00 6.000000000000000000e+00 5.000000000000000000e+00 -1.002942399464020127e+04
2.444682695977272502e+00 2.489559382645300190e+00 2.127635444322757863e+00 7.383317150875675416e+00 1.621166130647797576e+00 2.023865823752289295e+00 3.472412438063960938e-01 2.752297390505441310e+00 1.000000000000000000e+01 6.000000000000000000e+00 4.000000000000000000e+00 -7.230326620938744497e+01
2.247755371475359087e+00 1.591137009802148450e+00 2.754528555280289837e+00 6.161696562919301456e+00 1.806990180203872809e+00 1.024334838835952333e+00 3.174592702013033785e-01 2.950964577234651109e+00 7.000000000000000000e+00 3.000000000000000000e+00 3.000000000000000000e+00 -4.796015260746229103e+01
4.865306319028351867e-01 1.000421349855507902e+00 3.229597176122266156e+00 3.976267986047339775e+00 1.917989006368188809e+00 6.058680421045872233e-01 5.633053480639202970e-01 3.438145154548990945e+00 8.000000000000000000e+00 8.000000000000000000e+00 4.000000000000000000e+00 -8.648235477909886981e+01
1.610329923520133155e+00 1.415682154878445953e+00 1.733044903464519448e+00 1.965698211005140639e+00 1.773551152616974269e+00 1.703451919222706001e-01 4.248177807100140813e-01 3.582965723375402423e+00 1.000000000000000000e+01 1.200000000000000000e+01 3.000000000000000000e+00 -2.661949766033015408e+02
1.754065114972777950e+00 1.307582557681283841e+00 2.827906083563454409e+00 3.927267846920996064e+00 2.136600192126123510e+00 1.333932289582457686e+00 3.325619053951387460e-01 4.114057939079306614e+00 4.000000000000000000e+00 1.400000000000000000e+01 4.000000000000000000e+00 -9.398070579587158591e+01
2.964920380495229324e+00 1.966415148324917705e+00 3.391284218449038601e+00 4.468015648247429361e+00 2.140957195274322267e+00 1.205391213830337982e+00 3.325677665954405171e-01 3.394816398323235784e+00 2.000000000000000000e+00 1.300000000000000000e+01 4.000000000000000000e+00 -7.520311147915711558e+01
2.612181155704310420e+00 2.485350457354315701e+00 2.614140394535416245e+00 5.011173895963827007e+00 2.478392258734178899e+00 4.730775415454847588e-01 4.485768437220399862e-01 3.242148598088019806e+00 6.000000000000000000e+00 1.500000000000000000e+01 4.000000000000000000e+00 -2.932306500254574075e+02
2.450353369716308904e+00 1.431002850481111421e+00 2.025390172195636662e+00 7.603456637468632096e+00 2.605993239949085272e+00 1.377783818613242950e-01 2.018708636108729193e-01 2.821273888547914055e+00 0.000000000000000000e+00 4.000000000000000000e+00 4.000000000000000000e+00 -6.493105880662409390e+01
