9.946640726156281698e-01 2.476152925180663544e+00 5.166106828346121560e+00 4.251521007408389785e+00 1.152341705674297945e+00 1.377812345892448498e-01 3.547401376697785214e-01 3.260085871307705663e+00 5.000000000000000000e+00 7.000000000000000000e+00 4.000000000000000000e+00 -1.314504210545394471e+02
4.646672038083259348e-01 1.138508851551993439e+00 3.664523172279320562e+00 3.831306782120885934e+00 1.575059211665022829e+00 1.148307564529210678e+00 9.464801751058232737e-02 2.434360157010679870e+00 5.000000000000000000e+00 9.000000000000000000e+00 4.000000000000000000e+00 -1.390993819246219516e+02
1.594087960004191507e+00 1.476791106144762500e+00 3.997511946212028544e+00 3.727898518296570263e+00 2.752028870852945452e+00 1.173755149629017946e+00 4.547252978758660191e-01 3.315999921221057356e+00 8.000000000000000000e+00 1.400000000000000000e+01 3.000000000000000000e+00 -9.136374772221721230e+01
1.958376555497977733e+00 2.755639030645740561e+00 4.281640988320925878e+00 2.101676959330873729e+00 1.037161300976842782e+00 1.077446513514480175e+00 4.187096881056116549e-01 2.949351600091574266e+00 5.000000000000000000e+00 1.000000000000000000e+01 1.000000000000000000e+00 -1.298663959862572881e+02
1.428805672818494799e+00 1.800077172796776370e+00 5.864148475410321026e+00 4.944335554582160341e+00 2.670642273788334187e+00 8.688104346509094578e-01 1.964965744496336431e-01 3.539079569514957946e+00 6.000000000000000000e+00 1.200000000000000000e+01 3.000000000000000000e+00 -1.464614116711076406e+02
1.376775576483202368e+00 2.246140443644100149e+00 5.691258724476888631e+00 2.914811520813213708e+00 2.854047971585479626e+00 3.213057110415122875e-01 4.226951742455445360e-01 2.995581453591196652e+00 4.000000000000000000e+00 1.300000000000000000e+01 4.000000000000000000e+00 -2.768509478282661007e+02
4.391805510696911719e-01 1.863725642160077189e+00 5.024169111217114292e+00 4.598613208083494719e+00 1.905290381034085545e+00 6.876443020376465931e-02 7.759004615232272251e-01 2.574426587457929738e+00 6.000000000000000000e+00 1.000000000000000000e+01 3.000000000000000000e+00 -1.161745949069094763e+02
1.507455880747227583e+00 2.546798251614991404e+00 3.623711459100463550e+00 1.616733668293058201e+00 1.843174909508118242e+00 1.306887560212971922e+00 3.706585715641233514e-01 3.245951634938248898e+00 3.000000000000000000e+00 3.000000000000000000e+00 4.000000000000000000e+00 -5.427297564713283862e+01
1.538981480585662531e+00 1.238965772097622153e+00 5.089220190512432573e+00 6.637507597765967660e+00 2.191708530891912421e+00 1.721472640787571784e+00 4.431570156429368024e-01 3.823446969537451334e+00 1.000000000000000000e+01 1.000000000000000000e+01 3.000000000000000000e+00 -7.553010306585744615e+01
2.009276738642030935e+00 2.153784800792523768e+00 4.591610553148592899e+00 2.882284315615020631e+00 1.851782757634820697e+00 1.545991876858822778e+00 3.772423317888548566e-01 3.251525417130037621e+00 6.000000000000000000e+00 1.200000000000000000e+01 3.000000000000000000e+00 -8.269090727038199873e+01
3.770443816415768312e-01 2.468290183228775803e+00 4.936948974662840328e+00 4.147938619302315111e+00 5.983767988177910446e-01 8.045232334874332647e-01 3.857679321358962743e-01 2.733091516448962199e+00 4.000000000000000000e+00 9.000000000000000000e+00 3.000000000000000000e+00 -9.515916526229187866e+01
2.780468493225003890e+00 1.786622350158288963e+00 3.348295610835045455e+00 2.830459540094141246e+00 1.649509262296666057e+00 1.194151850626945732e+00 3.080343295248533231e-01 3.861461297852562868e+00 5.000000000000000000e+00 1.000000000000000000e+01 3.000000000000000000e+00 -6.209932134502258805e+01
1.569501274656064593e+00 1.319910182352411532e+00 6.899638676261822923e+00 4.481824827203545247e+00 1.377049459780406826e+00 5.974136087844181819e-01 3.453099310011006340e-01 3.565971859673284339e+00 4.000000000000000000e+00 1.100000000000000000e+01 3.000000000000000000e+00 -1.001800905265183133e+02
1.524328181095417012e+00 2.028505352072768719e+00 6.470281215996577018e+00 5.198653183861766891e+00 2.052628212511688144e+00 6.998633914442284887e-01 1.551177341956288258e-01 3.378471881903967411e+00 6.000000000000000000e+00 1.100000000000000000e+01 3.000000000000000000e+00 -1.380591639363270815e+02
2.020831813794904175e+00 2.281892748821255701e+00 4.833291889786831774e+00 2.129704816504203624e+00 1.519309514625074797e+00 1.607475972598632952e+00 4.164286332938360591e-01 3.097999591168664413e+00 4.000000000000000000e+00 1.000000000000000000e+01 3.000000000000000000e+00 -4.903964707756751551e+01
9.591175099211449728e-01 2.327054274112570376e+00 5.203557530663055708e+00 4.520561727930309637e+00 2.567779349678857237e+00 6.567999411222351647e-01 8.394343908064819115e-02 3.162178306546215900e+00 5.000000000000000000e+00 1.200000000000000000e+01 4.000000000000000000e+00 -1.008789192975575679e+04
1.526043017483487363e+00 2.951972555902923290e+00 4.798865000245391421e+00 3.800784614747691137e+00 2.287983041726294520e+00 7.182116493853728523e-01 3.429658169886877217e-01 3.142188020053120034e+00 6.000000000000000000e+00 9.000000000000000000e+00 4.000000000000000000e+00 -1.140348186447900503e+02
1.969596854293398147e+00 2.607967087563294761e+00 4.319312328862987549e+00 4.918544190000783800e+00 1.574067839577075301e+00 6.270514367750690266e-02 2.870435114188403247e-01 3.780237396133318661e+00 8.000000000000000000e+00 6.000000000000000000e+00 3.000000000000000000e+00 -7.143021451038879377e+01
2.172952083813943780e+00 1.919873400425298415e+00 3.233975589987256871e+00 3.790703552883911254e+00 1.728941869540011611e+00 8.039616694879250236e-01 4.208288680338172494e-01 4.520948097771859686e+00 3.000000000000000000e+00 9.000000000000000000e+00 3.000000000000000000e+00 -7.353795358330039278e+01
1.577589010647302503e+00 1.969675771215320115e+00 2.931320316643120982e+00 4.104241629246558887e+00 1.749973299336988086e+00 1.229179770196873855e+00 3.095758737371170355e-01 3.258808589055200766e+00 4.000000000000000000e+00 1.000000000000000000e+01 4.000000000000000000e+00 -1.935947790855249764e+02
1.129155180328500929e+00 1.273098808887521471e+00 5.472789326677870214e+00 5.779201612076290573e+00 1.749585090822268763e+00 7.330370279741322825e-01 7.486492976640605201e-01 2.330508891596742682e+00 3.000000000000000000e+00 1.200000000000000000e+01 3.000000000000000000e+00 -1.022677344863601138e+04
1.804837270725016540e-01 1.954371187742399707e+00 2.922051738514514163e+00 4.604749632577131990e+00 2.448113905738946716e+00 9.197908196183751661e-01 7.586996302863472375e-01 2.542404972140575925e+00 1.000000000000000000e+00 8.000000000000000000e+00 3.000000000000000000e+00 -8.203449534604368409e+01
2.129960123265562277e+00 1.401555383551593925e+00 3.610985759682326268e+00 2.053237669123125553e+00 2.675010057963430388e+00 5.840433974442382770e-01 2.815721977916585406e-01 3.466753623873619183e+00 5.000000000000000000e+00 1.000000000000000000e+01 3.000000000000000000e+00 -1.811245224046976432e+02
1.544142026967953996e+00 1.859703753375886670e+00 2.694835212638646116e+00 4.982303181235350209e+00 1.283154118485096529e+00 1.349359055166911014e+00 1.973120421861270513e-01 3.191341148469379441e+00 2.000000000000000000e+00 1.100000000000000000e+01 4.000000000000000000e+00 -8.846824529680661442e+01
1.381722603007707439e+00 2.026340305279155540e+00 2.401624171935425434e+00 3.384441116522066029e+00 1.239086468778288763e+00 1.274164189858135954e+00 2.207126148571184887e-01 3.682255799956589470e+00 2.000000000000000000e+00 1.000000000000000000e+01 4.000000000000000000e+00 -7.777269065158198202e+01
1.808699238725092862e+00 9.022855425917208905e-01 4.574279915402211572e+00 5.559853089461247677e+00 1.142122453883201771e+00 8.505502427689743961e-01 3.106959621000983662e-01 2.627610158630118598e+00 6.000000000000000000e+00 8.000000000000000000e+00 4.000000000000000000e+00 -7.396236417978695954e+01
6.586765186279393003e-01 1.638328954494246759e+00 3.938475110391028267e+00 3.145112910322337196e+00 1.878762359136805671e+00 1.529284848580156453e+00 1.803703738274404500e-01 2.461144594881014225e+00 5.000000000000000000e+00 1.300000000000000000e+01 4.000000000000000000e+00 -2.656584628101180101e+02
1.018175744290236828e+00 1.622000236417499242e+00 5.865077582233987563e+00 3.643996668379592574e+00 1.795580175822724334e+00 1.020106827547452077e+00 1.659481041839705462e-01 2.769133163709935008e+00 3.000000000000000000e+00 6.000000000000000000e+00 3.000000000000000000e+00 -6.606381186068959721e+01
1.709581288028477308e+00 1.463462096288112857e+00 5.837811268127221176e+00 4.266677254844074341e+00 2.243178791149963214e+00 1.191562337034710595e+00 3.726652146386676967e-01 2.700280915497745404e+00 3.000000000000000000e+00 1.200000000000000000e+01 5.000000000000000000e+00 -1.010479817330147125e+04
1.063008318898023497e+00 2.042481202558236841e+00 5.065544010340374825e+00 4.317366856800998853e+00 1.446594863782816764e+00 5.475612305096668742e-01 6.715258635831362621e-01 3.725093896310133434e+00 7.000000000000000000e+00 1.300000000000000000e+01 3.000000000000000000e+00 -1.217535267361965339e+02
1.196767444831662530e+00 2.314390623216408205e+00 4.339015814768546697e+00 1.759842988884973591e+00 2.708347553914558947e+00 5.273831898591538891e-01 4.744563775009869033e-01 3.938399839230848798e+00 4.000000000000000000e+00 9.000000000000000000e+00 2.000000000000000000e+00 -1.011682112747441170e+04
1.821974955346260749e+00 2.115250750019655346e+00 6.440122339479062319e+00 1.869388799906238852e+00 1.048926218281399425e+00 1.134076787534413322e+00 3.339122279892782208e-01 3.671978350616444509e+00 5.000000000000000000e+00 9.000000000000000000e+00 1.000000000000000000e+00 -7.579168681227058357e+01
1.967134450840443138e+00 1.694929704336609166e+00 4.271477833267537605e+00 4.002117018812824334e+00 1.774279549701060166e+00 6.840468143564270020e-01 4.922664451238484840e-01 3.470192810263556638e+00 7.000000000000000000e+00 1.500000000000000000e+01 2.000000000000000000e+00 -1.568284164991349030e+02
2.155628095418077983e+00 1.314367363397903166e+00 6.461608041912453970e+00 6.783769462891192426e+00 1.550172480435616729e+00 1.518221802025242040e+00 5.414762424588646095e-01 3.119217886655804683e+00 4.000000000000000000e+00 6.000000000000000000e+00 3.000000000000000000e+00 -4.391834306078418138e+01
1.768469981426492144e+00 8.712813418088773965e-01 2.414858268406770314e+00 3.175141322833773039e+00 1.288003746932278926e+00 1.450227929597084131e+00 3.408475431916995757e-01 3.164087751050038477e+00 4.000000000000000000e+00 1.100000000000000000e+01 4.000000000000000000e+00 -3.700948428217971582e+02
1.966222526163556861e+00 1.478235647804902575e+00 2.232264859300136628e+00 2.617862405233357670e+00 2.275367215195073456e+00 7.092100079606128427e-01 2.714443570963332997e-01 4.052051624578759892e+00 5.000000000000000000e+00 6.000000000000000000e+00 3.000000000000000000e+00 -5.298456893823615843e+01
1.869426414387095337e+00 2.221571330939097866e+00 2.260720967664645364e+00 6.346954662835893046e+00 1.536498585821662433e+00 1.294825946305818043e+00 6.484794326467102632e-01 3.606627528902196289e+00 5.000000000000000000e+00 1.100000000000000000e+01 5.000000000000000000e+00 -7.856990495587189116e+01
1.719488602961032342e+00 1.096308860277401820e+00 4.184859865537984724e+00 5.184620712740853676e+00 2.828303644986402965e+00 9.623276732515161358e-01 2.761182225376363486e-01 3.545570057396781660e+00 5.000000000000000000e+00 1.000000000000000000e+01 5.000000000000000000e+00 -1.006054911759280731e+04
7.663656508333291928e-01 8.589992925768272780e-01 3.336759214726047862e+00 3.354305299674147811e+00 1.610024473680602197e+00 2.170538885365704385e+00 3.383194976229818574e-01 2.804871870641351350e+00 0.000000000000000000e+00 1.300000000000000000e+01 3.000000000000000000e+00 -9.482411841067033720e+01
1.313058131183970856e+00 1.522758351529296394e+00 3.649729400132343482e+00 2.864028907908990895e+00 1.619573127149693148e+00 1.761218482927724427e+00 3.134387420639286326e-01 2.912385975025542972e+00 4.000000000000000000e+00 6.000000000000000000e+00 4.000000000000000000e+00 -2.708543782185932969e+02
2.165927725926918068e+00 1.591958370099095355e+00 4.678483501406438982e+00 6.827859298176557346e+00 1.621776130245039749e+00 1.630470321782911736e+00 4.592857825853851050e-01 3.101893874033115228e+00 2.000000000000000000e+00 6.000000000000000000e+00 5.000000000000000000e+00 -7.179452801009297502e+01
2.467192516188307039e+00 1.878511505980169138e+00 3.096739840040079184e+00 5.470024806497487901e+00 1.675948419122081701e+00 1.955461848434957073e+00 6.905797841285734595e-01 3.019282100781689682e+00 4.000000000000000000e+00 1.400000000000000000e+01 4.000000000000000000e+00 -1.005116814550311028e+04
1.355349828637438137e+00 2.755080979786174833e+00 4.214157005420752888e+00 1.578041649992830031e+00 1.343182611869878418e+00 1.541019083188288175e+00 2.558418628736477407e-01 2.926874798759593332e+00 3.000000000000000000e+00 1.400000000000000000e+01 2.000000000000000000e+00 -2.682421177803358319e+02
2.158172156609732273e+00 2.038326881965095705e+00 3.235178139949588250e+00 1.087010409381207854e+00 1.914130944151162694e+00 4.983894313830419809e-01 3.065159029382584222e-01 3.851958006311844596e+00 8.000000000000000000e+00 1.000000000000000000e+01 4.000000000000000000e+00 -1.539911159360697752e+02
1.706388307444973051e+00 1.728189379499823541e+00 5.719566025790060237e+00 1.330255697054927300e+00 2.028046226931973894e+00 1.439324065687364707e+00 1.688538169784770115e-02 3.051783972779929410e+00 2.000000000000000000e+00 1.000000000000000000e+01 2.000000000000000000e+00 -2.189264159774901373e+02
2.146360768823607046e+00 1.932659521321235196e+00 5.230284514577620669e+00 1.788977514626129750e+00 2.031826469091735365e+00 4.103231871853282309e-01 4.464241886936561876e-01 2.901993539379959852e+00 5.000000000000000000e+00 2.000000000000000000e+01 4.000000000000000000e+00 -3.775849083631345593e+02
1.591992981198728341e+00 1.499780344125477116e+00 5.829444892472998241e+00 1.302344068816202238e+00 1.624126431506714763e+00 2.257213054820737252e-01 3.341794464818023114e-01 3.778545864630557194e+00 7.000000000000000000e+00 7.000000000000000000e+00 3.000000000000000000e+00 -2.383589058736001220e+02
2.371036391213645178e+00 2.178431724757831756e+00 1.453066738308383954e+00 1.764461648293550455e+00 2.511349379234677937e+00 4.208055894454459933e-02 4.901818699562166537e-01 2.830617518604571892e+00 5.000000000000000000e+00 5.000000000000000000e+00 4.000000000000000000e+00 -3.636011538335475279e+01
