6.157581231530625532e-01 1.976752539592975477e+00 1.987658155831137696e+00 5.953372253321925101e+00 1.907522470603718379e+00 1.693836513963898227e+00 7.283446436447058581e-01 4.315038112116786451e+00 6.000000000000000000e+00 1.300000000000000000e+01 4.000000000000000000e+00 -8.184218601549466143e+01
1.083860109450924369e+00 9.628257456806738057e-01 5.868045693422407894e+00 2.543968076316960758e+00 2.771210100082783789e-01 3.554877524388267984e-01 2.065886270558764393e-02 3.980295394480590332e+00 6.000000000000000000e+00 1.200000000000000000e+01 3.000000000000000000e+00 -6.293749225211666953e+01
2.199242359152018711e+00 1.890712006967734116e+00 6.032421717389568450e+00 3.562980747113178470e+00 2.985300150642752115e+00 3.969114390234862455e-01 3.435737264387164203e-01 2.724342348152701376e+00 2.000000000000000000e+00 9.000000000000000000e+00 3.000000000000000000e+00 -2.181589061960515892e+02
2.218406519019025414e+00 2.486302881434759193e+00 4.523449639338303463e+00 4.773352567256995194e+00 2.181682345538378698e+00 1.211273751653719533e+00 7.587517726835459886e-01 3.969406338369613874e+00 4.000000000000000000e+00 1.300000000000000000e+01 4.000000000000000000e+00 -1.287931401998585272e+02
1.704134465622800798e+00 2.297882129793715311e+00 8.117266181568258077e+00 6.878123827030097281e+00 2.224849292044056348e+00 9.939060111688914345e-01 6.008428043218672077e-01 3.273843003334252266e+00 3.000000000000000000e+00 9.000000000000000000e+00 3.000000000000000000e+00 -8.356795502805164233e+01
2.163076246863024465e+00 2.574256064756608176e+00 3.970087746370285497e+00 5.726046613111710037e+00 7.229475929861970407e-01 1.495176520969957901e+00 2.978214093262332440e-01 3.294173271829931693e+00 4.000000000000000000e+00 1.400000000000000000e+01 4.000000000000000000e+00 -8.677070102596387358e+01
4.996942620755556175e-01 9.426991805723021756e-01 5.224219044537265155e+00 4.921400002976538346e+00 7.533009847657072822e-01 1.727075056280322096e+00 8.709690875467402948e-01 3.730026027659574250e+00 8.000000000000000000e+00 1.200000000000000000e+01 4.000000000000000000e+00 -1.006961153768681106e+04
2.368554601172762730e+00 2.462495868706036983e+00 7.839307132352447915e+00 4.069760004051495628e+00 1.746019711629324123e+00 5.977678050753274519e-01 1.753278204774173787e-01 3.193338827419997639e+00 2.000000000000000000e+00 9.000000000000000000e+00 4.000000000000000000e+00 -1.677324570924121474e+02
5.358987003798194593e-01 1.712447595170302428e+00 4.087359284369383339e+00 5.578408740565786061e+00 1.824690823117083083e+00 1.268401654505223020e+00 3.611502992247705990e-01 3.803131403310173742e+00 0.000000000000000000e+00 1.200000000000000000e+01 4.000000000000000000e+00 -8.295005459377966872e+01
1.476895797301115643e+00 2.197326379139767027e+00 4.696293176209992204e+00 6.411449953259522161e+00 2.308279661032759833e+00 1.015793307281134039e+00 4.488420646796275060e-01 3.673564326094247434e+00 8.000000000000000000e+00 1.300000000000000000e+01 3.000000000000000000e+00 -8.093667475929538568e+01
9.754718992696356228e-01 2.043423362286183043e+00 4.992790938985351090e+00 6.553912324059543160e+00 2.039241885021788381e+00 1.166475576170183714e+00 3.931973971151901392e-01 4.279560499494355241e+00 4.000000000000000000e+00 1.500000000000000000e+01 4.000000000000000000e+00 -8.425469492623787460e+01
1.052781895203420248e+00 1.187672778617148595e+00 6.747135217899199233e+00 5.202021702081546017e+00 2.991306842408143041e+00 1.769448896189332654e+00 3.252512107222910176e-03 3.435593387159919576e+00 6.000000000000000000e+00 1.000000000000000000e+01 3.000000000000000000e+00 -5.835895130039922662e+01
1.953321383936457378e+00 2.576732755192332025e+00 3.227007321115079819e+00 2.377330512382815453e+00 1.708975771771894525e+00 1.055915761438077860e+00 9.796845740202083652e-01 3.672123519825698512e+00 6.000000000000000000e+00 1.600000000000000000e+01 5.000000000000000000e+00 -8.650608097449561740e+01
7.750066424441420798e-01 1.971726783156811269e+00 1.709837398694146859e+00 3.648838720005361136e+00 1.790450031537648368e+00 1.226478053473902374e+00 3.264278742523551990e-01 4.081399317084860812e+00 2.000000000000000000e+00 1.200000000000000000e+01 3.000000000000000000e+00 -7.910355638695853031e+01
6.478780635903180762e-01 2.400794964310379420e+00 3.306705054585287407e+00 6.767592174885676215e+00 2.037518329451431409e+00 7.476927924164253891e-01 5.013438676446313469e-01 3.508784820429552198e+00 6.000000000000000000e+00 9.000000000000000000e+00 5.000000000000000000e+00 -2.035772106264545300e+02
8.778542865908969262e-01 2.155724582822124535e+00 3.068471961222587474e+00 3.863978172664045196e+00 2.849971966687017133e+00 1.318978919917808801e+00 3.417074528693118118e-01 3.460520525769198663e+00 4.000000000000000000e+00 1.200000000000000000e+01 4.000000000000000000e+00 -1.201163888614405693e+02
1.995417108496686520e+00 2.606393785451495138e+00 3.949843378493401058e+00 6.849861279927511148e+00 1.997173078490833475e+00 2.454963413835107300e+00 5.477350600145530768e-01 4.575908043962732208e+00 8.000000000000000000e+00 8.000000000000000000e+00 1.000000000000000000e+00 -7.195765630971621363e+01
2.454720834426158405e+00 1.276228548525824458e+00 3.351769034753883769e+00 4.275873555545986804e+00 2.134475580869660050e+00 1.362944386183606582e+00 3.088870164191415135e-01 4.529065348927972856e+00 9.000000000000000000e+00 9.000000000000000000e+00 4.000000000000000000e+00 -7.309144650496479301e+01
1.119375944482236429e+00 2.313883640547007570e+00 1.526852288024618476e+00 3.695087668233200340e+00 2.029928561233356632e+00 9.274412507690854568e-01 1.005080324723168633e-01 3.199556656855468084e+00 6.000000000000000000e+00 1.000000000000000000e+01 4.000000000000000000e+00 -8.698603461802953518e+01
9.471047755796588863e-01 1.111033516310847791e+00 1.098135508802323246e+00 2.685731567229485250e+00 1.185815238362622814e+00 7.609001612501344880e-01 2.698419311860879577e-01 3.240864373661663578e+00 6.000000000000000000e+00 1.400000000000000000e+01 3.000000000000000000e+00 -1.319900844753825311e+02
1.148080091656939583e+00 2.345467919777870058e+00 4.784130102919232463e+00 5.482603590788136749e+00 2.619304718282766231e+00 2.135599561430709503e+00 5.674233005358782916e-02 4.504943758424212241e+00 4.000000000000000000e+00 1.700000000000000000e+01 3.000000000000000000e+00 -8.500862378937387120e+01
1.218020711010677326e+00 2.480916897989943415e+00 3.166163716747778523e+00 5.527215904607977848e+00 2.292956193618037819e+00 1.224374354442322232e+00 3.800867217464473091e-01 3.532407288722873240e+00 6.000000000000000000e+00 1.300000000000000000e+01 2.000000000000000000e+00 -1.013538864355213627e+04
2.101713261258071785e+00 2.441708993264671168e+00 2.526004649643723621e+00 3.847110146430119837e+00 1.621456450339096467e+00 2.294469835519769241e+00 3.397064416982716328e-01 3.169292100188629391e+00 4.000000000000000000e+00 1.100000000000000000e+01 2.000000000000000000e+00 -1.999336886668076829e+02
9.770515237702210865e-01 9.460491657672340793e-01 2.449244535728261063e+00 6.776426627174216399e+00 1.828111222535636404e+00 8.898653566116562219e-01 4.075423390624019482e-01 3.513343025197017688e+00 7.000000000000000000e+00 1.400000000000000000e+01 2.000000000000000000e+00 -1.009630167260460257e+04
1.675800831476609520e+00 1.695909236775437590e+00 5.745084058364039237e+00 2.662255482429010556e+00 2.408277991716404109e+00 1.986912712277896009e+00 5.245348068947066622e-01 4.249976556614829093e+00 8.000000000000000000e+00 1.000000000000000000e+01 3.000000000000000000e+00 -7.630615971316750290e+01
1.822836620793918616e+00 2.581175675049367513e+00 6.420206559670950774e+00 3.599019468732982840e+00 1.506491415391588262e+00 1.746627184234394781e+00 5.381729811286861676e-01 3.806311188368746379e+00 3.000000000000000000e+00 1.300000000000000000e+01 2.000000000000000000e+00 -1.008637227560968677e+04
3.047862330155349242e-01 2.305063831136311858e+00 5.441499253158123217e+00 6.931919409781814423e+00 1.651512417662676979e+00 1.234015251134004787e+00 2.959906961159884942e-01 3.965188938483698688e+00 4.000000000000000000e+00 9.000000000000000000e+00 4.000000000000000000e+00 -9.439586986019534720e+01
6.293451940964297497e-01 2.783168164274779866e+00 2.304371337157246735e+00 5.202974247256069162e+00 2.539572538435248106e+00 1.330663124212007720e+00 4.301978892670444976e-01 3.591248830047688578e+00 8.000000000000000000e+00 8.000000000000000000e+00 3.000000000000000000e+00 -2.438198188297489537e+02
2.418025270856333453e+00 2.480830447644873260e+00 4.154963412950317903e+00 4.101888111483201982e+00 8.995590440193919068e-01 1.154061870361776876e+00 3.671457642584294301e-01 3.380549003819575571e+00 5.000000000000000000e+00 1.300000000000000000e+01 3.000000000000000000e+00 -6.033859295658152178e+01
1.249066878883708487e+00 2.355834693475903574e+00 2.974162299823077227e+00 3.540747534064033530e+00 1.478817312457615163e+00 7.172690190035979629e-02 3.448593874779799506e-01 3.078166585125778454e+00 6.000000000000000000e+00 1.200000000000000000e+01 3.000000000000000000e+00 -1.890947334106606377e+02
2.858556439904781588e+00 1.993614403221072973e+00 2.534811204902947868e+00 3.077845864304964874e+00 1.818536741539021007e+00 1.698333596758433206e+00 8.711402796624747591e-01 3.784364690478270621e+00 5.000000000000000000e+00 1.300000000000000000e+01 3.000000000000000000e+00 -8.008575224222130373e+01
1.221512480541423473e+00 1.919058017951850381e+00 2.764307874434131840e+00 5.623595603751778249e+00 2.258612308912979483e+00 1.389422863446750256e+00 1.658147567084283514e-01 3.968552557143792736e+00 6.000000000000000000e+00 1.200000000000000000e+01 4.000000000000000000e+00 -7.910337692837896384e+01
8.863534476057374212e-01 1.474132484409280464e+00 5.551508361900099331e+00 4.379902029672877894e+00 1.072960666511820760e+00 2.931492798323605875e+00 7.607239022093085223e-01 3.473999990544112570e+00 9.000000000000000000e+00 1.300000000000000000e+01 3.000000000000000000e+00 -8.344471235221499228e+01
4.564612088637535203e-01 2.212938080843686706e+00 6.009496504764209490e+00 7.027801368023887107e+00 8.780060194007757168e-01 1.148819745610142773e+00 7.708624755795200345e-01 3.759020819458294582e+00 2.000000000000000000e+00 1.700000000000000000e+01 4.000000000000000000e+00 -7.682539612986383304e+01
1.645851004957837649e+00 2.558776687689353846e+00 4.731452123446929114e+00 2.444961058261016618e+00 2.203843212385462103e+00 1.119929118089050490e+00 4.229124110633016298e-01 3.696453465468572119e+00 5.000000000000000000e+00 5.000000000000000000e+00 2.000000000000000000e+00 -1.004429964424309765e+04
1.774523498624416051e+00 1.812220441513482383e+00 3.143922857888011180e+00 3.340439112675458677e+00 2.675176778010208700e+00 1.347932525947986848e+00 1.740703234255929488e-01 4.228830685945619727e+00 4.000000000000000000e+00 8.000000000000000000e+00 2.000000000000000000e+00 -9.861864971575482741e+01
2.615900130554227765e+00 2.160596970231859704e+00 5.205124786274136106e+00 7.781403710449049882e+00 1.083757555836863506e+00 9.322578377296883989e-01 8.880885968707203926e-01 2.653836870562736650e+00 1.100000000000000000e+01 8.000000000000000000e+00 3.000000000000000000e+00 -8.091468690960832078e+01
1.125898843829735263e+00 2.154644704115892928e+00 7.277823313520062953e+00 6.045160630423941583e+00 2.585767961490314626e+00 1.188078950701851433e+00 6.757464586275877538e-01 4.796504573901511748e+00 6.000000000000000000e+00 1.200000000000000000e+01 3.000000000000000000e+00 -7.548013502607392411e+01
1.457588630361491333e+00 2.775777337704484093e+00 2.235401588413919782e+00 1.422002577031086012e+00 2.513674524177082148e+00 1.740996106750760442e+00 3.141705114618887351e-01 3.418337728942625553e+00 9.000000000000000000e+00 1.700000000000000000e+01 1.000000000000000000e+00 -2.843646920805040281e+02
1.229191517800233946e+00 2.575216983138625793e+00 4.491879566485394548e+00 4.951249857407057142e+00 1.280024700650773006e+00 4.275985043432958266e-01 1.129878336428332408e-01 3.789335419004006056e+00 5.000000000000000000e+00 1.100000000000000000e+01 5.000000000000000000e+00 -3.234607877368799222e+02
1.669969925724217985e+00 2.206288930387684033e+00 6.631531572180736411e+00 3.890400870353337481e+00 1.082712682090980039e+00 2.394568484014296672e+00 6.570339985144714179e-01 4.082541136644675994e+00 3.000000000000000000e+00 1.800000000000000000e+01 3.000000000000000000e+00 -8.611079564768392913e+01
2.425838322445346140e-01 1.997019112176540157e+00 2.435098951703150938e+00 4.666660662430212270e+00 1.472795069620322694e+00 7.192317314945871898e-01 6.345016731660546583e-01 3.985455800277371896e+00 7.000000000000000000e+00 9.000000000000000000e+00 3.000000000000000000e+00 -7.481377559569713753e+01
1.412713715102719370e+00 2.864816966954733868e+00 3.645493911704275281e+00 8.536724733795230335e+00 1.388041975129921113e-01 5.363303195056234873e-01 9.559217783561911874e-01 4.003250678167544763e+00 5.000000000000000000e+00 1.300000000000000000e+01 4.000000000000000000e+00 -8.067523921938575882e+01
6.321376976834551797e-01 1.917233107277266813e+00 3.296247913016296494e+00 4.811993511400527446e+00 2.885600006986372978e+00 2.450538478503510587e-01 1.697664500782832264e-01 3.282833496267127948e+00 2.000000000000000000e+00 1.300000000000000000e+01 4.000000000000000000e+00 -2.665060503487493406e+02
6.793927832552778545e-01 1.429055999494459828e+00 2.676718865055353280e+00 7.620841449779287124e+00 2.151205641681570579e+00 5.478802005210332560e-01 3.138108490247870641e-01 3.946004864365627363e+00 3.000000000000000000e+00 1.100000000000000000e+01 2.000000000000000000e+00 -9.845575882936668677e+01
1.324049897177928203e+00 1.580795954542736581e+00 4.008316520089621804e+00 5.511758286552483455e+00 2.210195361916744705e+00 8.977229964753500324e-01 2.694148771393419795e-01 3.440731489137560661e+00 2.000000000000000000e+00 1.300000000000000000e+01 4.000000000000000000e+00 -8.965782612986760114e+01
2.284264889664854525e+00 2.748642276146198160e+00 4.576112548968899851e+00 4.572201045916685302e+00 6.217437745897629320e-01 9.610990881378196349e-01 1.292499188439387992e-01 3.064478111492150436e+00 3.000000000000000000e+00 9.000000000000000000e+00 4.000000000000000000e+00 -7.773925426655047488e+01
2.716087604987667881e+00 2.302197112113905320e+00 4.777000393560271618e+00 2.384790931337660957e+00 2.582521166191559914e+00 2.061659077516831140e-01 4.537406509387609255e-01 3.349935016114490960e+00 2.000000000000000000e+00 5.000000000000000000e+00 5.000000000000000000e+00 -9.101429593263721074e+01
