2.762073226318238373e+00 1.453562431142589428e+00 1.489044056035563113e+00 6.938888143749625037e+00 1.787238908025098327e+00 9.623518343296046940e-01 4.554505691339435502e-01 2.639567812490991816e+00 4.000000000000000000e+00 1.400000000000000000e+01 4.000000000000000000e+00 -3.075648382586933849e+02
2.083963997729195494e+00 1.763823085703351889e+00 3.938917475788567657e+00 2.393240803135993744e+00 2.462912249385865948e+00 4.997232081599731757e-01 3.643561149349902606e-01 2.675381822619336436e+00 5.000000000000000000e+00 1.100000000000000000e+01 5.000000000000000000e+00 -2.187714482885832297e+02
2.155031592452383737e+00 2.170710010064440532e+00 3.162006673883587915e+00 4.063572726713224448e+00 2.205077145768825631e+00 7.812144750310692221e-01 3.277723923592652522e-01 2.310925303098326555e+00 6.000000000000000000e+00 2.000000000000000000e+00 4.000000000000000000e+00 -6.603955189767782485e+01
2.216592652409463682e+00 1.250698459251029959e+00 4.327945977420489143e+00 2.115247349160438439e+00 1.573330464908079485e+00 1.228496876684628814e-01 7.387810002371729690e-01 3.289389824409504115e+00 9.000000000000000000e+00 1.100000000000000000e+01 4.000000000000000000e+00 -1.922591093881435711e+02
2.687928937144083097e+00 1.791428139832504485e+00 1.985112034473091258e+00 4.944510683558318576e+00 2.276235069740551786e+00 5.219868556477096355e-01 1.977350621037229084e-01 3.303698678502043240e+00 7.000000000000000000e+00 6.000000000000000000e+00 4.000000000000000000e+00 -7.951950604771542430e+01
2.227742583114587394e+00 2.474394888148945704e+00 3.383848684099199033e+00 3.546602035490378668e+00 8.203532977187989461e-01 2.523413852164902438e-01 3.808523779993802094e-01 3.015234329754346021e+00 5.000000000000000000e+00 1.100000000000000000e+01 3.000000000000000000e+00 -1.166194765856280782e+02
2.545812876681461390e+00 1.392919823894393394e+00 5.659579574441735872e+00 4.523019147559348418e+00 1.422878747501278740e+00 2.852130995488961762e-01 5.701137989930958883e-01 3.608540747371750790e+00 7.000000000000000000e+00 1.000000000000000000e+01 3.000000000000000000e+00 -2.587271156253310664e+02
2.460720690151986023e+00 2.406169906022557647e+00 3.713426888549164140e+00 6.889578428669691057e+00 1.459456800198559723e+00 1.000047276080362479e+00 1.880693065850008727e-01 3.230570147170010564e+00 9.000000000000000000e+00 7.000000000000000000e+00 4.000000000000000000e+00 -7.442785555944712428e+01
1.524110980279741678e+00 1.865576232056292305e+00 2.044831509471642939e+00 3.044322732471897108e+00 2.302288281850203511e+00 7.145552410073693350e-01 5.419546972523365813e-01 2.563459334039264181e+00 5.000000000000000000e+00 1.300000000000000000e+01 3.000000000000000000e+00 -8.771139946154279698e+01
2.541685770067998451e+00 1.332755034235513447e+00 5.016179215272347669e+00 2.713803397931967343e+00 2.390204518917727228e+00 1.825568967184469038e+00 6.335933266641839978e-01 3.243212376137514674e+00 6.000000000000000000e+00 5.000000000000000000e+00 4.000000000000000000e+00 -7.000605111315569218e+01
1.433830130396900104e+00 1.602530703207247997e+00 1.293847172548095781e+00 4.338444604620365297e+00 2.371183954745792910e+00 8.871730711180297879e-01 3.575295420350130815e-01 2.943517177054914669e+00 6.000000000000000000e+00 8.000000000000000000e+00 3.000000000000000000e+00 -5.966765707835465093e+01
1.489584408420976835e+00 2.143360117886675908e+00 2.224201412251657572e+00 2.140490052760490869e+00 2.375626039331153905e+00 6.595580402133224274e-01 4.728269590433162861e-01 2.795326065606403176e+00 0.000000000000000000e+00 7.000000000000000000e+00 4.000000000000000000e+00 -2.384792225254171001e+02
2.923118311677058045e+00 1.797764606907737317e+00 2.082032377886625873e+00 5.512398078976654681e+00 1.613999852591646356e+00 3.652813898343502119e-01 5.204340594712649759e-01 2.641217435189739060e+00 5.000000000000000000e+00 9.000000000000000000e+00 4.000000000000000000e+00 -1.617259220092445560e+02
2.385443681125130944e+00 2.529597568019908760e+00 4.728956488160731553e+00 1.731199561929955610e+00 2.115393281670181480e+00 1.874491554937200988e-01 3.151803683555329805e-01 3.765982027544308330e+00 4.000000000000000000e+00 2.000000000000000000e+00 4.000000000000000000e+00 -6.458224822831772372e+01
1.830761936820490376e+00 2.329397659033427104e+00 1.859881008961181248e+00 2.785958577260467361e+00 2.392407981938742711e+00 9.018330559398879398e-01 2.926868862259017212e-01 3.786252014822205858e+00 8.000000000000000000e+00 8.000000000000000000e+00 3.000000000000000000e+00 -2.453295602794503054e+02
1.331118143223475325e+00 1.689965072555001724e+00 3.871733632712157203e+00 3.639478058414302275e+00 2.920368684692792094e+00 1.475245626891739992e+00 5.619571121864680441e-01 2.989677348294087267e+00 8.000000000000000000e+00 7.000000000000000000e+00 3.000000000000000000e+00 -7.753862855164483392e+01
1.465281180738497557e+00 1.751649737622926306e+00 4.006370603791068241e+00 3.185035978436099757e+00 2.620234947807079884e+00 2.056153904943906596e+00 5.323507969916695393e-01 2.703307984879077530e+00 6.000000000000000000e+00 6.000000000000000000e+00 4.000000000000000000e+00 -6.841158617121874386e+01
1.944864575955042474e+00 1.931792138272245607e+00 5.055884511194500774e+00 3.313929256023057768e+00 1.868040435877735828e+00 4.422034191107643286e-01 5.927812290979850296e-01 3.873622164831346026e+00 7.000000000000000000e+00 1.300000000000000000e+01 3.000000000000000000e+00 -8.837259265343725190e+01
1.441284568402019239e+00 1.279003793011913581e+00 2.453691522209598741e+00 2.640546975300676280e+00 1.884070564959639871e+00 8.546371737783657885e-01 3.557740402662863399e-01 3.699601628938408382e+00 8.000000000000000000e+00 8.000000000000000000e+00 5.000000000000000000e+00 -7.387560624178931334e+01
1.979763004358371159e+00 1.400660739167560287e+00 4.164941016377651017e+00 3.861524517206257556e+00 2.046500927778543311e+00 1.735545710851009726e+00 4.579643633679868486e-01 3.327950488926210149e+00 7.000000000000000000e+00 1.400000000000000000e+01 4.000000000000000000e+00 -7.813723855565730503e+01
2.553857144801630064e+00 9.881685582458381578e-01 3.728179887096131129e+00 2.601990261886821809e+00 2.389818001822008320e+00 1.171899813310512073e+00 3.726119600586243474e-01 3.205308774829379370e+00 4.000000000000000000e+00 1.300000000000000000e+01 4.000000000000000000e+00 -1.008911607097703927e+04
1.686326842976155538e+00 1.524594009441632370e+00 3.012911189085825558e+00 6.124594535195726941e+00 2.007327099500966217e+00 3.129879560429060792e-01 3.526253860568534515e-02 3.955471129301150413e+00 8.000000000000000000e+00 6.000000000000000000e+00 4.000000000000000000e+00 -7.553353985766879930e+01
2.423847115507677508e+00 1.796419980949653272e+00 3.711044446512705264e+00 4.955530586030335805e+00 2.374258357015315291e+00 5.970257711189965733e-01 4.143200259446135902e-01 3.608078014343320206e+00 5.000000000000000000e+00 9.000000000000000000e+00 3.000000000000000000e+00 -7.696550945174909941e+01
2.385383524212929096e+00 1.923875810128104824e+00 4.549650312271514174e+00 4.543333006590964729e+00 2.200018476430373404e+00 9.728910392283418584e-01 4.326266648320283292e-01 2.124676314431154012e+00 8.000000000000000000e+00 7.000000000000000000e+00 4.000000000000000000e+00 -1.282818958516066346e+02
2.107765992778362296e+00 1.348680387902846389e+00 4.217585155011289721e+00 2.301767936745712007e+00 1.816881137318280270e+00 3.621255962561725772e-01 6.245942601277152395e-01 3.269220786660880673e+00 6.000000000000000000e+00 4.000000000000000000e+00 3.000000000000000000e+00 -6.343348049790373722e+01
1.708347107436382739e+00 2.099619886773398836e+00 3.525113120095615393e+00 7.696025609582344273e+00 2.169754579173606146e+00 9.099249344611768375e-01 1.144321226834627281e-01 2.791698518558257458e+00 9.000000000000000000e+00 9.000000000000000000e+00 4.000000000000000000e+00 -7.154786696735229157e+01
1.644959068823501180e+00 1.486492847172448339e+00 3.125716034106765573e+00 2.509436229531662566e+00 2.292033850479697321e+00 3.871171001166713865e-01 9.449069502217083416e-02 3.691292449231063699e+00 8.000000000000000000e+00 4.000000000000000000e+00 3.000000000000000000e+00 -4.996345434485026260e+01
1.533183554220060252e+00 1.908676828819661386e+00 4.442070811539275077e+00 1.343718952694463287e+00 1.614354202023298157e+00 6.356921700025488509e-01 2.895723949459330648e-01 3.344443982270930871e+00 5.000000000000000000e+00 1.000000000000000000e+01 5.000000000000000000e+00 -1.651995912171063310e+02
2.752338138078695096e+00 9.053467186737684802e-01 4.163712432678059905e+00 3.648174396861822988e+00 2.297207383042483286e+00 3.833406474984707435e-01 3.867860195736801954e-01 2.467564427654050263e+00 1.000000000000000000e+00 9.000000000000000000e+00 2.000000000000000000e+00 -2.099183115501979273e+02
2.689653064622191891e+00 1.805794695148573492e+00 3.378293436857279453e+00 2.989645663260855457e+00 1.911587030064926029e+00 6.889592080883486513e-01 5.471959781059612116e-01 3.395708476366906314e+00 6.000000000000000000e+00 7.000000000000000000e+00 3.000000000000000000e+00 -1.779723341313059848e+02
1.268011468673265751e+00 1.751753808115208200e+00 2.280760106045959912e+00 3.295910821902143351e+00 1.785798668115856636e+00 8.987087277445953148e-01 4.832538221322981165e-01 3.450726042902205748e+00 4.000000000000000000e+00 2.000000000000000000e+00 4.000000000000000000e+00 -6.481179889667322414e+01
1.747526920159665043e+00 1.573614788288919986e+00 3.797422049530317700e+00 4.877154023939169747e+00 2.037233837067016218e+00 6.869875429063292405e-01 4.733693177242170869e-01 2.632774105034068945e+00 5.000000000000000000e+00 1.200000000000000000e+01 3.000000000000000000e+00 -1.012925499201447201e+04
2.258863801993039822e+00 1.513171245691104172e+00 3.265358076124287745e+00 3.290716605592003852e+00 2.147927868934945472e+00 2.620670173538821590e-01 3.469606355042043622e-01 3.227907904959015806e+00 8.000000000000000000e+00 6.000000000000000000e+00 5.000000000000000000e+00 -1.124064605584702861e+02
2.303267726739726129e+00 1.888227084093952124e+00 4.396539135106461771e+00 4.593057452883526182e+00 1.916311854439779694e+00 4.836201860855106616e-01 4.672814420801431612e-01 2.708553528523665932e+00 0.000000000000000000e+00 9.000000000000000000e+00 4.000000000000000000e+00 -2.903401686170007565e+02
1.642052876578586673e+00 1.458541358370451624e+00 3.172872077557726378e+00 5.083001788017819322e+00 1.842245970050323312e+00 1.879439132596230633e-01 3.657255596212848903e-01 3.461619634622424169e+00 9.000000000000000000e+00 3.000000000000000000e+00 3.000000000000000000e+00 -6.624475874023309530e+01
1.805279467254238712e+00 2.095482092749243463e+00 2.892548955628353902e+00 6.072200550919897744e+00 1.811277001821181676e+00 5.896492121866871994e-01 2.205859274111370838e-01 3.328950715107796388e+00 4.000000000000000000e+00 1.100000000000000000e+01 4.000000000000000000e+00 -1.970727419766751893e+02
2.155586037535935695e+00 1.748551070498599147e+00 4.338470526362723234e+00 3.571194748003630792e+00 2.657494324277197340e+00 9.014795136628565020e-01 3.515186906685843216e-01 3.748456979540915501e+00 1.100000000000000000e+01 1.100000000000000000e+01 4.000000000000000000e+00 -7.459083728758093912e+01
2.623721074746398152e+00 1.844283480713067247e+00 2.914293429323418838e+00 6.215685754712222177e+00 1.985034285590634218e+00 4.843208669695777679e-01 4.855371217325386568e-01 2.992711508498462347e+00 6.000000000000000000e+00 1.600000000000000000e+01 4.000000000000000000e+00 -1.010173229466056000e+04
2.347555260389612375e+00 9.829995986519091122e-01 3.934711045057812218e+00 6.793283107869571680e+00 2.579692783496401631e+00 4.933092112700698806e-01 1.822739692922926424e-01 2.921172297238597615e+00 8.000000000000000000e+00 2.000000000000000000e+00 3.000000000000000000e+00 -6.558015667873176824e+01
2.653981143187898795e+00 2.698359750843303484e+00 1.448496877814882344e+00 2.015220118782369507e+00 1.437918987911760649e+00 1.397996002498627766e+00 6.760048632321725703e-01 2.727106272243633889e+00 4.000000000000000000e+00 7.000000000000000000e+00 5.000000000000000000e+00 -1.883085499939010106e+02
1.988098899507436013e+00 1.387133923009279624e+00 3.818422527091795970e+00 2.671555295245291006e+00 2.584259951597423832e+00 1.178363118857614467e+00 5.100715322160719323e-01 3.903320435070928962e+00 3.000000000000000000e+00 1.100000000000000000e+01 4.000000000000000000e+00 -1.007809672523051995e+04
1.569867925003271658e+00 2.894742895209123201e+00 5.572389077158123705e+00 1.331795753313261832e+00 2.070984750148488374e+00 1.086986273084587173e+00 9.159415323853642432e-02 3.329076717103514493e+00 4.000000000000000000e+00 6.000000000000000000e+00 4.000000000000000000e+00 -1.043014373673857449e+02
1.292701290586270257e+00 1.460032739498834609e+00 1.499361134576412402e+00 2.589645713533751170e+00 2.019462875773309740e+00 9.585818092378832755e-01 3.584370193831985518e-01 3.351152239473951688e+00 8.000000000000000000e+00 1.100000000000000000e+01 4.000000000000000000e+00 -6.216093700062805993e+01
1.214666462066527286e+00 1.643555368338494027e+00 2.658551038313771375e+00 4.559925449769883343e+00 2.157517070693962147e+00 4.796235512425860437e-01 4.124713470874802890e-01 2.745380832277350969e+00 1.000000000000000000e+00 1.200000000000000000e+01 3.000000000000000000e+00 -8.256775830582498088e+01
1.642968150902484048e+00 1.676640209791025571e+00 3.990083551475672508e+00 4.022031326593126899e+00 1.220094313499424876e+00 1.250058161722138017e+00 5.251608538101495971e-02 2.466592223482356072e+00 8.000000000000000000e+00 6.000000000000000000e+00 3.000000000000000000e+00 -5.419742274546948124e+01
2.066050156591414666e+00 1.800227568372749110e+00 7.088823739769037680e+00 4.798134381192635800e+00 1.301807947086488060e+00 5.696261862173838120e-01 2.711873962925134829e-01 2.285699714481327138e+00 5.000000000000000000e+00 7.000000000000000000e+00 5.000000000000000000e+00 -9.109445645140996817e+01
2.343715654537581461e-01 7.885871997692796009e-01 2.762324753978038672e+00 7.668711308116851200e+00 1.766548165817232174e+00 1.402270259535288277e+00 8.704809483724981201e-01 2.498618391867060140e+00 0.000000000000000000e+00 7.000000000000000000e+00 5.000000000000000000e+00 -3.523319630608321518e+02
2.122989824876769127e+00 2.058442326029331415e+00 3.717386272627421828e+00 3.410575650415927917e+00 2.379763650108320583e+00 4.101414586037562815e-01 4.000632333667349383e-01 3.730131604391763389e+00 6.000000000000000000e+00 3.000000000000000000e+00 3.000000000000000000e+00 -3.148478714257159794e+01
