9.416505936406103228e-01 1.608094699801567939e+00 2.917418712873536712e+00 4.509986503849106043e+00 2.735069911354712779e+00 3.616748761230510478e-01 4.317766641317604126e-01 2.638902369922619062e+00 5.000000000000000000e+00 1.100000000000000000e+01 3.000000000000000000e+00 -1.511403868982418146e+02
1.355186687260468537e+00 2.441229636057100638e+00 3.911129438742363185e+00 3.010290221727765392e+00 1.468854997851004818e+00 9.972406748964293133e-01 3.233899171255485427e-01 3.578631591920352850e+00 5.000000000000000000e+00 1.500000000000000000e+01 3.000000000000000000e+00 -8.486561969873082489e+01
2.115639738736696085e+00 2.082589528587038608e+00 4.635644902212859186e+00 4.010351608807854795e+00 2.503918627431087174e+00 6.688493410796030325e-01 4.167330794526263871e-02 3.236881586043310666e+00 4.000000000000000000e+00 9.000000000000000000e+00 5.000000000000000000e+00 -1.130970163400789659e+02
1.199719429111631319e+00 1.691345054356884425e+00 1.738154940185435704e+00 2.270608338485665900e+00 1.102282926061131985e+00 5.264501505011713878e-01 3.631215674257818327e-01 3.904480105274891422e+00 5.000000000000000000e+00 6.000000000000000000e+00 4.000000000000000000e+00 -9.224516857936913539e+01
2.511200951815506510e+00 1.846804949685346475e+00 2.316473115158782292e+00 2.691138409502599416e+00 2.108875167054860000e+00 7.249907490342604177e-01 2.618262484617377428e-01 3.171317521819811969e+00 2.000000000000000000e+00 1.400000000000000000e+01 3.000000000000000000e+00 -8.880107482668674379e+01
2.800718446812892282e+00 1.125009365056164556e+00 3.379671688181243638e+00 6.804958616004497252e+00 2.026134442847042916e+00 2.001046565055410176e-01 6.978619598962571002e-01 4.253394438289119783e+00 4.000000000000000000e+00 6.000000000000000000e+00 3.000000000000000000e+00 -4.367662666837259167e+01
1.423005312004060441e+00 7.650144551230468881e-01 3.553177864772971262e+00 2.094606489088232326e+00 1.669829932215656232e+00 1.976356986658547088e+00 4.781202967957571826e-01 2.798440416093964878e+00 3.000000000000000000e+00 1.300000000000000000e+01 3.000000000000000000e+00 -2.455377389256829588e+02
2.577491414643447776e+00 2.172845990480181566e+00 1.917269804383623821e+00 3.870957348189726588e+00 1.827893524329491370e+00 1.042324486885658263e+00 4.738368979582027740e-01 3.231673235475648553e+00 6.000000000000000000e+00 1.300000000000000000e+01 5.000000000000000000e+00 -3.052204990642196094e+02
2.311135607826187321e+00 2.181296911938618965e+00 4.025934915269416159e+00 3.838815530633711059e+00 2.128979945386642925e+00 1.460984041038684733e+00 7.537388674571741110e-01 3.197380366449446232e+00 5.000000000000000000e+00 1.400000000000000000e+01 4.000000000000000000e+00 -2.103322808718260433e+02
2.593889257345949773e+00 1.510024679089106314e+00 2.717659520736373402e+00 2.823002344740388025e+00 1.586965044010838710e+00 1.528292081073651554e+00 3.407976107737978877e-01 2.866144846267170365e+00 6.000000000000000000e+00 1.500000000000000000e+01 3.000000000000000000e+00 -2.726355880942887211e+02
5.069561435669824867e-01 1.647365047914190583e+00 4.044863873957707412e+00 4.996081862906521565e+00 1.159340920266006991e+00 1.395624541682472852e+00 1.072382863325187508e-01 3.124052643549370956e+00 6.000000000000000000e+00 7.000000000000000000e+00 4.000000000000000000e+00 -5.838105069839018313e+01
1.217372978065534461e+00 1.908838127489863812e+00 1.362508208489250805e+00 4.421407721662367507e+00 1.201661919165697867e+00 7.755478361156605827e-01 3.559119118697879336e-01 4.274538838609021063e+00 5.000000000000000000e+00 1.100000000000000000e+01 2.000000000000000000e+00 -1.006378814291769231e+04
1.638820680758330983e+00 1.657997961835031120e+00 4.900674446245007587e+00 2.004583356312850562e+00 1.536544519045294432e+00 4.756421906325967730e-01 4.610511312725318889e-01 3.607122824142024342e+00 6.000000000000000000e+00 7.000000000000000000e+00 3.000000000000000000e+00 -2.572821616267546005e+02
2.676114566110265436e+00 2.571111577249887148e+00 5.223276188248010321e+00 1.979964320483933893e+00 2.616311709253188678e+00 5.378926779000213765e-01 5.689984098748112062e-01 3.138539878867975474e+00 4.000000000000000000e+00 1.200000000000000000e+01 3.000000000000000000e+00 -1.021279179637766538e+04
1.976325137719688874e+00 1.634300216464237732e+00 3.776442083227650848e+00 4.449174022334283052e+00 1.252192091636094240e+00 7.502187080543247788e-01 3.713281320909412320e-01 3.166772663694318091e+00 6.000000000000000000e+00 1.800000000000000000e+01 3.000000000000000000e+00 -1.007655465500184255e+04
1.625194960679294809e+00 2.365497092500697285e+00 2.241815887299547505e+00 4.594694134674798036e+00 6.780360089338334229e-01 7.885177837053242156e-01 5.601270158111457675e-01 3.175761897501587327e+00 5.000000000000000000e+00 8.000000000000000000e+00 2.000000000000000000e+00 -1.031433071750092125e+02
2.399595999066130858e+00 1.955033997991117101e+00 6.441195597928461858e+00 1.618393528561346439e+00 2.530029005353274130e+00 1.352414128523503400e+00 3.351653634380455937e-01 2.892906012315414443e+00 5.000000000000000000e+00 1.000000000000000000e+01 4.000000000000000000e+00 -2.121709331023712082e+02
2.728931310443778457e+00 1.640960365655165676e+00 4.532548485885488532e+00 4.262647758735883308e+00 2.330456609102744991e+00 1.034767931135315289e+00 5.786284607331914076e-01 2.992894684167568098e+00 7.000000000000000000e+00 1.600000000000000000e+01 3.000000000000000000e+00 -1.015718890425082463e+02
1.426343622721184978e+00 2.546391793765032219e+00 3.533888585228399659e+00 1.025352828648477210e+00 1.833112818630372010e+00 1.191694522065525064e+00 2.241846752010950850e-01 2.656982902329879437e+00 3.000000000000000000e+00 1.400000000000000000e+01 3.000000000000000000e+00 -9.482973663194442793e+01
7.324731773274122393e-01 2.703495271892039309e+00 3.986288791870335135e+00 6.218211012031447993e+00 1.515883509238133531e+00 3.007806446663602862e-01 3.305400770545264266e-01 3.687603394272619184e+00 6.000000000000000000e+00 8.000000000000000000e+00 3.000000000000000000e+00 -1.472158686129081389e+02
6.537027496234766311e-01 1.433717965581444265e+00 5.972481188760952797e+00 2.559382178679014075e+00 1.590504536430281668e-02 6.689412652018367211e-01 4.892403504260522951e-01 2.556625621412446758e+00 5.000000000000000000e+00 4.000000000000000000e+00 4.000000000000000000e+00 -6.887129813315000604e+01
1.356076926868277521e+00 2.125420241078816108e+00 4.563560892185235751e+00 5.973768871820183790e+00 1.675168123239000995e+00 1.472287271076226034e+00 3.746937879776779390e-01 3.026419263533272730e+00 2.000000000000000000e+00 7.000000000000000000e+00 4.000000000000000000e+00 -7.344607475725443635e+01
1.133902087657447932e+00 1.282206658750844275e+00 2.770407999953993006e+00 4.098072313328671612e+00 1.847381168313889876e+00 1.445719772334916664e+00 3.848125950219847269e-01 2.975931381061680536e+00 4.000000000000000000e+00 9.000000000000000000e+00 4.000000000000000000e+00 -6.424732388272006745e+01
1.035989772675201204e+00 2.938488324175672517e+00 4.819809122477287211e+00 5.963266749764735586e+00 2.729251553133338781e+00 1.095124018059987048e+00 4.055751710270452115e-01 3.901398179744547168e+00 5.000000000000000000e+00 1.300000000000000000e+01 5.000000000000000000e+00 -1.006728156308276266e+04
2.101321445110536423e+00 1.934087585294446354e+00 6.593830225226809283e+00 1.655294096036660001e+00 1.618930909604384238e+00 1.783223282668037202e+00 5.814750528219866377e-01 3.848117001503649437e+00 7.000000000000000000e+00 1.100000000000000000e+01 3.000000000000000000e+00 -7.930515603248409207e+01
1.358868779192480836e-01 1.547070101197940417e+00 2.669238247602199188e+00 4.840733880585355919e+00 1.817370899045709809e+00 3.514863682259226074e-01 7.147481757423463922e-01 2.352917397134294930e+00 2.000000000000000000e+00 7.000000000000000000e+00 3.000000000000000000e+00 -7.738246840606997523e+01
1.680434355460194151e+00 1.433672914352506655e+00 3.740038966128319764e+00 5.226505313878841541e+00 2.625321420873642175e+00 1.110760396317868048e+00 3.426097186265707473e-01 3.723112507862246456e+00 6.000000000000000000e+00 1.200000000000000000e+01 4.000000000000000000e+00 -8.014981520703823037e+01
1.540852977308710736e+00 1.590648268737299587e+00 6.668774057099703612e+00 3.986775950118007117e+00 1.637965646173860979e+00 4.243483477976670026e-01 5.061845292352575854e-01 3.365487546497230031e+00 9.000000000000000000e+00 9.000000000000000000e+00 3.000000000000000000e+00 -3.131145317736617812e+02
1.851554275259129856e+00 1.996028920338711821e+00 6.014871710422044160e+00 2.087863241992287122e+00 1.153271194884168960e+00 1.804891795481825767e+00 4.685799593227607529e-01 3.660318925151162972e+00 5.000000000000000000e+00 1.700000000000000000e+01 2.000000000000000000e+00 -1.117460419408685368e+02
1.524218993330324068e+00 1.732740433586028139e+00 1.602906933485174878e+00 4.806313498834086317e+00 1.125758210937337633e+00 7.182942064426296458e-01 3.884325801537295009e-01 3.373414622087826054e+00 5.000000000000000000e+00 8.000000000000000000e+00 4.000000000000000000e+00 -7.068197753625472046e+01
1.970581231403776945e+00 1.266295377371055464e+00 4.134410501659441906e+00 3.560478194036484467e+00 2.330485488093206659e+00 1.456771588264721640e+00 3.487577328437139190e-01 3.019990333251655557e+00 5.000000000000000000e+00 1.100000000000000000e+01 3.000000000000000000e+00 -1.006434757050716871e+04
2.151038529179149172e+00 2.285938472284993139e+00 2.575601139694643660e+00 1.534595452928005033e+00 2.550460635737449966e+00 1.245377563383100572e+00 1.261572501779804345e-01 3.228230875348718332e+00 5.000000000000000000e+00 2.000000000000000000e+00 3.000000000000000000e+00 -6.492880824065447598e+01
1.563491631045186070e+00 2.182380180403162395e+00 5.340987522735513693e+00 4.171972783380862637e+00 1.947864805597190330e+00 3.493337100699437370e-01 3.575802969214797455e-01 3.913123381069321560e+00 5.000000000000000000e+00 1.000000000000000000e+01 3.000000000000000000e+00 -8.793634132079895949e+01
1.157582940513183223e+00 2.099301015702455864e+00 5.791177103145426663e+00 7.087842276254866292e+00 1.724929069145123117e+00 1.364152197949290102e+00 4.768629517269198925e-01 3.122555289826973723e+00 3.000000000000000000e+00 1.100000000000000000e+01 4.000000000000000000e+00 -1.006169886646180748e+04
1.958829026964722164e+00 2.029335109014638316e+00 3.062159123258434423e+00 3.854978439764107812e+00 2.537975357868965887e+00 1.709282181910360965e+00 2.399537475369210859e-01 2.772799710515196914e+00 2.000000000000000000e+00 1.200000000000000000e+01 3.000000000000000000e+00 -7.242427948686500372e+01
1.964717394896757119e+00 1.987295452041755395e+00 5.906024694946772513e+00 3.047734543635377769e+00 2.610579451868078493e+00 1.196273811469048542e+00 6.742108523879906112e-01 4.236023797822351611e+00 7.000000000000000000e+00 1.300000000000000000e+01 2.000000000000000000e+00 -1.010036980192163173e+04
1.400022506326982219e+00 1.422601412788562447e+00 5.245824997727641659e+00 4.258678315967730832e+00 2.631739702715077733e+00 1.399254823836586725e+00 3.350791868751352709e-01 3.655468081338595798e+00 6.000000000000000000e+00 1.100000000000000000e+01 3.000000000000000000e+00 -9.105565692528190880e+01
3.373576767845600788e-01 1.367523792911364611e+00 2.560617018005343137e+00 4.636444939082913663e+00 2.844072895156239955e+00 3.085513245495298262e-01 5.283634576042054443e-01 2.384271898188947691e+00 2.000000000000000000e+00 8.000000000000000000e+00 3.000000000000000000e+00 -7.915148786738026843e+01
2.770579883118096554e+00 2.685661810351785750e+00 7.008925103620404329e+00 6.328089934585356957e+00 2.401522978240326900e+00 3.904355345485012729e-01 3.744174080158519935e-01 3.386309418371476809e+00 3.000000000000000000e+00 1.200000000000000000e+01 5.000000000000000000e+00 -1.004672163620281208e+04
1.413327352127736081e+00 1.591910868958778424e+00 4.266125592593991378e+00 3.147301572075697607e+00 1.700937119757687688e+00 9.579650570577314950e-01 5.090923129945645886e-01 3.815386173830845884e+00 7.000000000000000000e+00 1.000000000000000000e+01 3.000000000000000000e+00 -6.207383352666253984e+01
1.464977769128900764e+00 1.677070289944308845e+00 6.670376729465945509e+00 3.383599549019838282e+00 2.013918705772358209e+00 6.719401733655377962e-01 1.901735819988829568e-01 3.489673004400931866e+00 6.000000000000000000e+00 2.000000000000000000e+01 3.000000000000000000e+00 -3.749649377303625215e+02
2.175786316554496391e+00 1.725096565298279705e+00 5.257668530963190534e+00 2.049470765790018856e+00 2.581783056407557897e+00 1.021388259306570845e+00 6.698048271539358556e-01 2.833491552418192505e+00 9.000000000000000000e+00 9.000000000000000000e+00 4.000000000000000000e+00 -1.607200212295573181e+02
1.773158753457664050e+00 1.722015852853959528e+00 4.094860244506029368e+00 1.009026674221060293e+00 2.347650926047532671e+00 1.368717114053117356e+00 3.364016112832941552e-01 3.217527962875016190e+00 3.000000000000000000e+00 9.000000000000000000e+00 3.000000000000000000e+00 -2.112869032317728966e+02
1.983614206250525758e+00 2.171692617363639055e+00 4.526936650086474501e+00 3.432004676710815883e+00 1.354213825599040355e+00 2.099883552034393475e+00 3.671471061255214829e-01 3.697256706713320185e+00 5.000000000000000000e+00 7.000000000000000000e+00 3.000000000000000000e+00 -5.842871529193223523e+01
2.044649647674801507e+00 1.636994143209948405e+00 3.299221559136247262e+00 5.238827667901484020e+00 1.528367378762164108e+00 5.573907799584227885e-01 4.122748796905847390e-01 2.977073513869946453e+00 5.000000000000000000e+00 1.900000000000000000e+01 2.000000000000000000e+00 -1.011029166437877393e+04
1.511223515010064578e+00 1.680417628108360928e+00 4.533777959895145315e+00 2.052077111910193707e+00 2.071353206672186698e+00 8.735185407789953782e-01 1.484387222047855170e-01 2.153866327628580102e+00 2.000000000000000000e+00 8.000000000000000000e+00 3.000000000000000000e+00 -1.741442909263437855e+02
1.737850442307484755e-01 2.635627368465976783e+00 3.753021814482890406e+00 7.829923580595180788e+00 2.540637562400079208e+00 2.123514991255919249e+00 2.620680454948392524e-01 4.017074386319075430e+00 5.000000000000000000e+00 1.600000000000000000e+01 4.000000000000000000e+00 -1.004041664221432802e+04
2.371036391213645178e+00 2.178431724757831756e+00 1.453066738308383954e+00 1.764461648293550455e+00 2.511349379234677937e+00 4.208055894454459933e-02 4.901818699562166537e-01 2.830617518604571892e+00 5.000000000000000000e+00 5.000000000000000000e+00 4.000000000000000000e+00 -3.636011538335475279e+01
