1.471808157740566170e+00 9.263956073665278179e-01 4.571246780507954632e+00 3.317056214869516850e+00 2.917474586713110885e+00 5.694191609715864022e-01 4.343278363113015628e-01 4.176902601686670380e+00 7.000000000000000000e+00 1.200000000000000000e+01 3.000000000000000000e+00 -9.316046147515109510e+01
1.251877666684110491e+00 2.178078235816134800e+00 4.342259701973657293e+00 3.800087654166709239e+00 1.968033210463723037e+00 1.513021970798504423e+00 5.235539393861948776e-01 3.032617500880107286e+00 1.100000000000000000e+01 9.000000000000000000e+00 5.000000000000000000e+00 -5.501316120579821245e+01
1.672386501584513629e+00 1.451515570828937340e+00 2.947943564702868890e+00 1.969557192279602242e+00 2.857065792905800095e+00 1.730872418824500603e+00 2.448239030235807578e-01 2.500600557453857675e+00 7.000000000000000000e+00 1.100000000000000000e+01 4.000000000000000000e+00 -1.017697451371817436e+02
1.964652492264109540e+00 2.322740211874263494e+00 2.365448627982623009e+00 5.020764906810846639e+00 1.339732575026814532e+00 3.051047750998134855e-01 3.957543453954485146e-01 3.907454699555037880e+00 7.000000000000000000e+00 9.000000000000000000e+00 4.000000000000000000e+00 -9.247571909689301606e+01
1.544044218275495872e+00 2.416725078004713367e+00 4.254298364067471638e+00 7.249468499299427826e+00 2.164974529853722629e+00 2.735665739022191678e-01 6.348218372893883465e-01 3.823676903085665213e+00 2.000000000000000000e+00 1.200000000000000000e+01 4.000000000000000000e+00 -8.002058126855760634e+01
1.355039875371351954e+00 2.317826255780177203e+00 1.831632484554172269e+00 4.794059839843016313e+00 2.259284446555941184e+00 1.598787623696379834e+00 4.935606138505518325e-01 2.885785406898103034e+00 4.000000000000000000e+00 6.000000000000000000e+00 2.000000000000000000e+00 -1.007104288644380176e+04
2.286219590834595028e+00 2.314474266344928477e+00 1.300865141697660876e+00 4.970362204038211829e+00 2.489348760462090304e+00 2.514686459043511957e-01 4.772616793238099175e-01 3.478399088081344903e+00 7.000000000000000000e+00 8.000000000000000000e+00 3.000000000000000000e+00 -1.049372667369218419e+02
1.954978387515874827e+00 2.338619403906371463e+00 2.320669587238449516e+00 5.211664257217502261e+00 2.001744558542577046e+00 1.082629393407912088e+00 2.841539400914352975e-01 3.482248848236278338e+00 6.000000000000000000e+00 8.000000000000000000e+00 3.000000000000000000e+00 -8.797614322450672830e+01
2.215209914879969322e+00 1.289328573531113076e+00 3.951650076944288159e+00 3.931539094238925447e+00 1.941332638652419451e+00 1.068330873826948357e+00 3.181294993072206756e-01 3.296521478740256583e+00 6.000000000000000000e+00 6.000000000000000000e+00 2.000000000000000000e+00 -6.110387215360566415e+01
2.172293619672807985e+00 2.131316782997799031e+00 2.311345910856841268e+00 5.735749757045493169e+00 4.452067585215293555e-01 6.820846914164589991e-01 2.308284639686201400e-01 2.976435292137918243e+00 9.000000000000000000e+00 1.300000000000000000e+01 5.000000000000000000e+00 -8.668928440524990719e+01
1.540468858768965887e+00 1.032314934829259956e+00 2.213802928290122818e+00 2.998368153094331579e+00 1.744075978372615188e+00 4.288173063128222773e-01 3.261383174701451559e-01 2.545767823072220715e+00 7.000000000000000000e+00 1.400000000000000000e+01 3.000000000000000000e+00 -1.442277285629792800e+02
2.605260698241164796e+00 1.331553975802316936e+00 7.760531832775487082e+00 5.888040656916436077e+00 2.935505166749663442e+00 8.931494339690307926e-01 3.042060243568491806e-01 2.779892971415822700e+00 6.000000000000000000e+00 1.000000000000000000e+01 4.000000000000000000e+00 -1.750439720769158214e+02
1.856734565744359244e+00 1.769746241672204290e+00 3.442496077259390663e+00 5.386934085105151482e+00 1.805355911270287272e+00 1.795575569251591563e+00 6.160679641277675422e-01 2.811223165193503792e+00 7.000000000000000000e+00 1.100000000000000000e+01 3.000000000000000000e+00 -9.358208462085433155e+01
2.507339059347296839e+00 1.592590014485023797e+00 4.852226331402649251e+00 3.644159699721795320e+00 2.608252058618189206e+00 2.203422863218799321e+00 2.839155577923372920e-01 3.643280322035271190e+00 7.000000000000000000e+00 1.400000000000000000e+01 3.000000000000000000e+00 -8.183195556392200842e+01
1.648292487195293088e+00 2.680178817846023964e+00 4.292135951306621067e+00 4.485164506547125285e+00 1.312942662319523723e+00 3.657516672097149146e-01 9.469702644700611627e-02 2.701992991635044472e+00 8.000000000000000000e+00 1.100000000000000000e+01 3.000000000000000000e+00 -7.575274813508079319e+01
1.999352599142067533e+00 2.349496323829288968e+00 2.844745429997572295e+00 2.416838662044084707e+00 2.421849285012090292e+00 5.805810691445064675e-01 1.228717064432785083e-01 2.754590657891517136e+00 5.000000000000000000e+00 1.400000000000000000e+01 2.000000000000000000e+00 -2.354829724635298476e+02
2.000650599189345513e+00 1.930723755463416458e+00 3.393283569421412960e+00 3.810123378812170003e+00 1.791333351957107300e+00 1.563401029053659075e+00 3.926671045285931028e-01 4.019555116204727163e+00 6.000000000000000000e+00 1.000000000000000000e+01 4.000000000000000000e+00 -9.058186575988332834e+01
1.626719194764604026e+00 1.501397185300183290e+00 4.867331029278221699e+00 3.812572121999056485e+00 1.409955302084734408e+00 1.034396405922706652e+00 3.249968173198344856e-01 3.409050684822284794e+00 9.000000000000000000e+00 1.000000000000000000e+01 5.000000000000000000e+00 -7.810606964790792972e+01
1.598364437127078208e+00 2.957656267546338924e+00 3.196193526943718055e+00 5.287330006641458802e+00 1.156352855915780520e+00 1.321912293409305050e+00 5.100487896268379728e-01 3.720589980414859888e+00 6.000000000000000000e+00 1.300000000000000000e+01 5.000000000000000000e+00 -8.617848063801676517e+01
2.566393015153281887e+00 1.515457939378176855e+00 2.483719628910918686e+00 4.900026870791305278e+00 1.947278351051856982e+00 7.079514809541631593e-01 3.401820134657778660e-01 3.068657205713217984e+00 5.000000000000000000e+00 6.000000000000000000e+00 5.000000000000000000e+00 -1.604736000584582314e+02
1.605793495978569130e+00 2.550815596621357706e+00 1.149047796023792145e+00 4.254712804231638223e+00 1.852280581078938004e+00 4.959102713587738021e-01 5.547949119938377915e-01 3.547975703051270635e+00 5.000000000000000000e+00 4.000000000000000000e+00 5.000000000000000000e+00 -6.829821749870906444e+01
1.650156535688612314e+00 2.158918248416409558e+00 2.898778216263474317e+00 6.162500551258906611e+00 1.409486018915340200e+00 6.792286441960037058e-01 3.104385933513101881e-01 3.446717301140396650e+00 5.000000000000000000e+00 2.000000000000000000e+00 4.000000000000000000e+00 -6.436652856591311433e+01
1.198602521852768721e+00 2.692401992130829758e+00 8.330054861552611101e+00 4.334621690019765161e+00 2.229554432670028064e+00 1.213933625988898646e+00 1.567743981409493448e-01 2.443942363336057078e+00 5.000000000000000000e+00 1.200000000000000000e+01 4.000000000000000000e+00 -2.473321758547819229e+02
1.995914405721432194e+00 1.531573379716520744e+00 4.063648489292059907e+00 3.189859409081971187e+00 1.573912764310988699e+00 5.451981550428135481e-01 3.089720420771482345e-01 2.854287176681609584e+00 7.000000000000000000e+00 1.200000000000000000e+01 4.000000000000000000e+00 -1.805734563466610609e+02
1.790767309435191024e+00 2.121119053964249712e+00 7.130421971612172172e+00 4.925636134721379733e+00 2.139079611001630354e+00 7.528710730463885614e-01 7.339275905901403441e-01 2.951190463527700203e+00 4.000000000000000000e+00 8.000000000000000000e+00 4.000000000000000000e+00 -1.889237756537872599e+02
2.064047213371878797e+00 1.849360167167828806e+00 3.765959290841243146e+00 5.772612485748878974e+00 1.521572120182185683e+00 1.604398517320957396e+00 3.595632923842958517e-01 3.052216636986899267e+00 3.000000000000000000e+00 1.200000000000000000e+01 3.000000000000000000e+00 -8.209683314811078958e+01
2.006188636486855081e+00 8.366059509629774071e-01 3.029609628640533625e+00 6.067812108078538103e+00 1.787750402603148991e+00 1.419333757866644952e+00 2.694222320318114816e-01 3.600043891412336272e+00 5.000000000000000000e+00 1.100000000000000000e+01 3.000000000000000000e+00 -8.438775238618329411e+01
1.247100198535042948e+00 9.371680124348589214e-01 2.914536031190845478e+00 3.321499062456165330e+00 2.016932258882567996e+00 4.229697473016760800e-01 1.518917638051386632e-01 2.961847318940972418e+00 7.000000000000000000e+00 7.000000000000000000e+00 4.000000000000000000e+00 -9.536416526088686396e+01
1.438637111063520990e+00 1.603111724133612803e+00 3.733925753580806806e+00 4.692206691301826993e+00 1.761706004939045833e+00 4.220138034529270499e-01 2.770977890332301796e-01 2.222170591005120599e+00 5.000000000000000000e+00 1.300000000000000000e+01 4.000000000000000000e+00 -2.488172252576528081e+02
2.578512450809878231e+00 2.226793610128668721e+00 3.324511194915588330e+00 5.105066194711357142e+00 1.523620030891418509e+00 9.533430509413203247e-01 5.380729988648941253e-01 3.088361123511051520e+00 6.000000000000000000e+00 1.400000000000000000e+01 4.000000000000000000e+00 -9.446596984612337167e+01
2.459515195479494043e+00 1.938025275925640223e+00 2.650476463591099119e+00 4.273379611707387227e+00 2.066691335436224630e+00 1.059035065066209036e+00 2.510579280596773599e-01 2.403148702481406662e+00 7.000000000000000000e+00 1.000000000000000000e+01 3.000000000000000000e+00 -2.423120991721716564e+02
1.971532127695828418e+00 1.915837504246468370e+00 3.305667249882051628e+00 1.467351150937791449e+00 1.534212670016938951e+00 1.211379087824307588e+00 3.385439089132181167e-01 3.232734776914829133e+00 6.000000000000000000e+00 1.200000000000000000e+01 3.000000000000000000e+00 -8.245879552884183283e+01
1.383734752626802678e+00 2.552703380205675110e+00 3.792692976479256295e+00 3.565617499488706876e+00 2.577854418248836321e+00 5.705679302374523365e-01 3.113954727755216534e-01 3.056112015020631123e+00 7.000000000000000000e+00 7.000000000000000000e+00 4.000000000000000000e+00 -1.326188842939319557e+02
1.546433642250091944e+00 1.600515476544700721e+00 4.872291826814412197e+00 3.555302573793580390e+00 2.387132137613384497e+00 1.100774302291758433e+00 3.377783093425759109e-01 2.242400715649145226e+00 5.000000000000000000e+00 9.000000000000000000e+00 4.000000000000000000e+00 -1.820909904320534167e+02
1.539669555289950864e+00 1.971595250209409622e+00 6.752512659815074869e+00 2.560275226771014712e+00 2.156338088684483623e+00 4.225221868348141285e-01 4.728643615664154254e-01 3.477441737425642554e+00 7.000000000000000000e+00 1.100000000000000000e+01 3.000000000000000000e+00 -2.317470485918731242e+02
2.344067108358343088e+00 2.270970956833179510e+00 6.428788749874971842e+00 6.878807818549672604e+00 2.165325385378658041e+00 1.905864557091582645e+00 1.976628717339197205e-01 3.049895987988266555e+00 4.000000000000000000e+00 8.000000000000000000e+00 5.000000000000000000e+00 -2.325348287691104758e+02
1.151353721530216756e+00 1.844880750431327154e+00 5.513044576503618011e+00 4.011233206414511088e+00 1.790530892659220719e+00 3.718871302609618734e-01 1.297187565333221548e-02 2.632102463765174427e+00 7.000000000000000000e+00 1.700000000000000000e+01 3.000000000000000000e+00 -3.879890061108869190e+02
7.473080010496707670e-01 2.186727848776621297e+00 1.658548780040042026e+00 5.244088257890773264e+00 1.808787668633517587e+00 9.311340659076272619e-01 4.208142612101972713e-01 2.740269143094685944e+00 5.000000000000000000e+00 7.000000000000000000e+00 2.000000000000000000e+00 -1.297987613942303824e+02
1.583244952369427194e+00 1.162398033259815167e+00 2.304496743046767548e+00 1.638686211550422600e+00 2.073786647134806760e+00 1.604393351663009337e+00 7.130377982802750259e-01 3.493389543807510211e+00 7.000000000000000000e+00 8.000000000000000000e+00 4.000000000000000000e+00 -7.372066163361004953e+01
1.284226533707979234e+00 2.469332774442969836e+00 4.094633877872094985e+00 5.356735643177050754e+00 2.732974986129296457e+00 1.377804216693775397e+00 3.539886492207504620e-01 3.878178958770067908e+00 4.000000000000000000e+00 4.000000000000000000e+00 2.000000000000000000e+00 -2.682149864393115308e+02
2.345845483783389085e+00 1.522808217823255150e+00 2.553469135034257320e+00 2.011758616241542175e+00 2.885076586328710668e+00 1.063034058868085607e-01 2.705688880131879581e-01 2.552161728840331101e+00 5.000000000000000000e+00 1.000000000000000000e+01 4.000000000000000000e+00 -1.874755287940821518e+02
2.088362476029628212e+00 2.206180173931000077e+00 3.755017110135337344e+00 4.633127599153276321e+00 1.758896454765561668e+00 1.612959724725888666e+00 4.295090564754240336e-01 3.620562058042468223e+00 8.000000000000000000e+00 1.200000000000000000e+01 4.000000000000000000e+00 -8.503875225343749378e+01
1.659616906573473605e+00 2.415547027046522022e+00 3.999658106347848463e+00 4.444109820739965855e+00 1.334488038802792653e+00 6.129895911131220121e-01 2.034222738331751823e-01 2.836244932385551643e+00 6.000000000000000000e+00 6.000000000000000000e+00 3.000000000000000000e+00 -6.351645427270516109e+01
2.475812290731466803e+00 5.213350305943338370e-01 4.984398833442218901e+00 3.057942141440476380e+00 2.313642574636198823e+00 5.989506805139219736e-01 7.600101397760756772e-01 3.690557684403076522e+00 8.000000000000000000e+00 1.000000000000000000e+01 5.000000000000000000e+00 -8.465009997313799772e+01
6.005128571404561022e-01 1.889290539644646438e+00 3.150954837703138445e+00 4.251568194552020508e+00 1.450039386013368015e+00 2.995260720061159176e-01 5.312313716339536196e-01 4.127590186496750135e+00 6.000000000000000000e+00 8.000000000000000000e+00 5.000000000000000000e+00 -5.482224096700914373e+01
2.558056915430439116e+00 2.086080794449932441e+00 2.132713926209257149e+00 3.426422657657123949e+00 2.289376444772027952e+00 1.578625865478853640e+00 4.638581365100980514e-01 3.009182208677643633e+00 1.000000000000000000e+01 1.000000000000000000e+01 2.000000000000000000e+00 -8.631881572042742334e+01
1.705405121035592719e+00 1.401576749295620150e+00 1.811134973578393037e+00 4.692696442007964208e+00 1.331023740048639326e+00 3.586164014513590903e-01 5.469112300169566288e-01 2.729571724572719127e+00 8.000000000000000000e+00 8.000000000000000000e+00 3.000000000000000000e+00 -1.441744898012825900e+02
1.819887128044605173e+00 1.859143994021503765e+00 1.592875317736112795e+00 5.521142536237910292e+00 2.565230710681445370e+00 6.722237203008522011e-01 1.714555731375793091e-01 3.007732018059032342e+00 1.000000000000000000e+00 3.000000000000000000e+00 4.000000000000000000e+00 -3.273175179590558770e+01
