3.237463853227542376e-01 1.798837561669517360e+00 2.090612217325499067e+00 8.107815247574910344e+00 2.214773885962231237e+00 1.520780805256791046e+00 5.715933947351915512e-01 2.270374374946992901e+00 6.000000000000000000e+00 1.000000000000000000e+01 2.000000000000000000e+00 -4.920454619825637792e+02 3.000999999999997385e+02 2.137471637391024260e+01 2.787112081615182244e-02 1.299793570389978781e-04
2.098636745210689103e+00 2.373185074972318009e+00 3.598395871521922196e+00 7.030091300378130903e+00 1.235576221896306448e+00 1.051947332426868886e+00 6.095366237507480189e-01 3.217339834063967619e+00 7.000000000000000000e+00 2.000000000000000000e+01 2.000000000000000000e+00 -3.534005089332549687e+02 6.001999999999994770e+02 3.331281808328453664e+00 -1.840773396892672609e-01 3.402598642086441805e-01
1.374611882487938308e+00 1.386320232758740278e+00 1.896510679756065354e+00 4.623562139000499727e+00 2.105369344448499547e+00 6.488716872334602259e-01 5.104760383198322371e-01 3.160653223108781162e+00 4.000000000000000000e+00 7.000000000000000000e+00 3.000000000000000000e+00 -4.346677904998134068e+02 1.326499999999935540e+02 1.856048603155741397e-02 -1.866915805432566300e+00 4.718043931888535880e+00
1.788575369157876516e-01 2.092740397650555639e+00 2.840024733595577722e+00 6.242110422362585176e+00 2.356231228948677980e+00 1.004918073166580106e+00 3.143064821325021740e-01 2.843424509853358373e+00 7.000000000000000000e+00 1.400000000000000000e+01 2.000000000000000000e+00 -6.246600237686602668e+02 4.201399999999720194e+02 2.591187648554214107e+01 1.146214477033234702e-02 6.272550278756256148e+00
1.479234212253093705e+00 1.606008197794670078e+00 8.071501519716834494e+00 1.511005053353058347e+00 2.324943018495240210e+00 1.231894015821796806e+00 5.607998340237810853e-01 2.454312383127814634e+00 5.000000000000000000e+00 1.300000000000000000e+01 3.000000000000000000e+00 -6.186107896714131584e+02 3.901299999999891384e+02 2.647161185446366005e+01 -5.641070574481391042e-03 6.280970240297731877e+00
1.704054062350507159e+00 2.214949480805142645e+00 6.212469272172405077e+00 4.826909123162590021e+00 2.527375164889426706e+00 5.080137075481195863e-01 5.250947468175284349e-01 3.167704973305061955e+00 3.000000000000000000e+00 1.100000000000000000e+01 1.000000000000000000e+00 -5.302865821865088947e+02 3.301100000000244563e+02 2.282697388665603810e+01 1.556811948165693071e-01 6.257174742267071821e+00
1.550382511460629553e+00 1.500437712857213279e+00 4.853926769788051487e+00 5.544025809588462472e+00 2.217828672454921879e+00 1.671943931590987642e+00 9.452225541091113792e-01 2.399483603855794733e+00 2.000000000000000000e+00 1.400000000000000000e+01 3.000000000000000000e+00 -2.385843388113750279e+03 1.055600000000003860e+02 2.081646175710937641e+01 -1.011569367977305411e+01 5.543937156132290767e+00
1.799884940691872881e+00 2.670231719234001044e+00 4.825112120235362845e+00 3.746964760126531235e+00 1.320010152871313958e+00 1.233784042294177485e+00 9.223556723815453662e-01 4.394831669253225215e+00 6.000000000000000000e+00 1.800000000000000000e+01 3.000000000000000000e+00 -2.375214028730051723e+03 7.974000000000050647e+01 2.095900179562822885e+01 -6.135282382477497798e+00 4.967003309775426700e+00
8.866095061193164373e-01 2.704149591205106784e+00 5.575603433449114910e+00 3.181160115614475536e+00 1.042709196639240998e+00 1.343492447388015876e+00 6.074893789695439139e-01 3.004695403517231078e+00 5.000000000000000000e+00 9.000000000000000000e+00 2.000000000000000000e+00 -1.759815611802821138e+02 2.700900000000045225e+02 2.558535073767491230e+00 -5.447671537339140307e-02 1.818648106080929250e-02
1.100979499592925182e+00 2.411825388687666383e+00 6.619000281222948701e+00 3.589163073266782522e+00 1.544744493378668704e+00 9.551006213275051726e-01 4.008752458694915255e-01 3.896224464173135171e+00 4.000000000000000000e+00 6.000000000000000000e+00 2.000000000000000000e+00 -1.553127301119275501e+02 1.800600000000052887e+02 4.080170631995306607e+00 -8.063865516308594758e-03 2.084345175728267909e-04
2.720502464149378241e+00 2.214635711139310459e+00 6.350675357356673878e+00 4.811691908366819703e+00 1.772697381766948466e+00 1.500109564806183515e+00 5.586618309527127124e-01 2.108149131044910973e+00 4.000000000000000000e+00 8.000000000000000000e+00 2.000000000000000000e+00 -1.992585894420232933e+02 2.400800000000151329e+02 4.951161840125982927e+00 -2.118953600622068556e-01 6.178970576387024849e+00
2.028004164869637638e+00 2.028194486847921585e+00 7.090451417708833581e+00 7.033485857882100234e+00 1.523227087720642858e+00 6.453544473967730566e-01 7.544489020182503225e-01 2.640031015011057747e+00 6.000000000000000000e+00 5.000000000000000000e+00 3.000000000000000000e+00 -1.663864972744059116e+02 1.018999999999963535e+02 2.269826062865486910e-02 -1.013551790393548480e+00 7.609656748049720143e-02
1.149529610261102563e+00 2.158605819173099682e+00 6.654658638695162054e+00 2.891791497065374639e+00 1.569854541650742563e+00 8.468840350605458811e-01 6.471246907758066991e-01 3.966420635582311949e+00 1.000000000000000000e+00 1.000000000000000000e+01 1.000000000000000000e+00 -4.584756660358348199e+02 3.000999999999997385e+02 1.927660412723968264e+01 1.763328133081352722e-01 1.859986181401055740e-03
1.049723987977996265e+00 1.715547676426715240e+00 8.755764582143511277e+00 6.252758078487898885e+00 2.175341895363127165e+00 1.610967829780033167e+00 4.750500106649590548e-01 3.010563836465663279e+00 7.000000000000000000e+00 4.000000000000000000e+00 2.000000000000000000e+00 -2.323269498842789744e+03 1.791999999999979565e+01 1.964434367767438161e+01 -2.219973322221773682e+00 5.759599475276093727e+00
2.228386439070685565e+00 2.157989680991243553e+00 5.251759028835011556e+00 4.529280895150975539e+00 2.795429321481440965e+00 1.512949199508520248e+00 7.413229391768945131e-01 3.843155561128736686e+00 9.000000000000000000e+00 5.000000000000000000e+00 1.000000000000000000e+00 -2.183086557282299509e+03 2.915000000000027924e+01 1.053197233014370404e+01 -2.191896608967661919e+00 4.991543863972768058e+00
8.444664078276031827e-01 2.458828535203636978e+00 6.377376865571621423e+00 4.374845747366604698e+00 1.261688184864432127e+00 6.639564557340856821e-01 6.215330517881587635e-01 2.727801802419825172e+00 4.000000000000000000e+00 1.100000000000000000e+01 2.000000000000000000e+00 -4.476491160432117908e+02 3.301100000000244563e+02 1.766213225269997267e+01 6.920320723375518457e-02 7.274354094269804005e-03
2.480145352217873800e+00 1.950819428235544661e+00 5.504020787485820243e+00 6.888472345994872015e+00 1.345377643888503005e+00 1.249774772339381501e+00 6.864591332684729652e-01 3.378084757941386407e+00 5.000000000000000000e+00 7.000000000000000000e+00 1.000000000000000000e+00 -1.566194826698523457e+02 1.754899999999893794e+02 2.421504926997383733e-02 -1.134505004089826574e+00 2.255850965080326009e-01
1.905827586794353712e+00 1.306200811900192882e+00 4.740222900588646482e+00 5.647358108322587888e+00 2.366796893522299383e-01 3.668698071800575722e-01 4.308049975636307760e-01 3.381375864291084277e+00 3.000000000000000000e+00 7.000000000000000000e+00 2.000000000000000000e+00 -2.150719276944252215e+03 5.166000000000018844e+01 7.805579809015756432e+00 -1.224100507903771673e+00 8.237854057607518765e-02
3.865999913539959199e-01 1.193774996414802336e+00 6.474531850597130322e+00 5.620480947289836493e+00 1.685286929092596697e+00 4.229154843509609352e-01 7.426029839006943467e-01 3.230200143902302923e+00 5.000000000000000000e+00 1.200000000000000000e+01 3.000000000000000000e+00 -2.434957525581310165e+03 2.000400000000045395e+02 2.093359534883175144e+01 -2.760053851072481468e+00 1.055405887024732925e+00
9.521235116835484735e-01 2.544747862048538423e+00 4.669741064185291890e+00 5.553161253326218905e+00 2.077835485199952092e+00 7.598171690709936144e-01 6.504831422442467481e-01 2.415774479594497315e+00 1.000000000000000000e+00 6.000000000000000000e+00 3.000000000000000000e+00 -3.921560452854955656e+02 1.800600000000052887e+02 1.888287783034330758e+01 2.645460727120472200e-01 6.274002260370008521e+00
1.515338149764787534e+00 2.029248730865297112e+00 6.207063434317290351e+00 8.063917618924785202e+00 8.731135954983516578e-01 3.925107391390184608e-01 9.337816771597146071e-01 2.647211441176247515e+00 4.000000000000000000e+00 9.000000000000000000e+00 2.000000000000000000e+00 -1.736837706522984774e+02 2.700900000000045225e+02 2.414923165768513513e+00 -1.376219452962604839e-01 6.282309686387357317e+00
1.815572063704464334e+00 1.278588679689882213e+00 7.280577324406423578e+00 6.303304098362893626e+00 2.530017886652168979e+00 1.447746710083670507e+00 5.597898878954499224e-01 3.789187129118533726e+00 6.000000000000000000e+00 1.500000000000000000e+01 2.000000000000000000e+00 -2.449237511603149869e+03 3.893999999999866191e+02 1.590859447519730985e+01 -2.268022980124626831e-01 5.393339933268198827e+00
9.512641240440656842e-01 2.345142423141732380e+00 6.583781869572316481e+00 5.561769584204353301e+00 1.899929014799837557e+00 2.064693152138919352e+00 6.826588821230357151e-01 2.883430856871062264e+00 2.000000000000000000e+00 1.000000000000000000e+01 4.000000000000000000e+00 -2.358119995508716329e+03 5.170000000000046469e+01 2.076687471929476558e+01 -9.599758998891568140e+00 2.885454345154800038e+00
1.988428397782954438e+00 2.697862613784242303e+00 5.735858411557587466e+00 5.236958458243311298e+00 2.838990373140937606e+00 3.474031276441413851e-04 5.341966393035434413e-01 2.185152762663823189e+00 9.000000000000000000e+00 1.400000000000000000e+01 5.000000000000000000e+00 -6.218868838636848295e+02 4.201399999999720194e+02 2.573855524148117624e+01 3.318748894577075448e-01 2.184117001705739892e-03
4.842176183761013331e-01 2.052674209335425992e+00 8.357098827493015136e+00 1.265178392226634418e+00 1.866611756322634985e+00 7.780857682120106977e-01 4.495563143889120816e-01 3.167296511466799913e+00 1.000000000000000000e+00 8.000000000000000000e+00 2.000000000000000000e+00 -5.458519260189767692e+02 2.400800000000151329e+02 2.661324537618557429e+01 -1.198286878698321886e-02 2.111083873564083410e-04
1.900224631002539688e+00 1.554339344478483209e+00 2.365949584001161732e+00 5.930966468391998703e+00 2.994970958651765436e+00 1.618718762577871839e+00 5.016190957172870224e-01 2.807798397860998829e+00 2.000000000000000000e+00 1.700000000000000000e+01 3.000000000000000000e+00 -2.279516100317891869e+03 5.338000000000036493e+01 1.580163126986822064e+01 -1.117977292946613943e+01 2.068772756053509632e+00
1.413760108211612465e+00 2.225266759045768428e+00 5.536545435699712137e+00 4.953477942232425768e+00 1.098031370136174800e+00 1.861128435881968635e+00 3.676986245221851579e-01 3.428899018739444582e+00 2.000000000000000000e+00 9.000000000000000000e+00 3.000000000000000000e+00 -2.347665207149144862e+03 2.978999999999996007e+01 2.079813794682155859e+01 -6.248485062504814280e+00 2.902677535085234073e+00
1.579000793633146049e+00 2.466663095275094975e+00 9.289408387956312296e+00 6.397019605591928837e+00 1.869645945445985946e+00 1.000473155676705694e+00 3.626313991611719301e-01 3.566068591434383706e+00 5.000000000000000000e+00 6.000000000000000000e+00 3.000000000000000000e+00 -2.191118713192753148e+03 5.058000000000040330e+01 1.036429457454705982e+01 -4.265233537707189271e+00 7.576339078704771302e-01
1.924156530604532733e+00 2.324592851609267541e+00 1.066611473935808796e+00 8.937978934605464332e+00 1.132177008730265166e+00 6.617622006812500235e-01 4.434872872782159026e-01 3.166402547640204457e+00 4.000000000000000000e+00 1.300000000000000000e+01 2.000000000000000000e+00 -1.703866747600519602e+02 1.778399999999965644e+02 1.850031534098660682e-02 -9.494621997742157538e-01 6.096139232446954992e+00
7.813900730617677759e-01 2.569630750452013057e+00 6.992629623968075414e+00 4.977096577043000458e+00 1.668088923863817685e+00 1.689434324077825789e+00 1.401774364435011133e-01 3.518781712472295542e+00 0.000000000000000000e+00 1.000000000000000000e+01 2.000000000000000000e+00 -3.218238244922428066e+02 3.000999999999997385e+02 1.073586403076518536e+01 -6.248939828279601386e-03 6.282619294773341245e+00
2.728118608469108253e+00 1.893416210069785777e+00 5.032257214652974042e+00 7.068679526107519706e+00 1.430139344524396172e+00 1.395807163333898426e+00 5.185943550744682717e-01 3.228595338145814786e+00 9.000000000000000000e+00 1.700000000000000000e+01 4.000000000000000000e+00 -2.146414994487037802e+03 2.099499999999950717e+02 2.589999655440008208e+00 -3.170627320061202070e+00 1.519382026279298525e+00
1.528241543840147987e+00 2.434138180993879352e+00 4.371197226100590250e+00 7.512682171730839187e+00 1.463519740607164055e+00 7.885339676749025806e-01 7.177807792497272743e-01 3.704181604032017461e+00 1.000000000000000000e+00 1.000000000000000000e+01 2.000000000000000000e+00 -4.471292047255791431e+02 3.000999999999997385e+02 1.856745029534870639e+01 -4.817003868819062784e-02 6.000324683494528966e-02
1.504019805924585507e+00 1.914383208340644016e+00 7.358802648049908690e+00 5.458938874495455451e+00 2.043511498023118378e+00 8.406932127740868177e-01 7.046226914854175627e-01 3.540821567871926590e+00 9.000000000000000000e+00 1.300000000000000000e+01 1.000000000000000000e+00 -2.653775242034234907e+02 3.901299999999891384e+02 4.394532762714306706e+00 8.921914045994936565e-03 6.283096029189345622e+00
1.038346026794712440e+00 1.946794964181806531e+00 8.306080438342075212e+00 6.716206708512777013e+00 1.280503486083072850e+00 7.984522514948363403e-01 8.553923521822416332e-01 3.434057621874983202e+00 5.000000000000000000e+00 8.000000000000000000e+00 3.000000000000000000e+00 -2.276255274738148273e+03 4.383999999999942077e+01 1.589595467113428207e+01 -8.475315055660381347e+00 2.308457831658573767e+00
2.141535550288203194e+00 1.748125422782659033e+00 3.796821579951288328e+00 3.459534792307570772e+00 2.525139980234568426e+00 5.617235799760074144e-01 2.976096348106492262e-01 4.143749314629832092e+00 0.000000000000000000e+00 1.400000000000000000e+01 2.000000000000000000e+00 -3.935785303738804259e+02 4.201399999999720194e+02 1.146928314836840279e+01 4.546303928977792064e-02 1.623030170696510444e-03
1.670189710458725108e+00 2.300555022140906569e+00 6.694132334913390103e+00 4.174544786703442867e+00 1.862265614799148983e+00 1.786903860018395296e+00 3.151724743140860707e-01 3.185527787597068894e+00 7.000000000000000000e+00 1.200000000000000000e+01 2.000000000000000000e+00 -2.384756007644973295e+02 3.601200000000105774e+02 3.650975047780752991e+00 2.299993349153512268e-03 2.122584521823550358e-04
6.953046628707135746e-01 1.932363118605218144e+00 7.651930313700066044e+00 7.793029761047451487e+00 2.381641073618315119e+00 1.265664915084094622e+00 9.571598839997825792e-01 2.261721630971721186e+00 3.000000000000000000e+00 2.000000000000000000e+00 1.000000000000000000e+00 -2.386536189430501054e+03 7.039999999999937863e+00 2.393851183940632055e+01 -1.674365477588536599e+00 2.278447696810531886e-01
2.137357150495576175e+00 8.911670654678598424e-01 2.712878549694499597e+00 5.987126608917573201e+00 2.012521644863424441e+00 7.710314387965957472e-01 4.565524014324359170e-01 4.507807512963228902e+00 1.100000000000000000e+01 6.000000000000000000e+00 1.000000000000000000e+00 -2.322400256486953367e+03 1.554000000000004000e+01 1.966439103043458303e+01 -3.040422284621953963e+00 2.771119525546776943e-02
2.835403743054044634e-01 2.492671420518959735e+00 7.917300702846383764e+00 7.275837847396035230e+00 9.785218150545650362e-01 2.213794166611187109e+00 5.313013915099515927e-01 2.983777127640020677e+00 8.000000000000000000e+00 3.000000000000000000e+00 2.000000000000000000e+00 -2.385153913513221141e+03 7.080000000000014282e+00 2.385086959457631650e+01 -2.954378740875539311e+00 2.920844986069239956e-04
1.839960055035645858e+00 1.684138274725496931e+00 2.374616664344895156e+00 7.360315493467577852e+00 5.802226845512276077e-01 5.532129286212266184e-01 3.723669312437313250e-01 2.592645883421450304e+00 7.000000000000000000e+00 1.700000000000000000e+01 2.000000000000000000e+00 -2.801222960267114672e+02 3.037899999999961551e+02 2.284804070297523360e-02 -9.562892273439818069e-01 6.245415985876419995e+00
2.700427038615782038e+00 1.880549727238245650e+00 9.877205897518665623e+00 9.797264287168317765e+00 2.740483303784597258e+00 1.087348510080353270e+00 4.332114938570906237e-01 2.945252155383771608e+00 6.000000000000000000e+00 1.300000000000000000e+01 2.000000000000000000e+00 -6.086005146487802904e+02 3.901299999999891384e+02 2.584596966554910580e+01 1.218322211256466919e-01 1.462770550097763356e-01
2.109286806486276422e+00 2.197508428661926860e+00 4.842512654962891183e+00 5.177092319373699070e+00 1.582651581254389983e+00 6.971547545793032041e-01 8.811767560607134397e-01 2.116643474830548044e+00 5.000000000000000000e+00 1.200000000000000000e+01 3.000000000000000000e+00 -4.594523263830123483e+02 3.601200000000105774e+02 1.746202039893794122e+01 2.639194407805168785e-01 9.071209233308404063e-02
1.724601109537806432e+00 1.857908729775290535e+00 6.496394238634549012e+00 9.461799675670377496e+00 2.905920006708990311e+00 4.911602826572136760e-01 4.664774075483321125e-01 3.501748111669164221e+00 7.000000000000000000e+00 1.400000000000000000e+01 1.000000000000000000e+00 -6.290595515651582446e+02 4.201399999999720194e+02 2.618684697282326113e+01 1.542402281251832319e-01 6.228888608407977756e+00
1.769880621367931006e+00 2.643313294748751652e+00 5.986630156746427289e+00 6.895597364846294042e+00 1.674537915501095542e+00 5.508904419632243421e-01 5.861576430792241332e-01 2.863033183190867526e+00 5.000000000000000000e+00 1.000000000000000000e+01 4.000000000000000000e+00 -2.317340164045961330e+02 3.000999999999997385e+02 5.105251025287266486e+00 -5.021401487523124985e-01 1.093648565473819348e-02
2.080338350584588714e+00 1.625104028695888880e+00 5.904785538517609567e+00 5.792903717712975187e+00 2.549215521269495799e+00 1.814033568824147569e+00 8.453703824217304597e-01 4.191143208514989560e+00 1.000000000000000000e+00 7.000000000000000000e+00 1.000000000000000000e+00 -2.298601124090503163e+03 9.078999999999763304e+01 1.582538275565652874e+01 -3.036443987369877195e+00 9.073281177560434951e-01
1.659049712963135637e+00 1.124069283461123225e-01 1.278018598268736872e+00 5.013411821388746858e+00 2.022091632353435919e+00 2.853762428518297756e-01 8.175491417126520277e-01 2.971007499358046200e+00 1.000000000000000000e+00 9.000000000000000000e+00 3.000000000000000000e+00 -2.127878815774152372e+03 7.821000000000169905e+01 5.548363485884461710e+00 -4.602228976888283363e+00 1.677129009223327971e+00
1.317841543418078354e+00 2.429241192172463926e+00 4.168687109227660059e+00 4.476870281513121164e+00 2.601339589121236529e+00 1.573470759415846576e+00 7.839366690980347219e-01 3.282493837008893856e+00 6.000000000000000000e+00 4.000000000000000000e+00 3.000000000000000000e+00 -2.268699903309196998e+03 2.263999999999969504e+01 1.608624395682480923e+01 -1.061117748786071679e+00 5.770531177672757472e-01
1.026065757664163414e+00 2.421151158405971060e+00 5.991605643883429977e+00 6.820854029242022776e+00 1.994374340500250309e+00 1.511656600112065929e+00 5.198664774418252366e-01 2.330822243590127130e+00 2.000000000000000000e+00 2.000000000000000000e+00 2.000000000000000000e+00 -2.224878330704298079e+01 4.398000000000127585e+01 1.617395669014653342e-02 -9.561983222320568077e-01 6.281008243914818046e+00
