1.157951810019035133e+00 1.775743154061431239e+00 8.213155159044326581e+00 4.210773402234752716e+00 2.060662012778906593e+00 6.448226319038306009e-01 4.185691284411835467e-01 2.536562399055786621e+00 6.000000000000000000e+00 4.000000000000000000e+00 1.000000000000000000e+00 -1.891069050667986460e+02 1.005600000000045213e+02 1.533173836095297164e-02 -1.003922596177098558e+00 6.282092433314428348e+00
6.239005329818875234e-01 1.663639466507320419e+00 3.905302252458287438e+00 5.835445768727693938e+00 1.574687227805890322e+00 1.192061496292232681e+00 3.850729708712796739e-01 3.634362611696514200e+00 6.000000000000000000e+00 1.400000000000000000e+01 3.000000000000000000e+00 -2.361716341342447322e+03 5.768000000000019156e+01 2.080477133390297340e+01 -7.553638886241170525e+00 2.339281298551415311e+00
4.695018096850318567e-01 1.773948449330212451e+00 9.470608593284566723e+00 3.773560108717131101e+00 1.440890014837543642e+00 1.311907058874949517e+00 6.725190980921166295e-01 3.358990937325434079e+00 3.000000000000000000e+00 7.000000000000000000e+00 1.000000000000000000e+00 -3.849386467447324094e+02 2.100699999999860097e+02 1.749397792154621101e+01 -6.572722148928039632e-02 1.170341903685091361e-01
1.129581561111699939e+00 1.566096760860082648e+00 2.473454206765647534e+00 9.991003582478594325e+00 9.977516186632400252e-01 8.126369514940671168e-01 4.914398555027722493e-01 3.384687249421133082e+00 1.000000000000000000e+00 1.100000000000000000e+01 3.000000000000000000e+00 -2.344882694059191635e+03 2.903999999999990322e+01 2.064766837869947125e+01 -1.031122124420849318e+01 5.499832249595068667e+00
6.219977171209855049e-01 1.336427642913701419e+00 7.224832367479937290e+00 6.551004851193489742e+00 1.549162341565410772e+00 1.277991809440887527e+00 8.196850304475208349e-01 2.791658640893408094e+00 2.000000000000000000e+00 1.300000000000000000e+01 1.000000000000000000e+00 -2.403259948861658813e+03 2.971799999999923898e+02 1.591687180385391898e+01 -1.853630574600501291e+00 6.137158604006703655e+00
1.668653240585256103e+00 1.548165418079852973e+00 7.056198862841754682e+00 6.757412004277039586e+00 1.290167648989221094e+00 8.784991546778189164e-01 2.650686672602891036e-01 2.854281889594724841e+00 2.000000000000000000e+00 3.000000000000000000e+00 1.000000000000000000e+00 -1.637996992920203638e+02 5.127000000000118263e+01 1.844764606874517432e-02 -1.000595651265691055e+00 6.279956923907877631e+00
8.228868042043637754e-01 2.067915157547302041e+00 7.388196703075518457e+00 4.303048424146164841e+00 1.479009051534401209e+00 8.070750950136487134e-01 5.995612781686014969e-01 3.265269352384382984e+00 5.000000000000000000e+00 6.000000000000000000e+00 3.000000000000000000e+00 -2.275167149655696448e+03 3.821999999999993491e+01 1.600357185348103428e+01 -6.692228485203798982e+00 1.295739281810813770e+00
2.128828647493236303e+00 1.876978256427584313e+00 6.398882713435014580e+00 2.867439264407267707e+00 2.483472485939304697e+00 3.046384898976700617e-01 5.695086732203196167e-01 3.922294707791813551e+00 0.000000000000000000e+00 1.100000000000000000e+01 1.000000000000000000e+00 -6.273492902582636361e+02 3.301100000000244563e+02 2.889339314114071300e+01 1.843175603937932672e-02 6.283096112447276838e+00
1.591782071514558083e+00 2.624887073334951193e+00 2.681283465444179726e+00 7.125695192117065702e+00 2.806717679203177607e+00 1.977647210814712952e+00 7.784018435510378087e-01 2.509498674698092291e+00 6.000000000000000000e+00 7.000000000000000000e+00 2.000000000000000000e+00 -3.717468667553513342e+02 2.100699999999860097e+02 1.666949167220989736e+01 -4.310894540764232952e-01 6.155837432283637334e+00
2.370854796714833679e+00 2.412565151286590215e+00 4.533765134436423594e+00 4.946244185273052985e+00 2.753620941321984539e+00 9.820558748013163974e-02 9.297696386019969061e-01 4.199847864773257555e+00 8.000000000000000000e+00 1.100000000000000000e+01 1.000000000000000000e+00 -5.587635504474504842e+02 3.301100000000244563e+02 2.460678440296489100e+01 -4.022022268340454815e-02 6.281975815526598339e+00
1.970983772542241663e+00 2.198879720504510082e+00 2.867790260951735615e+00 5.134286902144800990e+00 1.004946167743804075e+00 1.076556931459691002e+00 4.225274961614965408e-01 4.041532563516826215e+00 6.000000000000000000e+00 1.200000000000000000e+01 2.000000000000000000e+00 -2.110379389435994995e+02 3.601200000000105774e+02 1.936121183974638171e+00 -1.898388215718331551e-02 6.279794262383069814e+00
2.165848502456512392e+00 1.516012344905496523e+00 2.957798909852249025e+00 7.499220431899798811e+00 2.072011105667166841e+00 1.394666264150254964e+00 4.879931317615323061e-01 2.194640094823230747e+00 5.000000000000000000e+00 1.000000000000000000e+01 3.000000000000000000e+00 -2.303251455954558878e+03 1.106999999999979849e+02 1.549384099715998708e+01 -2.621964050423021941e+00 5.898692269514904662e-01
2.911094736318424747e+00 1.828779955541804947e+00 9.003049730697624042e+00 9.205037598918480057e+00 2.647790901287796483e+00 4.125395966058160169e-01 4.215592362040755381e-01 2.539836524714253585e+00 3.000000000000000000e+00 6.000000000000000000e+00 1.000000000000000000e+00 -3.559777780309497075e+02 1.800600000000052887e+02 1.662173612693419145e+01 -7.986671959864637127e-02 6.262294070092640830e+00
2.333185211340258913e+00 2.572136623942391509e+00 3.775963849398799255e+00 6.927692876493413365e+00 1.749501907674315904e+00 6.711945263260570282e-01 6.359635767785754012e-01 3.226421708633370411e+00 3.000000000000000000e+00 1.200000000000000000e+01 1.000000000000000000e+00 -4.650389389911588296e+02 3.601200000000105774e+02 1.781118368694709631e+01 -3.222440882700665626e-03 1.980199982692913024e-05
5.804260168899036954e-01 2.299154345327316662e+00 6.911010915560528822e+00 7.203459738256594136e+00 1.972369206508943318e+00 9.515993605612291795e-01 1.210348796317320952e-01 4.347138376530587323e+00 2.000000000000000000e+00 1.400000000000000000e+01 1.000000000000000000e+00 -2.314891555311124193e+03 1.188600000000004400e+02 1.596634720694525100e+01 -5.472561079306630383e+00 1.051489934582982233e+00
1.257644141580230190e+00 2.664663439462990002e+00 5.974413787223694428e+00 2.657492991526036352e+00 2.254185406168108141e+00 9.785743350820945707e-01 5.107382946858054495e-01 2.107970119526003216e+00 1.000000000000000000e+00 1.100000000000000000e+01 2.000000000000000000e+00 -6.037706421295879409e+02 3.301100000000244563e+02 2.741972763309848204e+01 3.017402884309025590e-02 2.826326548632648525e-04
7.890447806006892773e-01 2.693981283371622570e+00 3.630162116831260999e+00 6.635104081955814692e+00 1.755352302977615020e+00 7.844599385089457977e-01 3.189377308501133435e-01 2.125069044904161153e+00 0.000000000000000000e+00 4.000000000000000000e+00 3.000000000000000000e+00 -1.987404356674382484e+02 1.200400000000075664e+02 8.670027229214653630e+00 -8.799188419711188869e-02 6.281794253483931278e+00
1.263229562164516206e+00 1.881038901901575633e+00 3.854887092386826808e+00 4.268079431402035162e+00 2.212353814329309110e+00 5.029505233354248928e-01 7.423885829719983898e-01 2.318793329984654594e+00 4.000000000000000000e+00 1.200000000000000000e+01 2.000000000000000000e+00 -5.538585144640184126e+02 3.601200000000105774e+02 2.336240715400082024e+01 -1.411347938027715243e-01 5.208069753222236559e-02
9.023038136634593531e-01 2.924694483093244202e+00 5.270395130123119110e+00 5.247650713546409662e+00 1.071543782099549036e+00 1.677797500039661216e+00 4.243989125767592130e-01 3.762688594277178833e+00 3.000000000000000000e+00 8.000000000000000000e+00 1.000000000000000000e+00 -2.073287140124749840e+03 1.427999999999999261e+02 1.179462577968540815e-01 -7.367503996478136585e+00 4.135459286053967176e+00
1.887509359573959378e+00 1.829241793906262403e+00 2.874283950141023780e+00 4.967090381663398446e+00 2.125110286218615308e+00 6.510578987810436979e-01 5.676188380083326823e-01 2.652687694970430776e+00 7.000000000000000000e+00 6.000000000000000000e+00 3.000000000000000000e+00 -1.085278134438389941e+02 1.362600000000036289e+02 2.075142760022731167e-02 -1.090747589527476746e+00 3.135532924171030023e-01
1.024736029297413697e+00 2.705088120571315535e+00 4.226480371809582692e+00 7.842948085629344313e+00 1.573855688882871418e+00 1.895041119314922140e+00 5.234062666385294049e-01 2.216494999545759903e+00 6.000000000000000000e+00 2.000000000000000000e+00 4.000000000000000000e+00 -2.384802065080597913e+03 5.739999999999965574e+00 2.387075406753737639e+01 -2.276342386984258948e+00 9.336012526316019716e-03
7.475949593637624124e-01 2.226609605428151895e+00 8.590312457100223398e+00 5.796918204269372765e+00 1.382593393638217982e+00 2.569527115552091567e-01 4.398693105689911453e-01 3.194363313353226541e+00 2.000000000000000000e+00 3.000000000000000000e+00 3.000000000000000000e+00 -7.563005879187169000e+01 9.003000000000264436e+01 1.913441174491898211e+00 -2.670304588206532381e-01 6.282775248183186001e+00
1.526498326024760877e+00 1.890465850648820556e+00 5.845123261899314748e+00 6.367671586206676615e+00 1.366276929616858871e+00 3.777958554559840421e-01 3.400199537797853333e-01 3.604699426299523335e+00 7.000000000000000000e+00 1.900000000000000000e+01 1.000000000000000000e+00 -3.581924665451708734e+02 5.701900000000110822e+02 4.568591659072834155e+00 -3.915087897893405611e-01 6.261354988867232407e+00
1.163445591571435012e+00 2.783825371712210117e+00 8.233330850902872200e+00 5.863251661274874849e+00 1.424638181832938555e+00 5.007492381895026767e-01 8.618307920346039985e-01 2.967014717033246374e+00 2.000000000000000000e+00 4.000000000000000000e+00 2.000000000000000000e+00 -1.195345848063136032e+02 1.200400000000075664e+02 3.719661550394364191e+00 -2.935515417889233980e-02 6.282990577470925153e+00
2.694466297458130377e+00 1.911529909120893933e+00 1.415096662141820616e+00 7.966965458469598360e+00 2.073204462969074680e+00 1.968985756754947358e-01 2.460103319190440341e-01 4.317368622417090407e+00 8.000000000000000000e+00 1.400000000000000000e+01 1.000000000000000000e+00 -2.278080526489279691e+02 4.201399999999720194e+02 1.108628290558872465e+00 -1.986099069939741280e-01 6.255588759170317203e+00
2.066204066823143393e+00 1.678899761093090914e+00 5.402192652395887862e+00 6.053819769788442606e+00 1.942776826945690649e+00 5.026254192193603254e-01 6.566881710026289953e-01 4.482789560121877237e+00 9.000000000000000000e+00 8.000000000000000000e+00 3.000000000000000000e+00 -2.332199809219471717e+03 2.783999999999975827e+01 1.989248807621699200e+01 -6.260293409111222784e-01 5.076441335406200572e+00
1.174224158445312360e+00 1.572377087446279464e+00 1.144284564178159158e+00 8.353307091049074984e+00 1.848299993778980799e+00 4.107623896700544619e-01 9.793619471483325234e-02 2.919255913490125476e+00 3.000000000000000000e+00 1.000000000000000000e+01 3.000000000000000000e+00 -2.288194545022705370e+03 6.260000000000061959e+01 1.605590906391907779e+01 -2.693632893896483083e+00 1.402548353585239882e+00
1.353314263810884155e+00 1.525420701332630191e+00 4.689571738675085477e+00 7.417087857592051137e+00 1.315155524077618487e+00 3.953841679011936838e-01 4.707268534137094562e-01 3.812851928506312493e+00 5.000000000000000000e+00 7.000000000000000000e+00 2.000000000000000000e+00 -1.566534484284598534e+02 2.100699999999860097e+02 3.226153026779177146e+00 -3.038135430131405287e-02 4.337623752301219019e-05
1.441248532669455074e+00 2.459783219487666983e+00 4.721917676813828457e+00 5.570045930827346226e+00 3.850527672768120357e-01 9.690413491712669414e-01 7.774168309599012172e-01 2.853967847849550932e+00 4.000000000000000000e+00 1.200000000000000000e+01 3.000000000000000000e+00 -7.954925489196550643e+02 1.689600000000033617e+02 2.248470663869793496e-02 -5.658744625076335133e+00 2.520334719414858871e+00
8.961961081863295542e-02 1.923350335806269573e+00 6.351958822663782200e+00 8.327810272531506186e+00 2.064205112576299239e+00 6.550503658117794448e-01 8.348631041666830788e-01 2.949958145764779882e+00 8.000000000000000000e+00 1.300000000000000000e+01 1.000000000000000000e+00 -6.242311964294526661e+02 3.901299999999891384e+02 2.682288727684113283e+01 -7.658128842067145337e-02 6.280061837972678696e+00
1.789997210584453491e+00 2.552997815988736097e+00 6.539034549785056605e+00 3.780593059844371773e+00 2.061450187876401330e+00 7.889213669833261555e-01 7.058153978548286078e-01 2.519826572958558941e+00 7.000000000000000000e+00 2.000000000000000000e+01 2.000000000000000000e+00 -7.011501089953326300e+02 6.001999999999994770e+02 2.506563181220830216e+01 5.089653961447446195e-02 2.824132971542879511e-02
7.975310505622349444e-01 2.774554361843601935e+00 3.661518864320565836e+00 7.134566771975205057e+00 6.598122268499744258e-01 5.690142467621520650e-01 6.715422305271541159e-01 2.456274517504213772e+00 9.000000000000000000e+00 1.500000000000000000e+01 3.000000000000000000e+00 -1.922147352259289050e+02 3.836999999999874831e+02 2.279595162094688945e-02 -9.856438022564275592e-01 4.411075645790835109e-02
1.110740435402798099e+00 1.361207791640743014e+00 6.673032670062060134e+00 7.854057611989302856e+00 2.127163835204227915e+00 1.076231248626476011e+00 4.946951948909925623e-01 4.083245946710040819e+00 2.000000000000000000e+00 1.300000000000000000e+01 1.000000000000000000e+00 -2.317008804668600078e+03 1.225899999999984971e+02 1.598211279178755717e+01 -4.095524068640772342e+00 5.846968331168761468e-01
2.424528316421703966e+00 2.596089124760310174e+00 4.427190865986288415e+00 1.999408911739386507e+00 1.288881366567811826e+00 2.038481793171519341e-01 9.423023418552967101e-02 4.871729436166958749e+00 5.000000000000000000e+00 7.000000000000000000e+00 2.000000000000000000e+00 -2.144476531781383528e+03 4.690000000000016911e+01 7.564158236336466778e+00 -1.871464429779821748e+00 6.091135245478269261e-02
1.480613721439861807e+00 2.445219517835873102e+00 3.637044234117292163e+00 5.603626438606257310e+00 1.423781058419699486e+00 1.159749116337181807e+00 7.683777811228362786e-01 2.765826134162882699e+00 7.000000000000000000e+00 6.000000000000000000e+00 2.000000000000000000e+00 -6.133406752469932144e+01 1.219200000000030997e+02 2.337922029361052048e-02 -9.436493460070017880e-01 6.235139072365181612e+00
1.207523201381899502e+00 2.122662040426355645e+00 4.179168061751342478e+00 6.821210925543875092e+00 1.875186677451698536e+00 9.748351739212210987e-01 3.404264594593927606e-01 2.712692671534241207e+00 1.000000000000000000e+00 6.000000000000000000e+00 1.000000000000000000e+00 -1.430412428920774346e+02 1.800600000000052887e+02 3.313202680754674390e+00 -3.634048636055310366e-01 2.529967553920460799e-01
5.820569015960747050e-01 2.434805651921917669e+00 9.882170162770474775e+00 7.573380524269727410e+00 2.421680673353793889e+00 2.028420702650772345e+00 4.753825864762828424e-01 4.427686619056885320e+00 7.000000000000000000e+00 1.500000000000000000e+01 3.000000000000000000e+00 -2.290500323520125221e+03 7.124999999999984368e+01 1.592970772000782453e+01 -9.488198255705382778e+00 2.663204784011571347e-01
1.105721704634524238e+00 2.485883466915055351e+00 8.101775674187024379e+00 4.972007242535983806e+00 1.609504890920597120e+00 1.726175355246982512e+00 7.159603397886216136e-01 2.910000896333342801e+00 5.000000000000000000e+00 2.000000000000000000e+00 1.000000000000000000e+00 -2.384445955155577394e+03 4.499999999999992006e+00 2.388724719722358003e+01 -2.921293868065149013e+00 3.340859712209732352e-02
2.159095285594234248e+00 1.683056935872451199e+00 3.455599963816177400e+00 7.135593051683205346e+00 2.507698509118060581e+00 1.593524954369545332e+00 8.848886731528304850e-02 4.930711983254870034e+00 2.000000000000000000e+00 1.300000000000000000e+01 1.000000000000000000e+00 -2.282859222345763555e+03 5.278000000000032799e+01 1.602932639661021597e+01 -4.464588174815713018e+00 1.744875113563989721e+00
1.812088301866929596e+00 1.513337219061273942e+00 8.355585238911396928e+00 5.206151084550146635e+00 9.417917498113446140e-01 1.373653525465261538e+00 3.712872169231278829e-01 2.212317641174284866e+00 0.000000000000000000e+00 9.000000000000000000e+00 2.000000000000000000e+00 -2.400615552332721450e+02 2.700900000000045225e+02 6.563534702079368621e+00 -1.441044891539219330e-01 1.502294767112352138e-02
1.533316315011054254e+00 1.716544488124334800e+00 7.183229438351892426e+00 8.885158477324583970e+00 2.339835816862807061e+00 1.155087629313981790e+00 2.963762813093295811e-03 4.115832846679472468e+00 9.000000000000000000e+00 1.400000000000000000e+01 2.000000000000000000e+00 -2.813874579007725174e+02 4.201399999999720194e+02 4.457341118799157620e+00 1.918110404955973781e-05 6.283184399065330439e+00
2.705853312279169032e+00 1.617758896355208975e+00 7.822593204182396676e+00 8.451239829611376209e+00 2.677325100036348715e+00 4.165453854360464114e-01 8.887207964994709997e-01 3.152055061736930952e+00 5.000000000000000000e+00 5.000000000000000000e+00 1.000000000000000000e+00 -1.325129917251191500e+02 1.500499999999998693e+02 3.592999482819950519e+00 -1.641963038698784558e-02 6.282819485491618394e+00
7.507314233809426751e-01 1.758232350007363110e+00 1.856927037533283809e+00 5.595836416389980528e+00 6.497658391181315718e-01 1.079170341686835677e+00 1.964118111655289156e-01 3.426982238174913764e+00 4.000000000000000000e+00 9.000000000000000000e+00 2.000000000000000000e+00 -1.798321702842566197e+02 1.540800000000045600e+02 2.359688070014283323e-02 -9.496279380734046205e-01 1.626902256947917458e-01
1.456387708102887757e+00 2.621299185681588817e+00 8.701095784961301760e+00 6.730008586421731387e+00 1.161006930507222146e+00 1.171816348487950021e+00 5.790346165116849741e-01 3.159442329281042294e+00 1.000000000000000000e+00 9.000000000000000000e+00 1.000000000000000000e+00 -2.224450605619956150e+03 1.332000000000037687e+02 9.865662851247117615e+00 -6.951392065701528233e-01 1.880343694967914411e-02
2.919237623438415419e+00 2.970916072666661023e+00 5.316309165394478953e+00 9.441524637015866972e+00 2.452104916667232626e+00 1.909198681892938065e+00 6.857079433789845524e-01 2.952013170061488445e+00 3.000000000000000000e+00 7.000000000000000000e+00 2.000000000000000000e+00 -1.698652163459516942e+02 2.100699999999860097e+02 4.051888521622418970e+00 2.151672336809315467e-02 6.280913553579040354e+00
2.329576660567801216e+00 1.516737675702568566e+00 7.802024295587345115e+00 6.406300352713111934e+00 2.137779421906627064e+00 1.212202210634750532e+00 3.784638387711409258e-01 2.721226748684683727e+00 9.000000000000000000e+00 1.500000000000000000e+01 1.000000000000000000e+00 -3.013723411504921614e+02 4.501499999999774104e+02 4.768583821906464237e+00 -8.801688210192950557e-01 6.157783796474394222e+00
2.161147030590642615e+00 1.140678088330572715e+00 5.780657283885783038e+00 8.066740450676958218e+00 2.473716690855269906e+00 2.294043852270034045e-01 7.634668859064790425e-01 4.006424181823366126e+00 9.000000000000000000e+00 3.000000000000000000e+00 2.000000000000000000e+00 -2.384698788871856323e+03 6.030000000000005578e+00 2.385523680449101036e+01 -3.975377928207655120e+00 5.897867616602963780e-04
1.026065757664163414e+00 2.421151158405971060e+00 5.991605643883429977e+00 6.820854029242022776e+00 1.994374340500250309e+00 1.511656600112065929e+00 5.198664774418252366e-01 2.330822243590127130e+00 2.000000000000000000e+00 2.000000000000000000e+00 2.000000000000000000e+00 -2.224878330704298079e+01 4.398000000000127585e+01 1.617395669014653342e-02 -9.561983222320568077e-01 6.281008243914818046e+00
