1.767288304770717744e+00 1.940322516480798010e+00 6.384743234810810186e+00 6.938482749351495116e+00 1.616671204554660290e+00 1.156621971112999026e+00 5.804106674331632743e-01 3.429663261748424397e+00 5.000000000000000000e+00 9.000000000000000000e+00 3.000000000000000000e+00 -2.197530465261534118e+03 6.282000000000112294e+01 1.038252907884583642e+01 -1.179937513094725787e+01 4.196469424080718547e+00
1.958801344468923400e+00 9.298146485848530762e-01 4.612208740034625443e+00 4.251703443928728454e+00 1.882024648399589717e+00 7.520056649273357818e-01 8.882734795971717334e-01 3.318203229043282132e+00 8.000000000000000000e+00 9.000000000000000000e+00 1.000000000000000000e+00 -1.935584537291553318e+02 2.700900000000045225e+02 3.657090858072066464e+00 5.843237348505318784e-02 6.233728455330969531e+00
3.373245464829852658e-01 4.526307546416732386e-01 3.359046958527980298e+00 2.340436352099788397e+00 4.087502285540784985e-01 7.711897692600888643e-02 1.871615026580043528e-01 3.565870411667747319e+00 6.000000000000000000e+00 1.400000000000000000e+01 4.000000000000000000e+00 -3.177551439643252706e+02 3.572799999999781448e+02 1.874753062065452613e-02 -1.006130972678722646e+00 6.282758883869282940e+00
4.060615780623275661e-01 8.461998028942309125e-01 5.599944956236161175e+00 2.478920820728725882e+00 2.009983873979921842e+00 8.891904384577434817e-01 6.394415770530954557e-01 2.593016350702852524e+00 1.000000000000000000e+00 1.500000000000000000e+01 3.000000000000000000e+00 -6.839595440806255056e+02 4.501499999999774104e+02 2.868028400503980180e+01 4.129287384160429397e-02 6.280978503935961577e+00
1.029015364609539906e+00 1.657660611575945797e+00 3.983836066664455444e+00 6.075094140024044798e+00 1.554863229707787120e+00 8.035440009339271938e-01 3.738220430247706227e-01 2.943334654238607850e+00 7.000000000000000000e+00 1.700000000000000000e+01 1.000000000000000000e+00 -5.319392362766355973e+02 5.101700000000154773e+02 1.730338976728924294e+01 -1.893783374947964615e-01 6.245491454590275104e+00
1.590562560558341776e-01 1.694886881026588910e+00 4.466909154647336067e+00 3.005582840249857668e+00 2.223052376724534707e+00 2.883363810043852449e-01 3.550956200825709508e-01 3.194554141942976155e+00 6.000000000000000000e+00 8.000000000000000000e+00 1.000000000000000000e+00 -4.050770309186709710e+02 2.400800000000151329e+02 1.781481443241646190e+01 1.350288438773496885e-02 4.748856744177348517e-04
6.296478446400365359e-01 1.300599394355447691e+00 2.817375304896150290e+00 4.495186084179707109e+00 2.227419128514318558e+00 1.614891209662093541e+00 4.648097516895887682e-01 3.331637303480691870e+00 0.000000000000000000e+00 9.000000000000000000e+00 2.000000000000000000e+00 -2.201470635691959615e+03 8.091000000000180137e+01 1.006347723074742362e+01 -6.930475963581798071e-01 6.168601216193168035e+00
2.790016193045923298e+00 1.836737839176794784e+00 8.969223925484165250e+00 4.209934811304339775e+00 1.775179626413439182e+00 1.574289731212066501e+00 2.468730447830953523e-01 3.077434417057686389e+00 3.000000000000000000e+00 6.000000000000000000e+00 2.000000000000000000e+00 -1.204911700179266774e+02 1.800600000000052887e+02 1.903823126120252285e+00 -1.781436506090790517e-01 6.276717906035490735e+00
1.797131633699149189e+00 1.964243227206990294e+00 6.011850428360968834e+00 5.504371009002686499e+00 2.974462194702723661e+00 1.375176997341514662e+00 6.243261476190546944e-01 3.219107263295402088e+00 1.000000000000000000e+00 1.800000000000000000e+01 3.000000000000000000e+00 -2.578995730177882251e+03 4.899600000000160094e+02 2.087598313611714218e+01 -9.150784424151561680e+00 1.341789404412180975e+00
1.378473257153443043e+00 1.254912607425358040e+00 7.328155593994686967e+00 2.822495658398548546e+00 1.342986027543531913e+00 1.180577768312153442e+00 1.956358848568124920e-01 3.273719948774638233e+00 4.000000000000000000e+00 7.000000000000000000e+00 1.000000000000000000e+00 -1.992157435555473342e+02 2.043299999999865690e+02 2.199791779734679154e-02 -7.668364191186667345e-01 6.110091645482051526e+00
1.138078043691654440e+00 1.054505757263018761e+00 5.881326658656601758e+00 4.418148736252644149e+00 2.722381059812293280e-01 6.148313926117636719e-01 2.374821352768776705e-01 3.767424794103952479e+00 0.000000000000000000e+00 9.000000000000000000e+00 1.000000000000000000e+00 -2.122936009493415440e+03 6.750000000000129319e+01 5.574125593338424167e+00 -3.867154990067340758e+00 7.119394562944459937e-01
1.412699077610919618e+00 1.583610997108732210e+00 6.519325927671132170e+00 1.951715413163884083e+00 1.819379699910350423e+00 1.352372725571975742e+00 3.326103939473614157e-01 2.636292409504342515e+00 4.000000000000000000e+00 5.000000000000000000e+00 2.000000000000000000e+00 -1.892115203255953020e+02 1.500499999999998693e+02 7.136657520349709571e+00 2.393114615659945252e-02 2.383528124148069204e-03
4.113495972348091834e-01 2.997734270163360470e+00 5.446715631480788744e+00 3.815270184990918523e+00 1.614374101741670398e+00 2.433106118296997078e+00 3.669576700921102219e-01 2.776506678344021317e+00 4.000000000000000000e+00 1.100000000000000000e+01 2.000000000000000000e+00 -4.540375719011783531e+02 3.301100000000244563e+02 1.806141074382288281e+01 1.769745857514399001e-01 6.248999631565176571e+00
2.187277220378258225e+00 2.218410943696757620e+00 2.400673266870356315e+00 4.154953595285899581e+00 1.969522853504882320e+00 6.323890737706374665e-01 8.999888853592999949e-01 2.874116439990500815e+00 4.000000000000000000e+00 7.000000000000000000e+00 3.000000000000000000e+00 -1.859931084822029561e+02 1.863399999999883221e+02 2.389322655452885691e-02 -1.107007623539854047e+00 1.653460233890023390e-01
4.071329164851830162e-01 2.104759178239982820e+00 3.704134537784164127e+00 5.876118561203935720e+00 1.679784870503875371e+00 1.561670954565911096e+00 3.507088200052574933e-01 2.379407617739981440e+00 3.000000000000000000e+00 5.000000000000000000e+00 1.000000000000000000e+00 -2.126968264400928774e+02 1.500499999999998693e+02 8.604489152505808036e+00 6.101510872342839984e-04 6.283093871404829223e+00
2.205379903205990644e+00 2.065274126826389889e+00 7.216770983886070745e+00 3.458264940053959791e+00 5.532361020786578099e-01 1.972911066654061907e+00 5.305721839098141990e-01 2.159346860617291419e+00 5.000000000000000000e+00 9.000000000000000000e+00 2.000000000000000000e+00 -1.671483313599545681e+02 1.906200000000059447e+02 1.669182819532336742e-02 -9.549038531173251743e-01 6.064957393160222310e+00
3.869618716738787434e-01 2.105261991091622598e-03 4.309754250535670295e+00 6.911056995386793744e+00 1.417923078448707797e+00 1.893778569949690738e+00 6.572054320842870556e-01 4.307867481215545524e+00 3.000000000000000000e+00 8.000000000000000000e+00 1.000000000000000000e+00 -2.227338389858632581e+03 4.055999999999949068e+01 1.294114936616455402e+01 -7.645537565661575385e+00 1.413256581818597812e+00
1.637914495355581312e+00 1.313110188081722862e+00 5.040616450608146337e+00 5.843059512745191419e+00 1.491032829287614936e+00 1.530067213908106627e+00 5.014485295220231231e-01 3.513960038604168279e+00 3.000000000000000000e+00 1.500000000000000000e+01 3.000000000000000000e+00 -2.400684384924125879e+03 3.659999999999983089e+01 2.389902405775788452e+01 -4.589779146268405441e+00 1.860652856492934548e+00
8.052714859722872598e-01 1.284687992985870331e+00 2.405943720824805787e+00 4.761090318356607121e+00 1.009927753428374597e+00 2.485028627523403477e-01 7.393829666459263983e-01 2.340813922985734763e+00 8.000000000000000000e+00 7.000000000000000000e+00 1.000000000000000000e+00 -2.129709253052241706e+02 1.482599999999920328e+02 1.760458321588694031e-02 -1.001917165817569177e+00 6.282085532672534889e+00
8.864379697665708546e-01 7.438208606693261782e-01 5.905848888334372049e+00 8.031859546244428216e+00 1.253352325994803618e+00 9.182576781839417723e-01 6.508367430039243562e-01 2.188218066397821460e+00 4.000000000000000000e+00 1.100000000000000000e+01 2.000000000000000000e+00 -4.482769504762648012e+02 3.301100000000244563e+02 1.770137190476578581e+01 1.469611910748323536e-01 6.251049390691719942e+00
1.952946405527663742e+00 1.034775649638576933e+00 6.827331711175133933e+00 6.284871686013850045e+00 8.906466294662962468e-03 2.845674071391740778e+00 7.819408750134291264e-01 2.793185948013054531e+00 3.000000000000000000e+00 9.000000000000000000e+00 2.000000000000000000e+00 -2.334490827494149471e+03 3.456000000000005201e+01 1.982567671838433654e+01 -2.681387477955345489e+00 5.992604602652823687e+00
3.548669706851592109e-01 1.586262507139947875e+00 5.974140971177170911e+00 5.755214989698220762e+00 1.826137947759812530e+00 1.555840283662003998e+00 7.120771171588587967e-01 3.566719656737058486e+00 5.000000000000000000e+00 1.500000000000000000e+01 2.000000000000000000e+00 -6.123035741868338846e+02 4.501499999999774104e+02 2.420178588667782549e+01 8.507625320613323994e-02 8.161335762010633876e-02
1.697550903621052765e+00 1.713338779559116842e+00 8.106265256426812726e+00 5.623787033111634415e+00 1.385688466287988252e+00 1.538886740916953322e+00 7.270622097108729864e-01 2.987432298901685712e+00 7.000000000000000000e+00 1.000000000000000000e+01 2.000000000000000000e+00 -1.813400152541009334e+02 3.000999999999997385e+02 1.955625953381316062e+00 -1.021208929571652962e-01 6.280965934486331115e+00
1.468597700020700225e+00 2.997996064546953221e+00 3.395761456284061008e+00 6.344689151264436333e+00 1.663397648042614474e+00 1.332474323561045448e+00 6.894725334529386851e-01 3.503062008912649183e+00 6.000000000000000000e+00 8.000000000000000000e+00 3.000000000000000000e+00 -2.199277744784503284e+03 6.703999999999892623e+01 1.035985904903148480e+01 -5.624588297678478455e+00 1.021962743462779155e+00
4.004936106883350555e-01 2.910800548770656526e+00 3.344864205878246288e+00 4.831545969679883257e+00 8.625110250890577479e-01 1.705381325359630607e+00 5.046413130336313557e-01 3.819755308869822841e+00 5.000000000000000000e+00 6.000000000000000000e+00 2.000000000000000000e+00 -1.978082652814164248e+02 1.200000000000030269e+02 1.600166850923138290e-02 -9.471263827282476733e-01 6.277808808906625515e+00
2.311906309603125820e+00 2.484984235816687814e+00 6.971524439095931669e+00 4.014376932444569057e+00 1.313094591172824455e+00 1.301690609229777751e+00 5.143945024958318513e-01 3.515334425464956780e+00 9.000000000000000000e+00 2.000000000000000000e+00 4.000000000000000000e+00 -2.384159502557722590e+03 3.840000000000002967e+00 2.388996890985764665e+01 -3.525821990170377340e+00 6.283180088167197752e+00
1.255418732331368137e+00 6.159476474357663545e-01 7.058473823951981529e+00 3.766986353990739111e+00 6.606772039501020988e-01 1.667181053698354010e+00 3.857592505388954263e-01 3.114928549067967900e+00 2.000000000000000000e+00 1.100000000000000000e+01 1.000000000000000000e+00 -2.170387702773674391e+03 1.193499999999994401e+02 6.919543923354670945e+00 -2.083254633111230714e+00 5.637394770638658237e+00
6.419422714000371233e-01 1.886015544495698748e+00 8.968083201853310982e+00 5.868645779937041063e+00 1.881503326703564349e+00 7.227916976412026573e-01 8.867221932158431130e-02 3.088430060355210838e+00 7.000000000000000000e+00 1.400000000000000000e+01 2.000000000000000000e+00 -5.432530168665340398e+02 4.201399999999720194e+02 2.082393855415925188e+01 -3.871894264935180963e-04 6.283181514432628845e+00
1.251268273510716567e+00 9.067176746821543620e-01 6.052781565627292970e+00 7.630591123541184295e+00 1.929995436474865711e+00 1.333506606131056316e+00 1.898938156746557415e-01 2.492551561087004597e+00 4.000000000000000000e+00 6.000000000000000000e+00 2.000000000000000000e+00 -1.432293966825502309e+02 1.769400000000051705e+02 2.446471495585885933e-02 -9.619242770718187119e-01 6.014895995991060396e+00
2.214320382831790113e+00 2.040994525623278211e+00 8.928711756643297193e+00 5.278507023662601938e+00 1.738537688984058027e+00 1.209188844004420726e+00 3.006729651206982989e-01 4.070612461802085136e+00 0.000000000000000000e+00 7.000000000000000000e+00 2.000000000000000000e+00 -2.003732314701777568e+02 2.100699999999860097e+02 5.958639466886547886e+00 -1.304020659082502087e-01 6.282172142974764562e+00
2.701184324330716979e+00 7.853429805379158468e-01 5.670498419770931164e+00 3.967415318591050344e+00 1.712675057107043708e+00 2.546177606600267929e+00 8.637505990822473834e-01 3.885436113136702563e+00 3.000000000000000000e+00 1.100000000000000000e+01 1.000000000000000000e+00 -2.355817031689955002e+03 4.509999999999982379e+01 2.082918948062217979e+01 -4.446867472181128988e+00 9.509621768010210197e-01
1.998429028172489907e+00 1.328865942939827072e+00 2.923363126550204250e+00 7.747035825317261093e+00 9.791633593302715433e-01 8.248217516398635984e-01 4.322789286305208645e-01 2.735960047785857441e+00 2.000000000000000000e+00 1.200000000000000000e+01 1.000000000000000000e+00 -2.129669175550259752e+03 1.848000000000039620e+02 2.329323471891120878e+00 -1.256677864854214732e+00 7.204239983738049968e-01
7.480091564002959714e-01 7.941791810815729269e-01 5.042121826663514383e+00 3.146539109835621240e+00 1.814199477732857169e+00 2.394315096916723284e+00 1.397244797628016955e-01 3.549177038977187948e+00 3.000000000000000000e+00 8.000000000000000000e+00 1.000000000000000000e+00 -2.256654459712298831e+03 9.759999999999827480e+01 1.299090373201872417e+01 -4.552748660543275427e+00 1.153713737384377991e+00
1.025107385807697558e+00 2.383788963642894831e+00 5.785839034749058030e+00 3.997255158319026336e+00 4.683565710068711141e-01 1.019851081972957818e+00 4.751479173098274167e-01 3.675224126422013349e+00 6.000000000000000000e+00 1.400000000000000000e+01 1.000000000000000000e+00 -3.053360666974472792e+02 3.221399999999815691e+02 2.384906802603336054e-02 -1.578705523513796782e+00 8.700978393249751974e-01
7.473082414648605232e-01 1.717846594636389668e+00 8.915138951891217189e+00 3.204781226488680801e+00 1.305230726053441925e+00 1.184426915411256109e+00 1.214797597722005185e-01 4.660468629078483360e+00 8.000000000000000000e+00 1.200000000000000000e+01 1.000000000000000000e+00 -2.458276517775886987e+02 3.601200000000105774e+02 4.110478236098964011e+00 5.712958480253324490e-04 6.283096186256790006e+00
1.666329183099499289e+00 2.708877202059762013e+00 9.351789110377849212e+00 6.769282906901501029e+00 1.975343351514247114e+00 1.450121733649077260e+00 5.574400435284112554e-01 2.309997786862001856e+00 1.000000000000000000e+00 7.000000000000000000e+00 2.000000000000000000e+00 -4.136746571395570982e+02 2.100699999999860097e+02 1.928997857122275406e+01 1.183027434943762363e-01 1.886559018435961417e-04
6.230267791003787359e-01 4.252586014063768349e-01 6.681300945670575864e+00 4.005083084743580102e+00 7.829268248247640560e-01 1.503679502231011433e+00 8.836737548351539795e-01 2.854572010674202076e+00 8.000000000000000000e+00 1.400000000000000000e+01 1.000000000000000000e+00 -2.390178321587197843e+02 4.201399999999720194e+02 1.809239509920860245e+00 -6.723253149637434811e-01 6.030830977620638134e-01
3.466549811297257033e-01 1.705012965838035743e+00 4.895170326931374660e+00 5.985215748284574033e+00 2.650074945624317557e+00 1.660143923964596091e+00 5.732848045857247277e-02 2.081596752079880375e+00 9.000000000000000000e+00 6.000000000000000000e+00 2.000000000000000000e+00 -8.417019431805201179e+01 1.677000000000048203e+02 2.001214487809983844e-02 -9.590939903287228896e-01 6.280471859308977223e+00
1.021737759806348400e+00 1.796973648024063008e+00 7.233243893033433736e+00 5.572891721347623673e+00 2.915960627742534950e+00 2.385302508211355033e+00 9.131553048876570600e-01 2.165166555429729911e+00 6.000000000000000000e+00 1.100000000000000000e+01 2.000000000000000000e+00 -5.859315134788287196e+02 3.301100000000244563e+02 2.630478209242603072e+01 -8.816673647440745887e-01 6.162750892268627823e+00
1.034907287799895048e+00 2.256219396002523414e+00 3.641250971967207928e+00 6.167133999608807926e+00 1.243828518538882877e+00 1.040705951358299908e+00 8.995684851003369342e-01 3.636931766436935831e+00 4.000000000000000000e+00 7.000000000000000000e+00 1.000000000000000000e+00 -1.552601632020123361e+02 2.100699999999860097e+02 3.139072700126208648e+00 3.675456751505212227e-01 6.256586603869272345e+00
2.490714883362464160e+00 2.126545923680903893e+00 9.611778903242928607e+00 5.759328594446389893e+00 7.718173993964527746e-01 1.613017254854721028e+00 4.144461063358177988e-01 3.814828174345334943e+00 1.000000000000000000e+01 1.000000000000000000e+01 2.000000000000000000e+00 -2.156970723009918856e+03 6.840000000000038938e+01 7.673170188119919466e+00 -3.744691003587739875e+00 5.817707765632910144e-01
1.854202892591051421e+00 2.340485035625561760e+00 1.788978991142970099e+00 6.220376676380690917e+00 1.231210733364955789e+00 1.185465701196335431e+00 4.406396235829135311e-01 3.579708959253199207e+00 4.000000000000000000e+00 1.000000000000000000e+01 2.000000000000000000e+00 -1.527690886889187993e+02 1.713999999999945487e+02 2.308532379741180807e-02 -9.501771840490329524e-01 6.011757610343427594e+00
1.458428277088845038e+00 2.081996200603136504e+00 5.289838117036516074e+00 5.859376515434464139e+00 2.491626599577402956e+00 1.643530420004686521e+00 5.184400298279447927e-01 2.454546258818329552e+00 3.000000000000000000e+00 7.000000000000000000e+00 2.000000000000000000e+00 -3.900724417072290180e+02 2.100699999999860097e+02 1.781484010670224905e+01 2.841678155545427353e-01 6.222855649986817284e+00
1.472262327228530676e+00 4.189823961429474108e-01 5.105514696765824034e+00 5.409668322745886826e+00 5.113075211304902723e-01 1.902510359822871866e+00 6.428509390550739555e-01 2.330134136316076354e+00 9.000000000000000000e+00 8.000000000000000000e+00 2.000000000000000000e+00 -2.167461525292366787e+03 8.415999999999856129e+01 7.836345330772978457e+00 -1.648131371530674016e+00 5.908465914550134812e+00
3.315132656603381189e-01 1.970777012778420989e+00 4.671712734881880991e+00 8.245485300557838571e+00 1.650311382352606770e+00 1.249666170022131872e+00 2.806431561503598959e-01 2.349821482253977578e+00 3.000000000000000000e+00 7.000000000000000000e+00 1.000000000000000000e+00 -3.783873340677399710e+02 2.100699999999860097e+02 1.708452087923418716e+01 -2.239395356935563464e-01 1.790979931203069420e-01
1.755575006726784348e+00 1.082568019800703052e+00 8.954436753327184917e+00 3.120923736982882613e+00 1.278063775788607748e+00 1.503153407869391556e+00 3.442171978846338964e-01 2.342124789935088991e+00 6.000000000000000000e+00 7.000000000000000000e+00 3.000000000000000000e+00 -2.175128465588291419e+03 9.554999999999716920e+01 7.959591599268298623e+00 -2.491487938834445082e+00 1.222918128942033666e+00
9.596149547803114466e-01 2.509968008303790743e+00 7.384480489842011330e+00 2.369451277985476167e+00 2.334421867033345421e+00 2.220733999167641137e+00 8.442982316208007543e-01 2.812772530987897479e+00 0.000000000000000000e+00 8.000000000000000000e+00 2.000000000000000000e+00 -5.762394478643913089e+02 2.400800000000151329e+02 2.851246549152398302e+01 7.052915404673223976e-02 4.213398276457038828e-03
1.026065757664163414e+00 2.421151158405971060e+00 5.991605643883429977e+00 6.820854029242022776e+00 1.994374340500250309e+00 1.511656600112065929e+00 5.198664774418252366e-01 2.330822243590127130e+00 2.000000000000000000e+00 2.000000000000000000e+00 2.000000000000000000e+00 -2.224878330704298079e+01 4.398000000000127585e+01 1.617395669014653342e-02 -9.561983222320568077e-01 6.281008243914818046e+00
