1.132155887516235637e+00 1.751229703223975420e+00 3.108836713791460760e+00 7.079772036656423850e+00 2.263410030808340245e+00 1.065995750678113918e+00 5.582240226456227639e-01 3.093244732930196861e+00 5.000000000000000000e+00 1.300000000000000000e+01 2.000000000000000000e+00 -4.859394616068350388e+02 3.901299999999891384e+02 1.817965385042752757e+01 -2.423242369603443302e-01 4.491682257999891209e-02
1.184618446723816332e-01 2.519460462275334045e+00 4.547966698763675097e+00 5.924608417455983655e+00 1.890743425086989449e+00 8.419781131726821188e-01 8.083650291348545291e-01 2.337890098732008148e+00 8.000000000000000000e+00 1.300000000000000000e+01 3.000000000000000000e+00 -6.104077545472867996e+02 3.901299999999891384e+02 2.595892215920576263e+01 2.551958303615877721e-01 6.279878894076176721e+00
2.370704774790572511e+00 1.247405536416160921e+00 5.633139795011432582e+00 6.939378524480080301e+00 1.946774825388992491e+00 1.492705261965242780e+00 4.746440979294014317e-01 2.424807378492273457e+00 7.000000000000000000e+00 1.200000000000000000e+01 1.000000000000000000e+00 -2.229996122590343646e+02 3.601200000000105774e+02 2.683725766189316797e+00 -2.486115739360001964e-01 6.274963784819252766e+00
8.885111477727150042e-01 2.207135546392805736e+00 9.148976580903086742e+00 5.452835852841438680e+00 1.457038198631782411e+00 2.089958691336735175e-01 6.334701549544008436e-01 2.407538551124083881e+00 8.000000000000000000e+00 1.000000000000000000e+01 2.000000000000000000e+00 -4.272675890560967673e+02 3.000999999999997385e+02 1.732609931600605790e+01 6.248451154510931832e-02 7.510250462473748966e-03
1.263508603184115398e+00 1.513329307493938014e+00 8.290952001934224214e+00 7.783495979011242127e+00 2.117753598726821007e+00 4.964834770405406328e-01 3.960774892883706100e-01 3.585567648120763451e+00 7.000000000000000000e+00 3.000000000000000000e+00 1.000000000000000000e+00 -2.385477207390372769e+03 7.230000000000015525e+00 2.386638796189828682e+01 -3.598917366040235599e+00 6.278226878614884932e+00
1.738024918336302349e+00 1.706065840620119900e+00 7.600939531797799908e+00 8.469116703453678952e+00 1.825065261943039197e+00 1.379725972104197007e+00 7.119329684556476856e-01 3.801565034192564418e+00 1.000000000000000000e+01 6.000000000000000000e+00 1.000000000000000000e+00 -2.324497859796343164e+03 2.453999999999986059e+01 1.951424123727145599e+01 -2.615058913930682571e+00 4.542987021302807293e-01
8.246664909229972640e-01 1.643010392974412426e+00 8.583419598428267960e+00 8.430364594164361236e+00 2.184257542205811031e+00 1.380138887421750393e+00 5.727445624325434581e-01 2.703687161290738938e+00 7.000000000000000000e+00 1.600000000000000000e+01 3.000000000000000000e+00 -2.257593471005463471e+03 4.345600000000231375e+02 2.519591937840743423e+00 -1.397151221287801004e+00 7.792412473795398697e-02
1.497658058136491999e+00 2.091268066028418193e+00 4.150742149696750261e+00 4.746918909433522238e+00 2.168269416122122539e+00 8.867935243658231492e-02 2.154303591929330186e-01 4.537000194819929888e+00 5.000000000000000000e+00 1.800000000000000000e+01 2.000000000000000000e+00 -5.563611359064254884e+02 5.401800000000090449e+02 1.789194599415131393e+01 -4.865430367814685408e-03 5.574862068721691025e-05
1.800728354874300940e+00 1.745421992023015623e+00 6.500007942823261331e+00 6.864250062693070475e+00 1.908420229906425680e+00 1.802175212911103941e+00 4.501823124523484099e-01 2.760113646601886295e+00 3.000000000000000000e+00 1.200000000000000000e+01 1.000000000000000000e+00 -2.160787593858266064e+03 2.906400000000079444e+02 9.667246161413807215e-01 3.837173797317450230e-02 5.563457024806792717e+00
8.177460619600160907e-01 2.561346705113916045e+00 9.847075031789234600e+00 5.787765209531874788e+00 1.454851888006448934e+00 1.686544745706331172e+00 3.419899370984612608e-01 2.769298482447025922e+00 3.000000000000000000e+00 3.000000000000000000e+00 2.000000000000000000e+00 -3.666064395925246089e+01 7.272000000000198838e+01 1.879024745321671019e-02 -9.528299529662930256e-01 6.279257022412879863e+00
2.528116109521501009e-01 1.477948539304114295e+00 8.455849442761106616e+00 5.941202480410598064e+00 2.044876903653910283e+00 1.416990733552641490e+00 8.018862424823884893e-01 3.874580492273380194e+00 2.000000000000000000e+00 9.000000000000000000e+00 2.000000000000000000e+00 -4.469104651073770356e+02 2.700900000000045225e+02 1.949159156921092162e+01 -4.258458654769201601e-01 6.278567018150745582e+00
1.390773630798600280e+00 2.248417602804372528e+00 5.446577925909442897e+00 7.037674689467047884e+00 2.186371218234004044e+00 1.818157778260586888e+00 4.620710470310723794e-01 2.910565912991415427e+00 7.000000000000000000e+00 3.000000000000000000e+00 2.000000000000000000e+00 -2.385290724698144004e+03 7.470000000000017515e+00 2.384723279363398518e+01 -2.881283839061687502e+00 2.847333624612632193e-04
2.692869949192815859e+00 1.128625066788999209e+00 7.652845484674402066e+00 4.605119654383738492e+00 1.426566090674647791e+00 4.215494153922441090e-01 2.570754875899336489e-01 3.611519133362157241e+00 1.100000000000000000e+01 9.000000000000000000e+00 2.000000000000000000e+00 -2.160462404521181270e+03 7.137000000000143984e+01 7.798587782573774163e+00 -3.782785103377203084e-01 6.169802769327485059e+00
7.893352642117248408e-01 2.593380856764648801e+00 3.808611883417721167e+00 6.724705648579094586e+00 2.124609371032633476e+00 2.140045672964784984e+00 9.986794343846133737e-01 2.133865077348528150e+00 2.000000000000000000e+00 1.000000000000000000e+01 1.000000000000000000e+00 -2.431476067399777548e+03 1.455999999999960153e+02 2.241725421248620975e+01 2.121532794992607440e-02 6.254856286552222144e+00
7.009310549718010819e-01 1.283202716757467554e+00 6.201171632019727653e+00 6.041703778425618232e+00 1.154830171986557907e+00 3.493700022294716767e-01 8.781829488512284954e-01 2.448843288834695375e+00 1.000000000000000000e+00 1.100000000000000000e+01 1.000000000000000000e+00 -4.743716205129730383e+02 3.301100000000244563e+02 1.933228878206005064e+01 6.606593803747998206e-02 6.282899489108021207e+00
7.227792392025484958e-01 8.432975206838675408e-01 3.329191493803745239e+00 6.008529684692728523e+00 3.093833040682234525e-01 1.773242083198124153e+00 5.353931300569296781e-01 3.493580137592660506e+00 7.000000000000000000e+00 1.400000000000000000e+01 4.000000000000000000e+00 -2.283904409820200271e+03 5.544000000000018247e+01 1.601152561376250105e+01 -1.046372549856498502e+01 2.470865109839869955e+00
2.006431551057089369e+00 2.005683480167554489e+00 5.071955892497517659e+00 5.934465225119806675e+00 1.869781522718773736e+00 4.984749417016541284e-01 2.277572721158759861e-01 3.774525928324233615e+00 2.000000000000000000e+00 1.600000000000000000e+01 2.000000000000000000e+00 -2.260954666112163522e+03 2.155199999999961165e+02 9.574666632010352174e+00 -1.590489670161162883e-01 2.038345236438235050e-02
1.656387678336761926e+00 1.777052868625528692e+00 4.572953897229140807e+00 2.621342500198862169e+00 2.342219461064980468e+00 2.705404534778297787e+00 3.920985075754091498e-01 3.357034358676211028e+00 2.000000000000000000e+00 1.000000000000000000e+01 1.000000000000000000e+00 -2.215395963828866570e+03 1.868999999999936676e+02 7.621622739304330985e+00 -3.876510612789425103e+00 4.627825754873487796e+00
2.308634899994549627e+00 2.291016374462021332e+00 6.326167285407826135e+00 9.141934303680185891e+00 2.414035608159142310e+00 4.577425061578728194e-01 8.803981579529920332e-01 3.742556225240576850e+00 6.000000000000000000e+00 7.000000000000000000e+00 1.000000000000000000e+00 -2.402565534668710825e+02 2.100699999999860097e+02 8.451347091679879853e+00 -3.404333125607478250e-01 6.271231367973028270e+00
2.788698829779620580e-01 1.612714184430257269e+00 6.183862701605217005e+00 8.176802750172635470e+00 1.079463646662635723e+00 1.089213250018324031e+00 4.614847967917757865e-01 3.349227704394688310e+00 4.000000000000000000e+00 7.000000000000000000e+00 2.000000000000000000e+00 -1.556430454766652360e+02 2.100699999999860097e+02 3.163002842292014449e+00 6.923995907517029903e-03 1.528931036414397926e-02
6.483024038159307390e-01 1.994501592595842254e+00 2.492410112126357991e+00 6.184316779229619421e+00 2.125975667060953977e+00 2.760898552818835672e-02 3.122810837696118336e-01 2.338061157719976357e+00 2.000000000000000000e+00 8.000000000000000000e+00 5.000000000000000000e+00 -5.385003635830590838e+02 2.400800000000151329e+02 2.615377272394072250e+01 8.344716899640194224e-03 5.314284515307576839e-04
2.940735397046688515e+00 2.086123871332024038e+00 4.860167526328550203e+00 3.215467077366667148e+00 2.381539154104097555e+00 8.565975892427365457e-01 4.711494229629989983e-01 4.462226765969393050e+00 5.000000000000000000e+00 1.100000000000000000e+01 1.000000000000000000e+00 -2.962324556088933605e+02 3.301100000000244563e+02 8.198590975555070770e+00 -2.310800876250876379e-02 7.195769501862087775e-03
1.365801446746316206e+00 2.438331491768831238e+00 7.036144216011488872e+00 1.119851631267931857e+00 1.688255300152810001e+00 1.032632906795083683e+00 5.178072699205963358e-01 2.237729431453617579e+00 0.000000000000000000e+00 1.600000000000000000e+01 1.000000000000000000e+00 -7.114852371018629356e+02 4.801600000000302657e+02 2.946282731886548589e+01 6.437206410886937846e-02 1.234161497045828653e-03
1.502800524410383920e+00 2.083899877431993897e+00 4.301523637078657814e+00 5.828757984760359889e+00 2.078760065451979777e+00 9.789662076369249899e-01 2.686999377911916120e-01 3.109629739464019327e+00 4.000000000000000000e+00 4.000000000000000000e+00 2.000000000000000000e+00 -4.916153480752181082e+01 9.780000000000408988e+01 1.634592546998558243e-02 -9.526522637169736463e-01 6.280177718048147284e+00
8.566223363957490289e-01 9.151319249347105167e-01 8.646932560129378942e+00 6.618975624747704067e+00 1.639576088811242283e+00 2.136668883904409455e+00 2.106490255278012924e-01 3.775610208063239437e+00 4.000000000000000000e+00 3.000000000000000000e+00 2.000000000000000000e+00 -2.139234771344064029e+03 2.250000000000009592e+01 7.999048209003988497e+00 -2.071095007055066439e+00 8.444772247701722856e-01
7.547921595085190782e-01 2.437098202939228742e+00 9.511761353785951556e+00 3.893945806797192155e+00 1.209178295581820217e+00 5.954227029350193101e-01 5.574104817009015722e-01 2.565900419745821726e+00 0.000000000000000000e+00 6.000000000000000000e+00 1.000000000000000000e+00 -2.465830917142147882e+02 1.800600000000052887e+02 9.784568232138258992e+00 1.555917693595419427e-01 6.282528409633816757e+00
1.311911072631183117e+00 2.947057172943248204e+00 8.276647745900115538e+00 6.101600150277705303e+00 1.085144033693720145e+00 8.835873773028124489e-01 7.401286105362747669e-01 2.937205092062405765e+00 0.000000000000000000e+00 7.000000000000000000e+00 2.000000000000000000e+00 -2.240180627605950008e+02 2.100699999999860097e+02 7.436441422537623858e+00 3.498529628834640137e-02 8.012261183652380373e-05
1.704258441612162445e+00 1.322456731616422854e+00 4.064209983110277591e+00 7.814299657053185300e+00 2.494703762329448349e+00 7.400403985200616486e-01 8.691382542959731339e-01 2.028434739628532490e+00 9.000000000000000000e+00 1.400000000000000000e+01 4.000000000000000000e+00 -5.855576592550246460e+02 4.201399999999720194e+02 2.346797870343991477e+01 -3.931578336129087263e-04 6.283181181344706268e+00
2.147361967630259993e+00 2.733219613049929997e+00 2.086685486269110879e+00 5.457604818543926761e+00 2.084382728383376460e+00 1.640158468949588721e+00 6.670805716062473412e-01 2.705296102575784012e+00 6.000000000000000000e+00 1.000000000000000000e+01 2.000000000000000000e+00 -1.457526364113681439e+02 1.973999999999930708e+02 2.459678428849347565e-02 -9.490203930996142789e-01 2.982917831860730784e-01
1.929195351173108808e+00 2.695668819206003430e+00 4.213420683865405358e+00 6.716024684863028504e+00 2.332886396985810684e+00 1.674917103745088509e+00 6.751365523944068414e-01 2.837428024573395380e+00 2.000000000000000000e+00 9.000000000000000000e+00 2.000000000000000000e+00 -4.325971965067137717e+02 2.700900000000045225e+02 1.859701228166946763e+01 2.661104209553081246e-01 6.250853811483625400e-02
4.182713532815041102e-01 2.105062206221745225e+00 7.891186323191597296e+00 8.346641320334498459e+00 3.543777477068910109e-01 1.066780146698143028e+00 4.112773240242300066e-01 2.650918454282102044e+00 7.000000000000000000e+00 1.500000000000000000e+01 3.000000000000000000e+00 -2.207386207837670099e+03 1.614000000000032458e+02 7.917887989854286879e+00 -4.399703727574336476e+00 4.656836319729750429e+00
1.130907208881668513e+00 2.381111124126627399e+00 6.790502237158677623e+00 6.501114940757739546e+00 1.440729376599243494e+00 5.671353842732687056e-01 3.639077131759806960e-01 3.869761797598921582e+00 4.000000000000000000e+00 5.000000000000000000e+00 2.000000000000000000e+00 -1.357668130124271215e+02 1.500499999999998693e+02 3.796363313276698292e+00 -2.676839506001029139e-03 2.170090024918047992e-04
1.938859649567542975e+00 1.755852592031890591e+00 7.886158266052612831e+00 6.383703546684746932e+00 2.791161817335106043e+00 2.697540708755210570e-01 2.939825751215042193e-01 3.640717990707628804e+00 3.000000000000000000e+00 7.000000000000000000e+00 1.000000000000000000e+00 -3.744422173652026231e+02 2.100699999999860097e+02 1.683795108532559937e+01 -6.123012685188139459e-02 6.263249459985478218e+00
1.036636789136841985e+00 1.440368780904891954e+00 2.675040840953630372e+00 8.361948928792090285e+00 2.986790328894729285e+00 3.408488512217340283e-01 4.319319197913428776e-01 4.004959044832826720e+00 5.000000000000000000e+00 1.200000000000000000e+01 3.000000000000000000e+00 -4.628779688066836684e+02 3.601200000000105774e+02 1.767612305041739873e+01 2.350675168749859906e-02 5.375736062278224994e-03
2.739875069146240349e-01 2.134106213553972786e+00 6.234274014056968127e+00 7.530629380293020425e+00 2.107661652703382238e+00 2.193120153530249361e+00 3.206618640067681603e-01 3.876311776262527431e+00 9.000000000000000000e+00 1.000000000000000000e+01 2.000000000000000000e+00 -2.156373503459341237e+02 3.000999999999997385e+02 4.099209396620890899e+00 -1.825057532185720560e-02 7.379061267891278732e-03
1.320269337812721933e+00 1.439921975959761014e+00 5.257854568074039392e+00 7.252899377341149645e+00 2.253406926208935790e+00 1.707083712352054583e+00 3.508197998268446360e-01 2.998138793738401198e+00 7.000000000000000000e+00 1.300000000000000000e+01 1.000000000000000000e+00 -4.690389860483404618e+02 3.901299999999891384e+02 1.712337412802162007e+01 1.662374278830110463e-01 5.519652775195752967e-03
2.540878912486533192e+00 1.259781712812723775e+00 3.405449568718202702e+00 8.193812319367012265e+00 1.968989854746734602e+00 1.367827081198192074e+00 7.953497939254353666e-01 2.022609871015160987e+00 8.000000000000000000e+00 5.000000000000000000e+00 4.000000000000000000e+00 -2.156032923328559264e+03 6.394999999999850360e+01 7.753620208034997852e+00 -1.486099718694856797e+00 4.154987233014020287e-01
2.346156564536771016e-01 1.773667680992130791e+00 1.840435059472746993e+00 4.318525434835183141e+00 1.376118114073859644e+00 2.334923954076699282e+00 6.736587262046367375e-01 2.840920215282574546e+00 0.000000000000000000e+00 4.000000000000000000e+00 2.000000000000000000e+00 -2.057404755649612525e+03 4.443999999999923034e+01 2.199047228100799334e+00 -1.457525736282774709e+00 4.880733364022450671e-02
2.177548051242981231e+00 1.041302258683753701e+00 5.923373772781873825e+00 6.887819678519572442e+00 2.382855282014198828e+00 2.825396175441903246e-01 6.042866286153177890e-01 3.964087300961572691e+00 8.000000000000000000e+00 9.000000000000000000e+00 2.000000000000000000e+00 -2.065440723540581303e+02 2.700900000000045225e+02 4.468692022128491814e+00 1.725594429173240851e-01 6.381307842840445131e-03
2.406478745912997930e+00 1.776778952295854141e+00 4.598800785768352384e+00 7.675951699407754347e+00 2.148210427494148256e+00 7.766623755210821933e-01 2.203307717222509066e-01 4.147209563814249655e+00 7.000000000000000000e+00 1.400000000000000000e+01 1.000000000000000000e+00 -2.749696229204413953e+02 4.201399999999720194e+02 4.056226432528460712e+00 -1.295326594457182207e-02 6.214670770642034547e+00
8.835758520177927622e-01 1.468610460097904191e+00 5.665587143942627080e+00 2.836625982360137410e+00 9.280479723908775513e-01 6.549760547172911451e-02 7.290659330011188821e-01 3.342364498961722941e+00 8.000000000000000000e+00 1.200000000000000000e+01 3.000000000000000000e+00 -3.137982175455009610e+02 3.601200000000105774e+02 8.358638596593479519e+00 -2.310750087424348620e-02 6.282901218168939650e+00
1.424779630171138400e+00 1.776056918162965292e+00 1.338646056060086353e+00 9.266945112293663911e+00 4.707516966841563955e-01 1.531622647000155490e+00 8.840524944093871573e-01 3.689170679265747488e+00 6.000000000000000000e+00 3.000000000000000000e+00 1.000000000000000000e+00 -2.384907785231532216e+03 5.820000000000003837e+00 2.387486157697075484e+01 -2.495055297463023791e+00 1.122441223308590433e-02
3.637934768438078059e-02 2.132519875622715944e+00 2.563033498788671594e+00 6.940502792262128295e+00 1.462127733838187726e+00 9.431018911223517653e-01 2.727860909076521567e-01 3.860835940201199801e+00 6.000000000000000000e+00 1.300000000000000000e+01 2.000000000000000000e+00 -4.705269729747446945e+02 3.901299999999891384e+02 1.721637331092188461e+01 -1.029085242026921837e-01 6.149893056062575525e+00
1.060798105025476001e+00 1.386546964179340202e+00 6.293176112579079273e+00 5.582274786609120021e+00 1.020295323076633842e+00 3.787240121318118380e-01 7.260040624191050895e-01 2.804419124169043709e+00 0.000000000000000000e+00 2.000000000000000000e+00 2.000000000000000000e+00 -1.274207436517932166e+02 6.002000000000378321e+01 6.088171478236957590e+00 -3.185977003618359078e-03 6.283169154744308926e+00
6.561910132393573569e-01 1.364973606393091066e+00 5.024952287659784744e+00 6.733815555423719346e+00 1.158285025497302279e+00 1.419054580496406981e+00 4.308102307745753645e-01 2.174251409246660494e+00 7.000000000000000000e+00 1.900000000000000000e+01 3.000000000000000000e+00 -2.414194731525326461e+03 1.609299999999985573e+02 2.085810822033296574e+01 -3.406284456936828242e+00 6.211529499121010156e-01
2.027497643053149279e+00 1.030598698886755260e+00 3.170491489093937076e+00 8.186604235608760050e+00 2.561341689846551972e+00 2.159141727132264654e-01 7.831744641970896925e-01 4.468120750837325517e+00 8.000000000000000000e+00 1.500000000000000000e+01 1.000000000000000000e+00 -4.979783525840184666e+02 4.501499999999774104e+02 1.705645953650185831e+01 2.397670518961410036e-01 6.048417058780761191e-02
1.917120759035244593e+00 2.115387857713575848e+00 4.497493525535825043e+00 4.917284358120370236e+00 1.863330046885221636e+00 8.851775735678919510e-01 1.560805331254855877e-01 4.183859313443023531e+00 4.000000000000000000e+00 1.200000000000000000e+01 2.000000000000000000e+00 -2.310818699361520885e+03 1.335600000000020202e+02 1.525241871009497707e+01 -3.866333987945972606e+00 1.248864707477047586e+00
1.026065757664163414e+00 2.421151158405971060e+00 5.991605643883429977e+00 6.820854029242022776e+00 1.994374340500250309e+00 1.511656600112065929e+00 5.198664774418252366e-01 2.330822243590127130e+00 2.000000000000000000e+00 2.000000000000000000e+00 2.000000000000000000e+00 -2.224878330704298079e+01 4.398000000000127585e+01 1.617395669014653342e-02 -9.561983222320568077e-01 6.281008243914818046e+00
