5.254331110622234569e-01 1.579923382102732088e+00 5.909857162112448492e+00 4.890352111232902033e+00 2.591594476446179129e+00 1.547921954508136855e-01 4.592743149336090958e-01 2.463243319359698980e+00 3.000000000000000000e+00 1.200000000000000000e+01 1.000000000000000000e+00 -6.162777283391160381e+02 3.601200000000105774e+02 2.726360802119442184e+01 3.049692424259018222e-04 6.283168644318005924e+00
4.029415202245235084e-01 2.125247149545717473e+00 5.871708124662895045e+00 5.922305980415606186e+00 2.285894218152148660e+00 1.724502328612668389e+00 4.259511443674721676e-01 3.421817370680726000e+00 5.000000000000000000e+00 1.200000000000000000e+01 3.000000000000000000e+00 -2.314949999881459917e+03 1.182000000000014523e+02 1.599062499259118475e+01 -4.043630792449349087e+00 4.121702295196239874e+00
1.524262314182830202e+00 2.151854025476633847e+00 1.437657082715720680e+00 7.442105306077499982e+00 1.740481830808517483e+00 2.113789312484509963e+00 3.049469068200618693e-01 3.070223382679073687e+00 2.000000000000000000e+00 6.000000000000000000e+00 1.000000000000000000e+00 -2.070494633050742323e+03 6.300000000000087397e+01 2.437164565671358307e+00 -1.011704295823711464e+00 3.022888860581300907e-01
5.284586784426825723e-01 1.420716034236878311e+00 8.706970331590008882e+00 8.274162187191157258e+00 1.878568343961519949e+00 1.812898790023963480e-01 2.105601369557198732e-01 2.961752341146264289e+00 6.000000000000000000e+00 1.000000000000000000e+01 2.000000000000000000e+00 -4.272965245283718332e+02 3.000999999999997385e+02 1.732790778302324952e+01 7.879284188682668388e-02 6.280352317447438715e+00
4.050027253122427950e-01 2.383071841366145804e+00 4.117755324903270342e+00 4.661228275716757352e+00 2.239951381640326034e+00 1.012957917423232601e+00 4.406746394495582031e-01 4.472606997886099833e+00 3.000000000000000000e+00 8.000000000000000000e+00 4.000000000000000000e+00 -2.350830961916480192e+03 3.351999999999964075e+01 2.087943511978003741e+01 -6.990709589864465556e+00 2.879140198600215861e+00
1.927346085281222532e+00 9.825612498298188502e-01 2.794884697242568716e+00 4.302025946534342893e+00 2.815195631799838338e+00 1.359088947639533584e+00 4.732505248895775285e-01 2.712836123966653634e+00 3.000000000000000000e+00 1.500000000000000000e+01 2.000000000000000000e+00 -5.966616042268867659e+02 4.501499999999774104e+02 2.322416276418113057e+01 -2.013166419575059679e-02 6.212744827001690950e+00
1.114379637936151024e+00 9.212381464744070492e-01 2.808284121608545902e+00 4.201278729967491188e+00 1.599268048068146264e+00 1.196536921038134249e+00 5.068907691244272096e-01 3.075676155636543729e+00 5.000000000000000000e+00 8.000000000000000000e+00 2.000000000000000000e+00 -1.559932692357560029e+02 1.904800000000073794e+02 1.949329490327282241e-02 -9.872417177175744074e-01 5.657350893404821335e+00
1.226102930646468359e+00 9.802936246741869031e-01 3.476423135951377752e+00 7.077000483885446336e+00 2.231410538621878104e+00 2.013637743164097049e+00 5.870919991744641964e-01 3.082998059107366906e+00 7.000000000000000000e+00 1.400000000000000000e+01 1.000000000000000000e+00 -2.359086950472060380e+03 2.251199999999910233e+02 1.540793440450402230e+01 -2.693598162442050636e+00 5.154883431584076803e+00
2.030309290507901210e+00 2.612436076565946230e+00 5.198900567826858499e+00 2.456058146197637626e+00 2.335370664770164417e+00 1.776824929267956099e-01 2.686780903769201423e-01 3.388150120951579414e+00 6.000000000000000000e+00 4.000000000000000000e+00 1.000000000000000000e+00 -2.386310512078843203e+03 1.391999999999987914e+01 2.370940700492772280e+01 -9.136112965638517602e-01 2.857155418911861561e-02
2.425160321840194477e+00 1.489058278850572181e+00 8.869502776875405559e+00 4.019447473340735044e+00 2.440868606336803914e+00 1.157289703590811403e+00 1.666844240545345690e-01 4.722910394663608180e+00 6.000000000000000000e+00 1.100000000000000000e+01 2.000000000000000000e+00 -2.568364851485520148e+02 3.301100000000244563e+02 5.736342821783734891e+00 7.920488619056283066e-04 2.134590225362906137e-04
1.329879522495385880e+00 2.863004674087924251e+00 4.136975625802583600e+00 5.100057103021608640e+00 2.158089895318744400e+00 1.095915155305074773e+00 2.412436780533507297e-01 3.459961470212387091e+00 3.000000000000000000e+00 3.000000000000000000e+00 2.000000000000000000e+00 -2.134892339139649266e+03 2.802000000000030511e+01 7.555146196228074373e+00 -8.389491936243863579e-01 7.971148447890211153e-02
9.079337937701856820e-01 1.375044680726423829e+00 5.143285426073827438e+00 1.929062548016520662e+00 2.555991198233265038e+00 1.909582981782179445e+00 2.813281095304986379e-01 3.122954558337734277e+00 3.000000000000000000e+00 1.000000000000000000e+01 2.000000000000000000e+00 -5.682295874112678575e+02 3.000999999999997385e+02 2.613622421320424749e+01 1.180891176046856561e-01 6.280537470756513585e+00
2.403845526460570259e+00 1.514468824813716585e+00 7.709654119727298749e+00 8.608396162341213298e+00 2.893408103291315037e+00 1.865834607870422435e-01 3.470065049053697170e-01 2.405942912749504004e+00 7.000000000000000000e+00 1.400000000000000000e+01 3.000000000000000000e+00 -6.349939261103447734e+02 4.201399999999720194e+02 2.655774538189742273e+01 1.233071502849752560e-01 6.276291068975766940e+00
3.821304714170580263e-01 1.689415012510997460e+00 2.073066873334338922e+00 3.944733229284661746e+00 2.749326835623822962e+00 8.389404447018991018e-01 1.227917541003570312e-02 2.691862053240375641e+00 6.000000000000000000e+00 1.100000000000000000e+01 4.000000000000000000e+00 -3.149815466895487361e+02 3.301100000000244563e+02 9.370409168096029973e+00 -3.454693064291353144e-02 6.258746982603963893e+00
1.291034035625079568e+00 2.789576284969212061e+00 5.352946315785105824e+00 2.744581624994602453e+00 1.883929669736978285e+00 7.499030354149582855e-01 4.244128938595274070e-01 3.785303778728377644e+00 4.000000000000000000e+00 8.000000000000000000e+00 4.000000000000000000e+00 -4.547477325611785091e+02 2.400800000000151329e+02 2.091923328507318303e+01 -6.168341559172766991e-05 5.625501841850832544e-05
1.657051253430742443e+00 2.223632665793356722e+00 3.361251391099740360e+00 5.353733365628905005e+00 1.868214145042812246e+00 1.894575706428624828e+00 4.214281498758159494e-01 3.393270972543628528e+00 6.000000000000000000e+00 1.100000000000000000e+01 2.000000000000000000e+00 -2.102054635117430337e+02 3.301100000000244563e+02 2.821903969483175789e+00 1.197281859729526499e-02 6.157645686002656049e+00
7.689726067166465784e-01 2.026268034667533247e+00 3.980633347263046407e+00 5.442402711245955871e+00 2.260696524934894924e+00 1.924670291914013953e+00 5.931936674036220047e-01 2.025137070921869675e+00 5.000000000000000000e+00 4.000000000000000000e+00 2.000000000000000000e+00 -5.891607546530468653e+01 1.173200000000071412e+02 1.600471658131966818e-02 -9.575396215006111156e-01 6.280767482351913955e+00
1.648921167213995620e+00 1.918610150731306696e+00 6.803059105055626610e+00 6.079250930732721159e+00 2.087710504835937897e+00 2.622138562122872329e+00 6.111554155151133205e-01 3.519417014767993734e+00 1.000000000000000000e+00 8.000000000000000000e+00 2.000000000000000000e+00 -2.318047058967902558e+03 1.276799999999976336e+02 1.588794118549398249e+01 -2.256606772667733463e+00 6.354519286319789684e-01
2.378774786425685850e-02 1.407336542989912731e+00 8.368068103992349904e+00 3.328968780528424265e+00 2.117952898086504554e+00 1.927481787824992798e+00 1.072769878330238069e-01 2.816044355930304999e+00 7.000000000000000000e+00 9.000000000000000000e+00 2.000000000000000000e+00 -4.664759072113671436e+02 2.700900000000045225e+02 2.071443170071030337e+01 4.002971871236487094e-09 6.283185306293306738e+00
2.329920435595895345e+00 2.388902694744520883e+00 4.798059629226812284e+00 5.809317522527291722e+00 2.542357173390670244e+00 1.041683661995262078e+00 2.197826152715934844e-01 3.280495862213825831e+00 4.000000000000000000e+00 5.000000000000000000e+00 1.000000000000000000e+00 -1.122383609592974665e+02 1.500499999999998693e+02 2.325835059956095741e+00 -1.236120221484992426e-01 6.241560667099053994e+00
1.947707570995097504e+00 1.436849292529400746e+00 5.866039766140638712e+00 4.388225632178643032e+00 1.702728972661079254e+00 8.943000610785369897e-01 9.079358659804226406e-01 2.254950589370050995e+00 3.000000000000000000e+00 8.000000000000000000e+00 1.000000000000000000e+00 -4.111790656002969513e+02 2.400800000000151329e+02 1.819619160001808567e+01 -1.183076895738791739e-02 6.283183825557709490e+00
5.054938223718273838e-01 1.674884616890751410e+00 3.818679627576019531e+00 3.229744926489972467e+00 1.918550600280973573e+00 1.210523327734823074e+00 6.416059800468993934e-01 4.756379610885890230e+00 1.000000000000000000e+00 1.400000000000000000e+01 2.000000000000000000e+00 -6.441915108707700028e+02 4.201399999999720194e+02 2.713259442942399957e+01 -3.526080626985290956e-02 1.339966308756179638e-03
1.546733775813016187e-01 1.918848084850848679e+00 7.178097305275557893e+00 9.250658735706169367e+00 1.070985947587528964e+00 8.305775867237863430e-01 5.295968827570527449e-01 2.516206561048308199e+00 4.000000000000000000e+00 1.000000000000000000e+01 2.000000000000000000e+00 -4.288463812168936329e+02 3.000999999999997385e+02 1.742477382605585845e+01 -5.957715891397868946e-02 6.228078353115024335e+00
7.457540963199330575e-01 2.872048842938395463e+00 8.401686618013997077e+00 4.141116110315503640e+00 2.040052289100234173e+00 1.986613491440282653e+00 3.162210761212116417e-01 2.666269080567939209e+00 6.000000000000000000e+00 1.000000000000000000e+01 3.000000000000000000e+00 -2.355517880004204017e+03 7.869999999999980389e+01 1.976049250026274251e+01 -3.432225268500607385e+00 5.434774547732624805e-01
2.002147462797789323e+00 4.000202361673610429e-01 6.921422966213584438e+00 5.751524454870009961e+00 1.708232334083874093e+00 2.065437727314182847e+00 1.256803819224572294e-01 2.185317079992471712e+00 3.000000000000000000e+00 1.900000000000000000e+01 3.000000000000000000e+00 -2.309693123550347082e+03 2.865199999999970828e+02 1.040207022189678199e+01 -8.250883124046085371e+00 6.839118468924799688e-01
1.372488579340722659e+00 1.698097012660153560e+00 6.468808643220617327e+00 5.118884362325220039e+00 1.224523170092925106e+00 3.492066059008226975e-01 2.397552097108982816e-01 2.923957916500451670e+00 4.000000000000000000e+00 8.000000000000000000e+00 2.000000000000000000e+00 -1.622656053271053622e+02 2.400800000000151329e+02 2.639100332943612237e+00 -1.697372972961373461e-01 6.267203597184463071e+00
1.118812576105780998e+00 2.350294043114071307e+00 4.382747596665530487e+00 7.116632436107826365e+00 2.335613637040577117e+00 7.473468235154940853e-01 4.645603451216984148e-01 3.275423071114598628e+00 7.000000000000000000e+00 1.100000000000000000e+01 3.000000000000000000e+00 -2.308840749586271158e+03 1.075799999999995009e+02 1.594067184914197455e+01 -1.018305983539781323e+01 3.690621931939339628e+00
1.513361999162635918e+00 2.049980280579598357e+00 3.348871117809910203e+00 1.066458717586141081e+00 2.556092329146252951e+00 1.429514743696812307e+00 1.388095244701243458e-01 2.884897072549007735e+00 3.000000000000000000e+00 1.300000000000000000e+01 3.000000000000000000e+00 -6.128568198005434624e+02 3.901299999999891384e+02 2.611198873753430760e+01 3.969094554194640967e-02 2.089699871111865351e-03
1.647918386609617869e+00 1.224893344270164608e+00 5.286101028519889056e+00 7.044530906114067292e+00 1.740388228528397807e+00 2.015918332481528630e+00 4.544823411345063069e-01 2.606443334751468832e+00 5.000000000000000000e+00 8.000000000000000000e+00 1.000000000000000000e+00 -1.676339368467278348e+02 2.249600000000127693e+02 1.911134393844730883e-02 -1.396178425357731845e+00 5.915184338897893079e-01
1.618117182143043342e+00 2.279996549201753986e+00 5.557829739146757042e+00 2.949058009912620015e+00 1.676145238218987865e+00 1.865303779143256513e+00 4.485879720562366835e-01 2.702328556638242674e+00 7.000000000000000000e+00 9.000000000000000000e+00 1.000000000000000000e+00 -1.721712666112520367e+02 2.619000000000067985e+02 2.076009817441011596e-02 -4.666751690488101789e-01 5.972007269199279378e+00
2.163761182483877832e+00 1.269397606143576773e+00 1.147950536571908042e+00 5.185720662630852296e+00 2.985083918091172794e+00 1.369548890137739505e+00 6.944293078949974607e-01 2.099238449983666044e+00 0.000000000000000000e+00 7.000000000000000000e+00 2.000000000000000000e+00 -2.139536223379097009e+03 1.205399999999947340e+02 4.954138961193741864e+00 -2.071519121207702430e+00 6.139564382334470771e+00
1.354231955687112965e-02 1.908477600736616653e+00 5.998574730525159993e+00 6.164703118801570625e+00 2.563898062029826619e+00 3.160622401527057868e-02 2.714827365268988602e-01 3.714900376449375319e+00 8.000000000000000000e+00 9.000000000000000000e+00 3.000000000000000000e+00 -2.298577270618139210e+03 2.195100000000070395e+02 1.180139191363345397e+01 -7.004552595185862707e+00 4.894427834931108556e+00
1.005175216120717696e+00 2.653607690216022164e+00 4.053807968746963475e+00 5.568828906349560626e+00 2.562980982021268339e+00 5.396664452055277561e-01 4.249954471364058017e-01 4.210952608637196448e+00 5.000000000000000000e+00 4.000000000000000000e+00 2.000000000000000000e+00 -2.140327413424431143e+03 3.111999999999951427e+01 7.797963339026976470e+00 -2.599887490146676861e+00 2.341260377310878937e-02
8.627650608930621523e-01 2.335887976296989077e+00 7.847488872298375995e+00 8.301694775718296171e+00 8.686266301955432034e-01 1.928355421916394530e+00 3.645303986726127210e-01 3.056929441172284267e+00 4.000000000000000000e+00 6.000000000000000000e+00 4.000000000000000000e+00 -8.120350479846173357e+02 9.924000000000224020e+01 -2.813585208603747168e-02 -5.547736852347865621e+00 2.593919868254705552e+00
1.985171394578611137e+00 2.065018084370318530e+00 5.751614158810657074e+00 7.231397145964058026e+00 1.972024595719418016e+00 1.246079744091897368e+00 5.459169945458589579e-01 2.498985540393714455e+00 3.000000000000000000e+00 7.000000000000000000e+00 5.000000000000000000e+00 -2.276115218623232522e+03 4.886000000000017707e+01 1.573032616395202865e+01 -2.325161538725311061e+00 5.824456846705404089e+00
1.503238398367301443e+00 1.691919178477951480e+00 6.613471492080424952e+00 4.765083760700156823e+00 2.412498605893905079e+00 2.330006297921435099e+00 5.621404590053340478e-01 2.600716707628226931e+00 7.000000000000000000e+00 1.900000000000000000e+01 2.000000000000000000e+00 -6.951649286235231102e+02 5.701900000000110822e+02 2.562937053896985162e+01 7.615878213979607181e-02 1.490146623284257787e-01
1.163185022620486286e+00 1.832183422837000641e+00 6.021478313897102197e+00 1.237478897459214355e+00 2.315358786058624663e+00 4.508997377547292462e-01 3.556653800486972439e-01 2.747739915797247523e+00 2.000000000000000000e+00 1.500000000000000000e+01 2.000000000000000000e+00 -6.701571066521627245e+02 4.501499999999774104e+02 2.781763166576087443e+01 8.488571021113357207e-02 3.943592264864033588e-03
1.087701270148550226e+00 2.180023822698670344e+00 7.772161073448835999e+00 1.505594923110852079e+00 1.385795093167170089e+00 2.795018392311030553e+00 1.869572346706525057e-01 3.112948007770581782e+00 9.000000000000000000e+00 1.000000000000000000e+01 1.000000000000000000e+00 -2.148659135591597988e+03 1.035999999999983885e+02 6.053695974474918806e+00 -2.374687726061769588e+00 5.309162598018811074e+00
3.907519297156333282e-01 2.090377771477230251e+00 3.708823381239573003e+00 4.664221017058045149e+00 1.187071380893637063e+00 1.375547127505358125e+00 5.334643357494288640e-01 3.168443120228098486e+00 5.000000000000000000e+00 4.000000000000000000e+00 3.000000000000000000e+00 -2.325758795986560472e+03 1.467999999999986294e+01 1.990117474916002394e+01 -2.488687669803746338e+00 1.004811071129571243e+00
1.449204541209330177e+00 8.004517669614895636e-01 4.975642544825761071e+00 5.885065400326570106e+00 2.590416214985515886e+00 2.031765196560813447e+00 9.554629506930152338e-01 2.316639222474919269e+00 7.000000000000000000e+00 8.000000000000000000e+00 3.000000000000000000e+00 -2.163197557882221645e+03 1.468800000000005639e+02 5.609847367638858273e+00 -3.322052609166390891e+00 1.696124860418731561e+00
1.820663868864018875e+00 1.819941205912545712e+00 9.189395946225358713e+00 2.582172330057272092e+00 2.145836567165753550e+00 1.149056177430485493e+00 5.640416473530032171e-01 3.338235830141959681e+00 9.000000000000000000e+00 1.300000000000000000e+01 3.000000000000000000e+00 -2.293878471557982721e+03 7.683000000000009777e+01 1.596646697237392054e+01 -7.990128633114919054e+00 2.058306079152546708e+00
8.120794363872704258e-01 2.646828918283131493e+00 5.897042401399827050e+00 6.903207584921404738e+00 2.903655046600234879e+00 1.983362179176242357e+00 1.236255401169170098e-01 2.462204135782903425e+00 1.000000000000000000e+01 1.200000000000000000e+01 3.000000000000000000e+00 -2.257110770876470724e+03 1.831200000000038983e+02 1.034692317977932063e+01 -2.216289156373722236e+01 4.911985822310576566e+00
1.087241654846361483e-01 1.133323111903365543e+00 9.408143489113086844e+00 2.498937093830900569e+00 1.900628863572391136e+00 2.280822174584032247e+00 5.985650100055082135e-01 3.047457089205310332e+00 3.000000000000000000e+00 7.000000000000000000e+00 3.000000000000000000e+00 -2.360423279835149515e+03 5.320000000000019469e+01 2.086395498969685036e+01 -8.290318068032012988e+00 5.600493015750303449e+00
1.557668258777401560e+00 1.501793980670766526e+00 9.466977306988042073e+00 2.540575003062476966e+00 2.395386540732493685e+00 9.742542803903327941e-01 2.643542987571102509e-01 2.054034904128757333e+00 2.000000000000000000e+00 1.800000000000000000e+01 3.000000000000000000e+00 -7.434956637456793942e+02 5.401800000000090449e+02 2.958785398410467593e+01 -5.160109124386694918e-02 4.294407322036181661e-03
3.305209473491067529e-01 2.928845674772492913e+00 5.606040575775608659e+00 4.348053278079818007e+00 6.037793618475298940e-01 2.408683956491237121e-01 3.017803577888505950e-01 3.795521381714628273e+00 8.000000000000000000e+00 9.000000000000000000e+00 3.000000000000000000e+00 -9.730722405867541625e+01 1.939500000000060709e+02 2.076400366702348815e-02 -9.864969829461077699e-01 6.281510355525427691e+00
3.532227713165365657e-01 2.796984929632412076e+00 1.924751604219624213e+00 3.382592276983116708e+00 2.458524424933751451e+00 7.624492400630278333e-01 4.017230082396339164e-01 3.841734017935964030e+00 7.000000000000000000e+00 8.000000000000000000e+00 4.000000000000000000e+00 -4.537248565067043273e+02 2.400800000000151329e+02 2.085530353166854667e+01 5.794621019101733189e-02 6.372616180967379321e-04
1.691205889646193450e+00 8.273401117431934404e-01 6.795532563809762117e+00 7.247749314474495108e+00 1.854980133517995844e+00 7.350097304368226059e-01 9.020006938080993297e-01 3.222290261566453928e+00 4.000000000000000000e+00 8.000000000000000000e+00 2.000000000000000000e+00 -3.949838769652899941e+02 2.400800000000151329e+02 1.718399231033015084e+01 -4.217888287673263181e-02 7.026158226606423743e-04
1.026065757664163414e+00 2.421151158405971060e+00 5.991605643883429977e+00 6.820854029242022776e+00 1.994374340500250309e+00 1.511656600112065929e+00 5.198664774418252366e-01 2.330822243590127130e+00 2.000000000000000000e+00 2.000000000000000000e+00 2.000000000000000000e+00 -2.224878330704298079e+01 4.398000000000127585e+01 1.617395669014653342e-02 -9.561983222320568077e-01 6.281008243914818046e+00
