1.172849354518594289e+00 1.812296350826409164e+00 5.177324580914111962e+00 6.444023585213882299e+00 1.948478472669860517e+00 6.418379394238389324e-01 2.669405876752987128e-01 2.823910037471411894e+00 6.000000000000000000e+00 9.000000000000000000e+00 1.000000000000000000e+00 -2.008414324105871174e+02 2.700900000000045225e+02 4.112277025661553509e+00 -8.074680211477905933e-01 3.168805741940066908e-03
1.685640698372581125e+00 2.190917021850236512e+00 3.976840629629276869e+00 8.570413556884648898e+00 2.937572969442919568e+00 1.076106366671622405e+00 5.032394130649677777e-01 3.778885149172028335e+00 6.000000000000000000e+00 9.000000000000000000e+00 1.000000000000000000e+00 -4.116988667259566910e+02 2.700900000000045225e+02 1.729086667037215008e+01 9.215336555468769952e-02 4.895187818337222441e-02
1.889342728679752614e+00 1.664824159912056123e+00 9.765597082935332907e+00 9.147958957569057858e+00 5.840373587640733666e-01 2.161425282544704451e-02 7.976976675480267343e-01 4.380466312449664557e+00 5.000000000000000000e+00 7.000000000000000000e+00 2.000000000000000000e+00 -2.388353017760905004e+03 1.435000000000003872e+01 2.382362611005655495e+01 -1.982990970760516669e+00 7.455936293602414763e-03
1.613034319979887776e+00 1.956214770868188735e+00 5.668379796502435397e+00 6.254667282476050083e+00 2.091164304438065891e+00 1.245567214610644013e+00 7.338382212762607493e-01 3.602911178866459174e+00 7.000000000000000000e+00 1.100000000000000000e+01 1.000000000000000000e+00 -4.327707450286952167e+02 3.301100000000244563e+02 1.673223406429268678e+01 1.355046863196363027e-01 1.324388620907432923e-01
1.882521130575791179e+00 2.928479010826801066e+00 6.159587179694099746e+00 5.045234398080378213e+00 1.357104799468073386e+00 4.435250198834768121e-01 5.058764839937763824e-01 2.471083072814319603e+00 7.000000000000000000e+00 6.000000000000000000e+00 2.000000000000000000e+00 -6.709053934054482227e+01 1.336800000000035311e+02 1.565870878394089866e-02 -9.567429585607473141e-01 1.191119369381975039e-02
7.355817225480020261e-01 1.764777081751887078e+00 8.228785499787674595e+00 3.421641490660110030e+00 3.987794162827392741e-01 4.517263837484678524e-01 4.607073100295691059e-01 3.393422948424743790e+00 2.000000000000000000e+00 9.000000000000000000e+00 2.000000000000000000e+00 -1.969026346387171600e+02 2.421000000000078956e+02 1.843183702722943698e-02 -9.505849313221198527e-01 2.206789458386604341e-01
6.591745601602806426e-01 1.293172265911456176e+00 5.772336002033673807e+00 2.196822181944160235e+00 2.016592706541613822e+00 7.061722673325309119e-01 7.619988593644879682e-01 2.788153997800067785e+00 8.000000000000000000e+00 1.100000000000000000e+01 2.000000000000000000e+00 -4.680262558416968659e+02 3.301100000000244563e+02 1.893570349010528986e+01 -7.798105806814931325e-03 2.115054215712697976e-04
1.570913530084222520e+00 1.948303415160905772e+00 4.524823494364536458e+00 2.931516398662429523e+00 1.669477414257583003e+00 5.781602376773098406e-01 2.537114727534797165e-01 3.157449496116716769e+00 3.000000000000000000e+00 1.500000000000000000e+01 1.000000000000000000e+00 -5.118028123803235303e+02 4.501499999999774104e+02 1.792048827377092479e+01 -1.858074615692283105e-02 3.902741754435221783e-02
1.752039917315563411e+00 1.379565391013474640e+00 3.725765348211558692e+00 6.911676698647589490e+00 1.447511323171283948e+00 2.616111777196288735e+00 4.556615282503535536e-01 2.343000856292496437e+00 3.000000000000000000e+00 4.000000000000000000e+00 2.000000000000000000e+00 -1.372386035134352937e+02 7.848000000000106979e+01 2.441292427003172172e-02 -9.537466584845457618e-01 6.127307751749052400e+00
1.703688106822743187e+00 1.616651644332266935e+00 7.085146891305424077e+00 8.476727707400508294e+00 2.319759208203513445e+00 4.148830959260022544e-01 4.564575608816749952e-01 2.994910025694134781e+00 5.000000000000000000e+00 4.000000000000000000e+00 2.000000000000000000e+00 -6.017120655054528555e+01 1.195600000000074914e+02 2.445040940884618541e-02 -9.472473389721910442e-01 6.281245067706782592e+00
1.155649272390211424e+00 2.122256602833210604e+00 6.167877165040369647e+00 9.705948132368753534e+00 1.037477300874833919e+00 7.116304363499263985e-01 9.029130582892553880e-01 3.575158154077495265e+00 4.000000000000000000e+00 1.100000000000000000e+01 1.000000000000000000e+00 -2.193791314451018479e+03 2.439800000000137743e+02 4.487582153188249379e+00 1.525373052316159050e-01 6.254348002034832987e+00
8.093195568979050236e-02 2.657149313633561771e+00 6.689207425909907911e+00 5.346384015591731931e+00 1.767948358093101024e+00 8.702710659771812907e-01 7.750380593269123874e-01 3.186440400228999437e+00 1.000000000000000000e+00 6.000000000000000000e+00 3.000000000000000000e+00 -3.850048627060052127e+02 1.800600000000052887e+02 1.843592891912516052e+01 2.476727278214035377e-01 6.255673906179761268e+00
1.728096930171644896e+00 2.840703439649181483e+00 1.762931462904454349e+00 6.811687132415089607e+00 2.578670283881915104e+00 5.161326342363234954e-01 9.180075271347138965e-01 3.304272762569600008e+00 4.000000000000000000e+00 4.000000000000000000e+00 2.000000000000000000e+00 -2.338008308655270753e+02 1.200400000000075664e+02 1.086130192909520531e+01 -2.898814350437788415e-02 2.537953287956409495e-03
1.695206353891295370e+00 2.544815972480062971e+00 3.710822673727657506e+00 3.315562583981665590e+00 1.243609960993482755e+00 4.912445862350448000e-01 1.519295030007032365e-01 2.908926579853925887e+00 5.000000000000000000e+00 9.000000000000000000e+00 2.000000000000000000e+00 -1.121284180309096570e+02 2.235600000000071930e+02 2.177612693162874966e-02 -9.513780353210248286e-01 6.281490669585609865e+00
4.968472425571359707e-01 1.371413476771889073e+00 8.680842124748545885e+00 3.977839640386443332e+00 1.254827763893828774e+00 1.022493681014947864e+00 6.804940888270756272e-01 3.979368213746796723e+00 1.000000000000000000e+00 8.000000000000000000e+00 1.000000000000000000e+00 -2.260302781910239446e+03 1.190399999999978178e+02 1.254892386939003579e+01 -6.855377469214992914e+00 1.398056639162922554e+00
1.733129317073671682e+00 2.407285777048464137e+00 6.163244275191614108e+00 5.985967055202083387e+00 2.026949658065630544e+00 1.881669904435347540e+00 4.922422097132860830e-01 3.218493229054913751e+00 0.000000000000000000e+00 5.000000000000000000e+00 1.000000000000000000e+00 -2.078920501772537591e+03 1.487499999999995737e+02 2.840938607836044905e-01 -3.015430124897700015e+00 9.417220652183488916e-01
1.059910679154654867e+00 2.179134496280823896e+00 5.157434150925331195e+00 7.766109403640081510e+00 2.248382787109777681e+00 5.891989548120808440e-01 2.329257197790996214e-01 3.754635981222983254e+00 2.000000000000000000e+00 1.000000000000000000e+01 1.000000000000000000e+00 -4.429248139965199016e+02 3.000999999999997385e+02 1.830467587478250380e+01 5.110481467310933751e-02 2.223148415581440232e-02
3.060189431533415494e-01 9.062502388682229792e-01 7.927905184665867466e+00 6.349335539156856001e+00 1.412775952602591145e+00 1.208446760354995098e+00 5.847217677044571627e-01 3.926568380216713727e+00 3.000000000000000000e+00 6.000000000000000000e+00 2.000000000000000000e+00 -2.290290162067723941e+03 7.986000000000150578e+01 1.564751012923269080e+01 -4.139205126516253941e+00 4.301249949179157817e+00
2.720229388171674589e+00 2.388281419102008307e+00 2.508134240779555935e+00 5.996510386368047563e+00 7.942332537869301046e-01 7.379448932543948292e-01 8.350549569671238404e-01 3.376857235773838450e+00 6.000000000000000000e+00 3.000000000000000000e+00 3.000000000000000000e+00 -2.385549313508830437e+03 6.570000000000010054e+00 2.389151959430188654e+01 -2.289779519431039301e+00 1.489494633840361118e-03
9.305111423910534807e-01 2.452589453392855390e+00 7.782729253708640549e+00 4.325646750192843726e+00 2.003034194514580868e+00 1.048660925499874663e-01 6.007060060923663514e-01 4.159374997345613778e+00 6.000000000000000000e+00 9.000000000000000000e+00 2.000000000000000000e+00 -5.349031448278631160e+02 2.700900000000045225e+02 2.499113405174130520e+01 -3.165688358058257879e-02 9.768270222989675674e-04
2.334203849585270607e+00 2.714850806970151353e+00 2.119867392154685781e+00 9.690996978759846670e+00 1.750549331924739604e+00 2.162767190912865622e+00 6.092926096845988626e-01 2.958748542461398401e+00 4.000000000000000000e+00 1.100000000000000000e+01 3.000000000000000000e+00 -2.274394666415447318e+03 5.026999999999979707e+01 1.557872915096546684e+01 -9.636125244318238359e+00 2.755245013093280182e+00
6.970049632302038889e-01 2.363609617369061056e+00 7.391059382190849902e+00 4.686396439710312833e+00 2.370987313486169423e+00 7.004695180010603872e-01 2.675191973063202888e-01 2.772179689615758669e+00 2.000000000000000000e+00 8.000000000000000000e+00 1.000000000000000000e+00 -4.210518188317034287e+02 2.400800000000151329e+02 1.881323867698099050e+01 -1.258762758385392755e-03 3.169273985515117659e-03
8.198377610719471686e-01 2.158047497471129006e+00 2.625890057890261087e+00 9.867559133667718640e+00 2.198689368557774415e+00 1.593258568268231201e+00 3.305803418948279893e-01 2.219098482877530198e+00 4.000000000000000000e+00 2.000000000000000000e+00 1.000000000000000000e+00 -2.385905049824358230e+03 5.659999999999967280e+00 2.394219061402238680e+01 -2.353508496304635322e+00 1.724636527458261737e-01
1.083427696875119750e+00 1.186896058033477974e+00 2.646195761917693456e+00 8.428701248303831051e+00 1.773479425479590255e+00 1.090880018305051102e+00 6.630890373879534394e-01 2.486105106536839582e+00 4.000000000000000000e+00 6.000000000000000000e+00 2.000000000000000000e+00 -8.883208021998953541e+01 1.769400000000051705e+02 2.263001374918473252e-02 -9.477233803271907231e-01 6.262738723078112635e+00
1.482013132066308359e+00 2.692411028458359556e+00 5.297884540007290255e+00 7.466323447600973218e+00 1.022439990825686706e+00 1.487852950998210799e+00 7.876332784184323366e-01 3.118711154344284253e+00 2.000000000000000000e+00 8.000000000000000000e+00 2.000000000000000000e+00 -2.392306714308748496e+02 1.843200000000064165e+02 2.107729166425766423e-02 -9.059691117283014128e-01 6.259625148385829618e+00
1.282292457147077513e+00 1.990183499428610503e+00 1.212648016591157951e+00 4.860578425259168611e+00 1.754309865752589515e+00 1.133857331665699242e+00 9.822447783466973226e-01 2.792978233587675163e+00 5.000000000000000000e+00 1.500000000000000000e+01 3.000000000000000000e+00 -2.153277342955724635e+03 1.327500000000021600e+02 5.431396434732739031e+00 -3.303554610753816068e+00 5.570240027668835303e+00
5.469235437229534869e-01 2.388666473436811266e+00 6.171427576669090698e+00 5.297181973146771305e+00 1.208806413958463111e-01 1.138372164149502375e+00 4.830138255583339979e-01 2.904423782710253921e+00 4.000000000000000000e+00 7.000000000000000000e+00 3.000000000000000000e+00 -8.440192513244039674e+02 8.518999999999817874e+01 -2.988100493793052759e-02 -5.602040945663561367e+00 2.803069147831855012e+00
1.285463182009634053e-01 2.340797779905862797e+00 5.361858274908499311e+00 9.137602375916516806e+00 1.515886527047244803e+00 5.791373764434095683e-01 7.666642355980203272e-01 3.352921689074356060e+00 3.000000000000000000e+00 3.000000000000000000e+00 3.000000000000000000e+00 -2.388628865200435030e+03 8.520000000000010232e+00 2.402305407502717927e+01 -1.865568322777854560e+00 5.253793130628628960e-01
1.129092479442494135e+00 2.678561481898237506e+00 6.929151044829168882e+00 6.379183147791582797e+00 5.278652282500323478e-01 2.206247082365178080e+00 4.685045061961775614e-01 2.600583194004217891e+00 2.000000000000000000e+00 6.000000000000000000e+00 2.000000000000000000e+00 -2.077412765346078686e+03 9.570000000000210605e+01 1.847672834129857167e+00 -1.025946982812194541e+00 5.710824856847947828e+00
1.763204845249921604e+00 1.675152411615980164e+00 6.730920784360079345e+00 5.312260115741670674e+00 1.739238337219940478e+00 1.939707489319771661e+00 5.353975776378588902e-01 2.536689243412519446e+00 7.000000000000000000e+00 1.000000000000000000e+01 2.000000000000000000e+00 -1.853807423933394318e+02 3.000999999999997385e+02 2.208171399583723105e+00 -2.527282103532346169e-01 1.847093947506357747e-02
1.626239118005450290e+00 1.541142649620254046e+00 4.579159798190983288e+00 8.289231039410962509e+00 2.292656424295946849e+00 2.877869206209016095e-01 5.516303066894104878e-01 2.689079338470886871e+00 6.000000000000000000e+00 6.000000000000000000e+00 2.000000000000000000e+00 -2.187308617696542683e+02 1.800600000000052887e+02 8.043803860603226497e+00 1.080472050382255689e-02 3.646717149711148267e-03
1.773519878135785710e+00 2.568285548203440793e+00 3.113725531164650118e+00 7.853242090966332078e+00 8.079245740372602569e-01 1.540701768817387629e+00 8.173480472255651996e-01 4.044293227925873424e+00 0.000000000000000000e+00 1.200000000000000000e+01 2.000000000000000000e+00 -2.288206529620165838e+03 6.179999999999945004e+01 1.608165810126039474e+01 -4.513789722578364305e+00 5.028790440687679997e+00
8.341972746582831943e-01 1.749364626476860973e+00 4.341189819133778549e+00 8.283138950668021749e+00 8.691835610724027994e-01 2.479155647533789475e-01 5.679309261175725654e-01 3.072339149533272362e+00 1.000000000000000000e+00 1.300000000000000000e+01 2.000000000000000000e+00 -3.529216615725144948e+02 3.901299999999891384e+02 9.866041348282497125e+00 1.106276356962746649e-01 6.272007882852588700e+00
1.499257698507544312e+00 2.376424455778937794e+00 3.910153480977597074e+00 5.700191907084575682e+00 4.665574381332641685e-01 1.898422952840556954e+00 3.972137127660814171e-01 4.003203235737504251e+00 8.000000000000000000e+00 4.000000000000000000e+00 3.000000000000000000e+00 -2.320336519097340442e+03 1.127999999999993541e+01 1.966853244358379271e+01 -3.453909673331934549e+00 5.506572786154857901e+00
1.780567912912000228e+00 2.475608403265181501e+00 4.403850015325333267e+00 3.664757801763325773e+00 1.979124193987540803e+00 8.976380112959235769e-01 4.117244073204806565e-01 3.228939119469570684e+00 5.000000000000000000e+00 9.000000000000000000e+00 2.000000000000000000e+00 -1.913493221296709237e+02 2.700900000000045225e+02 3.519020133104291403e+00 2.373557474896636002e-03 1.303349956424107439e-05
8.618550437417191734e-01 2.327181013367876528e+00 7.190763380882010836e+00 3.221427419796299318e+00 1.782231306821760786e+00 1.559722772788415313e+00 8.342161042873232901e-01 2.990204172214014910e+00 0.000000000000000000e+00 1.100000000000000000e+01 3.000000000000000000e+00 -6.259586134725670945e+02 3.301100000000244563e+02 2.880647584203467559e+01 -8.140587409377637862e-02 6.255405368595134519e+00
1.470829012085836940e+00 2.711672739758872019e+00 9.252413208238735365e+00 5.054086149377031489e+00 5.837361109425756034e-01 2.965740496282531780e-01 2.259725203240489089e-01 2.623739905937156891e+00 4.000000000000000000e+00 1.000000000000000000e+01 1.000000000000000000e+00 -2.674837179320501264e+02 2.572999999999900069e+02 1.820221570472809608e-02 -1.002837580741078316e+00 6.282003586000332263e+00
1.729283593384431050e+00 1.811476467845532401e+00 6.839078040857129892e+00 8.821327180398244039e+00 3.213243274954027950e-01 1.756317964773930651e+00 7.143293366841916292e-01 2.450350307234370639e+00 9.000000000000000000e+00 1.600000000000000000e+01 2.000000000000000000e+00 -2.210075845371229207e+03 1.729599999999970237e+02 7.724740335701909544e+00 -1.856605957078654834e+00 5.978294438409712086e+00
1.730127836356879945e+00 2.905250887116272551e+00 6.730347882482471178e+00 4.446036316039274183e+00 1.797547235851994607e+00 1.769919322238344916e+00 1.638845512626952994e-01 3.792952643017350578e+00 3.000000000000000000e+00 1.000000000000000000e+01 3.000000000000000000e+00 -2.352914937635618116e+03 4.110000000000031406e+01 2.077280860222612446e+01 -3.581502699332520745e+00 9.761682298296306959e-01
2.434952151994338454e+00 1.396920214427308071e+00 3.907857009175796481e+00 5.843742137355395272e+00 9.050055097767757406e-01 3.741524078866448888e-01 5.961754055667880525e-01 3.296663402414209632e+00 3.000000000000000000e+00 1.100000000000000000e+01 4.000000000000000000e+00 -2.069091407092476516e+02 3.301100000000244563e+02 2.615883794327213963e+00 -2.149882216288900947e-03 6.234690659389596767e+00
1.378076320659538112e-02 2.006706571459205612e+00 6.187952810572142859e+00 1.197808342000552750e+00 1.675381808177852427e+00 1.145103059137161150e+00 4.429669829887975530e-01 4.064120591792480752e+00 0.000000000000000000e+00 1.400000000000000000e+01 2.000000000000000000e+00 -6.479910710156270852e+02 4.201399999999720194e+02 2.737006693847756367e+01 -8.468221838489646824e-01 4.370312322531513327e-04
2.959451539147636145e-01 2.813924444497035715e+00 1.246899587303208490e+00 7.248662897094058977e+00 1.741370809007690923e+00 2.313783632447805605e-01 8.326795670931906868e-01 3.954570079015640172e+00 6.000000000000000000e+00 9.000000000000000000e+00 2.000000000000000000e+00 -5.381214177891646386e+02 2.700900000000045225e+02 2.519227611182264681e+01 6.794969365768080416e-03 7.209080392907585462e-03
9.627141109679566711e-01 1.666669236350495353e+00 8.571142692619009296e+00 2.188003144006340328e+00 1.407390867183105243e+00 1.021947751942457572e+00 8.387563243064407592e-01 2.622899077204275287e+00 0.000000000000000000e+00 1.300000000000000000e+01 2.000000000000000000e+00 -6.609733926933524799e+02 3.901299999999891384e+02 2.911927454333487120e+01 8.436203603329010814e-02 5.445647170248959536e-03
2.264583025508017489e+00 2.092577641492470608e+00 4.730881513771247882e+00 1.206863092419333094e+00 1.634466100748630080e+00 6.117441598746452547e-01 8.070972163313969716e-01 2.704270471931130793e+00 2.000000000000000000e+00 1.200000000000000000e+01 1.000000000000000000e+00 -6.042920260780870194e+02 3.601200000000105774e+02 2.651450162988010462e+01 1.247780571989900306e-01 6.281122523133580771e+00
2.385716896406137266e+00 1.913469375058156619e+00 8.064998090928439112e+00 5.709712136106686486e+00 8.982807877086433912e-01 1.515838852942876513e-01 3.654354670517108716e-01 2.668059006152351920e+00 7.000000000000000000e+00 1.000000000000000000e+01 3.000000000000000000e+00 -2.180915712543432619e+03 1.123999999999978883e+02 7.794732033964620221e+00 -2.362228648652339447e-01 6.043246853426482643e-03
1.141617027895253766e+00 2.585929905289029218e+00 4.067987280441645481e+00 5.832130428690024182e+00 1.093825152569550596e+00 1.531285523697041739e+00 4.655392055293518516e-01 4.343893031175520392e+00 9.000000000000000000e+00 1.300000000000000000e+01 2.000000000000000000e+00 -2.444869090414346431e+02 3.901299999999891384e+02 3.088869315090004619e+00 8.651732648500287670e-02 5.848676325046549884e+00
2.536061872439567377e+00 2.810007434832770379e+00 6.058168372752171571e+00 6.679084511788000000e+00 1.355722152952812065e+00 4.341899007169814362e-01 2.903568470863318041e-01 3.761563019239877015e+00 4.000000000000000000e+00 1.100000000000000000e+01 3.000000000000000000e+00 -2.344470242426415894e+02 3.301100000000244563e+02 4.337001515164334187e+00 -6.398528528457496367e-02 3.054158978386766615e-02
1.026065757664163414e+00 2.421151158405971060e+00 5.991605643883429977e+00 6.820854029242022776e+00 1.994374340500250309e+00 1.511656600112065929e+00 5.198664774418252366e-01 2.330822243590127130e+00 2.000000000000000000e+00 2.000000000000000000e+00 2.000000000000000000e+00 -2.224878330704298079e+01 4.398000000000127585e+01 1.617395669014653342e-02 -9.561983222320568077e-01 6.281008243914818046e+00
