9.177288692543936754e-01 1.428548307405886453e+00 4.191105369189120466e+00 9.315198467669674187e+00 1.360961755434228371e+00 7.927121331497244405e-02 2.971074027001180951e-01 2.993058283228774208e+00 6.000000000000000000e+00 9.000000000000000000e+00 2.000000000000000000e+00 -2.098272997650515492e+02 2.700900000000045225e+02 4.673893735315580500e+00 -2.963549034495304380e+00 6.275999306192718841e+00
1.888171898840406815e+00 1.398941026772142937e+00 6.375695011289904457e+00 7.097360111390154103e+00 9.381726033194678349e-01 1.787560513409642837e+00 4.795962484424386441e-01 2.212587803812206655e+00 4.000000000000000000e+00 4.000000000000000000e+00 2.000000000000000000e+00 -3.866225187416348064e+01 7.676000000000080092e+01 1.764074213519249701e-02 -9.582223943624705864e-01 6.262944494478945856e+00
1.727289354128879184e+00 6.932499496706143738e-01 4.347234049132500999e+00 4.491462198078626677e+00 3.087909056961499754e-01 1.117467545784834648e+00 8.726215867823028383e-01 2.548105523730375133e+00 5.000000000000000000e+00 9.000000000000000000e+00 1.000000000000000000e+00 -2.077353383772926065e+02 1.481400000000043349e+02 2.152571721502388388e-02 -1.020503191533136622e+00 4.517782879604933383e-02
2.043018112483389270e+00 1.095589685882390807e+00 2.532830032892216643e+00 6.535551345534225121e+00 1.329180996075405963e+00 1.051418506552718624e+00 3.345444702599927878e-01 2.910317935061637495e+00 3.000000000000000000e+00 5.000000000000000000e+00 3.000000000000000000e+00 -2.109337673963352700e+03 4.709999999999946141e+01 5.361729622709559884e+00 -3.400361948733217510e+00 8.039370916337884587e-01
2.225990476715009159e+00 1.923260159398501035e+00 4.325710998369551419e+00 5.860599226244763926e+00 6.888200249409324183e-01 1.150104446909212985e+00 6.998198166077101989e-01 2.211554718985546231e+00 0.000000000000000000e+00 3.000000000000000000e+00 2.000000000000000000e+00 -2.106158623611444000e+03 4.149000000000081201e+01 5.338351475715226613e+00 -7.543055994674946474e-01 1.883696043942489429e-03
1.386003283901557026e+00 2.602496143836395603e+00 1.259389330392824302e+00 3.656142182732637025e+00 2.063104164537020502e+00 3.607844719843137926e-01 8.014343015188278851e-01 3.540952013924920205e+00 9.000000000000000000e+00 1.000000000000000000e+01 2.000000000000000000e+00 -2.865996443174597630e+02 3.000999999999997385e+02 8.534352769841243358e+00 -3.897999066120425016e-01 6.282233467074734179e+00
1.211425223662351947e+00 1.606010880091122583e+00 5.870999208314514384e+00 4.487437493985104275e+00 2.229748628561549761e+00 1.414904804955169126e+00 6.792906860852460094e-02 2.757787964687513860e+00 1.000000000000000000e+01 7.000000000000000000e+00 2.000000000000000000e+00 -1.793601822097660374e+02 1.419599999999926467e+02 1.779423795531664965e-02 -9.585192368958209697e-01 1.044712183135162314e-01
7.256256168620309754e-01 3.830943752576021488e-01 5.778953847273235134e+00 5.755561200428133795e+00 2.064605310542965810e+00 1.985055808183978421e+00 3.647283232947245990e-01 3.647905685340130599e+00 6.000000000000000000e+00 4.000000000000000000e+00 1.000000000000000000e+00 -2.325940263283558124e+03 1.623999999999983146e+01 1.986376645522240381e+01 -7.798809454863127044e-01 9.953464431267418089e-01
6.918734389119319816e-01 1.634469031365467950e+00 7.977283680735387961e+00 3.928676449513366364e+00 1.392199792953524140e+00 4.545448772481581190e-01 2.962499048118605316e-01 2.275627086769181240e+00 8.000000000000000000e+00 6.000000000000000000e+00 1.000000000000000000e+00 -2.104772807017352534e+02 1.429800000000038835e+02 1.798874906907878268e-02 -1.004613680081564153e+00 6.282441791822543031e+00
9.666920552662079391e-01 1.826003396077193308e+00 1.501160316411582318e+00 3.569746539580019196e+00 2.838074859165151231e+00 1.787974953348475005e+00 7.694152237742681866e-01 3.733041663432118185e+00 3.000000000000000000e+00 7.000000000000000000e+00 1.000000000000000000e+00 -9.549651576477796198e+02 6.195000000000023022e+01 -4.393586838948687623e-02 -1.081738878970377904e+01 2.921715505847994887e+00
5.087526942942004471e-01 1.512036563819653345e+00 7.403826660039953822e+00 5.853479209210548539e+00 2.071358134721085431e+00 2.994864858660867490e+00 4.831632841773413900e-01 3.730402523312214669e+00 6.000000000000000000e+00 1.300000000000000000e+01 1.000000000000000000e+00 -2.382041666568521578e+03 1.034799999999991655e+02 2.064385416053262290e+01 -7.284039796534245159e-01 6.068229417744451126e+00
5.505775575520488463e-01 2.795052782559190430e+00 5.169254294106875314e+00 3.460461523635928849e+00 2.371946036459856355e+00 2.729451040552897112e-01 1.906768825173261184e-01 3.088529072640354478e+00 5.000000000000000000e+00 1.000000000000000000e+01 2.000000000000000000e+00 -4.342252659968555690e+02 3.000999999999997385e+02 1.776095412480348301e+01 -1.925201235145054812e-01 6.282597239057190919e+00
8.742214718983786215e-01 2.566862192956552491e+00 5.053543099878777589e+00 1.034343580309867949e+00 1.332192636893352766e+00 9.466517664333775617e-01 3.981174845323465217e-01 2.602409595798121700e+00 8.000000000000000000e+00 5.000000000000000000e+00 3.000000000000000000e+00 -1.697545479396095516e+02 1.500499999999998693e+02 5.920596746225601947e+00 -4.356770056550025166e-02 5.786388667549305712e-03
7.995537077536152282e-01 1.600409241670458282e+00 1.806024455929696293e+00 5.947908567723064976e+00 2.417285559860196997e+00 5.282615426985921570e-01 4.089842531686040950e-01 3.506175145669375492e+00 5.000000000000000000e+00 9.000000000000000000e+00 3.000000000000000000e+00 -2.141880460865085297e+03 4.527000000000045787e+01 7.452841304067828077e+00 -1.476437087405914994e+01 3.210579785393627095e+00
2.123536098208058220e+00 2.402515395499694062e+00 6.976329894646547736e+00 1.342127921327194162e+00 1.506567467502749613e+00 1.285204441199354841e+00 2.449048938768376704e-01 3.419410604308737778e+00 0.000000000000000000e+00 9.000000000000000000e+00 2.000000000000000000e+00 -4.913180693459873964e+02 2.700900000000045225e+02 2.226706683412406917e+01 -1.676677352789007064e-02 3.974058816196334516e-04
7.716180149346300032e-01 2.650697311941359047e+00 5.090755081547831296e+00 2.693460716869958915e+00 1.494284604650376602e+00 1.333822051296493338e+00 4.801615392172609575e-01 2.481225396455051246e+00 1.000000000000000000e+00 1.000000000000000000e+01 2.000000000000000000e+00 -5.234979017853211190e+02 3.000999999999997385e+02 2.334049386158257988e+01 -4.384821894612554449e-01 6.245264199258377502e+00
1.202970285847698939e+00 2.181069167434359635e+00 5.845364421600575788e+00 6.143625581320559803e+00 1.954945099116498719e+00 7.551783837727282789e-01 4.635128700243791311e-01 2.571300745861785586e+00 9.000000000000000000e+00 1.600000000000000000e+01 1.000000000000000000e+00 -5.117809641207452387e+02 4.801600000000302657e+02 1.698131025754562984e+01 -4.500838055166996865e-01 6.203437361164281683e+00
9.968434783703672419e-01 2.989819563911352507e+00 6.562811446564511542e+00 5.974275611644239703e+00 2.114875596895444687e+00 1.034079440148786500e+00 4.114814743523725338e-01 2.264635364248698490e+00 2.000000000000000000e+00 4.000000000000000000e+00 2.000000000000000000e+00 -3.256067138374672254e+02 1.200400000000075664e+02 1.659916961484146469e+01 -5.280132422558037920e-03 4.172575327739174784e-05
1.921335189349420380e+00 2.134450967664086818e+00 5.119307095411795849e+00 7.257999019448700295e+00 2.826992732247889606e+00 2.005997107381692235e+00 2.928893936025971922e-01 2.074668644418285801e+00 3.000000000000000000e+00 9.000000000000000000e+00 1.000000000000000000e+00 -4.257907498497791039e+02 2.700900000000045225e+02 1.817160936561105089e+01 -1.053864182833921109e-01 5.132527435194612908e-02
9.180455111041949667e-01 1.894987723567961746e+00 7.273015099078591561e+00 6.035210568118073660e+00 2.298700797375463623e+00 4.142732562467086321e-01 3.650547663882354188e-01 2.584830060024406073e+00 3.000000000000000000e+00 9.000000000000000000e+00 1.000000000000000000e+00 -4.591220649486050434e+02 2.700900000000045225e+02 2.025481655928767211e+01 -1.013079958597148666e-01 6.508464236709388898e-04
2.490956165991362603e-01 9.592830246401140570e-01 5.565261980183733748e+00 4.917481388605851933e+00 1.815858672352895997e+00 9.741386787409652692e-01 2.549523732406538956e-01 2.814191831880582750e+00 1.100000000000000000e+01 1.100000000000000000e+01 2.000000000000000000e+00 -1.963729175928571635e+02 3.301100000000244563e+02 1.957369849552808017e+00 -1.816255025124410005e-01 6.278441442176560194e+00
1.590887820698579258e+00 2.081413582461920431e+00 6.365002226957155784e+00 6.840323352245653687e+00 1.363879449645811093e+00 1.290959541194957261e+00 4.559235970560133744e-01 3.107160086231282925e+00 4.000000000000000000e+00 3.000000000000000000e+00 1.000000000000000000e+00 -2.382568880502015418e+03 8.370000000000013429e+00 2.364899253137596347e+01 -2.486682102171077435e+00 2.922716959110950863e-01
7.912119042463625629e-01 1.496250977808902816e+00 7.045690423236312228e+00 6.303411962636988441e+00 2.982908895773666025e+00 1.791844088183265793e+00 2.380878435974341789e-01 3.223749066363082783e+00 7.000000000000000000e+00 5.000000000000000000e+00 2.000000000000000000e+00 -2.169107081520093743e+03 8.709999999999719478e+01 7.847317595005952384e+00 -1.354630463580020372e+00 1.808873373125338135e-01
1.038696782709915833e+00 2.251299019925105949e+00 7.904993420961973882e+00 6.283209477420944822e+00 2.710594098269922814e+00 2.383843431355929354e+00 3.840208113986030014e-01 2.823031660890933825e+00 6.000000000000000000e+00 7.000000000000000000e+00 1.000000000000000000e+00 -2.735284336099050506e+02 2.100699999999860097e+02 1.053083960061950108e+01 -2.390287366788976353e+00 6.084412338677245735e+00
7.007599595407626447e-01 2.045910299966268830e+00 4.243953225608889213e+00 4.442616845157820293e+00 1.676110351761013195e+00 1.520807298725937784e+00 5.604589074253485403e-01 3.595392802714860281e+00 3.000000000000000000e+00 7.000000000000000000e+00 2.000000000000000000e+00 -2.574172725760142271e+02 2.100699999999860097e+02 9.523892036001326389e+00 -1.041483088159619097e+00 6.205883612500142199e+00
1.151251560434666810e-01 2.909936553841526052e+00 6.181525769418541927e+00 1.882979075469247476e+00 2.920105820465152213e+00 1.828189358789829022e+00 4.590618524979148685e-01 3.103434666820603649e+00 4.000000000000000000e+00 5.000000000000000000e+00 1.000000000000000000e+00 -4.405451565696331500e+02 1.500499999999998693e+02 2.284500978560207685e+01 -1.945150721662834399e-03 6.283096109422308118e+00
2.300829215657841376e-01 1.851041670864347122e+00 4.252020040170682691e+00 4.431114058809365375e+00 2.931681430467886873e+00 9.816404666627598363e-01 6.148329027833305815e-01 3.082393928111873738e+00 7.000000000000000000e+00 6.000000000000000000e+00 1.000000000000000000e+00 -2.091700874542220845e+02 1.800600000000052887e+02 7.446255465888715896e+00 -3.214638959835653953e-01 6.128887131144554523e+00
6.783574610898539525e-01 2.165195456146303599e+00 8.482209710336402253e+00 6.721916652062605024e+00 2.592582135090960360e+00 1.265772635401354318e+00 1.402601059267876149e-01 2.830721783122973179e+00 2.000000000000000000e+00 5.000000000000000000e+00 3.000000000000000000e+00 -2.184235864185059199e+03 1.180499999999954355e+02 7.825679011566346155e+00 -1.261444707206422211e-01 4.760581246509635989e+00
9.588260457352993926e-01 1.387775656402008728e+00 8.407370141687565024e+00 6.483822769580025458e+00 2.062408888503263871e+00 1.839556270683853967e+00 7.440162436529684786e-01 3.155693657405467700e+00 3.000000000000000000e+00 2.000000000000000000e+00 3.000000000000000000e+00 -2.318865547643540594e+03 7.559999999999926779e+00 1.969284672772127465e+01 -3.003568746145292234e+00 5.816369784472227522e+00
1.367869130040608949e+00 2.439271967341856584e+00 4.783266004787513737e+00 5.266174497488880668e+00 1.415601250476567596e+00 2.187688816393186464e+00 4.349625864494579552e-01 3.064356843449453915e+00 2.000000000000000000e+00 8.000000000000000000e+00 3.000000000000000000e+00 -2.346838970495030480e+03 2.759999999999976339e+01 2.081493565593939365e+01 -8.490343914303290163e+00 3.874556363406618686e+00
1.896934317513316426e+00 2.366148300067463239e+00 1.521727893564786882e+00 6.737917981154158298e+00 2.651346267949026725e+00 1.081160035679453291e+00 7.562596022596399514e-01 2.748041676442238845e+00 2.000000000000000000e+00 1.100000000000000000e+01 2.000000000000000000e+00 -2.140960335496554308e+03 2.149400000000101727e+02 2.093145968534338763e+00 -4.171391583688886517e-01 5.766955496068467468e+00
1.174517317972205488e+00 1.541573353920884903e+00 7.671973044623764615e+00 4.260166381185197082e+00 1.554358788393348512e+00 1.627572992304356925e+00 7.205786966039425812e-01 2.823572120549384223e+00 3.000000000000000000e+00 6.000000000000000000e+00 3.000000000000000000e+00 -2.199920877250452577e+03 6.834000000000106922e+01 1.035942982815325841e+01 -3.370133588221145171e+00 8.576862721776601362e-01
2.870372352715122588e-01 1.524928524408141417e+00 5.381195873336054092e+00 6.237952367298863265e+00 2.102477012246696475e+00 9.518314422289562149e-01 1.055679449116510571e-01 2.640398344173489953e+00 2.000000000000000000e+00 1.200000000000000000e+01 2.000000000000000000e+00 -2.289082504587871426e+03 2.595600000000067666e+02 9.956406536741749136e+00 -4.699339996202339664e-03 1.068318941086201894e-02
3.569082268186702933e-01 2.123456993959289552e+00 2.863646291855544312e+00 8.037340893192601143e+00 2.670124356952151778e+00 2.580123330944200433e+00 6.475380024716111960e-01 3.454664834682732000e+00 3.000000000000000000e+00 7.000000000000000000e+00 2.000000000000000000e+00 -2.075689044519721392e+03 7.587999999999908596e+01 2.359315282482616905e+00 -1.706961787348612924e+00 4.333054270484897885e-01
1.334454026105193591e+00 2.232967394598920574e+00 7.178133415216787938e+00 4.901213810697161222e+00 1.691350176225416391e+00 9.683529993364990984e-01 6.794176564844028876e-02 2.290661350268674123e+00 4.000000000000000000e+00 1.500000000000000000e+01 2.000000000000000000e+00 -5.051193970962353887e+02 4.501499999999774104e+02 1.750277481851541950e+01 -1.480459713847288861e-01 6.279709294608888825e+00
7.182901707007056658e-01 1.297328556009067269e+00 5.535259791356592629e+00 6.677386479892184923e+00 2.769817202508058962e+00 4.877981938076283441e-01 3.436893389776135566e-01 3.028077870893406409e+00 1.000000000000000000e+01 1.100000000000000000e+01 1.000000000000000000e+00 -4.338078463756543783e+02 3.301100000000244563e+02 1.679705289847763439e+01 -2.411909076439353317e-01 6.273061962183566820e+00
2.485591447888018113e+00 2.105935235005661266e+00 2.292491433708625959e+00 5.360089648383466354e+00 1.852372053743305713e+00 1.914694458656692078e+00 6.281671049794825823e-01 2.768526562067012531e+00 4.000000000000000000e+00 6.000000000000000000e+00 3.000000000000000000e+00 -8.206637988365029059e+02 7.404000000000128523e+01 -2.446227624601396422e-02 -8.777250886822303144e+00 2.518996649810707034e+00
1.799225800521227492e-01 2.278801866218016947e+00 7.597634413973472611e+00 1.256605676935291349e+00 1.932891523228326136e+00 2.700955138643932330e+00 7.099022934638534732e-01 2.184691005977800415e+00 0.000000000000000000e+00 1.000000000000000000e+01 2.000000000000000000e+00 -6.193847066013607900e+02 3.000999999999997385e+02 2.933341916258505933e+01 3.748185920868586651e-02 1.781728077307884921e-04
1.118873574950068228e+00 2.628390909145003285e+00 3.779235780113884502e+00 1.544119848633008996e+00 4.011037483067317888e-01 6.567890527869167938e-01 5.766293870356020701e-01 3.310027386617054646e+00 5.000000000000000000e+00 1.200000000000000000e+01 5.000000000000000000e+00 -2.144277788291921297e+03 1.129200000000012523e+02 5.488611768245052147e+00 -4.264200085316264932e+00 5.566654149994747947e+00
2.677003380988391967e+00 1.926024253086034976e-01 8.953809013997394928e+00 5.004900757917479126e+00 6.986441530531195543e-01 1.599527475139205235e+00 7.368579294753940800e-02 4.011995821348641300e+00 6.000000000000000000e+00 7.000000000000000000e+00 2.000000000000000000e+00 -2.326970027439939258e+03 2.156000000000006622e+01 1.976187671499620535e+01 -2.763423422573633381e+00 5.677297196262017565e+00
1.583899010186204048e+00 2.507423265983577565e+00 1.359063791921714337e+00 7.067699612575617962e+00 4.614149528432931469e-02 2.150704244029991052e+00 3.668738500481252274e-01 2.218936135480517713e+00 3.000000000000000000e+00 5.000000000000000000e+00 1.000000000000000000e+00 -2.115300007595959869e+03 5.574999999999896971e+01 5.464062974747506019e+00 -2.108310475344394863e+00 1.195356901636430158e-01
1.554811549216343902e+00 1.569891449027658759e+00 8.479977624467558428e+00 7.139167899305213894e+00 1.688872725782259332e+00 2.414653213420685951e+00 8.394257829208379151e-02 3.366732268017761598e+00 6.000000000000000000e+00 1.000000000000000000e+01 1.000000000000000000e+00 -2.266493750671922044e+03 1.177999999999975813e+02 1.297460941699518244e+01 -3.222727170922552009e+00 1.174934180964192221e+00
2.561968451680989300e+00 1.219474310725341404e+00 3.447629777115648331e+00 2.779729518336449878e+00 2.988814772133046915e+00 1.840710303874436571e+00 6.929463144324647939e-01 3.304506434515666502e+00 6.000000000000000000e+00 9.000000000000000000e+00 1.000000000000000000e+00 -2.072085363583167918e+02 2.700900000000045225e+02 4.510221022394658164e+00 -1.751146201351778009e+00 1.325682829281146086e-02
9.594038053930015186e-01 2.568010177238916558e+00 7.488708417700077113e+00 2.353936751854162512e+00 1.708920206392330332e+00 2.771920340648863501e+00 5.969272246815565675e-02 2.391718687525327347e+00 7.000000000000000000e+00 8.000000000000000000e+00 2.000000000000000000e+00 -2.271459746752741466e+02 2.081600000000101431e+02 2.112055325110662185e-02 -9.599099921050036066e-01 5.169557104186567331e-02
1.074557511305071600e+00 1.680112760697126451e+00 3.361286783554541913e+00 5.940112452811522559e+00 2.368536959046551704e+00 1.067284639281462999e+00 2.499421389525216808e-01 3.675470279737948154e+00 9.000000000000000000e+00 3.000000000000000000e+00 1.000000000000000000e+00 -2.385264110485460151e+03 6.990000000000013536e+00 2.386056940534125914e+01 -3.687421984465796054e+00 6.276329263182145013e+00
8.546654917703342402e-01 1.604943980477960386e+00 4.634789497881820708e+00 5.538985640647053899e+00 4.882256406669597260e-01 9.471702884420993840e-01 7.511818431326670042e-01 2.518406944447087348e+00 1.000000000000000000e+01 1.300000000000000000e+01 2.000000000000000000e+00 -1.233443846784808215e+02 2.460899999999941770e+02 1.871154240523341394e-02 -9.541360732299759562e-01 2.794467448483185790e-02
1.124297810222256722e-01 1.905876040583061704e+00 4.679708234880467721e+00 9.154692292434310374e+00 2.364632762718419823e+00 2.349844972221534212e-01 7.263509530363825295e-01 2.538836791644666580e+00 2.000000000000000000e+00 7.000000000000000000e+00 4.000000000000000000e+00 -5.265293233563714921e+02 2.100699999999860097e+02 2.634339520977365368e+01 -2.969193551351622662e-01 6.275451164641908441e+00
1.026065757664163414e+00 2.421151158405971060e+00 5.991605643883429977e+00 6.820854029242022776e+00 1.994374340500250309e+00 1.511656600112065929e+00 5.198664774418252366e-01 2.330822243590127130e+00 2.000000000000000000e+00 2.000000000000000000e+00 2.000000000000000000e+00 -2.224878330704298079e+01 4.398000000000127585e+01 1.617395669014653342e-02 -9.561983222320568077e-01 6.281008243914818046e+00
