1.776315447135491166e+00 2.071435464053446474e+00 3.759675456770920299e+00 7.589441220044042424e+00 1.699465682282887302e+00 6.967115292292349604e-01 5.952540530921595074e-01 2.186825156366379197e+00 3.000000000000000000e+00 4.000000000000000000e+00 4.000000000000000000e+00 -8.606210115176284603e+01 1.200400000000075664e+02 1.627631321984941648e+00 -5.107667789395149427e-01 6.282141035204830359e+00
1.910914228327522002e+00 1.407426846081532457e+00 3.395360639126452362e+00 5.086205438967397185e+00 1.914408509558474414e+00 4.302316278991136222e-01 8.786793907445300533e-01 2.042551042141874440e+00 2.000000000000000000e+00 1.000000000000000000e+01 3.000000000000000000e+00 -4.478349660640508318e+02 3.000999999999997385e+02 1.861156037900318339e+01 2.122091457373291856e-01 6.256588995957323540e+00
2.921409695696095099e+00 1.690737838464306808e+00 7.409059092494689303e+00 3.991702549422291746e+00 2.212847660433414188e+00 6.055617306738116934e-01 5.040832027680482996e-01 3.376109175901135906e+00 4.000000000000000000e+00 1.000000000000000000e+01 1.000000000000000000e+00 -4.212445965602687465e+02 3.000999999999997385e+02 1.694966228501680305e+01 -1.069854068788606005e-01 2.219141157410751269e-02
1.736225060022719369e+00 1.633992273303660925e+00 7.716420781031424703e+00 9.306620693636146413e+00 2.883641798558804759e+00 8.852469236123517993e-01 1.251651416322227539e-02 3.291923510214722626e+00 7.000000000000000000e+00 1.500000000000000000e+01 3.000000000000000000e+00 -2.381308919462760969e+03 1.339500000000022055e+02 1.964586996642250227e+01 -5.801889639705809287e+00 1.690100137528197655e+00
2.562804473168812880e+00 2.962040846500701097e+00 5.338353385400455231e+00 8.414580049254173133e+00 1.084276080174298329e+00 3.956210191551042810e-01 7.628914791115143368e-01 3.717128062645010722e+00 4.000000000000000000e+00 1.100000000000000000e+01 3.000000000000000000e+00 -2.112856853868819599e+03 1.422300000000011551e+02 2.608865866801223454e+00 -4.275463326478067039e+00 2.045759087707815116e+00
2.063039356444866357e+00 2.542319097619568868e+00 8.542323441658652428e+00 4.287570857054314288e+00 1.801828008476412002e+00 6.131175480068726813e-01 7.827350498726028949e-01 2.927501422789112517e+00 5.000000000000000000e+00 1.800000000000000000e+01 1.000000000000000000e+00 -6.803198921043492646e+02 5.401800000000090449e+02 2.563936825652154283e+01 2.877790497410339099e-01 6.259747342274573079e+00
2.888558185279122448e+00 1.154342359837798870e+00 8.428788596657918575e+00 7.232591676628426391e+00 2.817795897450258824e+00 1.795348256957344457e+00 2.977904877670223827e-01 2.349010878997094487e+00 8.000000000000000000e+00 5.000000000000000000e+00 2.000000000000000000e+00 -2.272307095616919469e+03 4.059999999999983089e+01 1.575044347605746431e+01 -1.938313566223738071e+00 5.894964495956294570e+00
2.671723261190144250e-01 2.194369671519770471e+00 3.635790758112253052e+00 6.531115670060999356e+00 1.654752120658482539e+00 6.835457420914161641e-01 3.769656829935049136e-01 2.475786072742148125e+00 2.000000000000000000e+00 8.000000000000000000e+00 2.000000000000000000e+00 -4.093053826007293878e+02 2.400800000000151329e+02 1.807908641254511295e+01 -6.655521539437113214e-03 2.100223297633521121e-05
2.596446224579058715e+00 2.619139534448594375e+00 6.851889508695171216e+00 5.322650776510069903e+00 2.475682974787749124e+00 7.907833914809053732e-02 4.073053341475043054e-01 2.850548630235490322e+00 3.000000000000000000e+00 9.000000000000000000e+00 1.000000000000000000e+00 -4.260290966803172523e+02 2.700900000000045225e+02 1.818650604251968872e+01 2.746016279329238988e-02 6.283101082688083316e+00
1.665287312769043515e+00 2.114628146667794972e+00 7.577925904569945637e+00 5.402447741704378359e+00 1.282560536298085863e+00 9.872174917074316713e-01 5.009510284293365867e-01 2.982418130856633987e+00 0.000000000000000000e+00 1.100000000000000000e+01 1.000000000000000000e+00 -3.593329114741804915e+02 3.301100000000244563e+02 1.214236946713551824e+01 3.779585750195993410e-02 6.283095526753494475e+00
9.935175291435895950e-01 8.997336572374932118e-01 5.047699889488021618e+00 7.555096941091829166e+00 1.349720544611024309e+00 1.194165513838313153e+00 2.641258997835587707e-01 2.403409112006015036e+00 3.000000000000000000e+00 1.400000000000000000e+01 2.000000000000000000e+00 -4.963060778407696034e+02 4.201399999999720194e+02 1.788975486504897461e+01 9.914870863372873822e-02 2.163181588650309184e-01
2.810852084803546980e+00 2.425572176498597798e+00 5.572287066917441578e+00 2.865192713273251535e+00 2.076793146026099102e+00 3.101770777681116531e-01 6.199990579797166612e-01 2.520784809958283024e+00 1.000000000000000000e+01 2.000000000000000000e+01 3.000000000000000000e+00 -4.430965130980131903e+02 6.001999999999994770e+02 8.937282068625840736e+00 -6.306889521934498644e-04 6.280765916348869382e+00
2.048208741791603948e+00 2.453363243250900716e+00 6.949555935378326943e+00 6.782169758872082177e+00 2.452439405032519559e+00 9.615874470208509717e-01 1.717693497883193698e-01 3.046988094675979308e+00 2.000000000000000000e+00 6.000000000000000000e+00 2.000000000000000000e+00 -1.603810816057167585e+02 1.800600000000052887e+02 4.396942600357131248e+00 -1.802403519082844130e-01 6.273615800303786294e+00
1.767682866612584780e+00 2.902724104839695229e+00 2.584917295778728530e+00 3.642864760251540268e+00 1.865708859175488232e+00 1.159650165149469725e+00 7.733569471262221606e-01 3.625813119740605384e+00 1.100000000000000000e+01 2.000000000000000000e+00 2.000000000000000000e+00 -2.383578115270503986e+03 3.800000000000002931e+00 2.385488220440648988e+01 -3.595395924622633466e+00 2.833768679523532784e-04
1.098198417530672044e+00 1.636168003701556017e+00 1.376386183659099594e+00 4.736407916868598633e+00 2.432568802036152000e+00 1.064850094897456856e+00 6.777077956501170730e-01 3.047968090041341949e+00 5.000000000000000000e+00 7.000000000000000000e+00 2.000000000000000000e+00 -1.931224203165763527e+02 1.147299999999953002e+02 2.156171457583281811e-02 -9.789752048944531104e-01 6.271332823436033266e+00
1.656247480406738415e+00 1.579440900716670537e+00 6.465400881820425383e+00 6.517722128069362242e+00 1.387832180519504632e+00 8.727649553175751418e-01 3.185621789639311863e-01 2.713605077479679828e+00 5.000000000000000000e+00 8.000000000000000000e+00 1.000000000000000000e+00 -2.438568923989423070e+02 2.091200000000102932e+02 2.212397721813843393e-02 -1.025313221296206834e+00 6.282503597910447546e+00
7.627866399434577449e-01 1.220606170845964344e+00 5.838210531234433454e+00 6.648048935145806304e+00 1.313099935296523579e+00 1.850115252257580334e+00 6.364357782797838148e-01 2.693994388462698009e+00 2.000000000000000000e+00 5.000000000000000000e+00 3.000000000000000000e+00 -2.217909683852726175e+03 3.285000000000027143e+01 1.259279274079537281e+01 -1.410959728645378952e+01 2.423343878749201874e+00
7.387518281927007990e-01 1.652903148185271842e+00 2.097586481559365446e+00 6.559062567995369797e+00 2.020192406339608837e+00 3.518482623876785786e-01 2.956905642922943445e-01 2.654907910966993967e+00 3.000000000000000000e+00 1.200000000000000000e+01 2.000000000000000000e+00 -4.602502463239114832e+02 3.601200000000105774e+02 1.751189039524413715e+01 2.109576273545709091e-01 6.281280817814904438e+00
1.789496961705415501e+00 2.173522894144944928e+00 5.313449962132670734e+00 4.562928435164438135e+00 2.257156995293069013e+00 8.987335860013910827e-01 7.576166554012448984e-01 3.657044626092816220e+00 6.000000000000000000e+00 1.300000000000000000e+01 2.000000000000000000e+00 -4.776822436910981651e+02 3.901299999999891384e+02 1.766357773069397652e+01 -1.740499904766421718e-02 6.278481934929057928e+00
1.257864866145797178e+00 1.659054971295338410e+00 6.804596303915871225e+00 5.096835939657264447e+00 1.826931807627174553e+00 1.469777371142984901e+00 3.729479149088233969e-01 3.272807399424939145e+00 5.000000000000000000e+00 9.000000000000000000e+00 2.000000000000000000e+00 -1.984014421073564449e+02 2.700900000000045225e+02 3.959777631709636925e+00 -2.962863490891977716e-02 2.913665782259345694e-04
1.202607224655334317e+00 1.588807017420102330e+00 5.363623805969527147e+00 9.409168964869591534e+00 1.236171151448689276e+00 8.483509944801438385e-01 3.586511212125547132e-01 4.021401642531348131e+00 7.000000000000000000e+00 1.200000000000000000e+01 3.000000000000000000e+00 -2.283887314159789184e+03 5.435999999999960863e+01 1.604420713498684137e+01 -1.447536385451624952e+01 9.576774986250873312e-01
1.518397667389680405e+00 1.614303069234655608e+00 5.352838705188304402e+00 9.027100683621084087e+00 2.784622932780548066e+00 2.050951086255444089e+00 7.741419020705392340e-02 2.925619544458298638e+00 5.000000000000000000e+00 1.000000000000000000e+01 2.000000000000000000e+00 -4.143003193079412085e+02 3.000999999999997385e+02 1.651564495674633548e+01 -1.603349434994094935e-01 5.973566243477502979e+00
1.960095556020499563e+00 1.286659123613959954e+00 3.538439595925880532e+00 6.361855274728242193e+00 1.988466195558191263e+00 5.887436691529756017e-01 4.211468942446059405e-01 2.696920611814288105e+00 3.000000000000000000e+00 1.200000000000000000e+01 1.000000000000000000e+00 -4.667650780630258964e+02 3.601200000000105774e+02 1.791906737893878798e+01 9.137201451617103787e-02 1.801941251070265926e-02
2.530576357257848130e+00 2.395286329388436997e+00 7.283840490159795067e+00 9.779394584209308405e+00 2.466865877214203362e+00 5.292200261609757428e-01 3.217045199524970478e-01 3.080211965975381716e+00 1.100000000000000000e+01 7.000000000000000000e+00 1.000000000000000000e+00 -2.396373289725339419e+03 2.702000000000008839e+01 2.392895560783369291e+01 -1.092639203736932574e+00 1.201852400032113466e-01
2.017866374871169821e+00 6.006940196215472261e-01 9.426066056794629944e+00 8.929717630733827960e+00 1.189077726793064338e+00 3.489602261846095344e-01 9.520809516666196570e-01 4.355895643744867485e+00 4.000000000000000000e+00 1.300000000000000000e+01 1.000000000000000000e+00 -4.768010444670134120e+02 3.901299999999891384e+02 1.760850277918867945e+01 2.144221706303618691e-02 6.249181327248913398e+00
1.274410963074015024e+00 2.235165189595756274e+00 7.606583381326524673e+00 7.804754267304047310e+00 2.054912009400194695e+00 1.215855487046138217e+00 4.747269472682191793e-01 2.964876846092251217e+00 9.000000000000000000e+00 1.200000000000000000e+01 1.000000000000000000e+00 -2.302856415695986527e+02 3.601200000000105774e+02 3.139102598099585251e+00 -2.060090655048341449e-02 6.271199066217569396e+00
2.373735010722799466e+00 2.727222130932786204e+00 1.872068132621899306e+00 6.480628966727984164e+00 1.773877929554178667e+00 2.571661855659393980e-01 1.808852865116599429e-01 3.520981384637960510e+00 6.000000000000000000e+00 6.000000000000000000e+00 2.000000000000000000e+00 -2.123237276111404299e+03 7.128000000000118064e+01 5.474829756962744653e+00 -6.613938796583447299e-01 6.278123969778484970e+00
1.185235908336587096e-01 2.757854847584396030e+00 5.676523430879273135e+00 6.930852825183585253e+00 1.954493290833914987e+00 6.997987118871192846e-01 5.917308210186487116e-01 2.852538540399321310e+00 1.000000000000000000e+01 1.400000000000000000e+01 2.000000000000000000e+00 -4.933991024201829987e+02 4.201399999999720194e+02 1.770806890126231181e+01 3.304620093164468697e-01 3.948315839234904645e-02
1.170151885635246858e+00 2.069080968236314266e+00 2.996968020156233869e+00 7.416020737090934567e+00 2.318327047378838213e+00 4.947585692851538819e-01 1.017071544544799616e-01 3.434765484167111360e+00 7.000000000000000000e+00 1.200000000000000000e+01 3.000000000000000000e+00 -2.156260558716056039e+03 2.382000000000059856e+02 2.322534919753303839e+00 -1.330797659960021839e+01 2.621735281848563748e+00
8.222915739261615897e-02 2.329640940872967914e+00 2.386811969903436470e+00 4.441341799277964242e+00 8.740881249502457928e-01 1.275531456403039776e+00 1.501488888487944873e-01 3.391241271624805709e+00 0.000000000000000000e+00 1.300000000000000000e+01 1.000000000000000000e+00 -2.138390676418908697e+03 1.025699999999991974e+02 5.444104776181792893e+00 -5.180615181346732712e+00 1.463442722787571260e+00
1.129863520984955905e+00 2.372844265048128953e+00 6.261792064604827956e+00 2.703262416878212893e+00 1.605268968616152758e+00 8.274066488606945935e-01 7.132648906354717155e-01 3.675133879510732449e+00 3.000000000000000000e+00 6.000000000000000000e+00 2.000000000000000000e+00 -2.206883577539865087e+02 1.800600000000052887e+02 8.166147359623991520e+00 9.864639323034626525e-03 2.136734182749125616e-04
1.772172439715007375e+00 2.463375257117539796e+00 4.964919083242743447e+00 2.201500315512599393e+00 2.491532605911998211e+00 1.659196150356753163e+00 4.738119172206511909e-01 2.935151597089282749e+00 4.000000000000000000e+00 9.000000000000000000e+00 3.000000000000000000e+00 -4.138597915583670783e+02 2.700900000000045225e+02 1.742592447239780284e+01 -2.737694160218364647e-01 6.425022031564639469e-02
3.958577724843687085e-01 2.363173246582422671e+00 9.774669623119809359e+00 4.699190851188126850e+00 2.361162088021115490e+00 3.981713546934201875e-01 6.046594769401657521e-01 2.799144208111671528e+00 2.000000000000000000e+00 5.000000000000000000e+00 1.000000000000000000e+00 -4.068003265860870101e+02 1.500499999999998693e+02 2.073595791163044311e+01 -4.463519560806075148e-01 6.278148897177492138e+00
2.057260626616688626e+00 1.949693547889355560e+00 6.504845842407746659e+00 6.060548775081719519e+00 2.188284262277863768e+00 1.187310754767557652e+00 8.280541244529340261e-01 3.656895786124097825e+00 0.000000000000000000e+00 3.000000000000000000e+00 2.000000000000000000e+00 -1.179896041717786375e+02 9.003000000000264436e+01 4.560912760736082205e+00 -2.124308533809890487e-02 1.740062629286855112e-04
1.232209202425342376e+00 2.499005439623964708e+00 2.498477710544398711e+00 4.557916579573894289e+00 1.640444059238730601e+00 9.723446967373405858e-02 8.647539374653521183e-01 3.425333086904035707e+00 5.000000000000000000e+00 1.100000000000000000e+01 3.000000000000000000e+00 -4.390041864377706133e+02 3.301100000000244563e+02 1.712182415235989907e+01 5.166597545344669279e-02 9.525551734095442577e-03
8.400762850663855419e-01 2.990016004764366464e+00 9.272710134422316841e+00 6.275348135828910934e+00 1.267325375245170971e+00 1.557341420234020335e+00 4.574681273550790239e-01 3.611553437874345907e+00 5.000000000000000000e+00 9.000000000000000000e+00 2.000000000000000000e+00 -1.978731229826080948e+02 2.700900000000045225e+02 3.926757686412865489e+00 -3.845220479198057512e-02 3.372092876845386028e-02
2.199360065452077961e+00 1.566320360740522499e+00 7.158217478678978729e+00 5.147483962281040881e+00 2.031567381669359129e+00 1.046935280488962894e+00 2.062320131774003085e-01 3.908517735743934907e+00 8.000000000000000000e+00 1.300000000000000000e+01 1.000000000000000000e+00 -2.196818845585010877e+03 1.496299999999975512e+02 7.625240349063268752e+00 -3.503548928633297699e+00 7.531065861559599339e-01
1.234751634616169325e+00 1.721430910102225154e+00 6.204476012575732113e+00 2.433180379955834916e+00 1.400660119003549031e+00 3.478073275613092208e-01 9.592356695573445169e-02 2.260317749028922130e+00 6.000000000000000000e+00 2.000000000000000000e+00 1.000000000000000000e+00 -2.385202854736231984e+03 5.599999999999968558e+00 2.390017842101449830e+01 -2.278242724727402635e+00 6.283061305806493024e+00
2.309561452906537582e+00 1.733971099244354441e+00 1.793625402559785531e+00 5.704241419609260788e+00 6.519780782820291387e-01 1.247500101680103279e+00 4.749878480135744652e-01 3.689947467896575350e+00 6.000000000000000000e+00 1.200000000000000000e+01 2.000000000000000000e+00 -1.279111111767645923e+02 1.458000000000024841e+02 1.753450247658611821e-02 -9.560783982414196025e-01 5.973720116903173505e+00
1.236358263259964563e+00 2.142014516913564037e+00 5.071537951262998334e+00 4.764604347919688010e+00 1.835239721606282792e+00 1.674634542203423671e-01 6.557562457111684173e-01 2.259525786202556841e+00 2.000000000000000000e+00 8.000000000000000000e+00 2.000000000000000000e+00 -4.691884371713319410e+02 2.400800000000151329e+02 2.182177732320777253e+01 -2.572871343540345662e-02 6.282962076045725652e+00
2.992636780228917104e+00 2.180778099135310288e+00 8.460471709618310854e+00 8.078495988121542126e+00 2.729985369761811498e+00 4.796149742883991651e-01 3.431946758487676163e-01 2.933620755555223170e+00 2.000000000000000000e+00 9.000000000000000000e+00 2.000000000000000000e+00 -4.245645296615197140e+02 2.700900000000045225e+02 1.809497060384484257e+01 3.401482715819517666e-02 6.271086679556703736e+00
1.736415973964316350e+00 2.598028132993509320e+00 3.319125622298284117e+00 8.705418314625990917e+00 7.851737742097864015e-01 3.143126038777850351e-01 7.209681323958190280e-01 2.963941000424964223e+00 8.000000000000000000e+00 1.800000000000000000e+01 2.000000000000000000e+00 -2.443828511716814376e+02 4.881600000000159412e+02 1.892819822959091597e-02 -9.486733387983959931e-01 6.255811569123661542e+00
1.667796104382444078e+00 2.752352720565129918e+00 2.734362709658434643e+00 7.554646669446996476e+00 3.307673139314235011e-01 3.567771261803701632e-01 7.678573151909471317e-01 3.667203910258322264e+00 1.000000000000000000e+00 8.000000000000000000e+00 4.000000000000000000e+00 -2.117200167884150687e+03 6.799999999999890576e+01 5.200010492759451708e+00 -3.823845580416279866e+00 5.247921174591655635e+00
2.147584272592334642e+00 2.140947876835844532e+00 4.369851535395886444e+00 6.867531822963057309e+00 9.876310217902533051e-01 6.490999928820310183e-01 1.450854781465784615e-01 2.811401393535962079e+00 0.000000000000000000e+00 6.000000000000000000e+00 2.000000000000000000e+00 -1.804277303225972275e+02 1.800600000000052887e+02 5.649858145162161449e+00 -4.502205286708247933e-01 4.382841917987341240e-01
1.978245458696291426e+00 1.743161542054582736e+00 3.806075930462538004e+00 5.248295870269375385e+00 2.213791391836358535e+00 1.939067367113210261e-01 6.648322620054609722e-01 3.348260901696940017e+00 9.000000000000000000e+00 1.200000000000000000e+01 1.000000000000000000e+00 -2.317127986238106416e+02 3.601200000000105774e+02 3.228299913987834557e+00 -1.788361097101968666e-01 2.136719165208283283e-03
1.717640820185371009e+00 7.762262881531136749e-01 1.095371705545335361e+00 7.640909700835660345e+00 2.227978569854904833e+00 3.412431494419010392e-02 6.862413992216875869e-01 3.261017155435966597e+00 0.000000000000000000e+00 1.100000000000000000e+01 2.000000000000000000e+00 -1.282350109677415162e+02 2.557500000000152340e+02 2.250068548336795621e-02 -9.443365299753225806e-01 6.280922151158724986e+00
4.407323088982351145e-02 1.720803841734698469e+00 7.378099201030680732e+00 3.528384964816532410e+00 8.882942380231975132e-01 9.742375262466562713e-01 4.848252062881866498e-01 3.740959269663693298e+00 3.000000000000000000e+00 8.000000000000000000e+00 2.000000000000000000e+00 -2.652560374723391874e+02 2.400800000000151329e+02 9.076002342020727198e+00 -3.137074086000886212e-03 4.068327592216112142e-03
1.026065757664163414e+00 2.421151158405971060e+00 5.991605643883429977e+00 6.820854029242022776e+00 1.994374340500250309e+00 1.511656600112065929e+00 5.198664774418252366e-01 2.330822243590127130e+00 2.000000000000000000e+00 2.000000000000000000e+00 2.000000000000000000e+00 -2.224878330704298079e+01 4.398000000000127585e+01 1.617395669014653342e-02 -9.561983222320568077e-01 6.281008243914818046e+00
