4.324893438188400219e-01 1.442033928359553130e+00 5.656012192041967701e+00 4.254668457063797149e+00 1.983346166608981775e+00 8.918146636815513784e-01 7.201020946084478735e-01 2.709866740999821388e+00 4.000000000000000000e+00 6.000000000000000000e+00 2.000000000000000000e+00 -3.582657199350364863e+02 1.800600000000052887e+02 1.676473249593961512e+01 -1.887412469031749251e-01 1.078365852338954330e-02
2.079485322279958304e+00 2.391500592420545690e+00 5.563940492515788705e+00 4.691413445880868949e+00 1.989533956765552336e+00 1.214964761005559835e+00 8.024939255192120591e-01 2.489020470256022577e+00 4.000000000000000000e+00 6.000000000000000000e+00 2.000000000000000000e+00 -1.404771168868250584e+02 1.800600000000052887e+02 3.152944805426401764e+00 -1.651643837573025797e-01 6.272450400647669788e+00
5.208892698767282337e-01 1.416101058402192248e+00 3.906481174691334601e+00 4.902547359998189691e+00 2.838135117240617067e+00 9.865489926276121979e-01 6.783550874941379760e-02 2.022605669672936202e+00 6.000000000000000000e+00 4.000000000000000000e+00 3.000000000000000000e+00 -1.148993389897214144e+02 9.636000000000386478e+01 2.436908131408003012e-02 -1.129490604507948470e+00 2.331216067853806584e-01
1.901487138140339761e+00 1.724350020334081579e+00 5.235131839356609973e+00 5.703859598097581696e+00 7.097808457289660478e-01 1.495851179406603393e+00 9.737705965860249391e-02 3.495463541356344628e+00 5.000000000000000000e+00 2.000000000000000000e+00 2.000000000000000000e+00 -2.384049981455689704e+03 3.900000000000003020e+00 2.388124884098059297e+01 -3.439879498676345460e+00 1.683237227755540744e-02
7.074984744115243585e-01 2.842190642158075597e+00 6.417758490995097986e+00 4.719705250378659400e+00 1.504621990648931096e+00 1.542571785257308425e-01 4.666948015595338006e-01 2.789387189722502658e+00 7.000000000000000000e+00 8.000000000000000000e+00 3.000000000000000000e+00 -2.308090453911055135e+02 2.400800000000151329e+02 6.923065336943621695e+00 -3.747627204549928981e-02 6.282559041033457525e+00
9.421879634766814338e-01 1.826072583334749977e+00 1.501038478892376293e+00 3.341059357100939486e+00 3.419040107571866827e-01 1.327462725191073778e+00 3.062464793846657041e-01 4.292073637244685713e+00 7.000000000000000000e+00 1.300000000000000000e+01 1.000000000000000000e+00 -2.165425371576649923e+03 7.579000000000013415e+01 7.970648223540617749e+00 -1.690155743525277421e+00 8.221064042882616496e-01
9.188219917818687410e-01 7.197514580202207801e-01 3.681232851804720596e+00 7.558543206659511959e+00 1.080803555449283415e+00 1.162613087209926732e+00 7.450166552560344435e-01 2.185696643834810882e+00 5.000000000000000000e+00 1.000000000000000000e+01 2.000000000000000000e+00 -2.956879592347812604e+02 3.000999999999997385e+02 9.102372452173838724e+00 -1.402226357390984335e-01 2.626021767652263455e-03
1.252741181266149528e+00 1.187793613847372587e+00 3.714085823278727716e+00 6.029023664592299880e+00 1.927828638171241282e+00 1.952479027742114015e+00 1.302082667167122898e-01 2.925575457759511888e+00 1.000000000000000000e+01 1.000000000000000000e+01 3.000000000000000000e+00 -2.218399535224895772e+03 5.840000000000055991e+01 1.182497095155597933e+01 -1.328424126265498373e+01 4.499714380398797786e+00
7.742796260083646409e-01 2.294958490675992557e+00 4.805630162184629128e+00 3.143989598735938973e+00 1.703074058638577526e+00 1.414675351191868158e+00 8.401404068752944543e-01 2.078676461953592458e+00 3.000000000000000000e+00 8.000000000000000000e+00 1.000000000000000000e+00 -4.211144267772921239e+02 2.400800000000151329e+02 1.881715167358028395e+01 -1.274250248929930914e-03 6.283096202408382069e+00
6.028077656410719687e-01 1.060721767273535177e+00 4.654300887966897449e+00 5.401999988259198915e+00 1.422294289684674862e+00 1.623945507666717525e+00 3.553722892999264804e-01 2.409249259295993095e+00 2.000000000000000000e+00 9.000000000000000000e+00 1.000000000000000000e+00 -3.244322116867703585e+02 2.700900000000045225e+02 1.183670073042300608e+01 -1.012817878981788544e+00 1.373629349601162009e-01
6.651372880714544467e-01 2.828378232553473648e+00 7.868239192287857620e+00 4.814570722141132464e+00 2.155323258488582194e+00 2.106823932184407333e-01 2.913554483660902861e-01 2.609649993847348526e+00 4.000000000000000000e+00 1.100000000000000000e+01 2.000000000000000000e+00 -5.855287255382440890e+02 3.301100000000244563e+02 2.627960784613949485e+01 2.334405541959901076e-02 7.331018304809760891e-04
1.450799683636323500e-01 8.642966871466766232e-01 3.154603917035021965e+00 3.619350875122499644e+00 1.408695580651328827e+00 1.666449795652563015e+00 6.495110423369716557e-01 4.318906770177409982e+00 2.000000000000000000e+00 6.000000000000000000e+00 2.000000000000000000e+00 -2.270367038722683901e+03 3.977999999999999403e+01 1.565481492016774290e+01 -2.966430718010203638e+00 1.679019264998660832e+00
1.037543724904899989e+00 1.573300024236828021e+00 5.983967243713905759e+00 6.939331852680832746e+00 1.411217352891125376e+00 9.518442281091563650e-01 8.428527552013067581e-01 2.623227182541328695e+00 5.000000000000000000e+00 7.000000000000000000e+00 2.000000000000000000e+00 -1.547645235798903798e+02 2.100699999999860097e+02 3.108095223743585489e+00 -4.179509626867151939e-02 6.278720308206915846e+00
1.096687196146732601e+00 1.323275874052915135e+00 3.241496952870964510e+00 6.137726264634927986e+00 2.420859651660794754e+00 3.412507139752760654e-01 3.747608099696531081e-01 3.402890764925470712e+00 2.000000000000000000e+00 2.000000000000000000e+00 1.000000000000000000e+00 -2.133967880516322111e+03 1.813999999999970214e+01 7.806117532270129722e+00 -2.467419286263274003e+00 8.880378814960296699e-03
1.205743858939694713e+00 1.161729719351453971e+00 5.518775246125299461e+00 6.099892643478516341e+00 6.909145999655925685e-01 1.548629530343290650e+00 7.942218127898583724e-01 4.377629944484777269e+00 6.000000000000000000e+00 6.000000000000000000e+00 1.000000000000000000e+00 -2.269708950027635183e+03 2.483999999999985420e+01 1.608055937672722280e+01 -7.484790805086422028e-01 5.478626965198577281e+00
1.312126141355030251e+00 1.865723463225793743e+00 6.494657666496057580e+00 4.420833285280012959e+00 2.000211028561923676e+00 1.323286488901987301e+00 3.351386374577526306e-01 2.702468046120786394e+00 8.000000000000000000e+00 6.000000000000000000e+00 3.000000000000000000e+00 -1.762909815591038978e+02 1.334400000000035220e+02 1.725114883645882669e-02 -1.054284993498623146e+00 9.484571747088733906e-02
1.722309747214338049e+00 1.325041836842794751e+00 4.379186313682686738e+00 3.436942220217355626e+00 2.045756779680182991e+00 1.341327289204401696e+00 2.206419542170935943e-01 2.802552599336908923e+00 1.100000000000000000e+01 6.000000000000000000e+00 2.000000000000000000e+00 -2.331952243054035989e+03 3.185999999999970456e+01 1.975139019087726311e+01 -9.243641730330658390e-01 6.001428586930324549e+00
1.742065860267009603e+00 1.863328565522663016e+00 3.669364575265584794e+00 6.146129659486542884e+00 2.234829781797407655e+00 1.253902959749241930e+00 4.810633158887914762e-01 3.077104216683234306e+00 7.000000000000000000e+00 8.000000000000000000e+00 3.000000000000000000e+00 -2.163375922380215798e+03 7.679999999999871818e+01 7.810995148763529627e+00 -1.478544523802141519e+00 6.163958124605735112e-01
2.614743453489208669e+00 2.128065178125042589e+00 7.659397429875088648e+00 1.061475135280813831e+00 5.395743434008076767e-01 1.977581455781885600e+00 6.439177572527581273e-01 2.564286316687158784e+00 0.000000000000000000e+00 3.000000000000000000e+00 1.000000000000000000e+00 -2.103129110411433430e+03 3.315000000000049596e+01 5.409631900714559904e+00 -1.442499903709717257e+00 1.416567484410739264e-01
7.203577231837337003e-01 2.469159666828157018e+00 4.433056697147042868e+00 7.978907679688190591e+00 1.468429661935434449e+00 1.373073309803450659e+00 6.078962940674581539e-01 2.899922939916273812e+00 1.100000000000000000e+01 1.100000000000000000e+01 3.000000000000000000e+00 -2.300944680871466517e+03 9.063999999999958845e+01 1.597654255446664706e+01 -9.720883550802746242e+00 3.362957138534419688e+00
1.060810983799506335e+00 2.411827601447037672e+00 5.060433313701969027e+00 2.409591514865888406e+00 1.218726603035286127e+00 9.568473914338597730e-01 3.782721418635485722e-01 3.030625813255181988e+00 8.000000000000000000e+00 1.700000000000000000e+01 1.000000000000000000e+00 -3.734452767176729822e+02 5.101700000000154773e+02 7.397517294854079495e+00 -4.526831976834536087e-02 6.261319775854807368e+00
6.146125463997671456e-01 2.510576897523306261e+00 4.357172643733233208e+00 5.855476976273322975e+00 1.697318752861999958e+00 3.037454973918574108e-02 1.804309609971248007e-01 3.673941698472449335e+00 8.000000000000000000e+00 1.500000000000000000e+01 2.000000000000000000e+00 -5.511349234698135433e+02 4.501499999999774104e+02 2.037874521686405060e+01 -6.991431277339005268e-02 6.279634217638321303e+00
9.719465944090748266e-01 2.191461334287533091e+00 4.126658338178403440e+00 1.774639986684727333e+00 1.550596674349919102e+00 7.514094289984044606e-01 3.819845833893041886e-01 2.674706513676745168e+00 0.000000000000000000e+00 1.200000000000000000e+01 2.000000000000000000e+00 -5.577386864683981003e+02 3.601200000000105774e+02 2.360491790427455072e+01 -3.172982053826151061e-02 2.244549080861620819e-04
8.012167702167077854e-01 2.324660088860031948e+00 3.834444429406320243e+00 3.821166329817232477e+00 2.361649499952031217e+00 1.495496853246824465e+00 6.095244271726015794e-01 2.543256043262226207e+00 5.000000000000000000e+00 9.000000000000000000e+00 2.000000000000000000e+00 -4.911741430147923211e+02 2.700900000000045225e+02 2.225807143842437696e+01 2.522868188538265888e-01 3.857304734067890789e-02
2.109038667150712421e+00 2.416831556239081191e+00 3.381395053421251351e+00 3.857487513170151594e+00 6.912831677066280101e-01 1.696599049976684093e+00 5.375056388809665853e-01 3.165525445089526269e+00 4.000000000000000000e+00 4.000000000000000000e+00 2.000000000000000000e+00 -2.105084155116849615e+03 3.491999999999943327e+01 5.476509694803100459e+00 -9.761915956353851564e-01 6.156382761054056019e+00
1.329087960432119075e+00 8.386354136088864930e-01 6.137900995688021943e+00 6.907976241936411022e+00 1.404252507383150217e+00 1.140316165935486570e+00 2.953028627626327896e-01 2.883558794811726944e+00 5.000000000000000000e+00 4.000000000000000000e+00 1.000000000000000000e+00 -1.773989285625738432e+02 7.796000000000098851e+01 2.288215617772260818e-02 -9.883925973518568053e-01 6.277616929004872226e+00
7.436719590304733396e-01 2.230316506818846189e+00 6.952448045534675103e+00 3.306606592863563510e+00 1.407634085224804155e+00 1.340909497591197930e+00 2.122433187808271948e-01 3.565509648460246872e+00 6.000000000000000000e+00 9.000000000000000000e+00 2.000000000000000000e+00 -1.888113342511188080e+02 2.700900000000045225e+02 3.360395890694783283e+00 -4.554776516822348770e-03 2.127275455807097176e-04
1.760394660220197194e+00 1.820589381504633453e+00 5.360049027255592513e+00 9.401803927465412158e+00 2.539580077010878956e+00 1.266055682648273173e+00 7.335565395025500646e-02 2.506301585937957377e+00 5.000000000000000000e+00 1.100000000000000000e+01 1.000000000000000000e+00 -5.672475037701890415e+02 3.301100000000244563e+02 2.513703148563605083e+01 5.372374870283552761e-02 6.164880142255237061e+00
4.681291012867822010e-01 9.612457846781546911e-01 2.674781610887764227e+00 4.970574192425823767e+00 2.671393547934277635e+00 4.582274914292663315e-01 3.963072335299527293e-01 2.069073773552688067e+00 8.000000000000000000e+00 1.700000000000000000e+01 3.000000000000000000e+00 -6.132438377308827739e+02 5.101700000000154773e+02 2.238492735817968793e+01 1.956124864153941101e-01 4.384256229473710437e-03
1.064669270752642172e+00 1.145324674214259986e+00 5.947554335383285817e+00 4.594594911065623677e+00 2.219418355285825317e+00 2.334777409486804789e+00 5.861855703504861292e-01 3.098092915408789505e+00 3.000000000000000000e+00 2.000000000000000000e+00 1.000000000000000000e+00 -2.320994071519844965e+03 7.439999999999929337e+00 1.982962946999031573e+01 -2.361440399394219014e+00 6.165001550797200913e+00
2.882763418049822057e+00 1.420670822347876783e+00 2.340219934396770007e+00 4.955209938103482870e+00 2.236587848238001719e+00 2.042994268325233786e+00 4.690232630802171343e-01 3.430594288755297150e+00 7.000000000000000000e+00 7.000000000000000000e+00 1.000000000000000000e+00 -1.840267895828631879e+02 1.126299999999955048e+02 1.341405260723545385e-02 -1.556299857300408540e+00 8.176055042840810749e-01
9.553060434857929550e-03 2.196085360553087895e+00 5.968087387064602289e+00 7.478770972150244667e+00 9.597565788608080073e-01 6.285608372284614553e-01 4.779198644247488748e-01 3.132369952253362122e+00 3.000000000000000000e+00 7.000000000000000000e+00 2.000000000000000000e+00 -1.680926906222805712e+02 2.100699999999860097e+02 3.941105663892972455e+00 9.973602098491560208e-02 2.325512226501576935e-02
1.546527160324752348e+00 2.617064702080216243e+00 5.703934478706265132e+00 6.137524190611449271e+00 2.336350847654967477e+00 1.084299101488518824e+00 4.385035380798202320e-02 3.532693877901860624e+00 6.000000000000000000e+00 1.000000000000000000e+01 2.000000000000000000e+00 -2.156477806808892410e+02 3.000999999999997385e+02 4.099861292555585734e+00 -5.017613034552650215e-04 6.283179392302310262e+00
6.717880846646144821e-01 2.954502667137191452e+00 3.306131859187555921e+00 2.690097732212307413e+00 1.956702749836815247e+00 3.189364283274791489e-01 2.485813831196521662e-01 2.824029847819104155e+00 4.000000000000000000e+00 9.000000000000000000e+00 3.000000000000000000e+00 -4.079629088669511248e+02 2.700900000000045225e+02 1.705736930418430219e+01 3.670754432673549450e-02 4.466379761405492831e-03
6.793588090126091439e-01 2.886164299999385285e+00 5.613985093689729311e+00 5.519719256987547951e+00 1.650785640465586068e+00 2.724622575539168423e+00 1.630257965440633783e-01 3.022286214722381015e+00 1.000000000000000000e+00 6.000000000000000000e+00 2.000000000000000000e+00 -1.733210207617847516e+02 1.607400000000045566e+02 1.736410321856803052e-02 -9.748097536272027908e-01 7.016482191687802850e-01
5.818156846396708159e-01 1.716594120076866403e+00 5.769676143186945438e+00 2.993601205909162122e+00 2.917950386404781327e+00 9.604025737167045662e-01 4.832118018781443869e-01 3.276297643295524420e+00 4.000000000000000000e+00 8.000000000000000000e+00 2.000000000000000000e+00 -4.326532304675778846e+02 2.400800000000151329e+02 1.953832690422314400e+01 1.088598973265712810e-01 7.292136680887715194e-04
3.893907227613673250e-01 1.578047085531095295e+00 5.551028181361131075e+00 3.839660794220753903e+00 2.406137661224547752e+00 1.183431427806410197e+00 1.378582305478947556e-01 2.896534180486757482e+00 6.000000000000000000e+00 1.100000000000000000e+01 1.000000000000000000e+00 -4.439709685819706806e+02 3.301100000000244563e+02 1.743224803637240328e+01 4.943338192280834209e-02 2.542252324134498809e-04
1.575620108568757338e+00 2.378480388044585947e+00 5.770726702674759068e+00 1.905501450544973885e+00 1.784250474024271060e+00 2.613716807697200384e+00 7.256900018459544466e-01 2.595475591057398113e+00 1.000000000000000000e+00 8.000000000000000000e+00 1.000000000000000000e+00 -5.480581183433461092e+02 2.400800000000151329e+02 2.675113239645866159e+01 -3.440457960998609677e-01 3.350476656460421414e-03
1.430348416920395938e+00 2.712090147119124328e+00 6.841200171627165538e+00 2.417189454552517436e+00 9.315759367590989992e-01 3.574427773548455312e-01 2.705985378290273746e-01 2.740067517697221344e+00 0.000000000000000000e+00 8.000000000000000000e+00 1.000000000000000000e+00 -2.493201782440208945e+02 2.400800000000151329e+02 8.080011140250833890e+00 -1.743218273531752308e-02 6.283095201850168898e+00
1.157016782327160431e+00 2.808647500021798304e+00 5.219762762243921550e+00 2.130408397125171938e+00 1.131446122510712859e+00 9.432378997321858582e-01 5.297611450694207358e-01 2.489933243530082940e+00 4.000000000000000000e+00 4.000000000000000000e+00 4.000000000000000000e+00 -1.569425658444655198e+02 1.200400000000075664e+02 6.057660365278858983e+00 9.610073686651501076e-04 1.335949204508226257e-05
6.265096622360646350e-01 1.039248378115506410e+00 4.976802927731394988e+00 4.833098719560822154e+00 2.462647762545825181e+00 5.673297216426760325e-01 3.430282909340122144e-01 3.573029396316252271e+00 1.000000000000000000e+01 9.000000000000000000e+00 3.000000000000000000e+00 -2.127336201863806764e+03 4.707000000000052609e+01 6.487575116487914073e+00 -1.461658960025911824e+01 2.279885997919594676e+00
1.176875755823749259e+00 1.923096338954881634e+00 5.177036506627384682e+00 5.858193080951692444e+00 4.465116617700954915e-01 8.708176943265781844e-01 8.084234795795020023e-01 2.474909358993502728e+00 8.000000000000000000e+00 1.000000000000000000e+01 3.000000000000000000e+00 -2.114160932113190484e+03 1.464999999999959641e+02 2.556933257074523791e+00 -4.569732750796201559e-01 2.503383757188142877e-01
1.183423464101793998e+00 2.976736792154370814e+00 3.306466055171844332e+00 7.738355424594304921e+00 1.540451840319747578e+00 2.073577645931490299e-02 2.660061521725334277e-01 3.282142512115002297e+00 1.100000000000000000e+01 4.000000000000000000e+00 2.000000000000000000e+00 -2.385927008151544214e+03 8.240000000000000213e+00 2.386293800947152732e+01 -3.251184828478514532e+00 1.881958397724547776e-04
1.496408608780084304e+00 1.552184048079858991e+00 6.607435603816527170e+00 3.465226574727940267e+00 2.549804494905496988e+00 8.075875206970251075e-01 1.142992973744938467e-01 2.847825209768306998e+00 1.000000000000000000e+01 1.200000000000000000e+01 1.000000000000000000e+00 -2.966989092066955891e+02 3.184800000000089995e+02 1.719771985636611711e-02 -9.997811486340109077e-01 6.277825465646108327e+00
7.187193933992230832e-01 2.322922745120002741e+00 1.255897882178445002e+00 6.259495746503203506e+00 1.376936479715864747e+00 1.317675913331677995e+00 2.454563932543237237e-01 2.297904694942804582e+00 4.000000000000000000e+00 7.000000000000000000e+00 2.000000000000000000e+00 -1.325865690190288433e+02 1.273299999999940724e+02 1.599747562508188267e-02 -9.610263519590840353e-01 6.061794807305884270e+00
9.181235384580384018e-01 1.340692561455562926e+00 7.041762786447343991e+00 3.481378278096445733e+00 1.976270638960787807e+00 1.679883702965078385e+00 1.633359966092550186e-01 4.149441918429653597e+00 9.000000000000000000e+00 1.400000000000000000e+01 1.000000000000000000e+00 -2.778285667869641884e+02 4.201399999999720194e+02 4.234910424186136169e+00 6.723084201325650600e-02 1.398744957710509038e-04
1.871256924454161252e+00 1.762859923906294535e+00 4.329469806255850983e+00 8.177062283256303132e+00 2.332355334777221678e+00 2.137692221884342825e+00 2.455973293930374668e-02 2.111861913886094566e+00 1.000000000000000000e+00 1.000000000000000000e+01 1.000000000000000000e+00 -3.127984203203842526e+02 3.000999999999997385e+02 1.017177627002402573e+01 -3.057818712846201437e-01 5.748587513998793669e-02
1.026065757664163414e+00 2.421151158405971060e+00 5.991605643883429977e+00 6.820854029242022776e+00 1.994374340500250309e+00 1.511656600112065929e+00 5.198664774418252366e-01 2.330822243590127130e+00 2.000000000000000000e+00 2.000000000000000000e+00 2.000000000000000000e+00 -2.224878330704298079e+01 4.398000000000127585e+01 1.617395669014653342e-02 -9.561983222320568077e-01 6.281008243914818046e+00
