1.187694541194692088e-01 2.232285814929543477e+00 9.288159602120689584e+00 7.114827029486110455e+00 1.440813822455909499e+00 2.457133553482065302e+00 7.590644507213606396e-01 3.532501585552452639e+00 9.000000000000000000e+00 7.000000000000000000e+00 1.000000000000000000e+00 -1.616166118774807501e+02 2.100699999999860097e+02 3.536350742342983189e+00 1.601681644589222353e-01 6.103956606440640087e+00
1.064673009174212481e+00 2.449019475775419785e+00 3.423364447453532300e+00 1.459225232383986715e+00 1.800496463651848789e+00 2.689282495510534776e+00 3.417625193021397445e-01 2.356383469840175771e+00 6.000000000000000000e+00 1.100000000000000000e+01 1.000000000000000000e+00 -4.443945968985007653e+02 3.301100000000244563e+02 1.745872480615553357e+01 -2.847525944078927937e-03 6.283095902918954145e+00
4.402529966575876585e-01 1.580603965099885322e+00 4.712251981275500157e+00 6.813179539132573126e+00 9.747061512234883596e-01 1.544723656572698278e+00 6.713091012315003381e-01 2.529336012927014821e+00 1.100000000000000000e+01 1.500000000000000000e+01 3.000000000000000000e+00 -2.237032433654534543e+03 1.414500000000024897e+02 1.039421460340831516e+01 -5.201274971629077370e+00 1.621442584059196834e+00
2.189856700448602034e+00 1.981810046747227050e+00 8.571806268025623510e+00 5.158299450444983947e+00 1.146937893261511299e+00 8.404351416346680370e-01 5.696328214104446896e-01 3.237417803107267122e+00 5.000000000000000000e+00 9.000000000000000000e+00 1.000000000000000000e+00 -2.719902514273620682e+02 2.674800000000052478e+02 1.777880142996566756e-02 -1.012003721468287321e+00 6.279793311593545369e+00
1.617575015745403189e+00 2.263010214201206072e+00 8.754907856387342591e+00 7.656023592132657818e+00 2.280217065292085454e+00 3.307604442535028166e-01 5.936034027928637213e-01 3.509861491005239920e+00 1.000000000000000000e+00 1.300000000000000000e+01 2.000000000000000000e+00 -5.885738944189603217e+02 3.901299999999891384e+02 2.459430590118535775e+01 -1.215411617042045506e-01 6.279217313438525849e+00
2.147491968547459995e-01 8.548194682474993256e-01 6.044661760795735361e+00 7.809977173237182768e+00 1.444128160497711644e+00 1.821662065961235255e+00 8.081287360388511587e-01 2.513005015515293650e+00 8.000000000000000000e+00 3.000000000000000000e+00 1.000000000000000000e+00 -2.387230450121699960e+03 9.989999999999978897e+00 2.388971563260624720e+01 -1.799709387491746915e+00 6.282422276476693490e+00
1.835840037323801965e+00 7.770885779573377672e-01 3.886715509982838768e+00 7.236229855294230795e+00 6.934842724626767430e-01 2.686888627316236011e+00 7.851045036526249632e-01 2.697227680161805807e+00 7.000000000000000000e+00 3.000000000000000000e+00 2.000000000000000000e+00 -2.385501313648055202e+03 7.470000000000017515e+00 2.386039460300344572e+01 -2.668282563413342245e+00 1.261457603346747300e-04
1.429937663336294573e+00 9.793971566443187005e-01 4.027038906754896175e+00 9.101389245781959403e+00 1.801101615155939362e+00 1.344792297920594182e+00 5.420792761925501413e-01 2.370513203038795869e+00 2.000000000000000000e+00 9.000000000000000000e+00 3.000000000000000000e+00 -2.243547560010951656e+03 7.569000000000160355e+01 1.285641000068443240e+01 -6.653685670557687892e+00 4.661370808813031452e+00
1.042307010913123166e+00 1.254576863053486369e+00 9.037518920801554501e+00 7.117202936070265551e+00 1.656774072353846661e+00 1.146570461571628119e+00 3.291313818711839589e-01 3.383564726104133058e+00 3.000000000000000000e+00 1.200000000000000000e+01 2.000000000000000000e+00 -4.716746210125616585e+02 3.601200000000105774e+02 1.822591381328477311e+01 1.633103365387365280e-01 8.016317644689503752e-02
4.503232641506247358e-01 2.605645857659707687e+00 4.602696389171851976e+00 4.784581261385790540e+00 1.606355700660614394e+00 6.519100379520289534e-01 3.397672029423411399e-01 3.126847582510536849e+00 6.000000000000000000e+00 1.200000000000000000e+01 1.000000000000000000e+00 -4.416656631311848855e+02 3.601200000000105774e+02 1.635035394569872480e+01 -2.894630519409094882e-01 5.718223352009429994e-02
2.176336581103231360e+00 2.108351061090471212e+00 7.218180339427886949e+00 7.342739983316028507e+00 1.181771030070701389e+00 5.418508253539341402e-01 2.581067467010966232e-01 2.007723728211381786e+00 0.000000000000000000e+00 1.000000000000000000e+01 2.000000000000000000e+00 -2.762283341370152812e+02 3.000999999999997385e+02 7.886145883563461467e+00 -3.416969626220887069e-01 6.282401191208434099e+00
1.139554507286913765e+00 2.053266092500689144e+00 4.684758490895784000e+00 4.865035601267870824e+00 2.204927123942333367e+00 9.856586075317645967e-01 5.915626737262139612e-01 2.867379713796605500e+00 3.000000000000000000e+00 8.000000000000000000e+00 2.000000000000000000e+00 -4.051184623760925660e+02 2.400800000000151329e+02 1.781740389850531159e+01 -1.543021927093540246e-01 8.776292755794879363e-04
4.535995681765477849e-01 1.637349344193151701e+00 3.712160951140227816e+00 2.692437202719645928e+00 1.148733591674757637e+00 2.409390342311052091e+00 6.543446974191095000e-01 2.294347286087410787e+00 1.100000000000000000e+01 7.000000000000000000e+00 2.000000000000000000e+00 -2.147870345812465303e+02 2.100699999999860097e+02 6.859502161328345338e+00 -1.027784130373742694e-02 4.734471235723815286e-02
7.481037916329675852e-01 2.751718999940891308e+00 4.646545910558508297e+00 1.915866804294021897e+00 1.780227749327925935e+00 9.276621564059486236e-01 8.811584867499656637e-01 3.082588678721297715e+00 2.000000000000000000e+00 1.000000000000000000e+01 1.000000000000000000e+00 -5.807115663846458347e+02 3.000999999999997385e+02 2.691634789904037461e+01 5.695069614466518465e-02 1.585861680159698223e-02
5.017226107026471205e-01 9.105333859479196601e-01 2.956484811762342790e+00 2.094037324983888393e+00 1.409857587660382272e+00 1.213625436135601809e+00 7.701034434569868914e-01 3.724853572478338926e+00 5.000000000000000000e+00 5.000000000000000000e+00 2.000000000000000000e+00 -1.882665980008863187e+02 1.500499999999998693e+02 7.077599875055399004e+00 -2.644467584883143374e-01 6.279055013580218336e+00
1.242940219820049652e+00 5.958879164001098516e-01 3.232467992060209738e+00 5.218074606639610202e+00 7.242307671302736782e-01 9.539280670532757078e-01 5.691501244068443155e-01 3.567179007014299685e+00 5.000000000000000000e+00 1.000000000000000000e+01 2.000000000000000000e+00 -2.255505660078012227e+02 1.891999999999935369e+02 1.589691166779245296e-02 -1.029474769991173488e+00 5.454415579255313062e+00
1.645454993650569575e+00 1.450670754725986500e+00 2.912924030149721233e+00 6.623056509533149949e+00 1.662605670955392467e+00 8.120349297966236168e-01 1.144101396047746411e-01 3.594732547011186163e+00 3.000000000000000000e+00 6.000000000000000000e+00 5.000000000000000000e+00 -2.187794739928289346e+03 4.182000000000007134e+01 1.043029624551809320e+01 -3.027291722950991915e+00 4.213310515449675719e+00
8.418684334789823254e-01 1.939678285964165250e+00 6.498195719845361040e+00 5.303597245803752358e+00 6.296551206336464812e-01 1.223996520552292910e-01 8.459557272750302115e-01 3.914214093515102633e+00 0.000000000000000000e+00 1.400000000000000000e+01 3.000000000000000000e+00 -3.907146406417521121e+02 4.201399999999720194e+02 1.129029004011037962e+01 2.767564590531633451e-02 9.274281519896024339e-06
1.236466399772811475e-01 9.956342487334690627e-01 5.417909709671330454e+00 7.111306664197019067e+00 1.282757443164231903e+00 1.562735452111928991e+00 6.414566123018117239e-01 2.646886309062021603e+00 4.000000000000000000e+00 1.100000000000000000e+01 3.000000000000000000e+00 -2.351022846156686228e+03 6.511999999999972033e+01 1.990392788479288200e+01 -2.857676604743788040e+00 1.428985413438552010e+00
1.149221943001978330e+00 1.470895151583784255e-02 8.884392407869050601e+00 5.873551892119379225e+00 8.552917244654933970e-01 1.419552435980107719e+00 2.143213948518828404e-01 3.616733205122611317e+00 7.000000000000000000e+00 1.600000000000000000e+01 2.000000000000000000e+00 -2.204605056931806303e+03 1.614399999999972692e+02 7.742816058237998789e+00 -4.137867754917025742e+00 5.282384838692340878e+00
1.252130982187747765e+00 1.729336758639617777e+00 5.733926129461951682e+00 5.052711797702822416e+00 1.032919836433101146e+00 1.722542534371518608e+00 4.815380434455711622e-01 2.451941825041785261e+00 5.000000000000000000e+00 8.000000000000000000e+00 1.000000000000000000e+00 -2.380774424408180039e+02 1.929600000000077671e+02 1.627051895792265557e-02 -1.003675659582030200e+00 9.254460143655940385e-03
1.366815033245512234e+00 1.656882462182946769e+00 3.445790328764227972e+00 1.574516180174795554e+00 1.684114293073612600e+00 8.656000002082874234e-01 3.376270023442374812e-01 3.280678483854440941e+00 8.000000000000000000e+00 1.700000000000000000e+01 2.000000000000000000e+00 -3.897525730712970358e+02 5.101700000000154773e+02 8.416723316955581069e+00 -4.438473444375462540e-01 6.181024569612221242e+00
9.749442015185599830e-01 1.742715206362451141e+00 5.121085817476051183e+00 3.473321712759390056e+00 2.399595881787928153e+00 9.647114989032752330e-01 7.367900226607556613e-01 3.071726671860099511e+00 5.000000000000000000e+00 1.600000000000000000e+01 1.000000000000000000e+00 -6.497378636699297658e+02 4.801600000000302657e+02 2.560361647936966278e+01 2.292191823099577197e-01 6.252857303130936018e+00
1.356171989351885543e+00 1.091636143389204117e+00 5.579995847697521327e+00 3.895507847713547633e+00 1.341656405782536643e+00 1.176814467448961565e+00 7.283457162248830885e-01 3.898741909230572844e+00 2.000000000000000000e+00 9.000000000000000000e+00 1.000000000000000000e+00 -2.306836740778270268e+03 9.792000000000244597e+01 1.611729629864179714e+01 -3.226732348721054411e+00 4.110378146170364566e+00
8.795343533322308449e-01 2.354836466991030441e+00 1.846752668534350939e+00 3.298441181281346779e+00 2.302385903216185081e+00 1.524814793355917741e+00 9.421082436511648561e-01 2.899489265958779871e+00 6.000000000000000000e+00 6.000000000000000000e+00 3.000000000000000000e+00 -2.115886800452952684e+03 5.604000000000061021e+01 5.491675028309523476e+00 -1.024223823094138286e+00 5.083447866161865392e+00
6.735862331270646708e-01 9.527653715433787029e-01 4.357879825631165716e+00 7.237145882476526459e+00 9.834521285729842521e-01 2.226018077908176185e-01 9.064305285716152127e-01 4.087063982409875784e+00 6.000000000000000000e+00 2.000000000000000000e+00 1.000000000000000000e+00 -2.383721452154683902e+03 3.420000000000002593e+00 2.387571575966773807e+01 -4.103259796506058876e+00 6.283092781674973537e+00
2.016215018609214038e+00 2.344867182651623860e+00 3.648668802783232579e+00 4.707472531453569253e+00 2.175894739774368869e+00 2.104682475847225565e+00 2.770980154650688476e-01 2.486620288518858413e+00 1.000000000000000000e+00 1.500000000000000000e+01 2.000000000000000000e+00 -2.405998499335365523e+03 8.790000000000047464e+01 2.262803120846031746e+01 -2.893544369572619290e-01 6.235995089217412080e+00
1.153425719626935075e+00 1.909932117913642369e+00 6.862324978212880566e+00 8.200923955114628683e+00 1.620549112002096281e+00 1.712181807253257526e+00 5.818871778583458720e-01 3.178786045754672163e+00 9.000000000000000000e+00 1.200000000000000000e+01 1.000000000000000000e+00 -2.360827246743846217e+02 3.601200000000105774e+02 3.501420292148708757e+00 -1.028936406270668930e-01 1.658962948338923646e-02
8.689221090955091542e-01 1.428446379541463918e+00 2.161249218361426028e+00 8.260319549444021803e+00 2.803979334729949535e+00 3.062313961681603081e-01 9.066469152818290578e-01 3.460489034929478791e+00 6.000000000000000000e+00 1.300000000000000000e+01 2.000000000000000000e+00 -6.036537245990764404e+02 3.901299999999891384e+02 2.553679528744261518e+01 7.096994201591642383e-03 6.265873380873564713e+00
8.964026378591396504e-01 2.802004270332512093e+00 4.235846610696183845e+00 5.529029831412165308e+00 1.367887914249326764e+00 2.668209616241270510e-01 4.803909159312452215e-01 2.945098986190607171e+00 2.000000000000000000e+00 3.000000000000000000e+00 2.000000000000000000e+00 -4.185247128429104890e+01 8.319000000000238515e+01 1.609195526811585050e-02 -9.525439149847009235e-01 6.281417081143616521e+00
1.204971140005663299e+00 2.691984594945336706e+00 3.493512999527320861e+00 5.723093266565237869e+00 1.552560229227632815e+00 8.835073105952790939e-01 9.091793233383314021e-01 3.159351898668280700e+00 0.000000000000000000e+00 7.000000000000000000e+00 2.000000000000000000e+00 -2.468555709472827857e+02 2.100699999999860097e+02 8.863785684205611304e+00 -4.303702565918558764e-02 3.529091876147413126e-02
2.418191673741771908e+00 1.535378519341821679e+00 4.818191799132760522e+00 6.353001597526623634e+00 2.382324759881697673e+00 1.282371177950055730e+00 3.915219376777429594e-01 2.400590645864494110e+00 0.000000000000000000e+00 8.000000000000000000e+00 3.000000000000000000e+00 -2.291056543111807059e+03 7.567999999999874206e+01 1.582603394448797829e+01 -4.021904819173726331e+00 2.179580716520656658e+00
2.142750781477106514e+00 1.500988691336454295e+00 4.898318052016048973e+00 7.699624813471215745e+00 1.381766197351575576e+00 7.934622318335513569e-01 6.302465207269524194e-01 3.015864495585413696e+00 5.000000000000000000e+00 1.100000000000000000e+01 1.000000000000000000e+00 -2.110019841560593648e+02 3.301100000000244563e+02 2.871686509752945593e+00 8.652696474559588846e-02 6.198320710225506680e+00
1.686972350312367919e-01 1.989499547980348781e+00 7.320729572184679235e+00 4.427456979262836434e+00 1.371546097401733721e+00 1.104605867067660174e+00 3.572568300458196511e-01 2.238557333838674168e+00 1.000000000000000000e+00 2.000000000000000000e+01 2.000000000000000000e+00 -6.958328444107851283e+02 6.001999999999994770e+02 2.473330277567408686e+01 -5.232627902772069017e-02 6.269734447804945709e+00
3.349501456448779613e-01 9.332687427319357187e-01 5.149302049334054665e+00 5.412946124714248519e+00 1.270176269687859794e+00 1.318070534641683889e+00 4.715727705254974533e-01 3.107498916312816384e+00 4.000000000000000000e+00 1.000000000000000000e+01 1.000000000000000000e+00 -4.312129491052359072e+02 3.000999999999997385e+02 1.757268431907725414e+01 2.902212301327328561e-02 7.860177439073308403e-02
9.081454149022771816e-01 1.862900247361680917e+00 7.558469330990802426e+00 5.331763342995978761e+00 1.367150626933713475e+00 1.872256697303465556e+00 4.337863398610206644e-01 2.656880059551594453e+00 4.000000000000000000e+00 1.000000000000000000e+01 1.000000000000000000e+00 -4.309153890125991211e+02 3.000999999999997385e+02 1.755408681328745146e+01 -6.661951800278543834e-01 9.142770807225808483e-03
1.568375224155822201e+00 2.989805915787262958e+00 4.178139899896628151e+00 5.954089904030404945e+00 1.048998922985207027e+00 1.692185955756804416e+00 4.436667310679441312e-01 3.445776950069280975e+00 1.000000000000000000e+00 7.000000000000000000e+00 2.000000000000000000e+00 -2.077555365265750424e+03 9.064999999999764668e+01 2.014397829109472848e+00 -1.141589383342514585e+00 2.652779081510503456e-01
2.569258821889900402e-01 2.785306169051501524e+00 8.306302868039741938e+00 6.071749801769895427e+00 2.989019676325008312e+00 7.396255720838347258e-01 7.074182446302601512e-01 4.244095334494593530e+00 4.000000000000000000e+00 1.600000000000000000e+01 1.000000000000000000e+00 -7.008932799860693876e+02 4.801600000000302657e+02 2.880082999912838915e+01 -3.437473719614768386e-02 6.277572023908228438e+00
6.165366231373680117e-01 1.237179948280016761e+00 5.897403594520303827e+00 6.170745600837403977e+00 2.397616798577344444e+00 1.008813451186093557e+00 5.452713163618340131e-01 3.541881933760824275e+00 1.000000000000000000e+00 2.000000000000000000e+00 1.000000000000000000e+00 -7.668092608301549262e+01 6.002000000000378321e+01 2.916932880188350286e+00 -1.414865321121688661e-02 6.283093543124321556e+00
9.379566121963276437e-01 1.641201452615896894e+00 8.251920658555871313e+00 7.391883156859655024e+00 1.079530541463095350e+00 1.584166966505279994e+00 5.706786779241848073e-01 2.157192152730238011e+00 4.000000000000000000e+00 8.000000000000000000e+00 3.000000000000000000e+00 -1.003439747370825444e+03 1.332799999999984379e+02 2.483814334206260743e-02 -1.840667285567056766e+01 2.675647321225467667e+00
3.768553657898457976e-01 1.569091336945722004e+00 6.933646711491256553e+00 6.253305127401479702e+00 1.799985669049469550e+00 2.966966920257769758e+00 7.585424179462914029e-01 3.288204704774946308e+00 1.100000000000000000e+01 1.000000000000000000e+01 3.000000000000000000e+00 -2.279456927225482559e+03 4.440000000000036096e+01 1.607855795159265355e+01 -1.028204136599093665e+01 1.374483858414437432e+00
5.801709273059163507e-02 1.753617563741253438e+00 2.904134118855706603e+00 6.907435071678842853e+00 2.704456320301403593e+00 4.058119417044770416e-01 4.249223199674465601e-01 3.154463179247255056e+00 9.000000000000000000e+00 9.000000000000000000e+00 1.000000000000000000e+00 -5.344699411966705611e+02 2.700900000000045225e+02 2.496405882479177052e+01 -2.719493058815222741e-02 2.571670022355339227e-03
1.333778498194957418e+00 1.121389653720299417e-01 7.489403888435447243e+00 8.145342534091552622e+00 1.813232913517541789e+00 2.743486408121350584e-01 3.852765593448979065e-01 3.990382328752486885e+00 2.000000000000000000e+00 1.300000000000000000e+01 3.000000000000000000e+00 -2.239605107228432644e+03 2.735199999999932174e+02 6.427819201777249525e+00 -1.182051247480880463e+01 2.132941061211817146e+00
2.465328764947462226e+00 2.062549401911633495e+00 4.314131821524044952e+00 5.454710225153934999e+00 2.069842522164992094e+00 1.141999737505875245e+00 6.993719720295284992e-01 3.854817019279302315e+00 6.000000000000000000e+00 9.000000000000000000e+00 1.000000000000000000e+00 -1.959896543378211220e+02 2.700900000000045225e+02 3.809040896113678798e+00 -3.487123594107691127e-01 1.323499578009027511e-01
1.616387391647664318e+00 2.124742663548558230e+00 6.377698359311553489e+00 3.412408447599712957e+00 2.374554252446126945e+00 5.476444205001469445e-01 5.064994700593213883e-01 2.773370981099733790e+00 1.000000000000000000e+01 1.400000000000000000e+01 2.000000000000000000e+00 -4.749927829078870900e+02 4.201399999999720194e+02 1.655767393174381752e+01 6.461314431050418916e-02 1.507738783992953156e-02
2.268657902798847825e+00 1.812462842124185292e+00 7.301049468736342085e+00 3.874836273913177198e+00 2.058946053178094537e+00 9.221867309549662828e-01 5.328161123217874939e-01 2.684816497930980539e+00 9.000000000000000000e+00 1.900000000000000000e+01 2.000000000000000000e+00 -5.610138843087236182e+02 5.701900000000110822e+02 1.724493026929487982e+01 -7.572432310484554507e-02 8.182798182512286689e-02
1.599684763373914409e+00 1.529216867093569521e+00 2.896610114804037295e+00 4.083303697168412683e+00 1.265066457053112492e+00 1.259524176723298305e+00 7.306215890324765372e-01 2.104059403864273481e+00 3.000000000000000000e+00 1.600000000000000000e+01 1.000000000000000000e+00 -5.287931166861152406e+02 4.801600000000302657e+02 1.804456979288125495e+01 -3.582525287180551854e-02 6.262980189081906346e+00
1.026065757664163414e+00 2.421151158405971060e+00 5.991605643883429977e+00 6.820854029242022776e+00 1.994374340500250309e+00 1.511656600112065929e+00 5.198664774418252366e-01 2.330822243590127130e+00 2.000000000000000000e+00 2.000000000000000000e+00 2.000000000000000000e+00 -2.224878330704298079e+01 4.398000000000127585e+01 1.617395669014653342e-02 -9.561983222320568077e-01 6.281008243914818046e+00
