4.310184358256021753e-01 2.145121313092002158e+00 5.133362179197810349e+00 6.629583664857427117e+00 1.528717249218333629e+00 1.905214404688955199e+00 7.233870163563282940e-01 3.141540653432473906e+00 4.000000000000000000e+00 1.400000000000000000e+01 1.000000000000000000e+00 -2.410221220219121733e+03 1.604399999999973261e+02 2.062507626369517055e+01 -4.092216280709230602e+00 5.852776780939521473e+00
1.256371345307093268e+00 2.566107666703780321e+00 2.416089442289229616e+00 5.422540700797186197e+00 8.505012190620551138e-01 7.709718591320895431e-01 6.191861912546706703e-01 3.673621258015793867e+00 3.000000000000000000e+00 9.000000000000000000e+00 3.000000000000000000e+00 -2.190533262225713315e+03 5.238000000000072731e+01 1.027145388910705570e+01 -1.561235081300145566e+01 4.007932783382625708e+00
8.079436634838714770e-01 1.254022057682372626e+00 6.920186028356562602e+00 1.134567691402635470e+00 7.553613591866871202e-01 1.406301104020702963e+00 5.407882327020550051e-01 3.422061628916961418e+00 3.000000000000000000e+00 9.000000000000000000e+00 3.000000000000000000e+00 -2.275871400646281018e+03 4.932000000000061135e+01 1.570071254039253716e+01 -5.394757539912355071e+00 8.871355254355570708e-01
6.423422254252181274e-01 2.419175050447438746e+00 1.770431838222092713e+00 6.090106020747237281e+00 9.329481530594104788e-01 2.329279955064010643e+00 3.631152463310888256e-01 3.101632653506129600e+00 5.000000000000000000e+00 8.000000000000000000e+00 2.000000000000000000e+00 -1.397930524102862364e+02 1.214399999999977666e+02 1.707108867038974187e-02 -9.515260222510061316e-01 2.244977108805783772e-01
2.178521683538420017e+00 8.434507702291117459e-01 8.209878438331811523e+00 6.450594134351566922e+00 1.752806980128497116e+00 1.669863629328066201e+00 3.186785350819502094e-01 2.553763654930111482e+00 3.000000000000000000e+00 4.000000000000000000e+00 2.000000000000000000e+00 -1.266868755127681823e+02 9.632000000000385853e+01 1.940635235744053028e-02 -9.576399565970908911e-01 6.066192099006372018e+00
2.288089533510577311e+00 1.535774632679852481e+00 5.977375939572846519e+00 8.559061928617254011e+00 2.066954757641608964e+00 9.102350671374233038e-01 4.783227608419673982e-01 2.573603218764890066e+00 3.000000000000000000e+00 1.300000000000000000e+01 2.000000000000000000e+00 -5.024291487854194429e+02 3.901299999999891384e+02 1.921025929908905283e+01 -7.913011427685395782e-02 5.564454012757489871e-04
1.222282461387457442e+00 1.673737504534966503e+00 1.455672117336635374e+00 6.894953365925971411e+00 2.003535556588027955e+00 5.846789392866099666e-01 5.914205424484656470e-01 3.758388431679684949e+00 1.000000000000000000e+00 8.000000000000000000e+00 4.000000000000000000e+00 -2.345659724216639461e+03 2.519999999999981455e+01 2.081623276353996488e+01 -3.737927822941210731e+00 4.645081242196174465e+00
1.061858739555873399e+00 1.613432930353646544e+00 5.735432461099678747e+00 1.804967885997506682e+00 1.615863517519801285e+00 2.205494987892890002e+00 2.618626422284908162e-01 2.288394861235380162e+00 5.000000000000000000e+00 1.600000000000000000e+01 2.000000000000000000e+00 -6.547756379966011764e+02 4.801600000000302657e+02 2.591847737478662950e+01 -7.697879051849071397e-03 2.112327829901373532e-04
8.223170511854238640e-01 2.292746099517271041e-01 6.429100296183825947e+00 3.508568852757472545e+00 1.135389709437956363e+00 1.638058090717357640e+00 4.728714422438337062e-01 4.214379405664752554e+00 6.000000000000000000e+00 7.000000000000000000e+00 2.000000000000000000e+00 -2.272006912268148426e+03 3.346000000000011454e+01 1.595480701675926305e+01 -2.634103696363947922e+00 5.033987340113219133e+00
1.433313527577751989e+00 2.084445881135392309e+00 8.314624324254122456e+00 4.982606922117719606e+00 2.168395252779758309e+00 1.216814810498345389e+00 5.113777013835595353e-01 2.477478460725403675e+00 1.000000000000000000e+00 1.000000000000000000e+01 4.000000000000000000e+00 -4.691016094288256681e+02 3.000999999999997385e+02 1.994072558930161421e+01 -1.249525249896905610e-01 1.251182052707508052e-03
1.975206744272495207e+00 2.729738531222483111e-01 4.491941663777636151e+00 4.998271114574202478e+00 2.227242640864316225e+00 2.687548680550867708e+00 7.931388326654655874e-01 2.718637470219384511e+00 4.000000000000000000e+00 4.000000000000000000e+00 3.000000000000000000e+00 -2.268631198789977589e+03 2.399999999999966604e+01 1.603944992437360284e+01 -4.020820320732866548e+00 1.564979141999678358e+00
1.407992199465059491e+00 1.526044757859408740e+00 8.366510501093374685e+00 4.452282113772211503e+00 8.042156786001268820e-01 5.853077651850513430e-02 1.212506917245773364e-01 2.272532156710185713e+00 3.000000000000000000e+00 1.300000000000000000e+01 2.000000000000000000e+00 -3.741742517860587895e+02 3.901299999999891384e+02 1.119432823662901555e+01 -8.805345912754609927e-02 6.282361564679855626e+00
1.695687927634277781e+00 1.319680525033071650e+00 7.611922049822694269e+00 3.031500070704050476e+00 2.437183489762952959e+00 1.470534741974745874e+00 5.789064940597108411e-01 3.040087340677237293e+00 6.000000000000000000e+00 4.000000000000000000e+00 1.000000000000000000e+00 -2.155058650118409787e+03 5.935999999999891230e+01 7.836165632400647674e+00 -1.585963096709988251e+00 6.392062343631036425e-01
1.085074265644075275e+00 1.591419129542032351e+00 7.653343825405748646e+00 4.628945277549066262e+00 2.649070411594254715e+00 2.352899417834879436e+00 8.748034460228190090e-01 2.314555392095068331e+00 3.000000000000000000e+00 9.000000000000000000e+00 1.000000000000000000e+00 -5.713333839023729297e+02 2.700900000000045225e+02 2.726802399389816856e+01 -2.019447354790554761e-01 6.279545738320357451e+00
7.833766769313132983e-01 2.177156280780810249e+00 6.760177294425639083e+00 3.234468643612906646e+00 1.610986494923287937e+00 1.276178776685548355e+00 6.821674975953125886e-01 3.031406004767279949e+00 1.000000000000000000e+00 9.000000000000000000e+00 2.000000000000000000e+00 -4.441073108126905709e+02 2.700900000000045225e+02 1.931639442579301758e+01 6.418852894682615384e-02 6.275844729248223786e+00
9.115838875813918607e-01 2.322561827257410005e+00 4.625073143212310889e+00 5.782815939675024275e+00 1.953167274243888141e+00 1.079168782180740527e+00 7.299503653694009442e-01 3.170592459901322879e+00 5.000000000000000000e+00 9.000000000000000000e+00 1.000000000000000000e+00 -4.140501694669383141e+02 2.700900000000045225e+02 1.743782309168350508e+01 9.419984458953832573e-02 6.159124030767562097e+00
5.007948439345486502e-01 8.183915571546536150e-01 3.153769159111878828e+00 1.863591805884114327e+00 1.974029350747315004e+00 1.871993852713075279e-01 8.609730552698402484e-01 2.982945383880274637e+00 2.000000000000000000e+00 9.000000000000000000e+00 4.000000000000000000e+00 -5.515452186623530224e+02 2.700900000000045225e+02 2.603126366639692080e+01 -4.484978759864059750e-02 2.765278366041457048e-04
1.316560372995545736e+00 2.848250297586079061e-01 6.017556858803096098e+00 5.858692083160621955e+00 1.070411336922015177e+00 1.100025650560141566e+00 6.596317406944101069e-01 2.311885369957368042e+00 4.000000000000000000e+00 1.100000000000000000e+01 2.000000000000000000e+00 -2.944778093656260580e+02 3.301100000000244563e+02 8.088925585350862590e+00 -1.688362306730705420e+00 4.927895784087774067e-02
1.125357890278797068e+00 2.254469005649453184e+00 9.030144761879377313e+00 5.614210445415803719e+00 1.293198147639936568e+00 1.850888248895902422e+00 5.847065637394128768e-01 4.014257713613267775e+00 7.000000000000000000e+00 1.100000000000000000e+01 2.000000000000000000e+00 -6.317673780683884388e+02 2.105400000000096270e+02 -5.199996891191646653e-03 -4.726678163438391422e+00 1.966597449463689085e+00
1.385621138483179582e+00 2.773089797255379629e+00 7.610539140562851301e+00 4.222592877176907677e+00 1.529633738587800718e+00 1.352356199051701013e+00 6.361249370534707293e-01 3.218718132708995761e+00 4.000000000000000000e+00 1.000000000000000000e+01 2.000000000000000000e+00 -4.533209026942391802e+02 3.000999999999997385e+02 1.895443141838995871e+01 -2.492234035303508566e-01 6.281496208499228295e+00
9.217626438334984851e-01 6.710480174031441258e-01 3.255828920236620405e+00 4.962518126081801206e+00 9.463418202217714903e-01 2.087344758452092552e+00 4.780385794163989899e-01 2.624513073659119566e+00 3.000000000000000000e+00 1.400000000000000000e+01 1.000000000000000000e+00 -2.281489732225543321e+03 1.474199999999985948e+02 1.298623326409647660e+01 -4.382905158847376192e+00 1.202263419576965475e+00
2.645145729251257016e+00 7.844065647269925501e-01 7.981665000113772557e+00 3.906301246066100852e+00 1.383055183259326526e+00 1.063065150301398365e+00 3.584951570783079799e-01 2.360261291869002243e+00 3.000000000000000000e+00 6.000000000000000000e+00 1.000000000000000000e+00 -1.142103082502152063e+02 1.564800000000043951e+02 1.431404227207997912e-02 -1.347268490243702210e+00 5.363480200364186823e-01
1.670150838017221195e+00 2.589381327685673195e+00 1.818400943381541346e+00 5.400217556698068577e+00 2.867126677694927128e+00 1.222699927187946622e+00 7.686879553519765373e-01 3.125387487438403333e+00 3.000000000000000000e+00 9.000000000000000000e+00 1.000000000000000000e+00 -4.164374434800059817e+02 2.700900000000045225e+02 1.758702771750023430e+01 -2.658602657765557487e-02 1.153468836545483017e-01
1.905740128920690335e+00 1.306874719165681764e+00 6.553027931987642773e+00 5.384854600759397592e+00 1.940622881567287905e+00 1.063367409358411564e+00 5.867286230159355354e-01 2.257415681726932633e+00 4.000000000000000000e+00 3.000000000000000000e+00 4.000000000000000000e+00 -3.134523147552810585e+01 6.210000000000159304e+01 1.845196722045686424e-02 -9.980817139413313832e-01 6.281562343653224190e+00
1.872277317348335579e+00 1.014177305032236465e+00 3.970251844534139707e+00 3.395261130081551393e+00 1.522164160013402601e+00 2.014785765176445587e+00 7.045847535457472333e-01 2.197196785777675743e+00 2.000000000000000000e+00 1.200000000000000000e+01 2.000000000000000000e+00 -2.295049824902293039e+03 3.568800000000104546e+02 7.288114056393006024e+00 -2.024478232196051053e+00 5.664956320006421464e+00
2.342531419609317211e-02 1.794296757580645663e+00 7.416497368894789943e+00 2.496586203329758114e+00 1.884520832505208299e+00 2.140448487028900004e+00 6.528634857975421646e-01 2.262579862236918427e+00 0.000000000000000000e+00 9.000000000000000000e+00 2.000000000000000000e+00 -6.019743117989934262e+02 2.700900000000045225e+02 2.918308198743694604e+01 1.172068553376917795e-02 2.130842227249161417e-04
6.247020275861528971e-01 1.892147781205632651e+00 5.046800036349924135e+00 4.132017546751991510e+00 1.104319142628198414e+00 1.149298454042164241e+00 4.765810767496768685e-01 3.548986071581445856e+00 1.000000000000000000e+00 9.000000000000000000e+00 1.000000000000000000e+00 -2.192624552991405380e+03 2.267100000000073123e+02 4.954347061962605991e+00 -1.189898650281886600e-01 6.222044453405215059e+00
2.398403691307738894e-01 1.960729065291203277e+00 4.246591804637032119e+00 2.228286236456847202e+00 1.698754820749877492e+00 2.218669667952018809e+00 1.541641993267957034e-01 3.373996783356158602e+00 7.000000000000000000e+00 7.000000000000000000e+00 3.000000000000000000e+00 -2.277225108614261899e+03 4.627000000000016655e+01 1.588063178839136746e+01 -1.457562676171257898e+00 1.008404350604672484e+00
1.137261545976348875e+00 1.767961822293003804e+00 4.190313609286718588e+00 5.030468201545145845e+00 2.030638064377368490e+00 1.726408740389405061e+00 1.857195798477179194e-01 2.500959738259738163e+00 6.000000000000000000e+00 8.000000000000000000e+00 2.000000000000000000e+00 -2.321775963051601366e+02 1.946400000000080297e+02 2.239451192883012282e-02 -9.570850962023944586e-01 3.231740122691842410e-02
1.154864440969888939e+00 1.715650888837697785e+00 7.344079601187114115e+00 3.897157582065900350e+00 1.361094949676322274e+00 3.245805832074053487e-01 6.908426421154288954e-01 3.308262335800465692e+00 2.000000000000000000e+00 1.800000000000000000e+01 2.000000000000000000e+00 -6.931881746542318297e+02 5.401800000000090449e+02 2.644363591588920670e+01 -3.565365606701188794e-02 6.281342902728368927e+00
1.547359702004079685e+00 2.743871769297711261e+00 5.911002274096937903e+00 4.281057748694204967e+00 9.681952681668153371e-01 2.901346768957671074e+00 8.986342689486395141e-01 2.053913192650695052e+00 3.000000000000000000e+00 9.000000000000000000e+00 3.000000000000000000e+00 -2.257549639955992006e+03 1.085400000000028484e+02 1.270497749724942516e+01 -9.835741067060208564e+00 5.450437626166054983e+00
5.537991224283488334e-01 2.613062843519004197e+00 6.821240116425636657e+00 3.005011247006259101e+00 2.061414804970679970e+00 1.439503130413008813e+00 5.007037532600915331e-01 3.112285213131229522e+00 1.000000000000000000e+00 8.000000000000000000e+00 1.000000000000000000e+00 -5.544857374215591790e+02 2.400800000000151329e+02 2.715285858884697490e+01 8.379307380748358958e-03 6.160668820727515033e-05
1.208491947482411843e+00 8.729145278552440379e-01 3.817894895143724376e+00 6.800595992111678534e+00 6.175100261595696249e-01 1.430526663071270521e+00 5.600926065689388889e-01 2.963847754770009502e+00 3.000000000000000000e+00 1.100000000000000000e+01 1.000000000000000000e+00 -4.381777591431871883e+02 1.642300000000038835e+02 2.480234884114606436e-02 -3.355832587251913690e+00 1.331868433397882523e+00
2.445085525431722751e+00 1.947200311828992447e+00 6.349039923749232095e+00 2.863320991378252245e+00 1.577300195833635454e+00 1.576084384508694036e+00 6.059634767627837260e-01 2.265789153790810140e+00 3.000000000000000000e+00 9.000000000000000000e+00 2.000000000000000000e+00 -4.093104489927025043e+02 2.700900000000045225e+02 1.714159056204376697e+01 -1.035486645123074867e-01 6.197283293448034414e+00
9.142645552165979961e-01 2.301373168515790546e+00 9.216089530497621141e+00 4.058357633962035749e+00 1.859446503133538764e+00 1.192057136345085144e+00 4.617787427530919420e-01 4.387116023884587435e+00 5.000000000000000000e+00 9.000000000000000000e+00 3.000000000000000000e+00 -2.333199884656393351e+03 3.492000000000006565e+01 1.973374279102457507e+01 -3.994440325142133208e+00 4.347237659365308815e+00
1.929524648630685180e+00 2.055766139664998438e+00 5.959027279122765641e+00 6.311227002104229378e+00 1.637953778996314558e+00 6.331633687968366564e-01 3.476490444813378211e-01 2.526506054810745194e+00 3.000000000000000000e+00 7.000000000000000000e+00 2.000000000000000000e+00 -1.477356421378434561e+02 2.100699999999860097e+02 2.668790133615654092e+00 -2.542270044759426528e-01 6.283135162454167144e+00
2.100272617147039167e+00 2.382305903822101723e+00 3.379644737277020194e+00 6.064712254932845603e+00 1.270436918705307061e+00 2.886456230938453382e-01 4.633028296886149144e-01 2.814929643272733095e+00 2.000000000000000000e+00 3.000000000000000000e+00 1.000000000000000000e+00 -2.384770823661120630e+03 7.950000000000021494e+00 2.379973897882002731e+01 -1.678621161284196583e+00 2.953290933911729282e-02
2.887819488347391772e-01 2.622512295421895345e+00 5.665795389929501269e+00 5.618800689289589201e+00 1.299220333715270126e+00 2.143177171651357238e+00 3.299088864677314215e-01 2.496097860547413561e+00 6.000000000000000000e+00 1.500000000000000000e+01 2.000000000000000000e+00 -5.027234307382396992e+02 4.501499999999774104e+02 1.735302692114068890e+01 1.181291197674854271e-01 6.238168056371761416e+00
9.075246142129445026e-01 2.511028614995170827e+00 2.136897207385474395e+00 9.056156424476821343e+00 7.282802793722665813e-01 9.211502708029033482e-01 1.459910958061935160e-01 3.471322827301420499e+00 2.000000000000000000e+00 7.000000000000000000e+00 1.000000000000000000e+00 -2.069954269700714121e+03 8.294999999999839702e+01 1.779954356294693119e+00 -8.111355245216561594e-01 5.400566992996058246e+00
6.615339162441002951e-02 9.928240690195424545e-01 3.220296115611909649e+00 3.935090581574037127e+00 1.883726374842606077e+00 9.537698770240272683e-01 9.780981259143255446e-01 3.449824564493641166e+00 5.000000000000000000e+00 1.200000000000000000e+01 2.000000000000000000e+00 -5.419779112129961050e+02 3.601200000000105774e+02 2.261986945081192246e+01 -2.146091754079784708e-04 6.283166834126592271e+00
6.776459960955955042e-02 2.618607731190538690e+00 9.326601294791807106e+00 5.231684370297971398e+00 5.615579449043388571e-01 4.065712006985470195e-01 2.076520868022096455e-01 4.100643160321903125e+00 5.000000000000000000e+00 6.000000000000000000e+00 2.000000000000000000e+00 -7.601034891821707618e+01 1.512600000000041973e+02 2.377180738843618149e-02 -9.405969066756943997e-01 6.279925117345359631e+00
1.881606576212153659e-01 1.816291626016376837e+00 4.516829670089394178e+00 5.338498499604520831e+00 1.177567050913612245e+00 9.730278645810114257e-01 4.978067943780322135e-01 2.173194430428845081e+00 8.000000000000000000e+00 6.000000000000000000e+00 1.000000000000000000e+00 -4.845520784955768363e+02 1.800600000000052887e+02 2.465762990597338700e+01 -8.314110552162080892e-02 3.275589261531118568e-02
5.468432030309772207e-01 2.853045135606347760e+00 6.379952897578010429e+00 4.682938700329282611e+00 2.095822101399944515e+00 1.381438206299746119e+00 4.096605767116127672e-01 2.899149876098261469e+00 5.000000000000000000e+00 1.600000000000000000e+01 3.000000000000000000e+00 -6.553111646369227401e+02 4.801600000000302657e+02 2.595194778980672723e+01 6.433880526614504936e-02 6.117376557568825923e+00
2.100613379037605810e+00 1.829054891500357938e-01 4.802080855123513459e+00 6.120073059268747784e+00 9.232233896983467192e-01 2.105247899505223508e+00 8.865943938932927537e-01 2.662187672927780024e+00 6.000000000000000000e+00 1.000000000000000000e+01 2.000000000000000000e+00 -2.124707841214637085e+02 2.011999999999928548e+02 1.610559899125535779e-02 -9.531051992845467336e-01 6.155601596859475499e+00
1.205618637700869300e+00 1.762155254043105135e+00 7.016338294064720316e+00 4.537042103998320641e+00 1.309493363747903816e+00 9.558022401498428300e-01 6.699405133079699981e-02 2.064477467067687755e+00 6.000000000000000000e+00 6.000000000000000000e+00 1.000000000000000000e+00 -2.104474087032435364e+03 1.303800000000034061e+02 2.455255439527093575e+00 -4.788843917961360663e-01 6.162631681705108555e+00
5.966996522554011140e-01 2.399428371022732875e+00 5.401900290906294089e+00 8.739133735965848970e+00 2.444395667119399818e+00 1.984507963313093093e+00 6.925770947602942762e-01 2.984455232130902136e+00 1.000000000000000000e+00 1.000000000000000000e+01 3.000000000000000000e+00 -2.289210572284478076e+03 3.680000000000025295e+01 1.692566076777988826e+01 -1.376225713567460041e+01 2.307315648804877384e+00
1.274202256506738573e+00 5.044190846013232310e-01 5.832233544705896833e+00 1.319498968427045948e+00 7.001815857521096476e-01 2.118124935220369931e+00 2.695099846963670553e-01 2.079718994265174814e+00 1.000000000000000000e+00 1.700000000000000000e+01 1.000000000000000000e+00 -6.693493246069593852e+02 5.101700000000154773e+02 2.589152028793447968e+01 4.423782003450799083e-02 6.279977335508084124e+00
1.026065757664163414e+00 2.421151158405971060e+00 5.991605643883429977e+00 6.820854029242022776e+00 1.994374340500250309e+00 1.511656600112065929e+00 5.198664774418252366e-01 2.330822243590127130e+00 2.000000000000000000e+00 2.000000000000000000e+00 2.000000000000000000e+00 -2.224878330704298079e+01 4.398000000000127585e+01 1.617395669014653342e-02 -9.561983222320568077e-01 6.281008243914818046e+00
