1.609545915147610584e+00 1.794258573116321864e+00 3.221609646026567741e+00 1.142956817312717144e+00 2.443390627130759718e+00 9.597936844849779270e-01 4.627260094883005603e-01 3.712303116319414453e+00 1.000000000000000000e+00 1.600000000000000000e+01 1.000000000000000000e+00 -6.735921949338520562e+02 4.801600000000302657e+02 2.709451218336480594e+01 -3.207455961796530364e-01 6.281866583063812293e+00
8.640010994035176584e-01 1.818924326149388371e+00 3.415358504768766679e+00 7.612313995611494022e+00 6.647528954390597988e-01 5.195334367014594612e-01 4.906358888067580137e-01 2.275915239721590932e+00 0.000000000000000000e+00 1.500000000000000000e+01 2.000000000000000000e+00 -2.659828475911891132e+02 4.501499999999774104e+02 2.556740474450025946e+00 -2.262045970552242768e-01 1.739137959960325788e-02
1.932595268068809879e+00 1.891434475230317380e+00 9.916299330298658177e+00 6.859168762090181559e+00 2.503847197988051221e+00 9.391183326933738584e-01 1.144560345934536594e-01 3.035107877293521383e+00 1.000000000000000000e+00 1.500000000000000000e+01 3.000000000000000000e+00 -2.332783598299952700e+03 3.353999999999948045e+02 1.031772489374722745e+01 -1.571116704672547648e+01 3.542913615738337185e+00
1.481914239939633227e+00 1.700539975836682594e+00 5.037341019761897520e+00 7.606634844692566233e+00 1.670563806838087695e+00 2.052436889290804589e-01 1.426816502282546861e-01 3.026068576857623427e+00 3.000000000000000000e+00 1.700000000000000000e+01 2.000000000000000000e+00 -5.424584920624180313e+02 5.101700000000154773e+02 1.796084325390064151e+01 -1.127995440164156898e-02 6.282412880379179221e+00
1.156376343053628242e+00 1.964762672410707234e+00 1.509490813722101255e+00 2.247083794850432081e+00 2.315613928405093169e+00 1.075277458491515237e+00 6.742248455070154467e-01 3.150426294139312855e+00 3.000000000000000000e+00 1.300000000000000000e+01 2.000000000000000000e+00 -2.302568384923422855e+03 1.077699999999990155e+02 1.554271155771394142e+01 -3.349427028039552834e+00 1.130136954110660952e+00
3.940656891499597636e-01 1.456208088808192302e+00 8.589529535042949249e+00 2.996914403926541848e+00 2.385924775800485342e+00 2.045676104378681526e+00 3.810432930652977723e-01 3.626202496352250559e+00 3.000000000000000000e+00 1.800000000000000000e+01 1.000000000000000000e+00 -7.340403415725156719e+02 5.401800000000090449e+02 2.899689634828194329e+01 -1.054129216195415220e-01 6.281252963629935238e+00
7.386966077909224992e-01 1.285026645126746914e+00 5.543108652471481435e+00 4.926687166856245526e+00 2.403199716716380330e+00 1.410465839192658777e+00 3.527119150362401090e-01 2.327553705855939459e+00 4.000000000000000000e+00 1.200000000000000000e+01 2.000000000000000000e+00 -5.957791853324797557e+02 3.601200000000105774e+02 2.598244908327965774e+01 2.291306338036036561e-03 6.283176140896766348e+00
1.161569469966835522e+00 1.777935292319351657e+00 8.281005691616963205e+00 5.209945845352489613e+00 2.479680915135599850e+00 1.510846060467516905e+00 8.581350513683940751e-01 4.090049587603097336e+00 5.000000000000000000e+00 1.500000000000000000e+01 1.000000000000000000e+00 -6.588753113196821687e+02 4.501499999999774104e+02 2.711251945748083969e+01 1.427499834808230728e-01 6.278048832702020299e+00
1.978177872696613271e+00 1.240545425316153416e+00 5.172776262946183756e+00 4.527375718083868072e+00 2.446046712110395482e+00 1.397333832638619544e+00 2.588242234079020654e-01 3.752338100978089397e+00 3.000000000000000000e+00 1.300000000000000000e+01 2.000000000000000000e+00 -2.139034616969329818e+03 1.879799999999962097e+02 2.815288560583251609e+00 -1.248944765761116038e+01 1.609014936763209613e+00
1.519763926438272073e+00 1.879091791133784106e+00 6.018152517395249035e+00 8.203655339679500003e+00 1.480426339518381873e+00 8.709597231954916419e-01 1.673091387244745043e-01 3.038778973120366711e+00 5.000000000000000000e+00 1.500000000000000000e+01 2.000000000000000000e+00 -3.910355715187000669e+02 4.501499999999774104e+02 1.037253571991946188e+01 -5.922665473582212625e-01 6.277450468478147805e+00
4.688352967850928366e-01 2.246794249914024988e+00 5.020274939277653559e+00 9.092392829542289334e+00 1.786424191546912343e+00 1.144825380049069308e-01 1.234374503766672293e-01 3.991768378280140528e+00 1.000000000000000000e+00 1.600000000000000000e+01 1.000000000000000000e+00 -2.362779744104851943e+03 4.145600000000200112e+02 9.718734006552624649e+00 -3.296877757648121465e-02 3.038290271053814291e-03
1.484014377647048022e+00 1.973644337311265096e+00 8.153740497914304441e+00 5.288431341035258804e+00 1.107155556523459872e+00 1.789842182968559570e-02 1.253187797147277682e-01 4.363594128359447488e+00 7.000000000000000000e+00 1.600000000000000000e+01 1.000000000000000000e+00 -3.409002606485074693e+02 4.801600000000302657e+02 6.301266290530769254e+00 5.534982995596256401e-03 3.323778193113192752e-04
8.081612888601742428e-01 2.831299785653468959e+00 4.366771226567553121e+00 2.848251509942508530e+00 1.584518536773511954e+00 2.656296099557611257e-01 4.056124826587483856e-01 3.739736309951150695e+00 6.000000000000000000e+00 1.200000000000000000e+01 1.000000000000000000e+00 -4.503672082359237834e+02 3.601200000000105774e+02 1.689420051474490592e+01 -1.002668046095287202e-01 6.270667430146591670e+00
3.514340896112473356e-01 2.013397299867472512e+00 3.974395505232943382e+00 6.396794434937996598e+00 9.218195755163884897e-01 5.150282153273061381e-01 1.890226102354231053e-01 3.799336525951463095e+00 5.000000000000000000e+00 1.200000000000000000e+01 2.000000000000000000e+00 -2.409537303177386889e+02 3.601200000000105774e+02 3.805858144858337067e+00 4.564344149431465159e-02 6.517670492691925166e-02
1.028886609428958376e+00 2.334447215511040952e+00 4.820718545264266020e+00 7.537610104702410219e+00 2.068572918252512771e+00 2.282481666085963701e-01 6.753389339346216325e-01 4.899843220031139701e+00 1.000000000000000000e+00 1.300000000000000000e+01 1.000000000000000000e+00 -2.223205403277077494e+03 1.340299999999980969e+02 9.761900204817409943e+00 6.293063350577922377e-02 1.427927171474415412e-02
1.784857561388381253e+00 5.810454920827284875e-01 3.247922953862639517e+00 3.054635099062095627e+00 1.545636428454514544e+00 1.569250001846220766e+00 6.150248844640056056e-01 2.308436982251308667e+00 8.000000000000000000e+00 1.100000000000000000e+01 3.000000000000000000e+00 -2.348082601086686282e+03 6.995999999999969532e+01 1.956891256791789147e+01 -2.504184584812292780e+00 7.378301643992963843e-01
1.964407222534164221e+00 2.854810846619585618e+00 5.518358650296184109e+00 2.690673164679199481e+00 2.556638634664629262e+00 1.439754081894480064e+00 7.725105674641201681e-01 2.949136985228837382e+00 8.000000000000000000e+00 1.200000000000000000e+01 1.000000000000000000e+00 -4.470452930449012570e+02 3.601200000000105774e+02 1.668658081530599802e+01 5.347166137255009426e-04 3.906068463631950168e-05
1.715893283108147482e+00 2.282482480040434414e+00 4.680021323386394982e+00 5.288128780254153227e+00 2.334390649743342205e+00 8.954603195174453134e-01 5.331156574067770215e-01 2.239661544980771524e+00 7.000000000000000000e+00 1.300000000000000000e+01 1.000000000000000000e+00 -4.740962623892700094e+02 3.901299999999891384e+02 1.743945389932971324e+01 -8.935021089914642334e-02 6.282788820869131818e+00
1.829463163251833779e-01 7.303660300272998285e-01 5.188062257274850708e+00 5.332123088063515759e+00 1.637658033079882669e+00 1.211390954219720317e+00 4.353442801426922748e-01 3.966517285242763702e+00 4.000000000000000000e+00 1.500000000000000000e+01 1.000000000000000000e+00 -2.337311874224600160e+03 1.582500000000031264e+02 1.613667963903742475e+01 -3.497516601851103690e+00 1.682655471095566790e+00
1.571630613333003135e+00 1.791746032701727165e+00 6.158862189462300130e+00 6.526303668692788662e+00 1.719530694247004998e+00 8.163230851915426189e-01 5.180417287599534681e-01 4.524472492145236835e+00 3.000000000000000000e+00 1.200000000000000000e+01 1.000000000000000000e+00 -2.387623677887799204e+03 2.654400000000069895e+02 1.593147986798723537e+01 -3.971119879469005021e+00 6.055781420936317438e+00
9.066597123314559248e-01 1.658769365468809154e+00 2.926496055635814830e+00 2.602334689134591983e+00 1.729569942482953815e+00 2.040027476503426751e+00 6.215724686051159464e-01 3.316856622475685690e+00 0.000000000000000000e+00 1.200000000000000000e+01 2.000000000000000000e+00 -3.506143723146567481e+02 3.601200000000105774e+02 1.065964826966571799e+01 1.429679264143067230e-01 1.137713706928444521e-02
8.634690567830569652e-01 1.006933999723354178e+00 9.757119559833247635e+00 5.810249209198113718e+00 1.937764713885564483e+00 8.658498459376497980e-01 7.771357444780491175e-02 3.969664412179976232e+00 8.000000000000000000e+00 1.200000000000000000e+01 3.000000000000000000e+00 -4.525180794769448198e+02 1.382400000000021976e+02 -7.111393235666782497e-02 -1.155842550572092797e+01 4.971132148688360175e+00
1.909732534584315244e+00 2.206121198421855834e+00 8.432329153773133967e+00 6.316333980456342090e+00 2.248739418221139097e+00 1.408469718573931662e+00 9.329478876851603486e-01 3.741471881307355751e+00 4.000000000000000000e+00 1.300000000000000000e+01 1.000000000000000000e+00 -2.373676611480021165e+03 2.407599999999943634e+02 1.583103821750149720e+01 2.494889098894767787e-01 5.694525562089974180e+00
1.175486236753787495e+00 7.464283453851419114e-01 6.517593976021446522e+00 4.572920474781740907e+00 2.928728656170555666e+00 3.869236541007832209e-01 1.696579976358631170e-01 3.844619013579183342e+00 9.000000000000000000e+00 1.300000000000000000e+01 4.000000000000000000e+00 -2.736261781243882183e+02 3.901299999999891384e+02 4.910073632774603070e+00 -4.102612451841615715e-01 2.528590108939783934e-02
1.737306388116759193e+00 8.881775470256717542e-01 5.521646454077355770e+00 5.535149372611781082e+00 2.221053797306639321e+00 2.634686465080387840e+00 9.751831797004286706e-01 3.238165337213468664e+00 8.000000000000000000e+00 1.100000000000000000e+01 3.000000000000000000e+00 -2.204483931897493221e+03 7.028999999999969361e+01 1.058368324359333812e+01 -9.838793672873913820e+00 4.491992024940484107e+00
1.204430592271899414e+00 1.381856148825520103e+00 7.071040610534122806e+00 9.719022707454669785e+00 1.829895695747849604e+00 3.501982097014074702e-01 5.999602474870320279e-01 3.029004230452588153e+00 7.000000000000000000e+00 1.200000000000000000e+01 2.000000000000000000e+00 -4.549441497787212256e+02 3.601200000000105774e+02 1.718025936116974606e+01 -4.629662329749801436e-02 5.218525596852284509e-04
2.435921282975495483e+00 1.719697824033000755e+00 3.664360774034456369e+00 9.685618930315625263e+00 2.916013169806395577e+00 9.938288692657953893e-01 5.786697432346671333e-01 2.812119733714847580e+00 1.000000000000000000e+00 1.100000000000000000e+01 2.000000000000000000e+00 -4.717241623382420244e+02 3.301100000000244563e+02 1.916682264613936226e+01 -1.930095529868705861e-01 3.386489479950682835e-06
1.286192799075944748e+00 8.549175813051965722e-01 4.294958604003380032e+00 7.204171924994478893e+00 1.965565729298883291e+00 2.339075978027768343e+00 4.574850753391711544e-01 3.491776104795484947e+00 4.000000000000000000e+00 7.000000000000000000e+00 1.000000000000000000e+00 -2.161885917792017608e+03 7.545999999999912689e+01 7.759744862001118015e+00 -4.093061719206708027e+00 1.014555270306592094e+00
1.631552962302648124e+00 1.695267019680739562e+00 3.660613262747350660e+00 8.356398252282597028e+00 1.451141917492493327e-01 4.784333404756591079e-01 1.986793807306435067e-01 3.180187126071928549e+00 3.000000000000000000e+00 1.100000000000000000e+01 1.000000000000000000e+00 -2.167110570228800952e+03 8.667999999999960892e+01 7.735660639300065533e+00 -1.020535504756801659e+00 5.974340006401988035e+00
1.046301019781662678e+00 1.858575823966838403e+00 7.715307206540966689e+00 6.588334565379643237e+00 1.934097963703822032e+00 2.844481199738120303e-01 5.448765325053576136e-01 4.476665817856570584e+00 8.000000000000000000e+00 7.000000000000000000e+00 2.000000000000000000e+00 -2.388074901130117269e+03 1.883000000000005514e+01 2.366624382063232446e+01 -1.212173777990052104e+00 1.279602219929138196e-01
1.605118901083574245e+00 2.556846865644494926e+00 6.557552973908537197e+00 6.754784965639374583e+00 2.684628908808231795e+00 4.731929434295159553e-01 2.649040415339678489e-01 3.843591138867963330e+00 2.000000000000000000e+00 1.400000000000000000e+01 1.000000000000000000e+00 -5.653512212427569921e+02 4.201399999999720194e+02 2.220507632767318285e+01 -3.518329906513908978e-01 6.260709815521482646e+00
8.981971637542566222e-01 2.129207090189434659e+00 3.787290333609140802e+00 7.009747488381798064e+00 1.072179774558350562e+00 2.681967908040067683e-01 3.816062703298184200e-01 2.242021148784778539e+00 5.000000000000000000e+00 1.600000000000000000e+01 1.000000000000000000e+00 -2.267145895799876143e+03 4.536000000000261139e+02 2.521618487491458005e+00 -3.333523292016399298e-01 6.280128114404139872e+00
1.568197124143011489e+00 1.017544160429257660e+00 5.865836471907784677e+00 7.919443917522083431e+00 1.187616444364288038e+00 1.523960533250345861e+00 3.377550797608481759e-01 4.469704174064291990e+00 2.000000000000000000e+00 5.000000000000000000e+00 1.000000000000000000e+00 -2.115147214893035198e+03 3.590000000000009805e+01 6.074825930814711228e+00 -5.939881629861750945e+00 1.541853462730077284e+00
1.298318293034992355e+00 1.946763639307925953e+00 4.512711924149527931e+00 5.637150629988201267e+00 2.077619721381336326e+00 3.322566675755653232e-02 3.657936950578177804e-01 3.884223317276966014e+00 4.000000000000000000e+00 1.000000000000000000e+01 3.000000000000000000e+00 -5.581302913422606480e+02 3.000999999999997385e+02 2.550501820889130045e+01 3.527570673951620911e-03 8.302577271983692733e-05
3.514326970625596958e-01 6.779072623779656137e-01 6.650665642969791236e+00 7.413676033207843297e+00 1.425913574120064142e+00 2.128707685220805335e+00 6.550089729989903020e-01 2.532644526491193648e+00 6.000000000000000000e+00 1.000000000000000000e+01 2.000000000000000000e+00 -4.220571962886861002e+02 3.000999999999997385e+02 1.700044976804289121e+01 1.578624593495797368e-01 1.337001774381626484e-01
2.040493194042026115e+00 1.937036472131129949e+00 6.452867705038466184e+00 6.329197241372227722e+00 1.413682519862614395e+00 1.153097107879241578e+00 5.488269307563845567e-01 2.692007013569411189e+00 1.000000000000000000e+01 1.700000000000000000e+01 1.000000000000000000e+00 -3.275908077141021408e+02 4.528800000000101136e+02 2.235834285882713421e-02 -1.075442284420341066e+00 1.236250077771815503e-01
1.180199647268188823e+00 2.266369148745042139e+00 5.277035184383424671e+00 8.310750158051066094e+00 1.623793090691981522e+00 8.192282827232217901e-01 3.653294960059540464e-01 3.348744395949282637e+00 4.000000000000000000e+00 1.600000000000000000e+01 2.000000000000000000e+00 -5.337505994222233312e+02 4.801600000000302657e+02 1.835441246388801417e+01 1.826822250804205697e-02 7.495258624936304397e-03
2.016199464365271865e+00 1.629384539679600064e+00 2.898808165830538464e+00 5.240355805852763282e+00 2.929839754034992527e+00 1.214468420031625140e+00 5.246188181817336149e-01 4.756395650928070928e+00 7.000000000000000000e+00 1.300000000000000000e+01 2.000000000000000000e+00 -2.080385276874312240e+03 9.359999999999951115e+01 2.099079804644544911e+00 -8.919023655439955789e+00 3.472307938245060566e-01
1.275924877716358541e+00 2.355703472601251125e+00 9.261852431578546430e+00 8.499095221472762418e+00 2.324194339078467397e+00 1.629082328208414809e+00 4.360082988787652436e-01 2.178886023675135064e+00 1.000000000000000000e+01 1.700000000000000000e+01 1.000000000000000000e+00 -6.711947165495988656e+02 5.101700000000154773e+02 2.600685728434944366e+01 -7.423701107761035423e-02 6.194111365379551870e+00
1.096647593115996244e+00 1.084758624899419654e+00 9.171877566786413638e+00 5.273124353634862871e+00 2.539310732902827272e+00 6.326241001327620461e-02 4.447474576237625543e-01 2.603455488040572252e+00 7.000000000000000000e+00 1.200000000000000000e+01 2.000000000000000000e+00 -5.794565583862110998e+02 3.601200000000105774e+02 2.496228489913786319e+01 1.247732779486359217e-01 5.993405355268279465e-03
3.002224598741923267e-01 3.088319191915542827e-01 8.161393356040223424e+00 3.728758860378484030e+00 5.346657560074131732e-01 1.090562692173282222e-01 5.719067941943765110e-01 3.886176871492693863e+00 9.000000000000000000e+00 1.700000000000000000e+01 1.000000000000000000e+00 -2.925986589101254367e+02 5.101700000000154773e+02 2.344603681882356572e+00 -7.398663643286003400e-02 1.391224107414466198e-04
9.314464627412040176e-01 1.758890932331760970e+00 4.947641835106526997e+00 5.943217993882473849e+00 2.470208374016880093e+00 1.028254160509307180e+00 4.172374923770221233e-01 3.912464493429564261e+00 3.000000000000000000e+00 4.000000000000000000e+00 2.000000000000000000e+00 -1.253553529865779410e+02 1.200400000000075664e+02 4.083459561660884418e+00 3.310002333993508072e-01 4.730677287647759750e-03
8.863891893364084229e-01 2.014582538878817886e+00 5.904433214388223661e+00 1.554357252169043635e+00 1.735098656133578388e+00 1.217209090311206277e+00 5.827617986409104889e-01 4.270969515668271654e+00 4.000000000000000000e+00 1.400000000000000000e+01 1.000000000000000000e+00 -6.268940703866103377e+02 4.201399999999720194e+02 2.605150439916401695e+01 -6.570380908098748252e-02 6.279876520739311019e+00
9.495137330685567978e-01 1.271695914227525703e+00 6.708597113771487486e+00 6.980920595341093104e+00 2.925999264178598125e-01 7.639738796619723882e-01 5.487399802011283523e-01 2.952359624354176315e+00 3.000000000000000000e+00 1.600000000000000000e+01 1.000000000000000000e+00 -2.579431229714838878e+02 3.550400000000107070e+02 2.112165548397509918e-02 -5.579809240085659150e-01 6.064953381698611423e+00
1.345438021196270650e+00 1.650968935540829907e+00 4.959486120893243033e+00 8.638473227808974642e+00 2.022386394530984344e+00 3.739478923477516092e-01 5.154770778726690539e-01 2.693059387057074261e+00 2.000000000000000000e+00 7.000000000000000000e+00 3.000000000000000000e+00 -3.878158984453319817e+02 2.100699999999860097e+02 1.767380615283368428e+01 -3.198365249085995954e-01 1.626163999982336780e-02
8.977007033952465465e-01 2.246014663370968556e+00 9.871940345859002264e+00 1.273276346823069449e+00 2.704860852860222042e+00 2.304044908984644202e+00 6.619273230014948162e-01 2.892496931054019615e+00 1.000000000000000000e+01 1.600000000000000000e+01 3.000000000000000000e+00 -6.599362610829797404e+02 4.801600000000302657e+02 2.624101631768528620e+01 3.007218249502666141e-02 1.123481071595058139e-02
1.491034589318988246e+00 2.010348233862221612e+00 4.510491427769377282e+00 3.402333542976732517e+00 1.842800442192287225e+00 2.580162385530998304e+00 4.377028850216994615e-01 2.211486336511366613e+00 1.000000000000000000e+00 6.000000000000000000e+00 1.000000000000000000e+00 -2.403032280814572914e+02 1.800600000000052887e+02 9.392076755090915441e+00 9.202933598198140275e-03 2.302400274967641124e-03
2.886603375542454053e+00 1.710841710735540477e+00 2.543653856599467744e+00 8.810029579914939291e+00 2.921325708479074912e+00 2.112069426990213827e+00 5.088737460778904875e-01 3.133906503030824187e+00 5.000000000000000000e+00 5.000000000000000000e+00 2.000000000000000000e+00 -9.192623898344730549e+01 8.709999999999719478e+01 1.863606950431594134e-02 -9.678073066488586118e-01 5.856766086782857483e-01
