9.861510428187391097e-01 2.706449734601322099e+00 6.096526036000896376e+00 5.940466422765319443e+00 7.598183988966644709e-01 2.308124941396069385e+00 9.298448898126301376e-01 3.395021641582746774e+00 1.000000000000000000e+01 1.100000000000000000e+01 4.000000000000000000e+00 -2.096290590499666450e+03 1.458600000000016053e+02 1.460036906229108977e+00 -2.100924288121641115e-01 5.856075270202217631e+00
1.191583578423859979e+00 2.718895769720445443e+00 4.283928334187150355e+00 2.503471383694693131e+00 9.399516223975616924e-01 8.208745950429295890e-01 8.643570846258881168e-01 4.432590026592201582e+00 4.000000000000000000e+00 1.100000000000000000e+01 2.000000000000000000e+00 -2.914920327932641158e+02 3.301100000000244563e+02 7.902314549578243863e+00 9.248248132402914212e-02 1.928110155374252116e-03
1.190365443438279325e+00 1.647373794425145421e+00 1.222109806652982300e+00 7.206887064989292213e+00 2.021842111694120092e+00 6.698132807893375507e-01 6.361853451281648253e-01 2.161275857769693332e+00 1.000000000000000000e+00 1.400000000000000000e+01 1.000000000000000000e+00 -2.158420748185626508e+03 2.452799999999890588e+02 2.236296761601970662e+00 -9.079259855853494265e-01 9.617243840080081166e-03
1.452470236512931834e+00 1.310505084860910330e+00 8.402602549192298653e+00 5.537116801648691577e+00 8.558914064136056155e-01 1.305733982391915182e+00 8.595203809140193885e-01 2.506823834016679076e+00 1.000000000000000000e+01 1.100000000000000000e+01 2.000000000000000000e+00 -1.999431792009227991e+02 2.204400000000108548e+02 2.033325103735953224e-02 -9.527004532606349052e-01 1.646472194555506918e-01
2.001044142121021441e+00 9.015776555102616996e-01 2.039349872013722198e+00 8.341483717883608762e+00 2.431241872888734168e+00 1.408330600910478791e+00 2.374128233054971504e-01 3.399436124347227306e+00 3.000000000000000000e+00 8.000000000000000000e+00 2.000000000000000000e+00 -2.080244988861076763e+03 9.503999999999832937e+01 2.045311803817361884e+00 -2.104548788750730814e+00 5.026634642345909398e+00
9.761345030669166256e-03 1.644258538413385873e+00 7.869575096574244810e+00 4.531733918534981420e+00 2.537275110538876888e+00 2.021866675029297067e+00 5.342437126626657928e-01 2.016780376703822597e+00 5.000000000000000000e+00 1.800000000000000000e+01 1.000000000000000000e+00 -7.354274333323207884e+02 5.401800000000090449e+02 2.908358958326977017e+01 -3.791925539576575070e-04 6.283096122408145412e+00
9.234618706084607442e-02 2.205856508727788601e+00 6.036040544406160002e+00 8.111985141938296451e+00 2.608643936900788773e+00 9.484716495509089018e-01 2.257637153349607018e-01 2.771425599402824957e+00 6.000000000000000000e+00 1.400000000000000000e+01 2.000000000000000000e+00 -6.136080662096319429e+02 4.201399999999720194e+02 2.522112913810287083e+01 -3.114981753996469427e-02 6.282917169509725674e+00
3.842608887438256904e-01 2.628643746570278328e+00 7.991509569900809851e+00 7.108608030812495926e+00 1.066247753063592540e+00 2.151036377096962049e+00 9.435252180725141047e-01 2.512129359444822185e+00 6.000000000000000000e+00 1.200000000000000000e+01 3.000000000000000000e+00 -2.357056623036857218e+03 8.076000000000003354e+01 1.979228893980359061e+01 -3.617267755013306996e+00 1.709549606140795819e-01
1.129787179516738016e+00 1.070724146372904029e+00 7.954564244149079144e+00 3.250944657767603552e+00 2.464008564144148483e+00 1.058215896938465850e+00 7.485704309612968288e-01 3.520795921554295660e+00 1.000000000000000000e+00 8.000000000000000000e+00 1.000000000000000000e+00 -5.601551384462891292e+02 2.400800000000151329e+02 2.750719615289259679e+01 -2.201655593084077267e-02 4.295023992937088697e-03
7.739591724342748114e-01 1.627239758637776035e+00 8.480038203540882336e+00 2.588671067327408704e+00 2.680436571014113589e+00 5.052820506735589134e-01 1.078390877406626980e-01 3.519068162261187904e+00 4.000000000000000000e+00 8.000000000000000000e+00 3.000000000000000000e+00 -2.386000501675858686e+03 1.027199999999981657e+02 2.091503135474123098e+01 -2.366579272932254341e+00 5.164073696935251867e-01
4.984927220358831290e-01 1.137896487655424727e+00 6.966379254543297428e+00 3.571240771333738628e+00 2.252869232128763333e+00 1.204651865241406661e+00 8.789646722846676807e-01 3.557128101663376896e+00 2.000000000000000000e+00 6.000000000000000000e+00 2.000000000000000000e+00 -3.890303016932421656e+02 1.800600000000052887e+02 1.868751885582747008e+01 1.028971565648401608e-02 5.292363336209900186e-05
6.992884131670537018e-01 9.998483374405471302e-01 5.076178387297547445e+00 7.569676986840281785e+00 4.711530417615922284e-01 1.893226145084022427e+00 4.411274169490575492e-02 2.883330474204567118e+00 1.000000000000000000e+01 7.000000000000000000e+00 3.000000000000000000e+00 -2.331197189211577552e+03 2.716000000000008896e+01 1.985107432572358377e+01 -6.121880776336179331e-01 6.019972396771007261e+00
2.528488626371036663e+00 1.025078335033851928e+00 1.555784860304036954e+00 6.344917705060801438e+00 1.507778648750138117e+00 9.354475136800869395e-01 8.942595162786809437e-01 2.442921428421715557e+00 3.000000000000000000e+00 1.100000000000000000e+01 1.000000000000000000e+00 -2.081904201306088567e+02 2.185700000000106229e+02 1.882907416590274066e-02 -1.110982142032116871e+00 1.672754321521876530e-01
1.227870069722983182e+00 1.726449521350394090e+00 4.173174983325461440e+00 2.581960015172481526e+00 1.347148775874433602e+00 1.839740482311638115e+00 4.629433023280714599e-01 2.649093373442644062e+00 5.000000000000000000e+00 9.000000000000000000e+00 1.000000000000000000e+00 -2.635516488513551394e+02 2.700900000000045225e+02 8.031665553209556663e+00 5.678756525543695449e-02 4.091271634444794284e-04
1.317370234967897291e+00 2.141440810857404564e+00 6.925619351788322220e+00 3.326900322748966410e+00 9.473279560336423932e-01 1.379084371623837457e+00 4.982780757319655862e-01 3.114678652356878796e+00 8.000000000000000000e+00 7.000000000000000000e+00 2.000000000000000000e+00 -2.332392576893775640e+03 3.248000000000011056e+01 1.975953605586096629e+01 -5.831364075531029201e-01 6.126633248898794015e+00
1.226541410721062153e+00 2.585980816481754374e+00 8.019893899649135349e+00 8.497860623899477162e+00 2.739604444579385234e+00 1.985884229801776479e-01 1.873264765411327137e-01 2.282735920162558330e+00 0.000000000000000000e+00 1.600000000000000000e+01 1.000000000000000000e+00 -7.166947751508681677e+02 4.801600000000302657e+02 2.978842344692831645e+01 -8.138156616351137351e-04 2.592563155547900067e-03
1.006808732460502176e+00 1.561635919436989539e+00 3.861675806354128326e+00 6.446187893198635166e+00 9.003847294716124106e-01 1.040851438410050234e+00 8.035647472730221841e-01 3.371354608703152511e+00 2.000000000000000000e+00 5.000000000000000000e+00 2.000000000000000000e+00 -1.882953145253333673e+02 1.426999999999981981e+02 1.876729074175743223e-02 -9.410392530732883953e-01 1.164435293799451349e-01
1.884919924802677560e+00 1.695751976575800235e+00 4.078544355311379377e+00 6.668807622443304162e+00 1.580373938930770938e+00 1.063663003252094397e+00 8.500836635729033253e-01 3.176621138557556456e+00 7.000000000000000000e+00 1.000000000000000000e+01 2.000000000000000000e+00 -1.999261953020289866e+02 3.000999999999997385e+02 3.117262206376819389e+00 3.245900202945261465e-02 7.006408241405637227e-05
2.344642622151331679e+00 2.894556749864046985e+00 6.384738476495945392e+00 3.107069287186410733e+00 3.501663415841864690e-01 9.556772553491237332e-01 8.804337611189492208e-01 3.357161218937463332e+00 5.000000000000000000e+00 1.100000000000000000e+01 2.000000000000000000e+00 -2.332966708314523657e+03 4.190999999999984027e+01 1.950073176965774024e+01 -2.945615986860524949e+00 5.895644824405112949e+00
7.489435143765810210e-01 1.164562925048593933e-01 5.463586150916620809e+00 5.625995889855712306e+00 2.325779580356116261e-01 6.557705358961419817e-01 9.633300816173717696e-01 2.736862632571070986e+00 8.000000000000000000e+00 8.000000000000000000e+00 3.000000000000000000e+00 -2.124388679401376976e+03 7.735999999999870624e+01 5.356792462586095205e+00 -1.564311161454957189e+00 5.786001790793867450e+00
2.033665036580109664e+00 9.657761537993022616e-01 2.683119502056758421e+00 5.992282254820054277e+00 1.438320901778265881e+00 1.015211146795529373e+00 4.622304826849652493e-01 2.934086246385651631e+00 1.000000000000000000e+00 1.500000000000000000e+01 2.000000000000000000e+00 -2.120038953674005825e+03 1.626000000000032912e+02 2.421184604625254977e+00 -1.145021263702517222e+00 5.704984411252877585e+00
4.618982255474510801e-01 1.435097735953570153e+00 1.963918655726263784e+00 1.635720318493907977e+00 1.133393792103953635e+00 1.495311322228254580e+00 5.551539204371177538e-01 3.540301935286930046e+00 5.000000000000000000e+00 7.000000000000000000e+00 2.000000000000000000e+00 -2.167909766243607237e+02 2.100699999999860097e+02 6.984748539022983316e+00 1.248968985839146867e-01 3.593020873025823663e-03
1.447845598301616521e+00 1.892684215644091728e+00 3.415173568401565607e+00 6.005488441217692319e+00 1.355237700172646775e+00 9.756488799948075386e-01 7.459141348887039502e-01 3.220102736547904243e+00 5.000000000000000000e+00 7.000000000000000000e+00 1.000000000000000000e+00 -1.310187619172058930e+02 2.100699999999860097e+02 1.623985119825804846e+00 -2.500267498479948336e-01 1.178857707138396549e-01
4.224330060576565460e-01 1.765716312587367387e+00 3.864785716487561640e+00 7.409871823694973436e+00 1.312175978688633116e+00 2.830153667067221601e+00 3.183406793897713971e-01 2.678751609675353418e+00 7.000000000000000000e+00 1.700000000000000000e+01 1.000000000000000000e+00 -5.212918646986813656e+02 5.101700000000154773e+02 1.663792904366710346e+01 -5.009409188484400532e-01 6.656310596541578084e-01
1.128403281325567775e+00 3.885662953517017293e-01 6.212730338754178128e+00 6.518183289353085108e+00 1.970024370231626021e+00 1.194545351464277649e+00 7.369945753170643599e-01 3.794526963661747132e+00 7.000000000000000000e+00 1.400000000000000000e+01 2.000000000000000000e+00 -2.242348891146647475e+03 2.350599999999900547e+02 7.801180696665754866e+00 -1.649745504994358347e+00 4.594468525214279175e+00
1.149865160119420748e+00 1.538837587193980116e+00 5.380668153412590193e+00 4.860703706481105613e+00 1.485286217846959911e+00 5.264047954478801028e-01 5.684082143606696835e-01 3.248292278785557485e+00 8.000000000000000000e+00 3.000000000000000000e+00 3.000000000000000000e+00 -2.385520031594782722e+03 6.540000000000009805e+00 2.389062697467389640e+01 -3.265908592131540722e+00 6.282967363991635246e+00
5.759373391153215227e-01 1.880931691018246976e+00 5.074834022845399417e+00 8.859985457462059344e+00 8.104538794547924141e-01 1.125288296172970437e+00 9.896664761136886312e-01 3.981638945758098291e+00 8.000000000000000000e+00 8.000000000000000000e+00 2.000000000000000000e+00 -2.326673509382664633e+03 3.055999999999970029e+01 1.946209433641655195e+01 -2.839477797487144795e+00 5.762066624314898355e+00
8.663314681003433382e-01 2.738460407203706204e+00 2.486313050308640360e+00 5.866574142609284337e+00 2.192796731861159643e+00 1.722638165528451726e+00 7.107252848315117610e-01 4.144541663211908755e+00 9.000000000000000000e+00 9.000000000000000000e+00 3.000000000000000000e+00 -2.274763920495192451e+03 4.050000000000027711e+01 1.590712003094951044e+01 -1.271832858869315075e+01 1.582479824185351713e+00
1.937294110871058850e+00 2.798240880550411980e+00 4.456451600147405046e+00 2.784567920153532494e+00 1.813244779021851105e+00 2.565942966106992351e+00 3.282641393988798839e-01 2.777588604566183950e+00 0.000000000000000000e+00 1.200000000000000000e+01 2.000000000000000000e+00 -5.573837334916665895e+02 3.601200000000105774e+02 2.358273334322883485e+01 8.665957850146939478e-02 6.279278073417667194e+00
1.314963733021833558e+00 2.134907663954166868e+00 5.504198088925147836e+00 7.326360638183883722e+00 8.592555879607695069e-01 1.529807569275705381e+00 7.483571448128867321e-01 3.376844684299812105e+00 1.000000000000000000e+01 7.000000000000000000e+00 2.000000000000000000e+00 -2.325451036006545110e+03 2.520000000000008100e+01 1.955318975040907148e+01 -3.027337806063768344e+00 5.786894138242614893e+00
1.757110811143631324e+00 1.925281771216982740e+00 3.528903591578984145e+00 4.159563216728610513e+00 1.497559881309217467e+00 2.400689763335028815e-01 3.132631341843371553e-01 2.961773208816819380e+00 5.000000000000000000e+00 8.000000000000000000e+00 5.000000000000000000e+00 -1.101588344193094429e+02 2.195200000000119189e+02 2.492715120646769519e-02 -9.878944865598832115e-01 6.282039847569227398e+00
4.410179827758130555e-01 7.392267351051962088e-01 8.353160626092295260e+00 6.301904545330518914e+00 7.790122985828704660e-01 3.157547545511124043e-01 3.196379847041483924e-01 3.325380379981106138e+00 6.000000000000000000e+00 1.100000000000000000e+01 2.000000000000000000e+00 -2.010402806432028342e+02 3.301100000000244563e+02 2.249080040199413766e+00 -7.787173234870389815e-02 6.282809746575187759e+00
7.274606421831966152e-01 1.061771838829662862e+00 5.532992599937036182e+00 5.806957714633784740e+00 1.547253888757913698e+00 4.194877005875983222e-01 5.457995708921111744e-01 2.638817998304366252e+00 9.000000000000000000e+00 9.000000000000000000e+00 1.000000000000000000e+00 -2.547987084108743261e+02 2.500200000000081957e+02 2.225570088709569877e-02 -9.790704341906755204e-01 6.253344303183942188e+00
1.384230180578308378e+00 1.653003772932716275e+00 7.150648925192964356e+00 6.889399586163750477e+00 1.905477943611988412e+00 3.325797256652531786e-01 5.657226125151816332e-01 4.529207633008688560e+00 3.000000000000000000e+00 1.300000000000000000e+01 3.000000000000000000e+00 -2.365849937560731632e+03 9.515999999999945658e+01 1.989187109754574223e+01 -3.710574565117141344e+00 4.206035398622183230e+00
5.596997326291506258e-01 2.400329759415721576e+00 3.327186015613055048e+00 4.737564326017160710e+00 2.861736541743443052e+00 1.105814035104706994e+00 4.869361443760903962e-01 3.944923896841832978e+00 1.000000000000000000e+00 1.300000000000000000e+01 2.000000000000000000e+00 -2.111723741039092147e+03 9.463999999999947477e+01 4.025233814943273813e+00 -9.541586959191389994e+00 4.579812785606454995e+00
1.812268433677834967e+00 1.745162331398643296e+00 5.673929200933939931e+00 5.921304175514329415e+00 1.930024495834334219e+00 4.801594892141597404e-01 7.027689228140755473e-01 2.818699928781886577e+00 7.000000000000000000e+00 1.700000000000000000e+01 1.000000000000000000e+00 -5.397227914928183736e+02 5.101700000000154773e+02 1.778986196830066646e+01 1.630433000535217447e-01 4.795304224896687617e-02
2.146390112953666662e+00 2.785260388443421498e+00 4.955805708698709289e+00 6.309166399385889079e+00 1.257934849699568147e+00 3.572300229244328995e-01 3.881442593071446900e-01 2.592094464231764928e+00 4.000000000000000000e+00 6.000000000000000000e+00 1.000000000000000000e+00 -2.076722046429700583e+02 1.375800000000036789e+02 1.681990219297598704e-02 -1.003264544584102635e+00 6.282212256024717334e+00
9.877364447340394316e-01 2.754872448885620440e+00 2.040342141456275904e+00 4.489849755061333880e+00 2.560516272711983454e+00 1.465608180355162382e+00 2.724493340214903525e-01 2.841648064926692197e+00 9.000000000000000000e+00 8.000000000000000000e+00 2.000000000000000000e+00 -1.871525593920903248e+02 2.011200000000090427e+02 1.604921971828913649e-02 -9.570825348823638334e-01 6.110197098404981375e+00
1.034406702518587018e+00 1.526304371683130379e+00 6.326044556782514761e+00 7.481509949052210118e+00 1.412246975491471490e+00 1.937462243733806488e+00 3.564720201534470334e-01 2.260130609590832673e+00 2.000000000000000000e+00 6.000000000000000000e+00 2.000000000000000000e+00 -1.318416849691382708e+02 1.800600000000052887e+02 2.613230310570977544e+00 -4.459090855410325904e-01 5.941947403080038548e+00
6.482604202475814592e-01 1.483826615745012845e+00 4.440905753950141310e+00 2.661672817895010645e+00 2.799161607769480309e-01 9.133461943094929314e-01 3.908271498956329415e-01 2.583574884701520968e+00 8.000000000000000000e+00 1.600000000000000000e+01 4.000000000000000000e+00 -2.190565344269420621e+03 2.054399999999963313e+02 5.490334016838914977e+00 -8.178290077646345191e-01 5.601674427211133178e+00
8.441908776802634073e-02 3.730263485808906765e-01 5.844890499599642908e+00 9.091551339308800550e+00 8.715569197885356667e-01 5.988578265587368721e-02 5.169279422235217858e-01 2.856740796501319846e+00 9.000000000000000000e+00 1.300000000000000000e+01 2.000000000000000000e+00 -3.298064478274029625e+02 3.901299999999891384e+02 8.421340489213024583e+00 3.889776044058734783e-02 6.278389205980378307e+00
2.029263905977058080e+00 2.544836950501098372e+00 9.815153505863776218e+00 5.562271331141916519e+00 6.504360908516040318e-01 4.998174179867322375e-01 3.919904236326167690e-01 3.496541899801074216e+00 3.000000000000000000e+00 2.000000000000000000e+01 1.000000000000000000e+00 -3.847168870129240759e+02 6.001999999999994770e+02 5.288555438307772860e+00 -1.559312993040055384e-01 4.230113033825061430e-02
3.447146134746332802e-01 1.701819546184640375e+00 2.311447235682336121e+00 4.421275394065538933e+00 1.390944876951433207e+00 2.027037746407408747e+00 2.926585627769652254e-01 2.290757558296534491e+00 1.000000000000000000e+01 1.300000000000000000e+01 1.000000000000000000e+00 -2.941162569977253725e+02 3.626999999999900979e+02 1.963819777244374398e-02 -8.881000126425487862e-01 6.185824254258492694e+00
6.231396336004848546e-01 2.985592097158472402e+00 6.045635808046239568e+00 6.511747433430565835e+00 1.621709290818005078e+00 1.480155481852732713e+00 6.631148466911431782e-01 2.094565673993313837e+00 8.000000000000000000e+00 1.200000000000000000e+01 3.000000000000000000e+00 -2.401065807302197300e+03 1.426800000000023658e+02 2.060786295638726173e+01 -2.288435159267477204e+00 1.351033425852671055e+00
1.706309784771277371e+00 2.275920128702344503e+00 7.404218971418981887e+00 4.414489639601915982e+00 2.380438472293756824e+00 8.411295063133644723e-01 5.406858382675576724e-01 3.288904328365946039e+00 8.000000000000000000e+00 1.200000000000000000e+01 2.000000000000000000e+00 -4.531677310105617380e+02 3.601200000000105774e+02 1.706923318815977808e+01 -1.153787439125915637e-01 6.280002751054367671e+00
1.390774552339974213e-01 1.794975127176088758e+00 6.826284047351672157e+00 5.555548907890618615e+00 1.083456496888595577e+00 2.397563732696299521e+00 8.310503272556282184e-01 2.911180640208689496e+00 9.000000000000000000e+00 7.000000000000000000e+00 2.000000000000000000e+00 -1.558073631571153328e+02 1.447599999999923739e+02 2.117267144332958886e-02 -9.627857881392666295e-01 6.099608178154245053e+00
5.850377508814152971e-01 2.909882954634217089e+00 9.535843945336935690e+00 6.663299969100386022e+00 2.701526020364658276e+00 9.251813955008318935e-01 5.952519210719462439e-01 3.421883419780068714e+00 2.000000000000000000e+00 1.400000000000000000e+01 2.000000000000000000e+00 -6.874658336832395662e+02 4.201399999999720194e+02 2.983723960520334728e+01 -3.918711409706849280e-01 6.271606365406861450e+00
1.026065757664163414e+00 2.421151158405971060e+00 5.991605643883429977e+00 6.820854029242022776e+00 1.994374340500250309e+00 1.511656600112065929e+00 5.198664774418252366e-01 2.330822243590127130e+00 2.000000000000000000e+00 2.000000000000000000e+00 2.000000000000000000e+00 -2.224878330704298079e+01 4.398000000000127585e+01 1.617395669014653342e-02 -9.561983222320568077e-01 6.281008243914818046e+00
