2.277109813305669306e+00 1.375729280913012165e+00 4.413278168906275667e+00 3.478051101250009935e+00 8.150937560968878337e-01 1.949184118570563617e+00 3.607378065559651570e-01 2.402891132934499741e+00 5.000000000000000000e+00 8.000000000000000000e+00 3.000000000000000000e+00 -2.333482775637728992e+03 4.007999999999950091e+01 1.959017347735807490e+01 -2.132234592839697740e+00 4.327676380530404820e+00
2.138202238603362559e+00 2.102631647509107804e+00 2.836609387551089156e+00 5.310691420820907283e+00 2.523951878758530665e+00 7.321237696655463756e-01 6.722908456006482236e-01 2.249249555287951008e+00 5.000000000000000000e+00 8.000000000000000000e+00 2.000000000000000000e+00 -3.940464981701069860e+02 2.400800000000151329e+02 1.712540613563121283e+01 -1.692895508900399068e-03 6.283182937242122179e+00
3.549912720430535851e-01 1.973696940302346992e+00 7.492044794123978946e+00 5.661265755937825439e+00 1.624094842344420142e+00 1.239291033426956901e+00 6.244151885894188014e-01 2.801757313155007978e+00 6.000000000000000000e+00 7.000000000000000000e+00 3.000000000000000000e+00 -2.336711330437176457e+03 3.626000000000012591e+01 1.991133315232351464e+01 -1.876342961722525349e+00 8.754541925362524513e-01
1.471601410212301841e+00 1.878164562485796774e+00 7.162152567438029749e+00 8.184227278627290048e+00 5.779843637759103370e-01 1.706392183363416359e+00 4.297809959522244094e-01 3.993431453771952189e+00 9.000000000000000000e+00 5.000000000000000000e+00 2.000000000000000000e+00 -2.386034310969446324e+03 9.550000000000000711e+00 2.382870693559038955e+01 -3.038566600152555974e+00 2.957323359058100509e-01
1.458745361315902267e+00 2.953484596550666641e+00 5.041084845522497915e+00 3.984770088638602381e+00 2.305201430696438791e+00 6.907114603542441333e-01 6.660376307709277022e-01 4.240981178462668311e+00 3.000000000000000000e+00 1.700000000000000000e+01 2.000000000000000000e+00 -6.668270401167469572e+02 5.101700000000154773e+02 2.573387750729619938e+01 3.004434216989774753e-01 7.308697792339205468e-02
1.096397383885401533e+00 1.626883615006769146e+00 3.291406907110667746e+00 6.745777802663333489e+00 7.403515150997513894e-01 3.403249453939619640e-01 5.816781302007898447e-01 2.764452392996244789e+00 3.000000000000000000e+00 9.000000000000000000e+00 2.000000000000000000e+00 -1.210794049781016781e+02 2.414700000000078717e+02 2.152531113110930233e-02 -9.493944224697098422e-01 6.278842196273012100e+00
1.136748340625454379e+00 2.577393768313654743e+00 6.022195792727158548e+00 6.922476802333045853e+00 5.793155283981266113e-01 1.160316933073107348e+00 6.136563957100933386e-01 3.084027018901301265e+00 5.000000000000000000e+00 5.000000000000000000e+00 2.000000000000000000e+00 -2.147065821832747588e+03 4.464999999999960067e+01 7.796301364546740054e+00 -5.893534398399737917e-01 6.259152796825975251e+00
1.480568464274264251e+00 2.925103300038309317e+00 2.850192660714057968e+00 5.506028125905681136e+00 1.241443174584629716e+00 4.401470141243289391e-01 7.116678265084970256e-01 3.252056435340545004e+00 0.000000000000000000e+00 6.000000000000000000e+00 2.000000000000000000e+00 -2.204101676870917004e+02 1.800600000000052887e+02 8.148760480443066001e+00 2.951307623562681240e-02 3.650622227799501553e-03
2.124649124342750550e+00 2.258210493915176365e+00 4.789436366953692570e+00 4.322223323494999825e+00 1.466265362975023745e+00 2.257851680101026659e+00 2.983714683043720006e-01 2.748662001046043191e+00 1.000000000000000000e+00 6.000000000000000000e+00 2.000000000000000000e+00 -2.070098373340909461e+02 1.439400000000039199e+02 1.571738134376174031e-02 -9.456046618866998932e-01 5.654970500265935063e-02
2.305712527814015311e-01 1.722325111013795595e+00 7.489119669951149305e+00 7.228188080919703218e+00 2.051345805867129446e+00 1.029188471188486664e+00 6.892099779746236887e-01 3.388006157673294272e+00 6.000000000000000000e+00 8.000000000000000000e+00 3.000000000000000000e+00 -2.206898393157464398e+03 8.943999999999844874e+01 1.013614957234158709e+01 -4.249380616618839923e+00 4.721760964710808750e+00
5.703256548867358111e-01 9.393535312817382632e-01 3.882388912845377238e+00 4.861547832500548338e+00 1.401688561671293076e+00 6.943380597205814908e-01 6.945507707753371118e-01 2.821248028636238470e+00 2.000000000000000000e+00 1.000000000000000000e+01 1.000000000000000000e+00 -4.425246537694581548e+02 3.000999999999997385e+02 1.827966586059114462e+01 3.002253014139290577e-01 6.237727129784356173e+00
8.261869408048940766e-01 2.106871128314909303e+00 2.529608417360516892e+00 3.944265147817282546e+00 9.654649331660591915e-01 1.609608121384953350e-01 8.719745058059995557e-01 2.572519422827982627e+00 2.000000000000000000e+00 6.000000000000000000e+00 2.000000000000000000e+00 -2.218065250159332322e+02 1.800600000000052887e+02 8.236032813495661742e+00 -1.673296556859708573e-01 4.006793108027997059e-04
9.970995397832542739e-01 1.514811045268694034e+00 3.946659061658649215e+00 6.798505318830055266e+00 1.104847107047836285e+00 1.746563481736730594e+00 5.884608196847941342e-01 2.625857499408844387e+00 7.000000000000000000e+00 7.000000000000000000e+00 2.000000000000000000e+00 -6.740644988178996755e+01 1.340499999999934175e+02 2.384061761207838595e-02 -9.491855256379518879e-01 1.692986984638233201e-03
3.243772626533484305e-01 1.208846130279867426e+00 5.486036913620313094e+00 4.956498380157331241e+00 1.434654049618223848e+00 7.735236846063719973e-01 4.136798698247698969e-01 2.718519946482788718e+00 6.000000000000000000e+00 1.300000000000000000e+01 1.000000000000000000e+00 -4.805670602065636103e+02 3.901299999999891384e+02 1.784387876291056685e+01 7.408610417468991516e-02 6.279483062490926137e+00
1.159298470601134889e+00 2.364356435271119050e+00 5.473242143673192395e+00 6.614755874719631557e+00 2.205061141070503439e+00 1.543175511762660435e+00 6.173225276236093961e-01 2.794223786981815394e+00 6.000000000000000000e+00 1.100000000000000000e+01 1.000000000000000000e+00 -4.463285287311392722e+02 3.301100000000244563e+02 1.757959554569544025e+01 -1.536030987510043910e-01 7.416289718595986402e-02
2.663240229481326216e-01 2.268463699315926618e+00 5.648333932857537931e+00 4.068878240763238452e+00 2.932551740920767092e+00 9.833824028379536397e-01 8.818696056735384481e-01 3.106822021004764789e+00 1.000000000000000000e+00 5.000000000000000000e+00 2.000000000000000000e+00 -4.327044259391068977e+02 1.500499999999998693e+02 2.235496412119418608e+01 -7.030975565257428610e-03 2.149381591805067963e-04
2.228720966087543776e+00 2.224085311656567310e+00 3.699605389818868773e+00 5.178110382838143622e+00 7.691801359171930308e-01 7.015428747780534380e-01 5.304599956191033971e-01 2.281939467804610988e+00 1.000000000000000000e+00 1.400000000000000000e+01 3.000000000000000000e+00 -2.161057180782903743e+03 1.446199999999988677e+02 5.546698798931519292e+00 -6.778826020217191051e+00 6.777487464494739156e-01
1.966373564837460508e+00 1.778791079977986023e+00 6.337180277358714697e+00 9.847859151560623303e+00 1.706224393242441018e+00 1.060587009567110162e+00 3.664074825404046720e-01 2.269331952592610335e+00 7.000000000000000000e+00 7.000000000000000000e+00 1.000000000000000000e+00 -2.173714547906631083e+02 1.572199999999911597e+02 1.949057896225781655e-02 -1.003205496372883365e+00 6.281700600808764356e+00
6.194410927610963791e-01 1.305634094756811692e+00 5.817367326076050560e+00 3.356267069933575264e+00 1.413799024326640508e+00 1.483101170668638558e+00 6.446556955503953690e-01 4.501032456366152346e+00 4.000000000000000000e+00 8.000000000000000000e+00 2.000000000000000000e+00 -2.047392277194479675e+02 2.400800000000151329e+02 5.293701732465025955e+00 -2.180531874468032583e-03 2.130486176669116739e-04
2.557914247256200646e+00 1.250602726636386830e+00 5.523312739176018837e+00 7.724375590340740949e+00 2.570537040408042095e+00 7.459759344419463201e-01 6.610516710315406108e-01 3.323175507516538119e+00 4.000000000000000000e+00 7.000000000000000000e+00 2.000000000000000000e+00 -1.742771796286777999e+02 2.100699999999860097e+02 4.327636226792800578e+00 -2.390281223736224689e-02 1.688274144603566342e-04
7.588230703861039705e-01 2.223503108864174571e+00 9.182523661718409613e+00 5.240451379979853108e+00 1.937110661479193974e+00 6.463217084513938060e-01 4.872047200336388495e-01 3.171032438359489003e+00 6.000000000000000000e+00 9.000000000000000000e+00 1.000000000000000000e+00 -4.120375673272187669e+02 2.700900000000045225e+02 1.731203545795102983e+01 -8.895186721719496037e-02 5.838351613214472994e-04
5.952234510952495450e-01 2.487168053145620394e+00 3.181288873442795317e+00 7.209591056344176074e+00 4.443554448689885916e-01 2.351108191546551485e-01 3.098400267617495429e-01 3.621217979509449236e+00 5.000000000000000000e+00 6.000000000000000000e+00 2.000000000000000000e+00 -2.143224884735406249e+03 4.662000000000025324e+01 7.494680295962887762e+00 -1.018335963497458474e+00 3.929003038574376688e-02
5.069141910461955058e-01 2.222208638904631162e+00 6.643602899615823176e+00 1.742354917969888728e+00 1.006979157433156136e+00 2.975201761273094103e-01 5.896290314633363394e-01 2.775259935415274271e+00 6.000000000000000000e+00 1.000000000000000000e+01 2.000000000000000000e+00 -2.924209811698543149e+02 3.000999999999997385e+02 8.898186323115902852e+00 -6.091620180363253693e-03 2.749381201813730076e-04
1.175684023436433634e+00 2.958648005009569815e+00 9.265357004453745660e+00 7.761923275624702079e+00 1.503457642004685013e+00 3.950730066418159381e-01 9.386268473441075066e-01 3.375855587153838933e+00 3.000000000000000000e+00 3.000000000000000000e+00 3.000000000000000000e+00 -4.238131023782687379e+01 8.412000000000242039e+01 2.008188986410393978e-02 -9.859614885904465220e-01 6.281190454586655925e+00
2.446311555192563603e+00 1.343103208082702782e+00 3.768182066030356658e+00 4.684949574592900845e+00 1.492004909040312022e+00 1.637649547681437667e+00 3.199738974339632058e-01 3.792098691247833386e+00 7.000000000000000000e+00 1.400000000000000000e+01 2.000000000000000000e+00 -2.562830995309884656e+02 4.201399999999720194e+02 2.888318720687655272e+00 1.216768575886177997e-02 5.134023528740563336e-01
3.285654593085061137e-01 2.875428913254713059e+00 4.952585611668505194e+00 6.056578248850826185e+00 2.727776643925869937e+00 6.505503176018121447e-01 7.142428000419187573e-01 3.156404169442707630e+00 3.000000000000000000e+00 6.000000000000000000e+00 4.000000000000000000e+00 -4.813026220881317840e+02 1.800600000000052887e+02 2.445453888050807123e+01 -1.567776937302993792e-02 6.283085987146019846e+00
1.769971607074218634e+00 1.644269738974861284e+00 4.673342226894292573e+00 6.422977203123891421e+00 2.715778137291039229e+00 1.097418406702072469e+00 2.116070071543431075e-01 2.276386652762373064e+00 7.000000000000000000e+00 1.400000000000000000e+01 1.000000000000000000e+00 -4.777031562361202646e+02 4.201399999999720194e+02 1.672707226475839093e+01 3.815629508484432580e-02 1.941455017119510240e-02
1.596884911139307084e+00 2.632402014247960498e+00 6.631534796357394512e+00 2.487329348881268665e+00 2.095737940229502438e+00 1.172692267661735288e+00 2.145007369545796627e-01 2.393843201413451194e+00 7.000000000000000000e+00 7.000000000000000000e+00 3.000000000000000000e+00 -2.067829425232383187e+02 2.100699999999860097e+02 6.359246407702831227e+00 -1.116650732949770741e-01 6.249871967456074096e+00
4.707051038314232216e-01 1.138639358123641365e+00 8.694020940618148785e+00 5.629474765655720248e+00 2.876446727038084017e+00 1.484734532755593861e-02 8.315685658886808884e-01 2.637756315299516707e+00 5.000000000000000000e+00 4.000000000000000000e+00 2.000000000000000000e+00 -4.661754053842885241e+02 1.200400000000075664e+02 2.538471283651779586e+01 2.786160160132722940e-01 2.016748936485828619e-03
1.747866222703359007e+00 2.057195913755117012e+00 5.123036298955532253e+00 5.679408870206311910e+00 1.980712228398451513e+00 6.677039624188270128e-01 6.157941995034130755e-01 2.475174356917973828e+00 7.000000000000000000e+00 4.000000000000000000e+00 1.000000000000000000e+00 -2.150300393965405419e+03 5.115999999999908709e+01 7.795024622837877004e+00 -4.866179955025300430e-01 6.231497765934967958e+00
1.022127734651343989e+00 2.273909510029693326e+00 5.981785299296958236e+00 5.791883070080234397e+00 1.354585589508224164e+00 1.228398887885239876e+00 5.982470114408832140e-01 2.358607072821158113e+00 2.000000000000000000e+00 5.000000000000000000e+00 3.000000000000000000e+00 -6.835826593603622996e+02 1.257499999999949978e+02 -1.721257020754207723e-02 -5.921710970722015688e+00 4.059684037775260990e+00
6.407164101525604227e-01 2.987762487330162031e+00 3.271549625816529527e+00 4.172174461682187641e+00 1.020261165854722485e+00 5.349047719108097620e-01 7.838449090186758728e-01 4.719348851492234154e+00 5.000000000000000000e+00 4.000000000000000000e+00 2.000000000000000000e+00 -2.321336881083648677e+03 1.259999999999990727e+01 1.968980506772803807e+01 -1.211192748730379742e+00 6.135517740504470297e+00
1.405421936937870431e+00 2.610975263235589594e+00 3.754069454209940648e+00 9.681600095703208453e+00 2.947607043064610188e+00 1.567612693328068185e-01 6.358904624225171220e-01 3.306412689628259738e+00 3.000000000000000000e+00 4.000000000000000000e+00 1.000000000000000000e+00 -2.327889618050573119e+02 1.200400000000075664e+02 1.079806011281584510e+01 -4.211361938640466318e-02 6.282654058409341324e+00
1.370066203493966128e+00 2.345471608685761211e+00 4.877666581036562476e+00 4.456729557037902190e+00 2.347391274437450992e+00 8.993526774821155589e-01 4.920087490700332800e-01 3.173636786018715572e+00 5.000000000000000000e+00 5.000000000000000000e+00 3.000000000000000000e+00 -1.113780124239488174e+02 1.500499999999998693e+02 2.272063276496805173e+00 -5.957921685859881439e-02 6.280869275274757690e+00
1.346520305448201560e+00 1.815182226404211452e+00 3.461267789641646164e+00 4.014643300748872434e+00 1.608998200991371474e+00 8.436163338562819858e-01 5.410272848370644150e-01 3.827816735926024450e+00 2.000000000000000000e+00 8.000000000000000000e+00 3.000000000000000000e+00 -2.222918740989615799e+03 5.823999999999911381e+01 1.211242131185103688e+01 -6.428930984840787843e+00 1.469647001421313881e+00
6.337708649308364528e-01 1.722944530393095475e+00 8.987813333517479464e+00 3.274966917990204784e+00 1.277725520436330697e+00 6.647181168523413897e-01 1.960434932781457973e-01 3.554031543593828335e+00 6.000000000000000000e+00 1.600000000000000000e+01 1.000000000000000000e+00 -5.161467104243266704e+02 4.801600000000302657e+02 1.725416940151947287e+01 -2.114647943233710203e-03 2.976515560154549371e-04
2.163421571420731659e+00 2.209406115780162772e+00 4.894771121707059081e+00 9.183465273965936149e+00 2.418067840851902517e+00 6.848104755324315729e-01 1.840580121212226361e-01 4.549952154789778547e+00 6.000000000000000000e+00 7.000000000000000000e+00 3.000000000000000000e+00 -2.389883508009063917e+03 1.379000000000003645e+01 2.393678175056646751e+01 -3.546152561350568000e+00 1.294242973933597218e+00
1.570843754963941130e+00 5.489235454143459592e-01 4.568753437740942225e+00 9.074557557520112283e+00 8.641231107983757820e-01 6.022298338893552483e-01 6.890566626838642295e-01 2.345939970216941894e+00 5.000000000000000000e+00 6.000000000000000000e+00 3.000000000000000000e+00 -2.103415291064883945e+02 1.068600000000025290e+02 1.342262946949809854e-02 -1.301970752170844570e+00 9.167780273551944248e-01
1.018812282407818515e+00 2.443686899961308168e+00 8.035692679305242336e+00 6.065688268316758780e+00 2.687495063762832537e+00 1.363155963762623601e+00 5.273872633167687729e-01 2.460709186183156927e+00 5.000000000000000000e+00 2.000000000000000000e+00 2.000000000000000000e+00 -2.384436443220810361e+03 5.319999999999974527e+00 2.386102770130064243e+01 -2.387322749558670854e+00 2.099859929633301342e-02
4.299341021792851131e-02 1.633250558671669017e+00 5.199070293785231556e+00 3.069491067066183465e+00 2.217545423822757211e+00 1.939791118197177422e+00 1.988216093889194069e-01 4.807395320843038888e+00 0.000000000000000000e+00 1.000000000000000000e+01 1.000000000000000000e+00 -5.983465950627606844e+02 3.000999999999997385e+02 2.801853719142255272e+01 -2.094269606205751560e-02 3.876650589337489548e-03
1.883337877170422558e+00 2.777518906267507859e+00 8.079837116204165781e+00 4.449799185383962019e+00 2.113457429410654065e+00 7.663609146467978972e-01 2.791029867070464743e-01 3.207390191617649489e+00 0.000000000000000000e+00 9.000000000000000000e+00 2.000000000000000000e+00 -3.666996743502392064e+02 2.700900000000045225e+02 1.447841714688981085e+01 -4.185574005496597166e-02 6.281427190484601297e+00
1.799423157979273880e+00 1.421010367508179772e+00 3.278348415652628134e+00 1.981437023187955226e+00 1.159845157321044429e+00 4.859076528205199530e-01 9.043514430853486497e-01 2.687611104414963759e+00 1.000000000000000000e+00 1.600000000000000000e+01 1.000000000000000000e+00 -6.695219634127612380e+02 4.801600000000302657e+02 2.684012271329662980e+01 2.273539380848662867e-04 6.283096053112897650e+00
1.678885547162997316e+00 1.492465649839589625e+00 3.197716398252561376e+00 6.937008533530695686e+00 7.195805665010158725e-01 2.513143990000083150e+00 3.828371108785647570e-01 2.276821584479341798e+00 1.000000000000000000e+00 2.000000000000000000e+00 2.000000000000000000e+00 -2.133124971795818965e+03 2.123999999999963606e+01 7.656560737238690351e+00 -1.607055232109739995e+00 6.095134552292084784e+00
2.117374813109184739e+00 1.628477280725417753e+00 3.919167826644936792e+00 2.868876630338213385e+00 1.457375001736921583e+00 8.032155589435145959e-01 4.357785997482007678e-01 4.237863529093178094e+00 2.000000000000000000e+00 8.000000000000000000e+00 3.000000000000000000e+00 -2.330416756181943583e+03 2.463999999999982649e+01 1.988104726137146727e+01 -5.085880042188139605e+00 4.316899955473435746e+00
3.079916234185304247e-01 2.740388827023909624e+00 2.413966696329442385e+00 6.249923676742932699e+00 2.339021552130758685e+00 6.884211953402301631e-01 6.684754061354606369e-01 3.816906619350647123e+00 8.000000000000000000e+00 5.000000000000000000e+00 3.000000000000000000e+00 -2.322647827091053841e+03 1.730000000000011084e+01 1.962486419319085940e+01 -2.180703712775048153e+00 5.699702742937181377e+00
7.293116809624446972e-01 1.672313272650852278e+00 2.905523033586584702e+00 7.086518163101735546e+00 1.883139366130687886e+00 2.407473278209067979e-01 3.092099316204328097e-01 2.707227343060017333e+00 9.000000000000000000e+00 9.000000000000000000e+00 2.000000000000000000e+00 -1.577474744615052487e+02 2.700900000000045225e+02 1.418904653843935826e+00 -3.788558362798472023e-01 1.712999911242874332e-03
6.740509281018945975e-01 2.649778766259323959e+00 9.632265154364437976e+00 8.361861090476411462e+00 1.614693977715656370e+00 1.923598683642604223e+00 5.256806507075139079e-01 2.981628220048826883e+00 6.000000000000000000e+00 2.000000000000000000e+00 1.000000000000000000e+00 -2.384310515524135553e+03 4.399999999999994138e+00 2.388190722025845503e+01 -2.998861636681127596e+00 6.283058564797428858e+00
1.026065757664163414e+00 2.421151158405971060e+00 5.991605643883429977e+00 6.820854029242022776e+00 1.994374340500250309e+00 1.511656600112065929e+00 5.198664774418252366e-01 2.330822243590127130e+00 2.000000000000000000e+00 2.000000000000000000e+00 2.000000000000000000e+00 -2.224878330704298079e+01 4.398000000000127585e+01 1.617395669014653342e-02 -9.561983222320568077e-01 6.281008243914818046e+00
