1.459053193343370580e+00 2.563398755932595918e+00 3.522259069755159899e+00 4.631662464700154302e+00 2.557763701784815602e+00 8.966741019979312943e-01 5.866537772830088260e-01 3.453884460201670059e+00 4.000000000000000000e+00 1.600000000000000000e+01 3.000000000000000000e+00 -2.410969524254982389e+03 1.542399999999974227e+02 2.086559526593648073e+01 -1.333305750127507627e+00 5.704596860210443765e+00
1.823518338104161529e+00 1.940692609987031192e+00 9.496999444780815480e+00 6.342247851392228242e+00 2.081214977048776227e+00 7.362086660352430423e-01 2.491516288499753817e-01 3.117796826524401155e+00 6.000000000000000000e+00 1.700000000000000000e+01 2.000000000000000000e+00 -5.433313597005128486e+02 5.101700000000154773e+02 1.801539748128157115e+01 -3.288160515931896899e-02 6.268690468555907280e+00
5.903739871309645615e-01 1.049708931003270562e+00 8.030384165983274869e+00 7.072916992894501043e+00 1.131138709832937517e+00 1.645646450321109677e+00 4.759124544164881065e-01 2.284278134625417511e+00 4.000000000000000000e+00 1.300000000000000000e+01 1.000000000000000000e+00 -4.833183076742787989e+02 3.901299999999891384e+02 1.801583172964276258e+01 1.415430015982246381e-01 5.194437572549920334e-02
1.971673327061820746e+00 2.121742647531171588e+00 2.578881148033379755e+00 4.384534451380125653e+00 7.067027936553988976e-01 6.590934129085197490e-01 3.493381286862473623e-01 3.889790022586837814e+00 4.000000000000000000e+00 8.000000000000000000e+00 1.000000000000000000e+00 -1.626427677502893800e+02 1.199199999999977990e+02 1.714398602742841712e-02 -8.081860592901960461e-01 6.166560751083118852e+00
1.416600601125276526e+00 5.063879030814195659e-01 1.715664270299155358e+00 9.877626038676998732e+00 1.178169872466861001e+00 1.951506369040086231e+00 3.837390066030424984e-01 2.519320376958023910e+00 1.100000000000000000e+01 1.100000000000000000e+01 2.000000000000000000e+00 -1.651071533364575146e+02 1.782000000000056161e+02 1.590316160352404917e-02 -9.605492434832217929e-01 6.058743382850185988e+00
1.316366152192367966e+00 1.526640229201288390e+00 3.474179304378746114e+00 7.854399475719164414e+00 1.374293344545163498e+00 2.429064056129188742e+00 7.065543935152507338e-01 2.663291081405657845e+00 8.000000000000000000e+00 1.200000000000000000e+01 1.000000000000000000e+00 -2.712466904592291712e+02 3.579600000000104956e+02 1.971865690336382232e-02 -1.458517933172331249e+00 7.071923870126214373e-01
1.509315988199419367e+00 7.202851815594228935e-01 8.690298793227384522e+00 6.080501456443501596e+00 2.240857525965892716e+00 6.384926186212022126e-01 7.488430234611826997e-01 2.445897889100366651e+00 2.000000000000000000e+00 8.000000000000000000e+00 1.000000000000000000e+00 -4.866021006953083088e+02 2.400800000000151329e+02 2.291013129345629551e+01 -1.122872953162260823e-01 6.280717167380405641e+00
1.119288287218022315e+00 1.381551334124017316e+00 3.762724660352355421e+00 7.495439407790845721e+00 2.034226301563200501e+00 1.247537438893994377e+00 2.733348116547779649e-01 2.648972767120214566e+00 7.000000000000000000e+00 1.600000000000000000e+01 2.000000000000000000e+00 -5.195327908136368933e+02 4.801600000000302657e+02 1.746579942585136180e+01 9.621595750903323696e-02 3.348118600427908986e-01
1.016320081863006708e+00 1.670704773456097358e+00 5.171135055905056177e+00 4.147862866044377483e+00 2.039578035402644041e+00 1.150719868076383268e+00 4.112870721889256842e-01 2.844799008024225806e+00 4.000000000000000000e+00 3.000000000000000000e+00 2.000000000000000000e+00 -2.137759852741334726e+03 2.727000000000027669e+01 7.757803296333412924e+00 -1.638350555195765113e+00 1.033754489306926289e-01
2.807120886402771909e-01 2.026279432380555079e+00 3.444726735121443451e+00 1.983555843914565742e+00 1.683213019829776336e+00 2.370304038794370793e-01 3.478612912777309107e-01 3.751359041062252153e+00 6.000000000000000000e+00 1.300000000000000000e+01 3.000000000000000000e+00 -4.717009809975793360e+02 3.901299999999891384e+02 1.728974881234904970e+01 4.486970005143933737e-02 3.935738299600875095e-02
2.303538066106075810e+00 1.994536063502714285e+00 5.348832532028588993e+00 3.484249282310079909e+00 2.225656267135018851e+00 8.872593825097599973e-01 3.957048983203799164e-01 4.075348181687846960e+00 5.000000000000000000e+00 1.100000000000000000e+01 2.000000000000000000e+00 -3.010594570667246899e+02 3.301100000000244563e+02 8.500278566669528857e+00 -2.821839323759445586e-02 6.282866439747672338e+00
6.802630153290261106e-01 2.135029194115429796e+00 4.871603953015584132e+00 3.843149142127647799e+00 2.246118112151395341e+00 8.397496426173690631e-01 6.366107098932708430e-01 3.474464721990043081e+00 9.000000000000000000e+00 8.000000000000000000e+00 1.000000000000000000e+00 -3.853374127011207975e+02 2.400800000000151329e+02 1.658108829381957605e+01 2.056046724193469067e-05 6.283184994462282624e+00
1.848772805916458317e+00 2.234079542392630291e+00 6.007555584407828775e+00 1.087603341523961653e+00 1.484251154446621035e+00 6.464574830418244877e-01 4.792858465988163452e-01 3.769236755376086823e+00 2.000000000000000000e+00 1.000000000000000000e+01 1.000000000000000000e+00 -5.568165986061393369e+02 3.000999999999997385e+02 2.542291241288371495e+01 1.310872113042515531e-02 6.277833063333560837e+00
1.942405012570548761e+00 6.408108798670886230e-02 5.778124436822999144e+00 5.404757378765864928e+00 2.076312636725439198e+00 5.293110665795712766e-01 7.854732804582890138e-01 3.121743567495110838e+00 1.000000000000000000e+00 7.000000000000000000e+00 2.000000000000000000e+00 -3.987045153392026577e+02 2.100699999999860097e+02 1.835434470870060508e+01 -3.707723857350099239e-01 6.344516844112753351e-04
1.786965400167465967e+00 1.632625276896440436e+00 4.481815495140573091e+00 9.067381571508363436e+00 1.305951629087839461e+00 1.798146320140501908e+00 3.595180853021923695e-01 2.771093448450320906e+00 5.000000000000000000e+00 1.200000000000000000e+01 2.000000000000000000e+00 -2.388903080401119325e+02 3.502800000000102045e+02 2.265281896671064721e-02 -9.656602680733860078e-01 6.194737082515459070e-01
1.185127602350674936e+00 2.979231254703087917e+00 9.617240825434649309e+00 8.047816076840760502e+00 2.659330725535124174e+00 2.432480574700078613e+00 4.894143321906511690e-01 2.795007153954711221e+00 0.000000000000000000e+00 4.000000000000000000e+00 2.000000000000000000e+00 -2.195438745288728569e+03 6.683999999999925024e+01 1.012617158054555944e+01 -4.818827571145570809e-01 7.850266439835364152e-03
9.023250853768125523e-01 1.502156827509076642e+00 6.318420598220861883e+00 6.378996824260546816e+00 2.221865439306967005e+00 1.889572138640632115e+00 5.372501275231503781e-01 2.995444535689617993e+00 4.000000000000000000e+00 1.100000000000000000e+01 2.000000000000000000e+00 -4.648526819997992447e+02 3.301100000000244563e+02 1.873735512498668854e+01 -1.218482276285055149e-02 4.065100129539109025e-04
1.509727055144594265e+00 2.134570229789157558e+00 6.565452500687626092e+00 2.446550829377664549e+00 1.009986560838671998e+00 1.344759568781334957e+00 5.183686290377885753e-01 2.941075603140945738e+00 4.000000000000000000e+00 1.100000000000000000e+01 2.000000000000000000e+00 -2.875738716365195273e+02 3.301100000000244563e+02 7.657429477281706198e+00 -5.922797409396236834e-02 2.586267738224051066e-04
1.720985186810803702e+00 1.827386079858039025e+00 6.552362855728276259e+00 8.588327038534837143e+00 1.551115505896451641e+00 1.798040331382904089e+00 2.490605819129538268e-01 2.088229764876101680e+00 4.000000000000000000e+00 1.100000000000000000e+01 2.000000000000000000e+00 -4.365432576988268352e+02 3.301100000000244563e+02 1.696801610617591294e+01 -1.887431418329663102e-01 2.718811191992608067e-02
2.263737275624381207e-01 1.538344253387410765e+00 8.234120072259630163e+00 7.187759000423605826e+00 1.018609864029078160e+00 1.532043809505112320e+00 3.051430605814303698e-01 2.514789964785962173e+00 6.000000000000000000e+00 9.000000000000000000e+00 4.000000000000000000e+00 -9.146787754448557735e+02 2.088000000000066336e+02 -1.225279317566152493e-02 -4.316749396859500543e+00 2.871052027727631906e+00
2.930640777257186969e+00 2.346510490336210619e+00 3.814623818986083492e+00 1.842465345189606030e+00 2.769490408855435959e+00 1.006966880936247977e+00 5.338496551194565898e-01 2.118505147738744654e+00 7.000000000000000000e+00 8.000000000000000000e+00 1.000000000000000000e+00 -2.546093512267386814e+02 2.312000000000137447e+02 1.550018318841322150e-02 -1.005578634840890384e+00 6.282604572634475915e+00
1.336083093573761094e+00 1.740739712624454372e+00 5.211415247559054720e+00 4.851358298978347250e+00 2.435279440715149235e+00 6.305020657680425744e-01 2.634598631418666459e-01 2.828622005855951471e+00 3.000000000000000000e+00 5.000000000000000000e+00 2.000000000000000000e+00 -1.275480329309258707e+02 1.500499999999998693e+02 3.282689558182871448e+00 -2.791884046704774525e-01 6.888797029021856639e-05
4.345065044887275185e-01 1.786162961347370626e-02 2.056037867503706540e+00 7.786501091367597382e+00 1.513397746291657242e+00 8.225270391779360146e-01 8.880221409003997701e-01 3.603892141644007285e+00 8.000000000000000000e+00 7.000000000000000000e+00 3.000000000000000000e+00 -2.338134659874758199e+03 2.555000000000008242e+01 2.033497874217237467e+01 -2.694806011843069005e+00 1.630677053359299800e+00
2.669594194774274065e+00 5.319517084152558528e-01 4.821147548178135622e+00 3.451553211256455533e+00 1.855389970784534492e+00 4.664835131427303994e-01 5.758904771184798488e-01 3.862310359942419780e+00 3.000000000000000000e+00 1.100000000000000000e+01 1.000000000000000000e+00 -3.067398086692777497e+02 3.301100000000244563e+02 8.855300541829093319e+00 8.629927401857721489e-03 6.282479782971119844e-05
2.199162503169348248e+00 1.025674431935284403e+00 1.757774880760691438e+00 2.125910371164264845e+00 1.081593340024254779e+00 1.086281224859266814e+00 7.205757551188727295e-01 2.854426012236457755e+00 5.000000000000000000e+00 1.600000000000000000e+01 3.000000000000000000e+00 -2.290869927956242918e+03 8.015999999999900183e+01 1.567437049726520470e+01 -1.100029767546163839e+01 5.674264208033485524e+00
1.193831686352845534e+00 4.844190733299438278e-01 3.631799803212909961e+00 4.768146021664607659e+00 1.757434113363333772e+00 2.059396950656378067e+00 5.963044829861181562e-01 2.867927391736009746e+00 2.000000000000000000e+00 6.000000000000000000e+00 1.000000000000000000e+00 -4.031585888183108750e+02 1.032600000000023925e+02 1.897957390965340774e-02 -4.309812829492298825e+00 1.387372459444475847e+00
1.631202860777388963e+00 1.732747204108288086e+00 6.484653312650460855e+00 3.230147647624333374e+00 2.581526122640449117e+00 4.704120514145519460e-01 3.892010596392144195e-01 3.284790781383911895e+00 2.000000000000000000e+00 1.500000000000000000e+01 3.000000000000000000e+00 -6.672685650454769757e+02 4.501499999999774104e+02 2.763709781534301513e+01 -1.106035705773931593e-01 2.842156529347099336e-03
1.246973779526266535e+00 2.432490136133367287e+00 6.324260751428730565e+00 5.999793232667016696e+00 7.054330560032372466e-01 2.350469417633428204e+00 4.041017626617711134e-01 2.344889285620224584e+00 2.000000000000000000e+00 7.000000000000000000e+00 1.000000000000000000e+00 -2.010071701630374434e+02 1.691199999999900001e+02 2.111696109038078278e-02 -9.344100128194600119e-01 6.180760051473585648e+00
3.162444076289127048e-01 3.277315455858684778e-01 4.467723550477406214e+00 5.458794419619513505e+00 2.012340985337986776e+00 1.859330492240198085e+00 5.583805995131426725e-01 2.341719016785222429e+00 9.000000000000000000e+00 1.700000000000000000e+01 3.000000000000000000e+00 -2.409793680602415407e+03 1.876799999999967099e+02 1.974710503765107106e+01 -3.545578938258987733e+00 6.080053469804179933e+00
5.392481283618930643e-01 1.025488787081327180e+00 6.559711656880742758e+00 7.201942906226972418e+00 1.927293291446921186e+00 7.598746159383569232e-01 1.788457237899493124e-01 2.403398803971730668e+00 7.000000000000000000e+00 1.800000000000000000e+01 2.000000000000000000e+00 -5.743316917705360538e+02 5.401800000000090449e+02 1.901510573565822426e+01 -4.096230928794431514e-01 2.117132782229787583e-02
1.893137787822053664e+00 1.904664809733201958e+00 4.662211641576654131e+00 4.031884119030658908e+00 2.099294102383545635e+00 1.228632143335011140e+00 3.242592025806900202e-01 3.101068386475075211e+00 6.000000000000000000e+00 1.500000000000000000e+01 3.000000000000000000e+00 -2.381698452540974358e+03 1.101000000000013159e+02 2.041552828381086115e+01 -5.811640371747760270e+00 1.972783110415741392e+00
1.205861295082273132e+00 2.449670009451331509e+00 7.520350645426863601e+00 3.936902451957061899e+00 1.698690648139025816e+00 1.816919329162941299e+00 3.848336629187417701e-01 2.424181293734420262e+00 4.000000000000000000e+00 1.600000000000000000e+01 2.000000000000000000e+00 -6.600084175103426105e+02 4.801600000000302657e+02 2.624552609439546558e+01 3.744199832827493218e-02 3.960871632219399585e-02
1.417430757846770639e+00 1.325843021343667605e+00 5.294568033713988875e+00 4.801700542709298247e+00 2.420770092543919727e+00 7.501119445082916615e-01 6.311499908362870892e-01 3.868381689637863552e+00 5.000000000000000000e+00 1.600000000000000000e+01 2.000000000000000000e+00 -6.547924983723223704e+02 4.801600000000302657e+02 2.591953114826920412e+01 -1.930703000424488502e-01 6.239124536481922334e+00
1.052396334233329123e+00 2.074949251648596782e+00 6.292167772009578997e+00 5.773814635587075195e+00 1.601867568514286244e+00 1.264170812246583786e+00 6.508620563824945027e-01 3.406789141111529862e+00 3.000000000000000000e+00 1.000000000000000000e+01 3.000000000000000000e+00 -2.344410111386815970e+03 5.220000000000047180e+01 1.989438196167599315e+01 -2.239180471514464532e+00 8.395559052487884255e-01
7.383518606000925022e-01 1.054056427771808746e+00 5.451977790080596797e+00 5.831117931197575821e+00 1.465355402329840295e+00 6.710333363126461670e-01 5.641279405703846228e-01 2.757191562252687245e+00 1.000000000000000000e+01 1.100000000000000000e+01 1.000000000000000000e+00 -2.601146484419048193e+02 3.284600000000242517e+02 2.408237794102105825e-02 -1.068198138327517865e+00 1.385324330537406334e-01
1.196325591526013143e+00 1.116597604033233271e+00 6.326773765086793233e+00 8.030383864413737527e+00 1.692371226210761082e+00 1.515934394724562040e+00 2.079439021941872356e-01 2.186647710545589263e+00 5.000000000000000000e+00 4.000000000000000000e+00 4.000000000000000000e+00 -1.790811100602103352e+02 8.072000000000141995e+01 2.293372349273072389e-02 -9.965884676954190891e-01 6.280409836088876041e+00
1.792495110196352659e+00 2.557742762750418564e+00 2.191875991400724644e+00 1.771055385874624299e+00 2.343841345686719091e+00 2.573490597470641794e-01 3.395920484762007252e-01 3.082217402924186889e+00 2.000000000000000000e+00 1.100000000000000000e+01 2.000000000000000000e+00 -5.220613843590263059e+02 3.301100000000244563e+02 2.231289902243837986e+01 3.636092828028893859e-02 7.662641940399996790e-04
1.135917244447878893e+00 2.634883500710761162e+00 3.477578165501914675e+00 3.022371345440343582e+00 1.519725145019561019e+00 3.710381851212634086e-01 2.418879814544339646e-01 2.923317365708757443e+00 4.000000000000000000e+00 2.000000000000000000e+00 1.000000000000000000e+00 -2.384669519516805849e+03 4.539999999999991154e+00 2.389996996980037025e+01 -2.313109571581993595e+00 4.364358409218374590e-02
1.319319958757180888e+00 3.028663968714663257e-01 2.621067020125027014e+00 3.853070052453742900e+00 2.890189488558656095e+00 1.569333092036122368e+00 7.892679134925655315e-01 3.597102920216239230e+00 9.000000000000000000e+00 1.600000000000000000e+01 2.000000000000000000e+00 -2.316899889970846289e+03 4.553600000000263890e+02 5.576243123177083483e+00 -4.606704840769894282e+00 2.003981711032477797e+00
2.418140699370260549e+00 1.221746392706252626e+00 6.561608517307916166e+00 4.260851133847838312e+00 5.609539662767115686e-01 7.815294908682894892e-01 3.071731588350097852e-01 2.044138547970469233e+00 6.000000000000000000e+00 1.600000000000000000e+01 4.000000000000000000e+00 -3.095107685933296580e+02 3.584000000000112323e+02 2.012317342553539626e-02 -9.329207688832639178e-01 5.560408815915485192e-02
2.205098540211039904e+00 1.850002403166939535e+00 3.785157462887232427e+00 2.881453356812183841e+00 1.646318585734086959e+00 1.997289179792335334e-01 5.647588237903428121e-01 3.732903849163542009e+00 1.000000000000000000e+00 5.000000000000000000e+00 1.000000000000000000e+00 -1.497818468228936695e+02 1.500499999999998693e+02 4.672302926430857539e+00 -1.012329955717709895e+00 6.246911367204821097e+00
1.553228733086707614e+00 1.445096109275101348e+00 4.719647167273310018e+00 9.171227802838972210e+00 2.491464066869105487e+00 2.826944118208343237e+00 5.523380680969497414e-01 2.521694620544119303e+00 4.000000000000000000e+00 7.000000000000000000e+00 2.000000000000000000e+00 -5.071909980888901828e+02 2.100699999999860097e+02 2.513474988055607184e+01 4.532034130063138100e-02 5.978528104617603312e+00
5.167804905784691982e-01 1.562562225026105756e+00 4.004422638977094273e+00 9.437326458096050530e+00 1.572916711816182200e+00 1.137059155684410516e+00 2.123301328768679719e-01 4.042177405185948480e+00 8.000000000000000000e+00 4.000000000000000000e+00 3.000000000000000000e+00 -2.388288311333547881e+03 7.600000000000005862e+00 2.403051945834674896e+01 -1.327288951350569013e+00 3.172797788550371090e-01
2.201558235436244626e+00 1.378495152012557234e+00 4.671102567992637233e+00 6.754360260007521433e+00 8.745652142838832299e-01 2.510243761316286015e+00 6.917172701208594843e-01 3.653752354644345779e+00 8.000000000000000000e+00 4.000000000000000000e+00 1.000000000000000000e+00 -2.334896165614913116e+03 1.183999999999992347e+01 2.056101035093206875e+01 -2.944963762206874502e+00 5.619336364534321504e+00
2.262757317936073154e+00 1.554157555139408009e+00 8.825645291225187705e+00 7.434467207773617581e+00 2.598707602308905074e+00 5.227591636581664369e-01 1.384728011794373881e-01 3.118467467840458252e+00 9.000000000000000000e+00 1.900000000000000000e+01 3.000000000000000000e+00 -5.528146052369110066e+02 5.701900000000110822e+02 1.673247532730659159e+01 5.229266004996953321e-02 6.223149071989783288e+00
8.993636007196406101e-01 8.910415118604108065e-01 8.628617956137432543e+00 8.653657999597447414e+00 1.673320893015390221e+00 2.789985322454903383e+00 1.641003041809648566e-01 2.932758804614662651e+00 4.000000000000000000e+00 1.200000000000000000e+01 1.000000000000000000e+00 -2.369239867991840583e+03 1.009200000000007975e+02 1.992374174949000221e+01 -2.395652873691783036e+00 4.696259662271582869e+00
1.934671092723172947e+00 2.928567870044527233e+00 8.586166020150388434e+00 1.653575024378499458e+00 8.166837245426379344e-01 9.016399710342132279e-01 6.361885500122194115e-01 3.501013081372737368e+00 5.000000000000000000e+00 1.100000000000000000e+01 1.000000000000000000e+00 -2.715702874211114022e+02 3.301100000000244563e+02 6.657205463818697488e+00 4.168382153818163405e-02 6.270795478244277632e+00
1.026065757664163414e+00 2.421151158405971060e+00 5.991605643883429977e+00 6.820854029242022776e+00 1.994374340500250309e+00 1.511656600112065929e+00 5.198664774418252366e-01 2.330822243590127130e+00 2.000000000000000000e+00 2.000000000000000000e+00 2.000000000000000000e+00 -2.224878330704298079e+01 4.398000000000127585e+01 1.617395669014653342e-02 -9.561983222320568077e-01 6.281008243914818046e+00
