1.339365296854032383e+00 1.496091024517518964e+00 7.477274765165939918e+00 2.297058406473624803e+00 1.972667618290095293e+00 1.708703579843522169e+00 3.444643113473412344e-01 4.013530260094591462e+00 1.000000000000000000e+00 1.000000000000000000e+01 2.000000000000000000e+00 -5.734642397558286575e+02 3.000999999999997385e+02 2.646338998473929749e+01 8.509966764424649333e-03 2.133597768989221898e-04
1.170679153509829762e+00 1.508471405332461268e+00 7.430235519609451167e+00 7.048395887832970885e+00 2.083911020914546608e+00 1.301853952057229868e+00 1.758815333134825520e-01 4.420270377200976597e+00 3.000000000000000000e+00 1.600000000000000000e+01 1.000000000000000000e+00 -2.397370819479521288e+03 1.430399999999976615e+02 2.036567621747016688e+01 -3.981128890693627298e+00 5.114336995993410406e-01
2.040345296664575425e+00 7.731119192772774040e-01 8.408499592408908541e+00 3.008039405359141050e+00 2.473534561353694095e+00 3.871276907723212313e-01 6.385508096819854096e-01 3.486181075317076772e+00 5.000000000000000000e+00 9.000000000000000000e+00 2.000000000000000000e+00 -4.201533577915654405e+02 2.700900000000045225e+02 1.781927236197270048e+01 -3.467646563240469465e-02 6.282817802032739429e+00
1.090607293738443451e+00 1.702263362498769972e+00 2.934876205467859656e+00 7.028897458414988364e+00 1.464011558574458194e+00 1.602976215776106717e+00 5.717981818369910485e-01 3.561467776472729163e+00 3.000000000000000000e+00 2.000000000000000000e+01 2.000000000000000000e+00 -2.336951597501084962e+03 1.619999999999993463e+02 1.599697484381784562e+01 -3.222488734232273444e+00 2.990954971622921565e+00
1.742504763333933449e+00 7.515225352380499046e-01 3.490208869846576967e+00 1.432725946225655189e+00 8.158815800897978310e-01 1.219679760979775374e+00 5.035474809441793376e-01 3.766528326770062662e+00 5.000000000000000000e+00 1.400000000000000000e+01 2.000000000000000000e+00 -2.164519787666605225e+03 1.234800000000004587e+02 6.423736729162802028e+00 -4.409051318803247632e+00 4.860836490157504741e+00
6.822903266019222368e-01 6.455709406078502521e-01 4.530381752941988083e+00 5.354941888217651602e+00 2.959521895647012180e+00 2.655904020047604064e+00 1.543458417664439475e-01 3.668239812065367644e+00 6.000000000000000000e+00 1.200000000000000000e+01 3.000000000000000000e+00 -2.273935887250759151e+03 3.767999999999996419e+01 1.594349295317245030e+01 -1.126638310513986774e+01 3.676631347626995172e+00
1.207606460946089477e+00 2.062444315940623607e+00 4.888674962343504404e+00 2.849163117184025484e+00 1.810494955733697564e+00 2.376546450913987751e+00 5.482025720841601224e-01 3.410594616748514163e+00 1.000000000000000000e+00 1.100000000000000000e+01 2.000000000000000000e+00 -4.825165106253612635e+02 3.301100000000244563e+02 1.984134441408431471e+01 -5.519373668221513873e-02 3.026979320414120321e-04
2.158686368279462364e+00 2.134395937403740895e+00 5.775837937340684292e+00 7.618454209568904290e+00 2.042260435629544624e+00 1.856308372389187777e+00 6.983645789889861843e-01 2.869205220445078641e+00 1.000000000000000000e+00 5.000000000000000000e+00 2.000000000000000000e+00 -1.506000971550653276e+02 1.500499999999998693e+02 4.723443572191587947e+00 1.247363844012465244e-02 1.322949834231396671e-01
1.949019800354174770e+00 2.342236254056041300e+00 2.984075423003569316e+00 9.213676916153694663e+00 1.793361441375765475e+00 1.278619760083625101e+00 1.403047230811355628e-01 3.639160378059008938e+00 5.000000000000000000e+00 1.300000000000000000e+01 1.000000000000000000e+00 -2.303233308517244495e+03 9.112999999999959755e+01 1.610426928232778110e+01 -3.804311952904495531e-01 7.344026681673548884e-01
1.524254818178382820e+00 2.447659840542585563e+00 5.065053362858302322e+00 9.082607468582885701e+00 1.513770260017858416e+00 2.472338012204600144e-02 3.647330746245879829e-01 3.845084344816514399e+00 4.000000000000000000e+00 1.100000000000000000e+01 3.000000000000000000e+00 -5.643708213778500067e+02 3.301100000000244563e+02 2.495723883611486471e+01 -2.137565282693504667e-02 6.282971092552365633e+00
1.449923304031508930e+00 2.476195391705404703e+00 5.923053878423559127e+00 5.115950268213118157e+00 2.709030827857529466e+00 1.693992284851347785e+00 5.370708555221850311e-01 4.425866609632849169e+00 0.000000000000000000e+00 5.000000000000000000e+00 2.000000000000000000e+00 -2.451985572009655812e+02 1.500499999999998693e+02 1.063584732506035380e+01 -2.670747756980070831e-01 6.277868810683594702e+00
1.746964697971433278e+00 7.524724469409058702e-01 7.680290246824917233e+00 9.071928719926050988e+00 1.894290278026645957e+00 7.317816681659594646e-01 2.822441895427860170e-01 3.430997152006507456e+00 4.000000000000000000e+00 1.400000000000000000e+01 3.000000000000000000e+00 -2.357843963260244436e+03 8.386000000000029786e+01 1.974462270376527684e+01 -8.914365396805957076e+00 5.735232734131198384e+00
6.742089760806525556e-01 1.287676106816290522e+00 7.054463894916501943e+00 8.133153497599764137e+00 2.202646372090304894e+00 1.391124158349544393e+00 5.470048714350208563e-01 4.321641225281362964e+00 6.000000000000000000e+00 1.100000000000000000e+01 2.000000000000000000e+00 -2.273417534707677078e+03 1.181399999999994463e+02 1.339672091922984976e+01 -4.331484408367535011e+00 7.562465848450115047e-01
1.817878477736558640e+00 1.282703088326677454e+00 5.457873815197018530e+00 6.013933360888944257e+00 2.021213619033356057e+00 2.335256376053910010e+00 8.195606965087836038e-01 3.388453558482170447e+00 9.000000000000000000e+00 1.500000000000000000e+01 1.000000000000000000e+00 -2.350619496597982106e+03 2.058000000000049283e+02 1.548246853737372497e+01 -3.948104943500421182e+00 8.051257193554155478e-01
3.209929301968768023e-01 1.082006013484942519e+00 6.462800937671563162e+00 4.783571132958921446e+00 1.794475289180360367e+00 9.925341473351776411e-01 4.313249198178915611e-01 3.680283279501374238e+00 2.000000000000000000e+00 1.500000000000000000e+01 3.000000000000000000e+00 -2.314029103554592439e+03 1.132500000000014353e+02 1.608775647216199189e+01 -1.497584374928507778e+01 4.508338335016597753e+00
1.061536240431742550e+00 1.176770183499619815e+00 4.596610992205867774e+00 4.774041249955829791e+00 1.081663154480932088e+00 4.955826741625100063e-01 5.469968297569375304e-01 3.008036052033242314e+00 4.000000000000000000e+00 1.600000000000000000e+01 3.000000000000000000e+00 -2.382695735047781000e+03 1.055999999999984595e+02 2.061848344048635440e+01 -3.887116954299884242e+00 3.790273977955914919e+00
2.641234473843496744e-01 1.991919589560922521e+00 8.739406764704627406e+00 3.385037127039027816e+00 1.920837887607891536e+00 1.693301671127671604e-01 3.431686099517827770e-02 4.466643909375901167e+00 4.000000000000000000e+00 9.000000000000000000e+00 1.000000000000000000e+00 -4.018304490854523010e+02 2.700900000000045225e+02 1.667409056784062926e+01 -1.864109757255328834e-02 2.167812068695277629e-03
1.342589151830602123e+00 1.702972376963721057e+00 2.620735460318323273e+00 6.141904583956771191e+00 2.401972005715233394e+00 2.063843990222314240e+00 4.967205024897936583e-01 3.558849278707183927e+00 4.000000000000000000e+00 9.000000000000000000e+00 2.000000000000000000e+00 -2.290152417564308962e+03 6.570000000000122498e+01 1.608140109776927318e+01 -4.850616712556783838e+00 5.209019615662795033e+00
2.910613608716567491e+00 2.823807695368860671e+00 3.749925309498643777e+00 9.201643014126442921e+00 2.390570256557562612e+00 1.947367717614585381e+00 1.089136737040710123e-01 2.952579202059125052e+00 8.000000000000000000e+00 1.000000000000000000e+01 2.000000000000000000e+00 -1.882540712653119499e+02 2.110999999999922920e+02 1.932608422584160268e-02 -9.579652525639146265e-01 1.834476759825671710e-01
2.015669752832653483e+00 2.302465896236258303e+00 3.748189307063862774e+00 3.029983890106589861e+00 2.279708987250831598e+00 9.935300508160525013e-01 8.388959767927990363e-01 3.194554745024899667e+00 5.000000000000000000e+00 1.200000000000000000e+01 1.000000000000000000e+00 -4.660405390396792313e+02 3.601200000000105774e+02 1.787378368997962141e+01 3.276843470101660771e-01 6.274530357850192530e+00
1.930021353948021323e+00 2.941269960520663140e+00 4.617924424728584221e+00 3.468073697536127931e+00 2.060228484712274710e+00 1.601722716542674396e+00 9.403308095147627776e-02 2.117727640768783726e+00 4.000000000000000000e+00 1.300000000000000000e+01 2.000000000000000000e+00 -4.674463188134515121e+02 3.901299999999891384e+02 1.702383242584106071e+01 -3.537174027983880538e-03 6.281705272761105796e+00
1.545654151578539803e+00 2.394048675129794468e+00 4.848666693625983015e+00 6.285317989960200080e+00 2.136690375591918212e+00 1.511782031289340411e-01 4.959043003440458119e-01 4.273226254079824926e+00 0.000000000000000000e+00 1.400000000000000000e+01 4.000000000000000000e+00 -4.085242395014449812e+02 4.201399999999720194e+02 1.240338996884118572e+01 -1.002444432969274712e-01 6.279743993038288785e+00
1.289278900252378346e+00 2.327370018398684515e+00 3.951138310434216816e+00 8.225161552702740408e+00 1.250900828460158376e+00 2.480393322076973606e-01 7.183500333232067936e-01 3.805212300581521045e+00 4.000000000000000000e+00 5.000000000000000000e+00 2.000000000000000000e+00 -1.179453297253299411e+02 1.500499999999998693e+02 2.682520607833125847e+00 -3.310322702723636490e-02 6.282094875734431483e+00
6.061377085017389810e-01 1.322114253689484542e+00 4.409575512452661883e+00 4.723818680126903757e+00 1.316080407751317294e+00 1.139776983350932138e+00 7.366753875383618144e-01 3.454340145366440851e+00 1.000000000000000000e+00 1.600000000000000000e+01 1.000000000000000000e+00 -2.439228078878748875e+03 3.819200000000149089e+02 1.551675492992134053e+01 -3.357733524317764839e+00 6.444998074523001774e-01
1.887567193387188702e+00 1.128816629983869557e+00 5.607293014669457953e+00 6.099222980350667456e+00 2.626298215531650992e+00 1.025093351881718240e+00 4.408733102552909178e-01 3.119214997087680352e+00 1.000000000000000000e+00 6.000000000000000000e+00 3.000000000000000000e+00 -2.278199843792473530e+03 5.220000000000046469e+01 1.575624023702959242e+01 -5.045192850205880930e+00 2.557530954324889638e+00
1.759692518183707755e+00 2.276830581792878672e+00 3.421442107070961747e+00 6.606500522628929950e+00 1.704116308620652331e+00 1.961189324091423547e-01 3.300868714612859023e-01 3.384949777361452306e+00 1.000000000000000000e+00 1.800000000000000000e+01 2.000000000000000000e+00 -5.727468503425506015e+02 5.401800000000090449e+02 1.891605314640912994e+01 -3.575222468251218477e-02 2.196348821977334165e-03
2.114270550771451873e+00 2.737850706709568094e+00 4.403586341938334314e+00 7.538947761202313913e+00 1.811739719146943317e+00 1.834874157929995420e+00 5.457410281642067762e-01 3.778942597623757838e+00 5.000000000000000000e+00 1.700000000000000000e+01 1.000000000000000000e+00 -2.275311447551684978e+03 1.463699999999997488e+02 1.263290297198032164e+01 -6.654175183077375877e+00 1.481131682967661067e+00
1.682386515790036174e+00 1.686184786834715066e+00 5.585782857908899501e+00 7.947119217712894645e+00 2.255805838693489385e+00 3.560934068449467804e-01 3.952994565313937003e-01 2.578811303137411581e+00 5.000000000000000000e+00 1.500000000000000000e+01 1.000000000000000000e+00 -5.666316896469717221e+02 4.501499999999774104e+02 2.134729310293644033e+01 2.397197957166372854e-03 1.444255066669732968e-04
2.166089072293724271e+00 1.744766606532416775e+00 5.681751170724594679e+00 3.840621349441468269e+00 1.517751615701065093e+00 1.704591056181172570e+00 3.070884523434400104e-02 3.844057167626926397e+00 1.000000000000000000e+00 1.300000000000000000e+01 4.000000000000000000e+00 -2.355514867578426674e+03 4.563000000000018730e+01 2.079374172365166373e+01 -8.646461514525093150e+00 8.319842484508428448e-01
1.821636073610017004e+00 2.733554313264634050e+00 6.724048891922958404e+00 6.746196219725456800e+00 1.262666778096816822e+00 4.469304823253016923e-01 5.324516193104993356e-01 3.417922477527149283e+00 0.000000000000000000e+00 9.000000000000000000e+00 3.000000000000000000e+00 -7.027970044110455774e+02 1.901700000000059276e+02 2.539795729313357175e-05 -2.519321441497860636e+00 4.001635335056945131e+00
2.813770765399381535e-01 1.342310387006761641e+00 1.068817537659828787e+00 5.985326713372174368e+00 1.076029153756029144e+00 2.189993385857949004e+00 4.799792212507936195e-01 2.492524610346168679e+00 3.000000000000000000e+00 7.000000000000000000e+00 1.000000000000000000e+00 -1.716036112405626852e+02 1.151499999999952593e+02 1.862102690608428979e-02 -9.082337981829029516e-01 6.167371651056508419e+00
8.889319402760879063e-01 1.636406445589236203e+00 4.579783274740506727e+00 5.784502446539777409e+00 1.094434998666076853e+00 1.951802423643132389e+00 7.647481066004307992e-01 2.322086288548833366e+00 5.000000000000000000e+00 1.300000000000000000e+01 1.000000000000000000e+00 -4.700927833281923540e+02 3.901299999999891384e+02 1.718923645801236333e+01 1.764183656596006733e-01 6.208337946501546689e+00
9.487583530503875817e-01 1.210446462226207887e+00 5.633439707903686866e+00 6.272211970165457728e+00 9.776812526545182180e-01 2.573355606065041101e+00 8.199112388418754449e-01 2.796206209079173721e+00 3.000000000000000000e+00 1.200000000000000000e+01 2.000000000000000000e+00 -2.319564780271948621e+03 1.401600000000022703e+02 1.559279876699670275e+01 -3.132680157897487216e+00 4.512377277640667650e+00
1.957438310477678467e+00 6.230423764578130186e-01 5.023774696751744706e+00 6.046758328648746073e+00 2.121912646490511811e+00 4.365215861211305115e-01 4.468694290942440972e-01 3.328089800442018298e+00 7.000000000000000000e+00 1.300000000000000000e+01 2.000000000000000000e+00 -2.614668561862669662e+02 3.901299999999891384e+02 4.150116011642024816e+00 -3.708569665552018807e-02 3.081262089737838231e-02
1.381480422950606801e+00 1.933210101499775790e+00 1.175076868394428153e+00 6.371957089730909018e+00 2.598849123767434044e+00 8.879513611997780220e-02 4.397683874738027021e-01 3.457914009099347208e+00 0.000000000000000000e+00 1.300000000000000000e+01 1.000000000000000000e+00 -3.010196656078535398e+02 3.901299999999891384e+02 6.622166600491187438e+00 3.542081239468651555e-02 2.595429326705999545e-02
7.249089466572717910e-01 1.821740898455387114e+00 4.390158438480218805e+00 3.435838160639270278e+00 2.845853876600364707e+00 9.291482369851926659e-01 5.238328533670728593e-01 4.086027719758363652e+00 7.000000000000000000e+00 1.800000000000000000e+01 4.000000000000000000e+00 -2.426325289256807537e+03 3.024000000000089017e+02 1.719533057855019109e+01 -5.299274069330378589e-01 6.278649240811520649e+00
5.188270072890892592e-01 1.500006906436297971e+00 4.702741654166985974e+00 2.860967804660986324e+00 2.618651417057835218e+00 3.326726580033581016e-01 1.073744506268192733e-02 2.188607459765130603e+00 1.000000000000000000e+00 1.100000000000000000e+01 3.000000000000000000e+00 -5.866669366957066813e+02 3.301100000000244563e+02 2.635074604348089977e+01 -5.102571413542140999e-02 3.254283462882868495e-03
7.445846381231311373e-01 2.790250892559376528e+00 5.422471413012813102e+00 3.405602936097620770e+00 2.382129647346194812e+00 8.295812991644706536e-01 7.154909588777691454e-01 3.951535757013926009e+00 6.000000000000000000e+00 7.000000000000000000e+00 1.000000000000000000e+00 -2.518498196526567199e+02 2.100699999999860097e+02 9.175926228291482190e+00 -5.666356799695894571e-03 6.283094659752188171e+00
6.089084571626821596e-01 6.184220031203568890e-01 4.708966102651976016e+00 7.655515221995204733e+00 1.847891700566221873e+00 1.681496441808610243e+00 2.262446016691022077e-01 2.819894262879231395e+00 8.000000000000000000e+00 9.000000000000000000e+00 2.000000000000000000e+00 -2.159288913793149618e+02 2.606400000000071486e+02 2.404768371897070267e-02 -9.524273984612920962e-01 6.079635165040251366e+00
1.951588567471246316e+00 2.152413289154127884e+00 5.262093544220042496e+00 2.923006709112713430e+00 1.571859888675051886e+00 1.825533319529733411e+00 8.067411808649320726e-01 3.022342520790614273e+00 1.000000000000000000e+01 3.000000000000000000e+00 1.000000000000000000e+00 -2.386491417449874007e+03 8.250000000000015987e+00 2.389790109061711831e+01 -7.623364392080128615e-01 1.301461736792980427e-03
1.023675476069856594e-01 2.795716402625220365e+00 3.144968060064859294e+00 6.823730433355017055e+00 1.196298141141608262e+00 6.912905955001041880e-01 4.350402905094542527e-01 3.809197498010354010e+00 5.000000000000000000e+00 1.600000000000000000e+01 2.000000000000000000e+00 -5.221592099374881855e+02 4.801600000000302657e+02 1.762995062109206756e+01 -6.226962895886134497e-02 6.234025697984457715e+00
2.147607215947105352e+00 2.491285399269171918e+00 8.506863915612983718e+00 7.373599742765729381e+00 1.602857245395869823e+00 1.005053636613790990e+00 1.012172375240490696e-01 2.916849710546984387e+00 4.000000000000000000e+00 1.500000000000000000e+01 3.000000000000000000e+00 -2.271024003725451621e+03 1.332000000000021771e+02 1.277650023284067871e+01 -1.686536000331541985e+01 4.904856599733355083e+00
2.345137822200980271e-01 2.368663863480819032e+00 5.278845192608821790e+00 7.809880485098309677e+00 1.889372615721119475e+00 2.978783654348168830e-01 1.073038471484452638e-01 4.473577037079448537e+00 0.000000000000000000e+00 1.400000000000000000e+01 2.000000000000000000e+00 -2.305619635720276165e+03 2.841999999999852662e+02 1.021997723251772072e+01 -8.310028895885615552e-02 5.700502736708591353e-03
1.182841007671117772e+00 1.881233434487559864e+00 6.317063926053728906e+00 7.703991676422351276e+00 4.444917167357592680e-02 1.139095129144933605e-01 5.707654593585590463e-01 3.574314707434597338e+00 4.000000000000000000e+00 1.300000000000000000e+01 2.000000000000000000e+00 -2.393889464624979155e+03 2.625999999999996604e+01 2.379746653906117970e+01 -3.070980175082163477e+00 9.512044284114416770e-02
1.042515114904503770e+00 1.364884197915406272e+00 1.871484586070185641e+00 1.845418415451606897e+00 1.986190832754429314e+00 1.314030737208694566e+00 7.563233086963802032e-01 3.583245385825373663e+00 0.000000000000000000e+00 7.000000000000000000e+00 2.000000000000000000e+00 -2.085195474518562605e+03 1.106699999999956958e+02 1.866279657410292225e+00 4.550059955115839938e-02 1.149080625301157274e-02
7.090095204594616396e-01 1.630328900837438200e+00 3.962479821689258053e+00 6.538184153895355344e+00 2.728885336039191589e+00 5.856302748474440101e-01 1.449625860804248934e-01 3.448120752473651240e+00 7.000000000000000000e+00 1.800000000000000000e+01 4.000000000000000000e+00 -5.535284186312878774e+02 5.401800000000090449e+02 1.771490116445521323e+01 1.142573923846846168e-01 6.277670333735236419e+00
1.344776575753133363e+00 2.789597330334827152e+00 9.049529396202640186e+00 3.197265693520022101e+00 2.462437875633095352e+00 1.140598217468407061e+00 8.067347741856548682e-01 3.608287177806531076e+00 8.000000000000000000e+00 1.300000000000000000e+01 1.000000000000000000e+00 -4.753142559898942636e+02 3.901299999999891384e+02 1.751557849936873268e+01 2.592325460054577535e-01 9.925138470655838971e-03
2.886603375542454053e+00 1.710841710735540477e+00 2.543653856599467744e+00 8.810029579914939291e+00 2.921325708479074912e+00 2.112069426990213827e+00 5.088737460778904875e-01 3.133906503030824187e+00 5.000000000000000000e+00 5.000000000000000000e+00 2.000000000000000000e+00 -9.192623898344730549e+01 8.709999999999719478e+01 1.863606950431594134e-02 -9.678073066488586118e-01 5.856766086782857483e-01
