1.498581726787139079e+00 1.052789124323346925e+00 3.776885790487694017e+00 3.944519404425681053e+00 1.714221160731276283e+00 5.916697056429061075e-01 3.728668108824697569e-01 2.659794475012260406e+00 4.000000000000000000e+00 1.800000000000000000e+01 5.000000000000000000e+00 -6.267427952546800043e+02 5.401800000000090449e+02 2.229079970341721761e+01 3.501959501891745152e-02 2.039197957144001094e-02
8.401880955814184926e-01 1.050151518309439869e+00 2.399531988966674412e+00 3.838330656691166798e+00 2.096938905458150870e+00 3.679564222562897724e-01 8.861273696977783887e-02 3.142580589478720654e+00 8.000000000000000000e+00 1.300000000000000000e+01 2.000000000000000000e+00 -3.324981365584808373e+02 3.901299999999891384e+02 8.589571034905393532e+00 3.207215544505105653e-02 7.990935539589540809e-03
1.265654518843141396e+00 2.331614802111104723e+00 4.408080097381271045e+00 1.157489545280086185e+00 1.022675281706348471e+00 1.164141137004523374e+00 8.525676227295905241e-01 2.257418312163158802e+00 1.000000000000000000e+01 9.000000000000000000e+00 5.000000000000000000e+00 -2.276877172495119908e+02 2.151900000000068758e+02 2.147061913406461686e-02 -1.094948286205259746e+00 6.314274508461781288e-02
2.698983291471711787e+00 1.758314881789982742e+00 5.257760521552509836e+00 3.583029679601781758e+00 1.998383812057497044e+00 1.400100145039906874e+00 2.099359755023895990e-01 2.796525401890292972e+00 1.000000000000000000e+01 1.600000000000000000e+01 2.000000000000000000e+00 -2.255531197922473439e+03 2.692799999999973011e+02 7.555699870154682252e+00 -2.493725197037237606e+00 6.000585306289300647e+00
1.154912439461404983e+00 1.806421995216898946e+00 8.314324031736083143e+00 2.804636291309879681e+00 7.140156808044819670e-01 1.728061066445097715e+00 3.182779509022792275e-01 2.466661688013797704e+00 6.000000000000000000e+00 5.000000000000000000e+00 2.000000000000000000e+00 -2.388762162276329491e+03 1.495000000000007745e+01 2.383044764227057399e+01 -1.744571236068197750e+00 6.893130364676622324e-02
8.552862810427911411e-01 1.077152775037326426e+00 9.283390741539900404e+00 7.194928984730845301e+00 2.507108194987301086e+00 5.379373881789265566e-01 5.955161748816442113e-01 2.528971166736410314e+00 9.000000000000000000e+00 1.000000000000000000e+01 2.000000000000000000e+00 -5.246422158264142581e+02 3.000999999999997385e+02 2.341201348915090108e+01 -5.686136922529077403e-02 6.275222551271181004e+00
1.342263932967132867e+00 1.443476935422813856e+00 4.065858965484200560e+00 1.953143452164197047e+00 1.902213291688436891e+00 5.225034162187339737e-01 1.122794100064462841e-01 2.920380456119197721e+00 4.000000000000000000e+00 1.800000000000000000e+01 5.000000000000000000e+00 -6.544953410232178612e+02 5.401800000000090449e+02 2.402533381395083012e+01 1.177351780701509365e-01 6.268377725648755394e+00
6.585401884757950963e-01 2.241285147509143094e+00 2.263004747238135383e+00 2.221150727271444136e+00 2.220356444494574255e+00 1.676191762862280221e+00 1.740673246685301712e-01 2.713141047639859416e+00 5.000000000000000000e+00 1.300000000000000000e+01 4.000000000000000000e+00 -2.309091667974921165e+03 1.107599999999989109e+02 1.585697924843259976e+01 -1.264663680796454193e+00 7.394180132472933931e-01
1.278090641464883159e+00 1.800796633840078487e+00 4.592468836562596302e+00 3.457422582646358045e+00 1.786247661993262570e+00 5.819755812516490545e-01 6.187328381008518896e-01 2.407956238433297980e+00 1.000000000000000000e+00 1.500000000000000000e+01 4.000000000000000000e+00 -6.668713995570760744e+02 4.501499999999774104e+02 2.761227497231796235e+01 2.397182344108449159e-02 5.827701344665037198e-03
1.528806704072732447e+00 6.788347031625624473e-01 6.994414435785901496e+00 6.181594672124349543e+00 8.924199778690704576e-01 1.465789328935243274e+00 5.104333779242071767e-01 2.573659620505424073e+00 2.000000000000000000e+00 1.200000000000000000e+01 4.000000000000000000e+00 -2.342946398005988158e+03 1.327200000000019884e+02 1.728664987537420927e+01 -3.565405893603354137e+00 1.194005299085768579e+00
3.303179088966524679e-01 1.317514002271522822e+00 6.761476138660579061e+00 3.516470219102108441e+00 2.350022380080051043e+00 8.685230772293053292e-01 2.072934341528342994e-01 3.169923386717490743e+00 7.000000000000000000e+00 1.100000000000000000e+01 2.000000000000000000e+00 -5.845335265963193478e+02 3.301100000000244563e+02 2.621740791226919498e+01 -1.045764170768757884e-03 1.252156470556293859e-02
8.450066641601978734e-01 1.530257263833112225e+00 7.943532603525533808e+00 4.090417656837736615e+00 2.052502677510725348e+00 1.510818126287028385e+00 2.551194045829003887e-01 2.947492986970648765e+00 9.000000000000000000e+00 1.000000000000000000e+01 1.000000000000000000e+00 -2.312531784737275302e+03 1.440999999999961005e+02 1.503011154607979627e+01 -2.683591592428896444e+00 4.797690062783741105e+00
4.123388283893640871e-01 1.429147677221354273e+00 5.989607998993740523e+00 3.574215833520285379e+00 1.693652578022443178e+00 1.139432835862231652e+00 2.770886655930014375e-01 3.395394463222408454e+00 3.000000000000000000e+00 1.100000000000000000e+01 2.000000000000000000e+00 -4.732019331352487370e+02 3.301100000000244563e+02 1.925918332095228180e+01 -9.753610440423193806e-03 6.276931729708698171e+00
1.944900810337253372e-01 2.691737416206355871e+00 3.613349070526842066e+00 2.581746516812070791e+00 2.876844911152453665e+00 8.295308710928201990e-01 7.439457946368249752e-02 3.623165868205488138e+00 3.000000000000000000e+00 9.000000000000000000e+00 2.000000000000000000e+00 -5.445141048955899805e+02 2.700900000000045225e+02 2.559181905597423423e+01 -2.279315638040917830e-02 1.623492752418612128e-02
4.059398786111967361e-01 8.503175982281788725e-01 6.819574901238846465e+00 6.659241684000129169e+00 1.663398227613833269e+00 1.158024226816069646e+00 6.616443819509756352e-01 3.106145840622906995e+00 9.000000000000000000e+00 1.000000000000000000e+01 2.000000000000000000e+00 -5.430241196326425097e+02 3.000999999999997385e+02 2.456088247704016325e+01 -1.309468143674857865e-02 6.282966374546420596e+00
6.308495052204898812e-02 1.733487628889287757e+00 4.875288210993484306e+00 1.391665313973613927e+00 2.711000257832623994e+00 9.540273533514260773e-01 4.257544494838473859e-01 3.065045672377599395e+00 5.000000000000000000e+00 1.300000000000000000e+01 3.000000000000000000e+00 -6.240302104053382664e+02 3.901299999999891384e+02 2.681032565033398285e+01 2.831379442801124635e-01 6.131653031242969121e+00
6.089040086274448704e-01 2.015507415966204086e+00 2.699763725681554316e+00 5.244553492914655557e+00 2.201516856003118860e+00 1.444753993943011627e+00 3.835457288312317248e-01 2.720387938648835657e+00 7.000000000000000000e+00 1.600000000000000000e+01 1.000000000000000000e+00 -2.340099446711420569e+03 2.121599999999961881e+02 1.462621541946391801e+01 -3.638621229650325084e+00 1.089686434109220059e+00
9.291783055686614334e-01 1.165103577486477082e-01 8.353464591293427333e+00 3.970828359767801796e+00 2.997243635606929857e-01 7.573626884295475703e-01 3.603970717286173464e-01 2.545170674733454153e+00 8.000000000000000000e+00 1.000000000000000000e+01 4.000000000000000000e+00 -2.356633563590193717e+03 5.000000000000044054e+01 2.072709772438709308e+01 -1.046522718203815261e+00 5.967132304735915049e+00
2.686195061093291647e-01 3.574023613528172216e-01 7.653860765913874431e+00 4.690692806806917581e+00 2.264903060207167584e+00 5.134944080230104957e-01 2.399481602540629588e-01 2.779827160025402755e+00 5.000000000000000000e+00 1.100000000000000000e+01 2.000000000000000000e+00 -5.786644339356720366e+02 3.301100000000244563e+02 2.585058962097873803e+01 1.181585443067819374e-01 6.804151648769796168e-03
8.319622705736928747e-01 1.363893844009913980e+00 7.638135298586854915e+00 5.080300963812153014e+00 1.320439961714825472e+00 3.186963998507348350e-01 1.996065544354752030e-01 2.352506821800586234e+00 6.000000000000000000e+00 1.600000000000000000e+01 5.000000000000000000e+00 -5.412470775105040275e+02 4.801600000000302657e+02 1.882294234440555414e+01 -4.504631001531966827e-02 2.631724093422861677e-02
1.143897469177032278e+00 1.916435148788391940e+00 5.314595241387975122e+00 3.465251463538125520e+00 2.461320439009304639e+00 4.344414002314626877e-02 4.793233800997462879e-01 3.444804658301242828e+00 5.000000000000000000e+00 1.200000000000000000e+01 3.000000000000000000e+00 -5.944197803867768926e+02 3.601200000000105774e+02 2.589748627417322524e+01 -1.685079920904492545e-01 2.737148043086242225e-02
7.689155958921051193e-02 1.668251160151837054e+00 4.721583831565351552e+00 1.880826096597069119e+00 1.532150350002899231e+00 5.368607269458925968e-01 7.280912700117740943e-01 2.648823387981272148e+00 4.000000000000000000e+00 1.200000000000000000e+01 2.000000000000000000e+00 -5.967839490900521469e+02 3.601200000000105774e+02 2.604524681812792508e+01 9.588816624087642682e-03 1.168959426758242257e-03
1.202205819551232846e+00 2.410140008838780545e+00 6.152265184762696570e+00 6.557087596274508101e+00 7.462216700457251495e-01 8.623827435133663011e-01 8.019330821098389350e-01 2.325877812810745127e+00 1.000000000000000000e+00 1.000000000000000000e+01 3.000000000000000000e+00 -4.676340887171055556e+02 3.000999999999997385e+02 1.984900554481910717e+01 7.244951663602475396e-03 1.194885462350822429e-02
3.193493664790301167e-01 5.984977907312138967e-02 4.984803514206119779e+00 8.249757108732527655e+00 2.659318278774409627e+00 2.229890786210980025e+00 3.778027741479030865e-01 2.032351283113457363e+00 5.000000000000000000e+00 1.400000000000000000e+01 1.000000000000000000e+00 -2.469640890736245183e+03 2.708999999999865622e+02 2.088693067101574030e+01 -1.546230069055365242e+01 3.963101615315546056e+00
1.929037706050809042e+00 2.620207295941083370e+00 4.235000684102889323e+00 6.160348195991243614e+00 2.373357698486410872e+00 4.461959137763283900e-01 4.124474805948601941e-01 3.122277368385433238e+00 7.000000000000000000e+00 1.000000000000000000e+01 3.000000000000000000e+00 -4.787197095052331406e+02 3.000999999999997385e+02 2.054185684407708123e+01 -1.815681410228741147e-02 6.282785363145436008e+00
5.203166546408773963e-01 2.709996995184209112e+00 5.165864045450105912e+00 4.714012708832614251e+00 1.690983927864473602e+00 2.013792039482094065e-01 4.693456406850810003e-01 3.148910284941784710e+00 4.000000000000000000e+00 2.000000000000000000e+01 4.000000000000000000e+00 -7.306527622044368400e+02 6.001999999999994770e+02 2.690954763777731529e+01 -1.417211483672560501e-01 6.281198233306017009e+00
6.008291594887231746e-01 1.155272013330391756e+00 6.966193427523192483e+00 4.631946532840234276e+00 2.326411955066478576e+00 1.918854902361017745e+00 1.914381606433090965e-01 2.151051567597080716e+00 1.000000000000000000e+01 1.300000000000000000e+01 3.000000000000000000e+00 -4.951246337775097572e+02 3.901299999999891384e+02 1.875372711109470103e+01 7.361304942209823121e-02 6.267490350019401468e+00
9.231735126963294125e-01 8.476360687391037985e-01 3.763119734438127306e+00 3.612781850642372117e+00 7.971323778651715486e-01 5.333096725370634061e-03 1.896289410673220044e-01 2.189446642746953664e+00 4.000000000000000000e+00 2.000000000000000000e+01 4.000000000000000000e+00 -6.491698796383323042e+02 6.001999999999994770e+02 2.181686747739578536e+01 9.580715485046301105e-02 6.273942228424798095e+00
2.372955180644668260e+00 6.062325679992441874e-01 5.612247526484741122e+00 2.413271336704415404e+00 1.637725679688547764e+00 1.692120396551320738e+00 3.102805244192664569e-01 2.262505650648065192e+00 1.100000000000000000e+01 8.000000000000000000e+00 2.000000000000000000e+00 -2.273028568331302722e+03 6.815999999999890235e+01 1.493428552070645488e+01 -8.511962736095266546e-01 2.152360858534248245e-01
1.418915664692756984e-01 1.678835450950732167e+00 5.352026444436763342e+00 2.094911369007603330e+00 2.249234434380647407e+00 9.296391094488332119e-02 6.631475381186234808e-01 3.209492908962210400e+00 7.000000000000000000e+00 1.500000000000000000e+01 1.000000000000000000e+00 -6.485976242865344830e+02 4.501499999999774104e+02 2.647016401790911289e+01 5.248800101860957579e-01 2.008133040294247593e-03
6.887460723997151923e-04 1.304511926112883913e+00 5.869151237215194605e+00 4.224583512453349066e+00 1.999468678280920564e+00 4.079157408357971804e-01 6.521127192084841262e-01 2.153206261136197952e+00 1.000000000000000000e+01 9.000000000000000000e+00 4.000000000000000000e+00 -4.445360932264864005e+02 2.700900000000045225e+02 1.934319332665525693e+01 7.813058336203516918e-02 6.271088865802688872e+00
1.437811470097416056e+00 8.087936995588407285e-01 6.517999705312197634e+00 1.531183517148351658e+00 2.828171736798551272e+00 6.410590868898664585e-01 5.630194823834199225e-01 2.307140390890649151e+00 7.000000000000000000e+00 8.000000000000000000e+00 3.000000000000000000e+00 -5.184524326254268090e+02 2.400800000000151329e+02 2.490077703908870177e+01 -3.266782027463383670e-02 6.280693429012337070e+00
7.125245247025575601e-01 2.688714577150378204e+00 7.045838488970641578e+00 2.612789543695956951e+00 1.902353701165647726e+00 1.815717077350481823e+00 1.639527645571333125e-01 3.261693522956023550e+00 6.000000000000000000e+00 1.400000000000000000e+01 2.000000000000000000e+00 -6.218746166592736699e+02 4.201399999999720194e+02 2.573778854120547521e+01 3.975225835055329338e-03 9.995947770045383179e-03
8.973411666850384938e-01 1.373015735365933132e+00 4.468045572389646836e+00 3.289661558889226178e+00 2.492512947371974263e+00 6.748694249481438368e-01 4.519413262552636479e-02 2.822021384112423537e+00 4.000000000000000000e+00 1.700000000000000000e+01 4.000000000000000000e+00 -6.570433965036736481e+02 5.101700000000154773e+02 2.512239978147911756e+01 -1.236473849710017503e-01 3.137507257935476940e-02
7.786174857106332725e-01 1.264852472402445027e+00 5.115955876145077852e+00 5.299404346403295385e+00 8.680310187173980729e-01 4.067905017416431068e-01 3.257182659460724494e-01 2.715197368511993226e+00 9.000000000000000000e+00 1.000000000000000000e+01 2.000000000000000000e+00 -2.469900684794807830e+02 2.184999999999918714e+02 2.020816813541894547e-02 -1.002287657449284053e+00 4.911397076528519270e-03
2.310776112850452257e-01 1.765839547596753656e+00 5.892040851259278789e+00 4.485183870716041632e+00 2.120407082385299180e+00 4.582988527188694428e-01 6.641026568062702307e-01 2.643329968192390744e+00 9.000000000000000000e+00 1.700000000000000000e+01 5.000000000000000000e+00 -6.344975449560832885e+02 5.101700000000154773e+02 2.371328405975472009e+01 -5.585873769714473358e-01 6.281079460325372565e+00
2.638508317846212092e-01 1.486662104333121404e+00 2.112038236360365140e+00 3.917075181764816172e+00 2.302633689783843529e+00 1.298672143168385418e+00 6.741046310185144774e-02 2.212189857889824918e+00 1.100000000000000000e+01 2.000000000000000000e+00 2.000000000000000000e+00 -2.384617472127863039e+03 5.839999999999963443e+00 2.385609200799142826e+01 -2.240183041448941648e+00 2.924942863168236359e-03
1.251956754506263758e+00 5.133354964443315183e-02 4.246535668670383679e+00 2.135443289073231998e+00 2.137844339017476170e+00 8.823918259477068204e-01 3.086461519428182476e-01 3.074998670447659066e+00 3.000000000000000000e+00 1.700000000000000000e+01 4.000000000000000000e+00 -6.867108292136560976e+02 5.101700000000154773e+02 2.697661432585302066e+01 1.384051617052484140e-02 6.265766785120683302e+00
1.667141259241294193e+00 2.108023497691510872e+00 5.485762156213093377e+00 5.448380060341480480e+00 2.071622313462660792e+00 4.999937582365256428e-01 8.257510687430955620e-01 3.877936879800117254e+00 7.000000000000000000e+00 1.000000000000000000e+01 4.000000000000000000e+00 -3.573486661593225335e+02 3.000999999999997385e+02 1.295616663495766474e+01 -3.389814993482191952e+00 6.281254536843772662e+00
6.479939616401004798e-01 9.635282601913524037e-01 1.695121232220474505e+00 3.052717710445877586e+00 2.033379216452756211e+00 1.316320734269636805e+00 9.959293783372016873e-02 2.751554601099320152e+00 8.000000000000000000e+00 1.600000000000000000e+01 1.000000000000000000e+00 -2.284494755433181126e+03 1.593599999999973136e+02 1.280092221457391055e+01 -1.370585015546843799e+01 3.457611088983446379e+00
7.967802132923279546e-01 2.339968992704342998e+00 4.643151175432624456e+00 1.691207887088984618e+00 8.459733224907386440e-01 8.420525173570829747e-01 3.165721866673780749e-01 2.159635838301396493e+00 6.000000000000000000e+00 1.000000000000000000e+01 3.000000000000000000e+00 -4.411644079128698195e+02 3.000999999999997385e+02 1.819465049455437011e+01 -8.239090763537736117e-02 8.562790397603943504e-03
2.054803449407439864e+00 2.401489954118769976e+00 4.759454941783639370e+00 4.912911439185626783e+00 2.433386619581296095e+00 1.796265074303110831e-01 5.710599724773762764e-01 2.435251342997245771e+00 9.000000000000000000e+00 1.600000000000000000e+01 3.000000000000000000e+00 -6.416925655402014854e+02 4.801600000000302657e+02 2.510078534626164881e+01 3.393038407716868904e-02 6.397215991631510779e-03
1.409868378428330571e+00 1.526552488278026365e+00 5.420469323823294161e+00 5.344076185204608365e+00 2.727164944960108528e+00 8.587989337348590491e-01 1.538798789711041670e-01 2.437102100758120393e+00 6.000000000000000000e+00 1.000000000000000000e+01 4.000000000000000000e+00 -4.264590410765414390e+02 3.000999999999997385e+02 1.727556506728384633e+01 -9.036025433462806511e-01 2.363264007394824326e-02
3.462698661498153641e-02 1.605527452127947452e+00 8.620481361351330918e+00 6.615202920369958051e+00 2.204801238765751403e+00 7.429470113069267523e-01 3.392782757058110388e-01 2.114472624705464376e+00 3.000000000000000000e+00 1.100000000000000000e+01 3.000000000000000000e+00 -5.953098330519505907e+02 3.301100000000244563e+02 2.689092706574614766e+01 -1.203629744064643875e-01 3.195517629497355433e-03
8.639171584154561323e-01 1.292927994933728453e+00 5.829515670823258944e+00 3.856200249880989084e+00 1.018013039952564647e+00 1.430033587312940835e+00 4.726388061196949986e-01 3.777412250940839655e+00 3.000000000000000000e+00 1.000000000000000000e+01 4.000000000000000000e+00 -2.283043483589479365e+03 5.540000000000051728e+01 1.595896772434244326e+01 -1.018745267873805815e+01 4.477511768538668058e+00
4.437277390173151037e-01 1.957917704304807271e+00 6.863184473365894434e+00 5.122087604199494493e+00 2.728112285068508669e+00 1.860714807082318512e+00 2.218799883065775691e-01 2.772215243390035333e+00 3.000000000000000000e+00 1.500000000000000000e+01 1.000000000000000000e+00 -2.450289108127726649e+03 1.939500000000044793e+02 2.208213175798279337e+01 -2.475448123693889446e+00 1.570539374750117512e+00
2.073282448216819063e+00 1.579812109264853381e+00 9.161492772727640954e+00 6.759195221754877636e+00 2.024114344301324753e+00 2.383721156325586232e+00 4.351297658956517767e-01 2.299358435569144099e+00 9.000000000000000000e+00 1.600000000000000000e+01 1.000000000000000000e+00 -2.386797726483951919e+03 2.459199999999954684e+02 1.648985790524713124e+01 -2.779698927280933152e+00 1.507363398910715802e+00
1.189199868195381926e+00 1.031935364985465453e+00 7.032224835379321526e+00 6.274508697097235910e+00 2.670945186285866857e+00 7.765889311047392551e-01 2.197870825722051391e-01 2.402445275199213359e+00 9.000000000000000000e+00 7.000000000000000000e+00 1.000000000000000000e+00 -8.662553597049650023e+01 1.725499999999896659e+02 2.190849815635427869e-02 -9.808424221959782807e-01 6.282840937856931873e+00
