1.525162778362878502e-01 1.252959409303731286e+00 7.826593292065780361e+00 6.556469681028636032e+00 2.440474190629049467e+00 9.854403283345454234e-01 3.923531045359704983e-01 2.834804432770475113e+00 7.000000000000000000e+00 1.500000000000000000e+01 2.000000000000000000e+00 -6.480712398924512172e+02 4.501499999999774104e+02 2.643726499327890878e+01 6.080573975851961965e-02 6.281500387177368694e+00
9.862102901060962878e-01 1.828431420580758138e+00 4.978142854198343237e+00 5.949668279661068482e+00 1.976896467042207783e+00 1.148486787124666453e+00 5.720543868068993509e-01 2.274111602761246687e+00 7.000000000000000000e+00 1.800000000000000000e+01 3.000000000000000000e+00 -2.412472805127540596e+03 3.551400000000109003e+02 1.468142532047093241e+01 -7.859647985948001292e+00 4.469026896965694107e+00
4.628291176617667091e-01 2.511444260523790106e+00 3.425190269793408238e+00 5.915119913532540075e+00 2.658958227772368677e+00 1.058030518920050289e+00 5.109468284200212596e-01 3.117190936417989278e+00 4.000000000000000000e+00 1.500000000000000000e+01 4.000000000000000000e+00 -6.500030641020798612e+02 4.501499999999774104e+02 2.655800400638069902e+01 2.537854150624622718e-01 1.077167905058828978e-02
8.418165628587891414e-01 2.826598808336258095e+00 4.225207487472131263e+00 1.135403313914306267e+00 2.468518004636909513e+00 1.233468017098753533e+00 1.856747878286824083e-01 2.476168551685415498e+00 5.000000000000000000e+00 1.100000000000000000e+01 2.000000000000000000e+00 -5.699449068630569855e+02 3.301100000000244563e+02 2.530561917894029378e+01 -1.030198045554446273e-01 4.185837628194108255e-03
1.568265300760118830e-01 9.905951719068614159e-01 8.523637506630786120e+00 4.367974862205911357e+00 2.160142450538123260e+00 7.573203869999571847e-01 5.174975118283093867e-01 3.118627226055821655e+00 6.000000000000000000e+00 1.600000000000000000e+01 2.000000000000000000e+00 -6.631927109198811650e+02 4.801600000000302657e+02 2.644454443249162878e+01 8.966946783427991174e-02 9.160554538943783270e-03
4.838711533135952592e-01 2.523848040325321396e+00 5.812387583496256838e+00 5.117096698214180783e+00 2.122659162022160650e+00 1.050725234674907860e+00 7.204888178349373451e-01 2.014611267933748451e+00 5.000000000000000000e+00 1.100000000000000000e+01 3.000000000000000000e+00 -5.835679966499199054e+02 3.301100000000244563e+02 2.615706229061923338e+01 8.203216049015749078e-03 1.796842733765558831e-03
5.315113987358403014e-01 4.806582268156387450e-01 9.215620486700885294e+00 5.423554486403665109e+00 2.371785912884103897e+00 8.195374896231141237e-01 3.247062695267189381e-01 2.516021511559711765e+00 4.000000000000000000e+00 1.800000000000000000e+01 1.000000000000000000e+00 -7.305268368407631669e+02 5.401800000000090449e+02 2.877730230254741528e+01 -9.252239506136017422e-03 3.783947419772106663e-02
1.423074952943330418e+00 1.695671931375606345e+00 7.735561548017162004e+00 3.123052354135823716e+00 2.084268069739366513e+00 8.146477334134311077e-01 3.761713479485111478e-01 2.752634863522248843e+00 5.000000000000000000e+00 1.200000000000000000e+01 3.000000000000000000e+00 -5.356107685582336444e+02 3.601200000000105774e+02 2.222192303488927223e+01 -7.103373709653695856e-02 6.383080551808362202e-04
1.008576640636015043e+00 1.243247313674533006e+00 5.678279998723434474e+00 2.056889813200890149e+00 1.832783304569888472e+00 1.084068557461819182e+00 5.668995483759520226e-01 3.028408161121599385e+00 4.000000000000000000e+00 1.100000000000000000e+01 2.000000000000000000e+00 -5.769513938249955345e+02 3.301100000000244563e+02 2.574352461406145665e+01 6.342285846408562966e-02 1.480775137847288418e-03
9.229473971539683408e-01 6.181938487853111397e-01 3.784769863625367936e+00 3.717333594893464266e+00 6.709963044549343003e-01 9.577278932258705968e-01 2.128253321099754236e-01 2.058544951791314137e+00 7.000000000000000000e+00 1.000000000000000000e+01 3.000000000000000000e+00 -2.226919570303924445e+02 2.033999999999927297e+02 1.954775689884426237e-02 -1.050443687053180364e+00 5.980078183576323370e-02
1.745812656127034623e+00 2.121039549289675197e+00 5.953196194411098041e+00 1.915434798539386918e+00 2.293602467747668072e+00 2.204252217489306886e+00 4.155847522820717566e-01 3.498942409274106602e+00 8.000000000000000000e+00 9.000000000000000000e+00 3.000000000000000000e+00 -2.370770675810009379e+03 3.699000000000014410e+01 2.201722973812556461e+01 -2.629238245788293238e+00 5.043459696810237425e+00
4.325669952489255010e-01 1.344577734646962730e+00 3.610236147077748647e+00 2.826536521289590986e+00 1.388534267865442873e+00 3.620637429060110657e-01 1.654603886433596294e-01 2.564963190175466146e+00 8.000000000000000000e+00 9.000000000000000000e+00 3.000000000000000000e+00 -4.749365499140411657e+02 2.700900000000045225e+02 2.124322186962742975e+01 -1.097974202150193423e-01 2.887102676931513345e-02
2.647258382923844522e+00 1.755824056085381057e+00 6.458807008028832897e+00 2.493925498244006000e+00 4.579446261306965305e-01 1.065812962560700017e+00 3.225936886782215796e-01 2.152171496876940537e+00 9.000000000000000000e+00 1.300000000000000000e+01 3.000000000000000000e+00 -2.404180246071698548e+03 4.511000000000017707e+01 2.385157787948114461e+01 -1.407475778330022909e+00 1.273713722366520418e-01
1.571618139700246664e+00 1.802122052222234760e+00 8.811848396540813866e+00 4.900917310437040264e+00 1.923225663849217115e+00 1.503898345546475168e+00 3.971504350871133404e-01 2.422506169781373231e+00 1.000000000000000000e+01 1.200000000000000000e+01 2.000000000000000000e+00 -3.081919141079809492e+02 3.416400000000098771e+02 1.666658175061115632e-02 -1.039750845645116550e+00 7.041645476867813488e-03
5.234399604188528787e-01 2.164742957457393313e+00 7.535674665281987927e+00 4.703090246912258188e+00 1.122679982737754711e+00 2.395414558849542352e+00 2.867168944258014496e-01 3.177063631875767236e+00 6.000000000000000000e+00 1.900000000000000000e+01 3.000000000000000000e+00 -2.371257570445067358e+03 1.709999999999984368e+02 1.785984815281676319e+01 -1.979440070391889295e+00 1.979418286517839132e+00
1.003850376180523751e+00 2.463566141198685777e+00 5.537758280505114428e+00 5.244676314613696100e+00 2.621580103607627610e+00 1.696457554808922241e-01 4.341487372957139046e-01 2.848281915258964236e+00 7.000000000000000000e+00 1.500000000000000000e+01 3.000000000000000000e+00 -6.400748845530530389e+02 4.501499999999774104e+02 2.593749278456652263e+01 -5.705732295779895880e-02 8.167772784327580540e-03
1.550240669309727481e+00 6.688161652150788061e-01 5.677287718758955215e+00 6.796600369484185222e+00 1.394229009552066856e+00 1.471568570348963823e+00 5.809918672919367477e-01 2.654967573415451199e+00 7.000000000000000000e+00 1.100000000000000000e+01 4.000000000000000000e+00 -2.292035421967500497e+03 9.470999999999956742e+01 1.529252637296880124e+01 -3.462156234194179838e+00 1.074432436511442157e+00
1.099918628698969281e-01 1.364302783338999125e+00 3.731104293671716920e+00 1.289776436790164516e+00 1.741369033825177937e+00 1.624584864061168643e+00 6.006866843627037822e-01 2.423465234805658675e+00 9.000000000000000000e+00 7.000000000000000000e+00 4.000000000000000000e+00 -2.825176729552065353e+02 2.100699999999860097e+02 1.109266705970084388e+01 -1.878848558031629201e+00 9.152357957993965260e-03
1.452528878219226716e+00 2.027069384433529020e+00 9.365296295881320177e+00 5.500426645626514066e+00 1.523896458794302244e+00 2.298207639994132467e+00 6.898355832688394251e-01 2.809900121835612108e+00 6.000000000000000000e+00 1.000000000000000000e+01 5.000000000000000000e+00 -2.351197232505104694e+03 1.979999999999930367e+02 1.576232703156922987e+01 -4.781639599708780608e+00 2.052318359554095917e+00
7.247837627937945282e-01 2.986623612384770254e+00 7.606488822508622683e+00 5.335513285298228325e+00 1.168715688177080381e+00 1.289892890253315549e+00 6.965644131755909241e-01 2.683345683698131978e+00 7.000000000000000000e+00 1.800000000000000000e+01 3.000000000000000000e+00 -5.829140784584340054e+02 5.401800000000090449e+02 1.955150490365184623e+01 -1.805598302566725710e+00 5.568574583618556006e-03
4.736908401909382116e-01 2.730743764116767114e+00 3.376047212708420897e+00 1.755953744012642481e+00 6.732275348426560724e-01 1.274605915637425646e+00 5.805010105845938018e-01 4.095003083278975886e+00 8.000000000000000000e+00 1.700000000000000000e+01 2.000000000000000000e+00 -2.368052231800760637e+03 5.202000000000035129e+01 2.137763948754753329e+01 -3.100915781662012982e+00 6.189794739231131437e+00
1.088650495851823052e+00 1.348244216971683951e+00 9.743208437386174481e+00 3.733417892184993647e+00 2.146641791139692890e-01 1.431220778922394077e+00 5.133383351534064332e-01 2.870865415816957977e+00 4.000000000000000000e+00 1.500000000000000000e+01 1.000000000000000000e+00 -2.290909908545467715e+03 7.499999999999998579e+01 1.583811928409172509e+01 -1.275622873142448910e+01 3.032283209921527334e+00
3.312369317331099738e-01 1.741712522968013044e+00 4.835845533126159168e+00 4.860189797594368422e+00 1.390819638306686645e+00 6.876000014602351440e-01 5.354887969563518757e-01 3.521280907747902589e+00 5.000000000000000000e+00 7.000000000000000000e+00 5.000000000000000000e+00 -2.221785998379686589e+03 1.193499999999948500e+02 1.013193739873056032e+01 -3.558881223485544698e+00 1.822422008999117882e+00
3.156601798989778218e-01 1.848053263928126633e+00 7.057019133744608652e+00 5.594369950445768680e+00 1.912383349047278136e+00 4.217017023290295930e-01 1.573625184717423464e-01 2.649471011280022825e+00 8.000000000000000000e+00 1.100000000000000000e+01 3.000000000000000000e+00 -5.334203448074640619e+02 3.301100000000244563e+02 2.302283405046573961e+01 4.757046223360972270e-02 6.272784146893627621e+00
9.188328836930728105e-01 1.750610463251767834e+00 7.745681991424567592e+00 2.995963979623053497e+00 2.494892228047280280e+00 4.061276800741103754e-02 3.540214994561745043e-01 2.200803412324236152e+00 6.000000000000000000e+00 8.000000000000000000e+00 3.000000000000000000e+00 -5.204372289411429620e+02 2.400800000000151329e+02 2.502482680882096133e+01 6.107049798315176969e-02 6.280071809971588870e+00
1.790057597664084676e+00 1.666982776354686058e+00 8.553460212406671204e+00 4.004179325386708399e+00 2.275091681051895964e+00 6.369229206788564746e-01 3.558201213921238781e-01 2.291539291877253248e+00 9.000000000000000000e+00 7.000000000000000000e+00 2.000000000000000000e+00 -2.308314711994632944e+03 5.656000000000020833e+01 1.750216949966453939e+01 -1.066064208268906688e+00 6.268024247569794483e+00
8.296373778668221233e-01 2.620851410390467429e+00 3.066088072971948186e+00 1.327396695065895305e+00 1.084244817289363283e+00 6.984039836998474637e-01 8.697124450820732378e-01 2.050997425231536386e+00 6.000000000000000000e+00 1.300000000000000000e+01 4.000000000000000000e+00 -5.358918936895011029e+02 3.901299999999891384e+02 2.130168085559415658e+01 3.507656199691691623e-04 6.278561399473473692e+00
3.691384016234732224e-01 2.383949158517184586e-01 8.954126071519883823e+00 2.873170038646549074e+00 1.182582446253837238e+00 8.662923809166760414e-01 1.637769738223242844e-01 2.687753142029353004e+00 7.000000000000000000e+00 1.400000000000000000e+01 4.000000000000000000e+00 -2.347021952257814064e+03 1.770999999999957026e+02 1.615449701611350264e+01 -2.650325978950295980e+00 4.958440924746443379e+00
4.527813694088089758e-02 1.385269323210941428e+00 2.674280632077751019e+00 4.624930855959922482e+00 1.750997780622430833e+00 3.011581900009894230e-01 3.960437443764127652e-01 3.180149293930874421e+00 6.000000000000000000e+00 1.900000000000000000e+01 4.000000000000000000e+00 -6.943853807320699616e+02 5.701900000000110822e+02 2.558064879575402628e+01 -4.304753095773201921e-02 7.002300262489722163e-04
4.677426381369020891e-01 1.369396657344353230e+00 7.232622860521422226e+00 5.183757461274172584e+00 1.402835423790973035e+00 3.335656356738893047e-01 7.452135654762959138e-02 2.273498494467281805e+00 6.000000000000000000e+00 1.400000000000000000e+01 5.000000000000000000e+00 -5.056900982483475673e+02 4.201399999999720194e+02 1.847625614052259735e+01 3.529163406801799630e-02 1.720327217616546278e-02
3.104725333750660843e-01 1.891470570101961179e+00 5.236900076913741486e+00 3.626061926596337415e+00 1.400413040070671578e+00 6.493649120831318511e-01 6.240740640000247419e-01 3.180688307122886194e+00 7.000000000000000000e+00 1.100000000000000000e+01 2.000000000000000000e+00 -5.724523825632800254e+02 3.301100000000244563e+02 2.546233641020423377e+01 1.407519720366177673e-01 1.630752325077583845e-02
1.397350808852686033e+00 2.537196171902271313e+00 5.936775778788618396e+00 4.814547149783438229e+00 5.980972176716258248e-01 1.419330195871694844e+00 1.210134739756536237e-01 3.405631643424237520e+00 9.000000000000000000e+00 5.000000000000000000e+00 4.000000000000000000e+00 -2.384564733466004327e+03 1.030000000000001137e+01 2.371342084162525765e+01 -3.464806604150848734e+00 7.150108245596607792e-02
4.868117849985952317e-01 8.708636920273231663e-01 5.421831565815742771e+00 2.692432249914029185e+00 1.939809209109937482e+00 7.708995922945045542e-01 4.959462798835443387e-01 2.256235236912297548e+00 7.000000000000000000e+00 8.000000000000000000e+00 2.000000000000000000e+00 -3.631382415090635618e+02 2.400800000000151329e+02 1.519364009431599882e+01 -1.041893668049100607e-01 6.273363838755454225e+00
1.042298136250915164e+00 2.171165866785721654e+00 6.382138950896511176e+00 2.128038796126155763e+00 1.874327816198775531e+00 1.357926227401980768e+00 1.439872063216433851e-01 2.847412892230437809e+00 1.000000000000000000e+01 7.000000000000000000e+00 4.000000000000000000e+00 -2.276541381052770703e+03 9.491999999999723059e+01 1.431758631579824304e+01 -2.252935575646131561e+00 2.209940827091617238e-02
4.283019981114620789e-01 1.562747086286773390e+00 4.681515837755767073e+00 4.951636905369485753e+00 2.225635556570545237e+00 5.672631301514069468e-01 2.851471133734440055e-01 3.123593381138963565e+00 5.000000000000000000e+00 1.400000000000000000e+01 2.000000000000000000e+00 -6.235079537305039139e+02 4.201399999999720194e+02 2.583987210815736546e+01 -6.405625174203116723e-02 6.279591421908217619e+00
1.245566016764775519e+00 2.594141892706195662e+00 5.153451881986551797e+00 5.416761177273809125e+00 1.804572230942184330e+00 8.871124993077409426e-01 7.366392251581905803e-01 2.417998448200179062e+00 2.000000000000000000e+00 6.000000000000000000e+00 3.000000000000000000e+00 -5.059566308744644516e+02 1.800600000000052887e+02 2.599541442965386295e+01 -1.490393414907529579e-01 3.247937146176678187e-03
1.229909015186394783e-01 1.452229919570542593e+00 5.016046733465980623e+00 3.836788886471622639e+00 2.767038938771532841e+00 6.545588948817812058e-01 1.205204389637142826e-01 2.173355576447799198e+00 1.000000000000000000e+01 5.000000000000000000e+00 1.000000000000000000e+00 -2.324814831553618660e+03 2.600000000000023448e+01 1.948842697210115205e+01 -2.121534211522371205e+00 6.138740315566608707e+00
8.728668795105372080e-01 2.432894696808015400e+00 6.173800995429123084e+00 2.849483146835814829e+00 1.412787760922835201e+00 1.043312845034903402e+00 4.108057296904571443e-02 3.110326200456234425e+00 1.000000000000000000e+01 6.000000000000000000e+00 3.000000000000000000e+00 -2.300106662867385239e+03 3.047999999999973397e+01 1.780416642921158754e+01 -1.109302663763573449e+00 5.879072262187604814e+00
4.049765906962938811e-01 3.228936877637543779e-01 6.575972375191046382e+00 3.577338940645179655e+00 2.818355728278097772e+00 4.800308705190237113e-01 8.522168686852110708e-01 2.300309057510527389e+00 7.000000000000000000e+00 3.000000000000000000e+00 2.000000000000000000e+00 -2.385877802154778692e+03 8.850000000000003197e+00 2.384080013467367110e+01 -2.315824075151191153e+00 2.129102463408355864e-02
9.068466148954852368e-01 2.102972822025924948e+00 7.503474380934621379e+00 2.715193525024965027e+00 2.595230273885066552e+00 8.574810855296322032e-02 3.338506976255294356e-01 2.451182817469939046e+00 7.000000000000000000e+00 1.500000000000000000e+01 4.000000000000000000e+00 -6.360507450231878011e+02 4.501499999999774104e+02 2.568598406394994171e+01 -1.092285711555550376e-01 1.937686077520718239e-03
1.126856461718034552e+00 1.862273678462785353e+00 9.768441863790092938e+00 6.480695936452707251e+00 2.278407060186578459e+00 1.966804485930963908e+00 1.993180524423425193e-01 2.437068165372705320e+00 9.000000000000000000e+00 1.700000000000000000e+01 4.000000000000000000e+00 -5.274723908404058648e+02 5.101700000000154773e+02 1.702421192752488466e+01 -1.582211454575126741e-01 6.283051008647375646e+00
1.242057254331613292e+00 2.945555076908921710e-01 4.157874977868452504e+00 1.604885622260875833e+00 1.975336719412406294e+00 5.193155455093142470e-01 2.018691921954302304e-01 2.808104712774938783e+00 3.000000000000000000e+00 1.600000000000000000e+01 5.000000000000000000e+00 -6.489979347213213714e+02 4.801600000000302657e+02 2.555737092008164169e+01 -1.910598485023791149e-01 6.275798076392599789e+00
2.001228797021931349e+00 2.386124727026814440e+00 2.778991499047958058e+00 3.993410833572468732e+00 2.608898749273626638e+00 1.066124033313413655e-01 6.750733802246086102e-01 3.279313079680862497e+00 1.000000000000000000e+01 1.400000000000000000e+01 2.000000000000000000e+00 -6.008889380675192342e+02 4.201399999999720194e+02 2.442618362922082653e+01 3.018097890709908748e-01 6.276102436657764905e+00
5.229818546775000243e-01 1.134822706952403726e+00 1.206411862002052082e+00 4.799770068242292353e+00 2.312844596044318468e+00 5.836478792139836447e-01 5.045390706979945017e-02 2.050349342927650476e+00 7.000000000000000000e+00 1.100000000000000000e+01 2.000000000000000000e+00 -2.991630287232947012e+02 3.267000000000240334e+02 1.583708576891432532e-02 -1.015484978158055718e+00 1.127423868705785398e-02
1.838412298292755320e-01 1.805451214523806858e+00 5.170275840542460699e+00 3.978738088359387248e+00 2.603890720324227637e+00 9.093566246051845159e-01 2.198945848959527327e-01 2.522579718076104260e+00 5.000000000000000000e+00 1.200000000000000000e+01 4.000000000000000000e+00 -5.455332552799384302e+02 3.601200000000105774e+02 2.284207845499582490e+01 -1.105337024688524128e-01 4.561378879850887073e-03
9.436425498746510154e-01 2.614239156911320805e+00 3.330756791453128418e+00 5.450428134701994942e+00 1.185514298311338255e+00 1.279054425069287237e+00 2.330420923189895355e-01 4.202405636601631578e+00 5.000000000000000000e+00 1.000000000000000000e+01 5.000000000000000000e+00 -2.348925434533901353e+03 2.900000000000014211e+01 2.090158965836883453e+01 -5.447342960124549549e+00 3.867991159950793900e+00
1.468442235674453977e+00 2.247695214517327678e+00 3.926850799864299191e+00 5.142730105613175340e+00 2.844830143142174084e+00 7.244445780557782211e-01 4.966222980945723675e-01 4.144917036978800873e+00 1.100000000000000000e+01 1.400000000000000000e+01 2.000000000000000000e+00 -2.122404287541151007e+03 1.772399999999956890e+02 2.111517971322053544e+00 -4.731862900123325666e+00 2.198430366146857828e+00
1.189199868195381926e+00 1.031935364985465453e+00 7.032224835379321526e+00 6.274508697097235910e+00 2.670945186285866857e+00 7.765889311047392551e-01 2.197870825722051391e-01 2.402445275199213359e+00 9.000000000000000000e+00 7.000000000000000000e+00 1.000000000000000000e+00 -8.662553597049650023e+01 1.725499999999896659e+02 2.190849815635427869e-02 -9.808424221959782807e-01 6.282840937856931873e+00
