1.503224351969155270e+00 1.847682126985983109e+00 5.449294581339164445e+00 5.795544154781390844e+00 1.736398115074259341e+00 7.414845514652210756e-01 6.914002468634266041e-01 3.161032427090069596e+00 3.000000000000000000e+00 5.000000000000000000e+00 3.000000000000000000e+00 -1.475228404127793169e+02 1.500499999999998693e+02 4.531115025798712281e+00 -8.659020527680691970e-01 6.280099088596977630e+00
1.794585591052282325e+00 1.619057196422220013e+00 9.866846115175601284e+00 7.232805240152040405e+00 2.818507550988707422e+00 2.680642581780490197e-02 5.511138253510571294e-01 2.295284362910685605e+00 6.000000000000000000e+00 1.100000000000000000e+01 5.000000000000000000e+00 -5.767548984576585553e+02 3.301100000000244563e+02 2.573124365360289190e+01 -2.053618848272874553e-01 1.138917623146358526e-01
4.306876073897344392e-01 1.879302191209262674e+00 7.226323429228657780e+00 5.222410773882534940e+00 2.119390215577592773e+00 6.339393435349488515e-01 5.295275515041746317e-01 2.118767849366767209e+00 3.000000000000000000e+00 8.000000000000000000e+00 4.000000000000000000e+00 -5.316996317640747520e+02 2.400800000000151329e+02 2.572872698525420176e+01 7.743093247156426773e-02 6.271989763450681821e+00
1.964808657827064486e+00 1.816805434553138365e+00 9.550871513344674213e+00 5.581803027798361683e+00 1.569949650245596962e+00 7.187735547338924835e-03 5.910590598328713252e-01 3.226946202505082795e+00 1.000000000000000000e+00 1.300000000000000000e+01 2.000000000000000000e+00 -6.385405932131355939e+02 3.901299999999891384e+02 2.771722457582131227e+01 4.938182034170381096e-02 6.279098913185225506e+00
1.380353480338547323e+00 2.007697597689230840e+00 5.697369120296994716e+00 5.369387811170339475e+00 2.056668063529794033e+00 1.561571491118030064e+00 2.485902674889341468e-01 2.692343600505144430e+00 5.000000000000000000e+00 9.000000000000000000e+00 3.000000000000000000e+00 -3.332739057063400878e+02 2.700900000000045225e+02 1.238930660664611416e+01 -5.288764037313670174e-01 6.258607116010153959e+00
7.076053511601306800e-01 4.507425570242220569e-01 6.703607384832988458e+00 4.193737934132943934e+00 5.643097286766391996e-01 8.549405791192483672e-01 2.191927919051501195e-01 2.803767353533142881e+00 9.000000000000000000e+00 7.000000000000000000e+00 2.000000000000000000e+00 -2.389852866506143528e+03 1.855000000000005400e+01 2.378611665663397190e+01 -2.223409779253863849e+00 1.686526547376328289e-01
2.036374802917278792e+00 2.777622272804542103e+00 8.527943228140696164e+00 5.901166613843546571e+00 1.825832437632375571e+00 6.516576475667484880e-01 3.169422930446890163e-01 2.444696616440881876e+00 8.000000000000000000e+00 1.200000000000000000e+01 4.000000000000000000e+00 -3.632471000503282994e+02 3.601200000000105774e+02 1.144919375314518639e+01 -6.368726907187390873e-01 1.042194008538110950e-03
2.096310715428545191e+00 1.589547613959816363e+00 7.813750603824895613e+00 7.799916734654603445e+00 1.779095065736963521e+00 1.199462040649204475e+00 7.755368655554081281e-01 2.475796889788569821e+00 8.000000000000000000e+00 1.200000000000000000e+01 3.000000000000000000e+00 -3.608884305474596204e+02 3.601200000000105774e+02 1.130177690921589395e+01 -2.436399076321895951e-01 1.806348990908546170e-02
1.213427621518061272e+00 2.627324484004538885e+00 3.610009094963857024e+00 8.848522108763578586e+00 2.084775208230648325e+00 9.015641150353257416e-01 5.143176509187732393e-01 2.860791175757103844e+00 5.000000000000000000e+00 1.200000000000000000e+01 2.000000000000000000e+00 -5.980378257334728005e+02 3.601200000000105774e+02 2.612361410834171593e+01 1.173945487618032191e-01 6.274889280812231185e+00
1.626114694621613843e+00 2.305006069242785838e+00 4.517231965271648164e+00 3.928190416446425637e+00 1.033025919851834562e+00 1.281952679666175321e+00 2.305835873815036130e-01 3.472794604085612136e+00 3.000000000000000000e+00 9.000000000000000000e+00 3.000000000000000000e+00 -2.353130518582363038e+03 3.798000000000018161e+01 2.088378241139768221e+01 -4.446707714369851239e+00 4.645247788103235465e+00
3.072203629450149798e-01 1.747010164861190873e+00 4.524716645276835258e+00 4.172990737347627821e+00 1.723231903271770893e+00 1.060734915039837301e+00 4.204906857146930577e-01 2.729893889931062301e+00 9.000000000000000000e+00 1.000000000000000000e+01 3.000000000000000000e+00 -2.851796502182002087e+02 3.000999999999997385e+02 8.445603138637521212e+00 -7.611798486213652848e-02 6.273361513797453881e+00
3.318119616060132282e-01 1.396646681704757587e+00 6.323056908381851748e+00 3.886855916267084154e+00 1.684138416818850237e+00 8.000170729102771272e-01 3.925190041270324448e-01 3.740335273660311266e+00 0.000000000000000000e+00 7.000000000000000000e+00 3.000000000000000000e+00 -2.266060418261693940e+03 3.304000000000011283e+01 1.559627614135586882e+01 -5.312838732166057731e+00 4.312486041047222329e+00
8.300408845163259608e-01 2.889866708267513573e+00 2.369989756288078731e+00 5.112479155282410481e+00 2.583353444448567515e+00 1.023535717200173334e+00 7.829010457760512409e-01 2.308281217163917098e+00 0.000000000000000000e+00 5.000000000000000000e+00 1.000000000000000000e+00 -7.386505935474250464e+02 1.124499999999957538e+02 2.325865705610871692e-02 -5.890781158319343902e+00 2.418348353585356492e+00
2.097994683260838933e+00 2.760350811632715562e+00 9.338177900056518155e+00 6.781462006732198233e+00 1.956889214320928216e+00 6.519943440183822991e-01 3.407513749766648004e-01 4.364506955343730787e+00 1.000000000000000000e+00 1.000000000000000000e+01 3.000000000000000000e+00 -2.183242608987705353e+03 1.677999999999947534e+02 6.208913061731752059e+00 -6.842668116637081077e+00 2.082752548564517081e+00
2.873046992810204703e+00 2.375609149836739320e+00 4.241996394584089280e+00 2.980983276790630576e+00 2.388545103378448164e+00 2.671217025784455856e-01 8.407880533022893399e-01 2.885136139464836713e+00 2.000000000000000000e+00 3.000000000000000000e+00 3.000000000000000000e+00 -2.145682155537143444e+03 4.386000000000090182e+01 7.734509721071441746e+00 -1.063968597391659499e+00 1.232517569658853063e-02
1.852141776785440452e+00 2.118293659051754041e+00 9.105177256098151872e+00 1.583441711562683096e+00 1.202491461302410469e+00 1.035913902884272986e+00 3.710459510035784558e-01 2.607946220540755977e+00 2.000000000000000000e+00 1.200000000000000000e+01 1.000000000000000000e+00 -5.512023804691657460e+02 3.601200000000105774e+02 2.319639877932252858e+01 -2.740452455294063450e-01 6.153159914234761274e+00
1.266176620947430997e+00 2.059378777503189983e+00 5.495472384402617649e+00 5.478825501228541839e+00 9.784817308415504344e-01 1.194928211923752537e+00 5.304535158326765254e-01 3.286268967551775333e+00 5.000000000000000000e+00 6.000000000000000000e+00 2.000000000000000000e+00 -2.207325536844330145e+03 7.674000000000138755e+01 1.055972105277059292e+01 -1.461805501979993815e+00 2.858277173464593979e-01
1.358021255482274814e+00 2.492038238923490745e+00 6.181670236031008514e+00 1.870408623425705796e+00 1.748031066215842699e+00 5.278496167202100242e-01 6.450210998895291592e-01 3.254795720182751761e+00 6.000000000000000000e+00 1.100000000000000000e+01 3.000000000000000000e+00 -5.340514453429927926e+02 3.301100000000244563e+02 2.306227783393628528e+01 -6.416635901117945240e-01 1.538375428546977508e-01
9.650675047328877154e-01 2.900547043563645122e+00 5.299383563982004830e+00 1.238216616096350808e+00 2.457091285198211850e+00 1.222982443853835699e+00 1.160099894942303034e-01 3.904811302410726270e+00 2.000000000000000000e+00 1.000000000000000000e+01 3.000000000000000000e+00 -5.658593655620493337e+02 3.000999999999997385e+02 2.598808534762808975e+01 8.943926312303690507e-02 2.214416322942103221e-02
1.965824786132382318e+00 1.491116845953410319e+00 6.785311355042831671e+00 4.246100546477567406e+00 2.227872331888812507e+00 1.781517957823546050e+00 1.340194253437741734e-01 2.426850131192512361e+00 6.000000000000000000e+00 1.300000000000000000e+01 1.000000000000000000e+00 -2.398449565732676547e+03 2.970499999999923944e+02 1.562028535829250586e+01 -1.298438150214077158e+00 5.393116536367291047e+00
3.077313783430046801e-01 1.967211992178378832e+00 9.633467569181032530e+00 7.489280934958953750e+00 2.080855999374704002e+00 1.372511642401661680e+00 7.260019533372807921e-01 2.750329548230346255e+00 8.000000000000000000e+00 1.600000000000000000e+01 2.000000000000000000e+00 -6.615409618433866399e+02 4.801600000000302657e+02 2.634131011521071741e+01 1.280190001604021577e-01 6.145689269849416547e+00
2.269546239881833571e+00 2.644983982041995141e+00 8.508406668170714227e+00 8.902330393512952966e+00 1.936356026926504770e+00 5.484098033103331771e-01 1.819981462595006705e-01 2.586235945242635115e+00 5.000000000000000000e+00 1.200000000000000000e+01 4.000000000000000000e+00 -4.452242396324303400e+02 3.601200000000105774e+02 1.657276497702656570e+01 -1.901722321336055954e-01 5.686473852583695532e-03
6.780891326422110454e-01 1.968974957574561868e+00 6.107033009998875883e+00 6.323620301725342507e+00 2.881909007637687647e+00 1.731658045761451659e+00 5.138356447355542089e-01 2.308279015471086382e+00 4.000000000000000000e+00 9.000000000000000000e+00 2.000000000000000000e+00 -5.736910581202124604e+02 2.700900000000045225e+02 2.741537863251313567e+01 -4.869229424947871254e-03 2.173804924378418529e-03
2.075302789619019705e+00 1.584419064831742885e+00 2.555814742502563686e+00 5.073949424879723225e+00 2.180828831342203067e+00 1.463235313271882720e+00 3.981595764002223148e-01 3.068865045622694243e+00 2.000000000000000000e+00 2.000000000000000000e+00 3.000000000000000000e+00 -2.387381790330379772e+03 4.919999999999983054e+00 2.405761189564872637e+01 -5.211129377766376969e-01 2.389885096726180602e-01
1.474775919648589895e+00 2.252912927136515364e+00 7.341364837645902419e+00 4.586307954026792366e+00 2.570984614769530108e+00 1.679644134891620677e+00 8.217286995795280991e-01 2.863972940718118476e+00 1.000000000000000000e+00 3.000000000000000000e+00 2.000000000000000000e+00 -3.847763603211245709e+02 9.003000000000264436e+01 2.123508502007020482e+01 -2.562449302544353547e+00 1.182724213837392339e-02
1.568772058222371202e+00 2.778829006212110375e+00 6.570588358928422856e+00 4.016737965957226209e+00 2.662840599174818301e+00 4.958873324849988329e-01 5.678112296626476319e-01 2.097167112035601466e+00 3.000000000000000000e+00 9.000000000000000000e+00 4.000000000000000000e+00 -5.606760772912222137e+02 2.700900000000045225e+02 2.660194233070124881e+01 -2.233394853289757953e-03 1.115169020732699121e-02
1.667558883192296060e+00 1.336597677710421816e+00 7.737018568401554219e+00 7.009079466348949516e+00 1.727070549988394488e+00 2.299488133862759742e+00 3.222257054545774602e-01 2.555709938652680258e+00 6.000000000000000000e+00 1.200000000000000000e+01 2.000000000000000000e+00 -2.334461785053861149e+03 1.753200000000036027e+02 1.542511156586622612e+01 -5.500771484999323668e+00 1.225008243769316163e+00
2.187064693690497386e+00 2.129816725535454314e+00 6.921417902677124090e+00 4.843554743495509740e+00 2.913092185311525473e+00 2.100254287433488187e+00 3.195889777663840636e-01 3.291067592740257730e+00 9.000000000000000000e+00 1.000000000000000000e+01 2.000000000000000000e+00 -8.035692903105283449e+02 1.642999999999949523e+02 -3.754794771606048687e-02 -6.851761894855155965e+00 3.770584058596456067e+00
9.501357883789853798e-01 2.855013473830755544e+00 6.887651466342534334e+00 2.922339497544424347e+00 1.119853609236205250e+00 1.373699086965664673e+00 7.931592736961725620e-01 2.628581686585473864e+00 8.000000000000000000e+00 4.000000000000000000e+00 3.000000000000000000e+00 -2.390691057806376193e+03 1.351999999999988766e+01 2.399569111289850909e+01 -3.880519623739729362e-01 1.351796569756480437e-02
2.296209526581457716e+00 2.088651231820023213e+00 7.068871627741820873e+00 8.314806959829708077e+00 2.469997637927438205e+00 1.254881846420776936e+00 9.057191516340780124e-01 2.261191077184438569e+00 2.000000000000000000e+00 1.300000000000000000e+01 4.000000000000000000e+00 -6.378073558567698456e+02 3.901299999999891384e+02 2.767139724104845655e+01 1.857604055073216465e-01 2.700491380694207411e-02
1.975453607786161525e+00 1.604132275442039957e+00 4.344825191205984538e+00 4.672808834812891554e+00 1.668521649350095171e+00 2.755885653759577281e+00 2.064781561099439111e-01 2.214514407938575680e+00 2.000000000000000000e+00 8.000000000000000000e+00 2.000000000000000000e+00 -2.324891285379261717e+03 1.139199999999979269e+02 1.674570533620392254e+01 -6.090260708251095112e-01 1.022049519115395544e-01
1.116770597937620124e+00 2.010393209523907654e+00 9.328877494635195333e+00 2.280676173060700584e+00 1.353621354941460186e+00 2.353247178779771964e+00 8.489115907623092649e-01 3.330300311302452076e+00 9.000000000000000000e+00 1.200000000000000000e+01 4.000000000000000000e+00 -2.289974978099438886e+03 8.916000000000035186e+01 1.533718613121491003e+01 -4.323273128627037387e+00 5.189962183534302831e+00
1.158388331172087948e+00 1.334526267542959665e+00 8.454344066979846417e+00 8.732780403238198375e+00 1.289826362572994212e+00 8.522670968785575063e-01 5.020378117061008449e-01 3.136050287651205526e+00 4.000000000000000000e+00 1.000000000000000000e+01 4.000000000000000000e+00 -4.172143884459210312e+02 3.000999999999997385e+02 1.669777427787007440e+01 -1.211985185872459098e-01 1.233324602765351399e-02
7.547455069096645763e-01 1.780439289453037865e+00 3.320660056851125308e+00 3.832934258424045559e+00 2.177851575846200483e+00 1.268136426641817582e+00 6.615747965084158855e-01 2.088971325036486526e+00 9.000000000000000000e+00 7.000000000000000000e+00 3.000000000000000000e+00 -5.043408613304635537e+02 2.100699999999860097e+02 2.495661633315440753e+01 2.993023984170997132e-01 5.636467604873265924e-02
1.627567099045451382e+00 2.155103355009925448e+00 1.384507364498210880e+00 5.792766647178298811e+00 1.222628544486476843e+00 1.571767493826260909e+00 7.073881707834183130e-01 3.225061677046709541e+00 5.000000000000000000e+00 1.000000000000000000e+01 3.000000000000000000e+00 -2.195018594305357965e+03 6.810000000000040643e+01 1.006053714408485789e+01 -4.625654297183672270e+00 4.921363654545997335e+00
1.496434028117671344e+00 2.219168850720695030e+00 1.992128745381955612e+00 6.366734009556064500e+00 1.200596365065855986e+00 1.247367873822699424e+00 8.135440388730612593e-01 3.404433758877043470e+00 5.000000000000000000e+00 1.100000000000000000e+01 2.000000000000000000e+00 -2.216840592884011585e+03 1.955800000000077716e+02 7.440662055250499840e+00 -3.310636730848245612e+00 5.840011659704981817e+00
1.932301824145457925e+00 1.806378302217006571e+00 6.097323320091762255e+00 5.665701306998141007e+00 1.801571721225643685e+00 7.004916648349049924e-01 4.077582791761561465e-01 3.842709380202181446e+00 2.000000000000000000e+00 1.300000000000000000e+01 3.000000000000000000e+00 -5.069869602029084490e+02 3.901299999999891384e+02 1.949512251268211926e+01 -4.852724666424370475e-02 6.274480393648610210e+00
2.318332651319676252e+00 2.224835862472504200e+00 5.463779555093225326e+00 2.898325802250027117e+00 2.259684907214373428e+00 1.538116895951207930e+00 8.087661615522727665e-01 2.715240157890645545e+00 4.000000000000000000e+00 7.000000000000000000e+00 5.000000000000000000e+00 -2.832161925728879623e+02 2.100699999999860097e+02 1.113632453580593307e+01 6.160108032659018795e-02 6.280381490105695796e+00
2.264502915006278982e+00 2.535214196950606791e+00 6.772499527960338384e+00 7.204833420882540196e+00 1.567853959279839282e+00 6.495911424112603694e-01 7.582964359342151406e-01 2.923114442221225406e+00 6.000000000000000000e+00 1.300000000000000000e+01 2.000000000000000000e+00 -5.633122195807968637e+02 3.901299999999891384e+02 2.301545122380014163e+01 2.776728055137753226e-01 6.280752270668312320e+00
2.034370923155232269e+00 2.053732926703043304e+00 8.534860882798390946e+00 2.684065734993662744e+00 2.452920035782173436e+00 8.446529185267948048e-01 4.706936876531396807e-01 2.817936281199760806e+00 7.000000000000000000e+00 1.000000000000000000e+01 3.000000000000000000e+00 -5.123805629109234587e+02 3.000999999999997385e+02 2.264566018193272612e+01 -9.005054697158841603e-02 6.266635543698497735e+00
2.471071206089761496e+00 1.338984550818074659e+00 6.858471901740960774e+00 6.001537685724613880e+00 2.775479415031148367e+00 8.633998597877481362e-01 6.475244729802119847e-01 4.095045484791494772e+00 3.000000000000000000e+00 2.000000000000000000e+00 5.000000000000000000e+00 -2.382445681208198039e+03 3.760000000000002895e+00 2.378535507551238481e+01 -4.062487201944752435e+00 4.097015696864531042e-01
9.941844875542354965e-01 1.297862035886896859e+00 6.504031889612789108e+00 9.434016254747575658e+00 1.953033012649322719e+00 1.138140271002893833e+00 3.597618084834510177e-01 2.480277014813785819e+00 5.000000000000000000e+00 1.800000000000000000e+01 5.000000000000000000e+00 -2.497104990755087783e+03 3.004200000000088266e+02 2.168093692219269997e+01 -1.685499792943979447e+00 4.957876211454667614e-01
1.872099939390040380e+00 4.417635196880178583e-01 5.779473657345990389e+00 7.712867407927916474e+00 1.706245865214015112e+00 5.481244667753418787e-01 1.841405798043407316e-01 3.276463288146048924e+00 0.000000000000000000e+00 3.000000000000000000e+00 3.000000000000000000e+00 -2.271308448923223750e+03 3.864000000000070401e+01 1.574927805770147238e+01 -9.406946387625829686e-01 2.942159700949940893e-02
6.981112560428512914e-01 2.445027894699875137e+00 6.683498188133306428e+00 6.596758263735609695e+00 1.422961101403253714e+00 4.068235389727536955e-01 8.297296737800404776e-01 4.705181212079672548e+00 5.000000000000000000e+00 8.000000000000000000e+00 5.000000000000000000e+00 -3.976071598596767558e+02 2.400800000000151329e+02 1.734794749122932345e+01 5.406907642932630154e-01 6.249623422511056958e+00
2.671190313014757400e-01 1.855827216003301805e+00 4.729234899721221907e+00 5.932285761795784040e+00 1.931059095406055359e+00 1.416245649058688549e+00 4.830064204653455873e-01 2.179364416161372553e+00 7.000000000000000000e+00 7.000000000000000000e+00 1.000000000000000000e+00 -2.435389846373041394e+02 2.100699999999860097e+02 8.656499039831945908e+00 -2.557951604457830985e-02 6.280341579066701208e+00
2.297103747350439651e-01 1.792771696091163047e+00 6.138519424223497722e+00 7.273818198184752504e+00 1.988996892954385531e+00 7.348291549261560807e-01 3.263912996725780724e-01 3.431470484359717243e+00 5.000000000000000000e+00 1.500000000000000000e+01 3.000000000000000000e+00 -6.433498079771966331e+02 4.501499999999774104e+02 2.614217549857549372e+01 2.775876560365694509e-02 6.266510404275551060e+00
1.307442691628844411e+00 2.410145595280833053e+00 7.843745548556514180e+00 3.572482234055894157e+00 1.439895743929058280e-01 1.668039192692300166e+00 7.829136950969004527e-01 4.001538495078445834e+00 4.000000000000000000e+00 1.100000000000000000e+01 3.000000000000000000e+00 -2.345309355280799537e+03 2.969999999999989981e+01 2.065370970504996961e+01 -4.922898587097829015e+00 4.480238202582718543e+00
2.576387462892138380e+00 2.318523566842279227e+00 7.512306698632011503e+00 3.743685676087348924e+00 2.097032221058286794e+00 1.303674446730681558e+00 6.069455698886980777e-01 3.297349625298115150e+00 2.000000000000000000e+00 3.000000000000000000e+00 2.000000000000000000e+00 -5.472831013583725479e+01 9.003000000000264436e+01 6.070818834897458993e-01 -5.249498016269444900e-01 6.275781032760969325e+00
