1.889851243442520978e+00 2.255046027444175483e+00 3.259897862653054812e+00 2.213136953697450782e+00 9.659220107375965370e-01 1.338919148367641476e+00 7.078912992650119307e-01 2.956711209843932764e+00 7.000000000000000000e+00 1.000000000000000000e+01 2.000000000000000000e+00 -1.000990386584773972e+02 1.994999999999929514e+02 2.181491615505788337e-02 -9.344815459988355943e-01 6.280130521190259607e+00
1.707198386537881696e+00 1.298178179172720270e+00 5.178767249368858572e+00 3.678621392816475488e+00 1.293395199621308445e+00 1.428269455055120929e+00 6.140994573008307089e-01 3.404383706517508656e+00 6.000000000000000000e+00 5.000000000000000000e+00 3.000000000000000000e+00 -2.388433995810566557e+03 1.105000000000002203e+01 2.393181223816040415e+01 -1.263362633196052798e+00 9.359380199205347139e-03
1.857857173634743564e+00 1.645428643476827935e+00 5.177032580789374450e+00 3.478711359303250816e+00 1.563975019421553370e+00 1.928090911168956145e+00 6.414693751473106165e-01 3.241492539881155377e+00 1.000000000000000000e+01 1.800000000000000000e+01 3.000000000000000000e+00 -2.181199673215763141e+03 1.913400000000047214e+02 5.345604575985051454e+00 -5.558430464690134798e+00 4.677070226283044363e+00
1.006285114383951962e+00 2.607859809277414787e+00 8.621122625772324355e+00 4.547745378532748184e+00 2.655448777333031085e+00 3.733048411665730315e-01 6.767157022415131173e-01 4.365432431158829729e+00 3.000000000000000000e+00 5.000000000000000000e+00 5.000000000000000000e+00 -3.791559410474586116e+02 1.500499999999998693e+02 1.900818381546616820e+01 -1.433133748950646269e-01 1.470891294797729322e-02
1.871788196054207987e+00 1.537985978322423453e+00 5.329771976598417282e+00 2.513948563916319490e+00 2.591659237277968764e+00 2.078178900661227679e+00 5.012241521113154352e-01 2.841467930372255424e+00 7.000000000000000000e+00 9.000000000000000000e+00 2.000000000000000000e+00 -2.174044042166516647e+03 1.567800000000046623e+02 5.978377635407134072e+00 -2.900872263338420520e+00 9.361862575861494840e-01
1.491657159653035025e+00 1.803140066925373874e+00 7.014784336912853746e+00 1.884715669459082976e+00 2.074094203381695589e+00 1.625572589183839955e+00 3.350964518953766791e-01 2.591181363074306354e+00 5.000000000000000000e+00 6.000000000000000000e+00 4.000000000000000000e+00 -2.194991631368876597e+02 1.720800000000049863e+02 2.388543951402425855e-02 -1.027017988683478045e+00 1.921386183584974580e-02
1.206277625612153681e+00 1.606275677912026856e+00 8.292317781966499268e+00 4.433897308291231631e+00 2.660083032370905265e+00 2.103780650119286832e+00 6.749372371329482867e-01 3.136255763728938550e+00 4.000000000000000000e+00 1.000000000000000000e+01 2.000000000000000000e+00 -2.361448343041852240e+03 2.551999999999897852e+02 1.461552144011607623e+01 -4.335136933235117063e+00 4.686916709288342808e+00
2.492435117678308387e+00 2.097522877641551542e+00 7.062830177986890945e+00 1.862569273121115643e+00 2.872750581368166412e+00 9.775864039651209758e-01 2.485478685538576038e-01 3.133186087440535061e+00 3.000000000000000000e+00 1.200000000000000000e+01 4.000000000000000000e+00 -5.925324951003675551e+02 3.601200000000105774e+02 2.577953094377264165e+01 -9.253634919499159617e-02 3.608645330435401866e-03
5.131153799976857499e-01 1.477228855748040193e+00 4.905928839891466886e+00 1.029613506518503474e+00 2.231197022572423805e+00 7.433098284768202557e-01 9.240733228106426944e-01 3.289991896145909145e+00 1.000000000000000000e+01 1.700000000000000000e+01 3.000000000000000000e+00 -6.674258756491057056e+02 5.101700000000154773e+02 2.577130472806862471e+01 1.705782350671032066e-01 5.545614494021845059e-03
8.427802132708075433e-01 1.641964741230467206e+00 6.811175096226668835e+00 4.275746759866704494e+00 1.651046381826917653e+00 1.546240563539932333e+00 8.802528738869342950e-01 2.121851964884341690e+00 6.000000000000000000e+00 1.000000000000000000e+01 3.000000000000000000e+00 -4.429793860113811661e+02 3.000999999999997385e+02 1.830808662571132928e+01 -1.797858799600809965e-02 6.280874554386956632e+00
1.317231061629416500e+00 2.023793160711704786e+00 6.453949421505506656e+00 2.972566465827967352e+00 1.876527197911679545e+00 9.050230106181409440e-01 8.338112930496659470e-01 2.113787799857626659e+00 4.000000000000000000e+00 8.000000000000000000e+00 2.000000000000000000e+00 -5.224896842592194162e+02 2.400800000000151329e+02 2.515310526620073972e+01 4.742355366107999654e-02 7.663999621486516228e-03
1.145438956965851185e+00 2.651800508903878750e+00 6.933493641884364678e+00 4.887573842265604540e+00 2.144568477573831178e+00 1.659578212784074802e+00 7.903318330961307536e-01 3.063061595726868536e+00 3.000000000000000000e+00 9.000000000000000000e+00 2.000000000000000000e+00 -5.464576007398588899e+02 2.700900000000045225e+02 2.571328754624103752e+01 4.395244374141889232e-02 6.265365395267696869e+00
1.887735066091726699e+00 6.036768508124483734e-01 2.865602261771829085e+00 1.506273123597305030e+00 2.564001634095720128e+00 6.323769717062210916e-01 5.946793797522020864e-01 2.499881603085628790e+00 3.000000000000000000e+00 1.700000000000000000e+01 2.000000000000000000e+00 -6.805330930095283293e+02 5.101700000000154773e+02 2.659050581309503869e+01 1.539057200517555679e-01 4.708955963639360927e-03
1.463422145332573976e+00 2.370594044513550269e+00 5.955254751015177206e+00 8.359927020246120222e+00 1.811280249403844023e+00 1.301840285741546310e+00 2.666621242460134877e-01 2.404860658689961905e+00 4.000000000000000000e+00 3.000000000000000000e+00 1.000000000000000000e+00 -2.384895847183656770e+03 8.790000000000004476e+00 2.378130294897852437e+01 -2.365965782729393396e+00 1.254695758554818241e-01
9.022555814731039181e-01 2.879918607938406261e+00 7.154707674613478119e+00 7.056707703847549418e+00 9.899343727425411466e-01 8.696968657225445654e-01 8.047989805002649932e-01 3.045680964822607528e+00 1.000000000000000000e+00 1.200000000000000000e+01 3.000000000000000000e+00 -5.934922196318857459e+02 3.601200000000105774e+02 2.583951372699252502e+01 -3.183005734867089820e-01 6.268515808603923212e+00
2.955070117526376050e-01 2.683178905656613100e+00 5.229386251779573058e+00 3.394642582116598195e+00 1.689792897868709343e+00 4.378064434702655383e-01 8.538943824297474672e-01 2.653524162091463356e+00 2.000000000000000000e+00 9.000000000000000000e+00 2.000000000000000000e+00 -5.620595888956680710e+02 2.700900000000045225e+02 2.668841180597911134e+01 -4.902651835667487523e-02 5.491575184270825003e-04
8.139221477380088610e-01 1.603180118376650976e+00 7.019394366645394179e+00 6.011307421458839784e+00 2.510525541666835725e+00 1.654646926722666000e+00 8.628462979322768511e-01 2.204363372979778024e+00 5.000000000000000000e+00 1.100000000000000000e+01 4.000000000000000000e+00 -5.933156288277773456e+02 3.301100000000244563e+02 2.676628930173531629e+01 -1.673819478469027178e-01 1.212504737604115125e-02
2.640999008879818533e-02 2.980672582018141004e+00 7.158192459034658839e+00 6.296637242583322802e+00 2.053225207916955952e+00 1.478694990143411214e+00 4.096728156369977003e-01 3.251138747381063787e+00 4.000000000000000000e+00 1.000000000000000000e+01 4.000000000000000000e+00 -5.002059248366547308e+02 3.000999999999997385e+02 2.188474530229093062e+01 8.103248513976930856e-03 3.059372358417169514e-03
1.491480022493079316e+00 2.142231547023199845e+00 8.020932176708109651e+00 3.349130171794195032e+00 7.910839175771289256e-01 3.273185119124355502e-01 8.826664167460666066e-01 2.357735668823405017e+00 4.000000000000000000e+00 4.000000000000000000e+00 3.000000000000000000e+00 -2.298064045566568893e+03 2.919999999999955520e+01 1.771650284791058994e+01 -2.293106776719837647e-01 6.271724996285461984e+00
1.135526759002553288e+00 1.492269479243532260e+00 6.629211874868407683e+00 4.996378672550014777e+00 1.371115434038741476e+00 1.946538645467550621e+00 4.056359198577240144e-01 3.841388713124762155e+00 5.000000000000000000e+00 1.500000000000000000e+01 3.000000000000000000e+00 -2.339953315793104139e+03 5.474999999999965894e+01 1.953614473706902643e+01 -1.006738634984749936e+01 3.646377847223991608e+00
2.201139236939695376e+00 2.585466146796639109e+00 7.249185486940641354e+00 4.818900433837642439e+00 1.620811478711774889e+00 1.317998339730179325e+00 4.105919974418001939e-01 3.580622678091146760e+00 4.000000000000000000e+00 6.000000000000000000e+00 3.000000000000000000e+00 -2.285432494524073718e+03 7.518000000000132843e+01 1.549015590775457341e+01 -3.399117636407798404e+00 5.560289622854369895e+00
3.580700667698801798e-01 2.288560214325364939e+00 5.500010299608164566e+00 3.597928077063860197e+00 1.639642974411061438e+00 1.708694126185520634e+00 9.452535127125173409e-01 2.634265262272277752e+00 4.000000000000000000e+00 1.500000000000000000e+01 3.000000000000000000e+00 -6.563667749366746875e+02 4.501499999999774104e+02 2.695573593354287567e+01 2.384282041903957317e-01 6.271805639338463578e+00
7.984593732984947012e-01 2.614627679225175694e+00 8.554204023243674015e+00 5.760192122177549834e+00 2.796194942485032531e+00 2.803866399775352125e-01 8.172401444142363136e-01 3.055031947622897981e+00 7.000000000000000000e+00 4.000000000000000000e+00 4.000000000000000000e+00 -2.212535228329282290e+03 9.292000000000332705e+01 1.037970177058005561e+01 -6.016428189235506485e-01 6.280768220747509289e+00
5.685137400941580044e-01 2.859751394778118350e+00 6.796420811104221471e+00 4.178781188577900707e+00 2.155246571263989885e+00 1.573487355030960266e+00 3.649999538881706362e-01 3.706162017334269088e+00 4.000000000000000000e+00 9.000000000000000000e+00 4.000000000000000000e+00 -4.880114802374986311e+02 2.700900000000045225e+02 2.206040501484352134e+01 -3.541537335863671476e-01 9.024919305235107325e-02
3.141155496402936453e-01 2.024083417584265021e+00 3.996651525812324302e+00 2.612412681413045945e+00 2.362059810386723413e+00 1.428342004695465572e+00 9.665068025765358728e-01 2.573210197008000577e+00 6.000000000000000000e+00 3.000000000000000000e+00 3.000000000000000000e+00 -2.384099514916807493e+03 7.680000000000019256e+00 2.376621968230045212e+01 -2.554090215591287016e+00 7.108091454521289765e-02
1.027376991912297033e+00 1.481504876847265173e+00 7.455515890331422035e+00 4.126282203655295078e+00 2.440654466896159835e+00 1.545412197261954335e+00 4.346649737551639414e-01 2.612407654643333466e+00 8.000000000000000000e+00 1.000000000000000000e+01 3.000000000000000000e+00 -5.479723923973292585e+02 3.000999999999997385e+02 2.487014952483308861e+01 -4.977834676936161717e-02 1.307632230599077398e-02
3.221843313427128486e-01 1.479661078546207875e+00 5.550484559211552593e+00 1.484203462947519814e+00 1.843201755174623813e+00 5.086995126527782407e-01 5.720411242010510211e-01 2.335864829945260013e+00 6.000000000000000000e+00 9.000000000000000000e+00 3.000000000000000000e+00 -5.385337452146558235e+02 2.700900000000045225e+02 2.521804657591584942e+01 -1.519882049543955227e-01 1.535421162638064309e-02
9.239447433082002004e-01 1.703430947066456369e+00 5.632412177562883926e+00 9.942270891027181534e+00 2.571584922456593425e+00 1.189927254329095074e+00 2.508022809274306764e-01 3.251690800458893360e+00 2.000000000000000000e+00 1.600000000000000000e+01 5.000000000000000000e+00 -2.420995809490946158e+03 1.367999999999977945e+02 2.203723809318421800e+01 -2.328958029509945238e+00 1.462532880700224913e+00
1.480775507058941232e+00 2.650550760105251147e+00 9.481580358676914955e+00 3.048503154130801196e+00 1.805115468856301142e+00 1.517015869445166754e+00 3.930357152275337218e-01 3.111950982370118357e+00 3.000000000000000000e+00 1.100000000000000000e+01 4.000000000000000000e+00 -2.445607985471545362e+03 1.422300000000011551e+02 2.340581159197156680e+01 2.829075830504747535e-01 5.968140717182990329e-03
1.944773414638700570e+00 8.564354133996033847e-01 5.726485508889641807e+00 3.751063545318151338e+00 2.073307638405744502e+00 7.662862053551320329e-01 6.458868854082635558e-01 2.700899107496771201e+00 6.000000000000000000e+00 6.000000000000000000e+00 3.000000000000000000e+00 -2.159628921170776152e+02 1.715400000000049658e+02 1.958837999308554734e-02 -1.058657454552743848e+00 3.017554819852157066e-02
1.285375193796444826e+00 2.311917560940737193e+00 6.240092994207324217e+00 3.810259291044659768e+00 2.347782551782924276e+00 7.866882142716619120e-01 8.634557037891736897e-01 2.518497156567029105e+00 4.000000000000000000e+00 1.000000000000000000e+01 4.000000000000000000e+00 -5.537211054162229402e+02 3.000999999999997385e+02 2.522944408851394371e+01 -1.789227094890107062e-03 6.277936003990798319e+00
2.047079372551226406e+00 2.390444597950058370e+00 6.673745603827696549e+00 6.627279731202381008e+00 1.310439241229915730e+00 4.315398101693783128e-01 1.030392405015501112e-01 3.013944325307362337e+00 7.000000000000000000e+00 2.000000000000000000e+00 2.000000000000000000e+00 -2.383089485369021531e+03 4.459999999999992859e+00 2.380371783556383747e+01 -3.049244686376677116e+00 6.280684166734814333e+00
8.091666382440867444e-01 2.468672813692816881e+00 6.842906861993101053e+00 3.848020092166053452e+00 2.957304224135865134e+00 1.899237592704363431e+00 9.805652381998515299e-01 3.859046974015059472e+00 6.000000000000000000e+00 1.500000000000000000e+01 4.000000000000000000e+00 -2.413074699194511140e+03 2.556000000000068155e+02 1.782966869965672885e+01 -4.048300552568518285e+00 2.387500942447302599e+00
1.638330879349127578e+00 1.595524011409910070e+00 6.980612053468142619e+00 6.601009231512142250e+00 2.073537100496879226e+00 1.454473022304573426e+00 8.713733119203093125e-01 2.396047319396802600e+00 5.000000000000000000e+00 8.000000000000000000e+00 2.000000000000000000e+00 -5.195689243218121192e+02 2.400800000000151329e+02 2.497055777011278721e+01 -1.086143567364025730e-02 7.167243557600486842e-03
1.476241412405049802e+00 2.853151179568555129e+00 6.803613428078938874e+00 4.569616077530859855e+00 2.194257788076824589e+00 1.845892761959665451e+00 6.233877682254932440e-01 2.590065994800463400e+00 6.000000000000000000e+00 9.000000000000000000e+00 3.000000000000000000e+00 -4.150915138106676068e+02 2.700900000000045225e+02 1.750290711316658232e+01 -1.553347208697834492e-01 1.090261611437348677e-02
2.298005217269866840e+00 2.888617755221893901e+00 6.148745048800003055e+00 3.744964410109281605e+00 1.933773515537604126e+00 4.113175997562115160e-01 7.765423560178456031e-01 2.416624902548492049e+00 4.000000000000000000e+00 8.000000000000000000e+00 3.000000000000000000e+00 -3.966033590501574508e+02 2.400800000000151329e+02 1.728520994063436689e+01 2.619743894265973982e-01 4.688563073465899095e-02
2.029034574290962567e+00 2.451569689904864902e+00 4.732791772448081247e+00 3.785439301338507256e+00 1.592369255445199805e+00 5.721381493798318729e-01 2.534636938836324904e-01 3.350954313135171780e+00 4.000000000000000000e+00 1.100000000000000000e+01 3.000000000000000000e+00 -2.334297700802335385e+03 1.655500000000040473e+02 1.572016880014584395e+01 -2.453384246747633224e+00 1.413403238519721272e+00
7.826058926290261342e-01 2.569055758511385346e+00 7.995091787039780407e+00 2.593979946038459161e+00 1.780267238007453789e+00 8.448316919261469327e-01 2.699263855038422366e-01 3.627341966553530028e+00 4.000000000000000000e+00 1.100000000000000000e+01 2.000000000000000000e+00 -5.741356583725947758e+02 3.301100000000244563e+02 2.556754114828640922e+01 -6.388936105431539114e-02 6.282710849112804752e+00
1.023262061987152638e+00 1.483588465772564868e+00 5.039656982810334362e+00 3.622355684770337536e+00 1.410846049809198144e+00 7.307643447466579678e-01 5.713914796008008334e-01 2.436607779349713176e+00 6.000000000000000000e+00 2.000000000000000000e+01 5.000000000000000000e+00 -6.167145504545466110e+02 6.001999999999994770e+02 1.978840940340917953e+01 -3.343332806753682163e-01 3.891594278684418901e-02
1.541834072696006253e+00 2.371954188869692448e+00 2.607989725500468481e+00 1.030209108506904947e+00 1.908763383694971116e+00 6.622479606259779050e-01 6.855278540166442891e-01 3.556389548848949200e+00 8.000000000000000000e+00 1.000000000000000000e+01 3.000000000000000000e+00 -1.798192744591821111e+02 3.000999999999997385e+02 1.860579653698890112e+00 1.018887722026955989e-01 6.280879637451975306e+00
2.144033404225674566e+00 2.251227543974646306e+00 6.505038481021799157e+00 3.694145249903868944e+00 8.707209636356396665e-01 1.623698365989252768e+00 6.299232283670719301e-01 2.754108531052581910e+00 0.000000000000000000e+00 8.000000000000000000e+00 2.000000000000000000e+00 -2.357537002971808761e+03 6.271999999999901831e+01 2.038606268573807512e+01 -1.876347721595477358e+00 6.282286654002786186e+00
1.269601180595377743e+00 2.127843005805186927e+00 1.129544346639548280e+00 3.860986436960131662e+00 5.114181690635051236e-01 1.103805268903103265e+00 2.215675534121706591e-01 2.979302272558677522e+00 1.000000000000000000e+01 1.000000000000000000e+01 3.000000000000000000e+00 -2.307588704162059912e+03 4.730000000000040217e+01 1.774616901012874592e+01 -3.876253365381466809e-01 3.471333481879176203e-02
2.245788125908969590e+00 1.836699533330673040e+00 5.684507094021578055e+00 2.256148182460079088e+00 1.071146977587022597e+00 2.852538920344156015e+00 2.153349061309909329e-01 2.344917067458554882e+00 6.000000000000000000e+00 8.000000000000000000e+00 3.000000000000000000e+00 -2.088151717951027990e+02 1.492000000000009265e+02 2.256526054819216198e-02 -1.059781184183952618e+00 1.851190282723936403e-02
1.809979293235294495e+00 1.827552700833309451e+00 4.393489144411108605e+00 9.278624606688323340e+00 2.644691196539414424e+00 1.613378750576718978e+00 8.775457105151469595e-01 3.053361690404232665e+00 3.000000000000000000e+00 1.300000000000000000e+01 4.000000000000000000e+00 -2.256887934911952925e+03 1.670499999999969418e+02 1.083518343199713385e+01 -1.199081131823123592e+01 1.130710249610055396e+00
5.672539719514007039e-01 1.904926465790759416e+00 5.189896513025233915e+00 1.457052232446840456e+00 6.522598960536678536e-01 1.489069768212601064e+00 4.718704493952520229e-01 2.558315175461697510e+00 8.000000000000000000e+00 1.700000000000000000e+01 3.000000000000000000e+00 -3.003209500060393111e+02 3.411899999999996567e+02 1.945009926710776493e-02 -1.036940583489993184e+00 3.097639555776450851e-02
1.275264196778643111e+00 2.672005615643867849e+00 7.057417691742557508e+00 4.310252715998181827e+00 1.724207228752072218e+00 1.887584119876227540e+00 6.738755298380449954e-02 3.087507733152854872e+00 9.000000000000000000e+00 8.000000000000000000e+00 2.000000000000000000e+00 -8.974315116560826766e+01 1.788800000000055661e+02 1.894694785034298917e-02 -9.303024117518241543e-01 4.314093106407491940e-02
1.017681071172420015e+00 1.658053580580399089e+00 9.464961244677251528e+00 3.906645360748859375e+00 1.024010315464122467e+00 1.133666989710389927e+00 9.784546332490156040e-01 3.220991189748353634e+00 8.000000000000000000e+00 1.600000000000000000e+01 3.000000000000000000e+00 -3.687578566272974285e+02 4.801600000000302657e+02 8.042366039205143480e+00 -9.693118170413397294e-01 6.242080376107323580e+00
2.576387462892138380e+00 2.318523566842279227e+00 7.512306698632011503e+00 3.743685676087348924e+00 2.097032221058286794e+00 1.303674446730681558e+00 6.069455698886980777e-01 3.297349625298115150e+00 2.000000000000000000e+00 3.000000000000000000e+00 2.000000000000000000e+00 -5.472831013583725479e+01 9.003000000000264436e+01 6.070818834897458993e-01 -5.249498016269444900e-01 6.275781032760969325e+00
