1.894989481102193452e+00 1.984559749789213789e+00 6.821033064904811205e+00 3.569215807598165036e+00 1.190221074919030952e+00 7.050770265822845495e-01 2.902222638160655843e-01 2.254709976647100600e+00 9.000000000000000000e+00 1.500000000000000000e+01 4.000000000000000000e+00 -3.436003144841558878e+02 4.093499999999835950e+02 2.256706318685465160e-02 -9.960984004680605297e-01 2.658392418982116236e-03
2.236571647180013223e+00 1.681185213603628048e+00 5.367839246712171608e+00 1.313276182215320720e+00 5.282555238698861677e-01 9.089708610877342831e-01 3.736878534641820404e-01 2.600176399135197602e+00 8.000000000000000000e+00 1.900000000000000000e+01 3.000000000000000000e+00 -2.989056456978047436e+02 3.209099999999966712e+02 1.955795829915584622e-02 -1.049170808813259193e+00 6.279025188181479145e+00
1.049814746460064230e+00 1.671028984676048657e+00 6.181034691685217020e+00 7.058013026359096109e+00 2.108305226591336901e+00 1.286589261462492528e+00 5.115597175296009436e-01 3.256233195816212955e+00 9.000000000000000000e+00 1.900000000000000000e+01 2.000000000000000000e+00 -2.381855077097150115e+03 4.333899999999953252e+02 1.032250481857204782e+01 -2.990143040176811429e+00 5.531693891361686433e+00
4.914858872476704499e-01 1.910952320684674133e+00 2.511301580635903363e+00 6.429996012411170803e+00 2.289132218972495636e+00 1.302034756719266273e+00 5.345936401277200101e-02 3.036902331523500642e+00 4.000000000000000000e+00 1.400000000000000000e+01 5.000000000000000000e+00 -2.348715874644459291e+03 2.011799999999933561e+02 1.550786716527889730e+01 -1.140607224696578825e+01 1.905321977501419628e+00
1.521487753814595001e+00 2.463439549602889134e+00 8.440856743040805910e+00 5.440792335963929638e+00 1.836384648463892821e+00 1.477217202012886421e+00 1.611498382075594038e-01 2.463767595336811222e+00 1.000000000000000000e+00 1.900000000000000000e+01 4.000000000000000000e+00 -2.649634850256438767e+03 5.243999999999979309e+02 2.421467814102749827e+01 5.465147070533605822e-01 6.140510337135502539e+00
2.035611651055423632e+00 1.851740334313429104e+00 3.406302216956840212e+00 4.245851908173115419e+00 4.319641420594688697e-01 1.579783369262354409e+00 3.077837414636543922e-01 2.506450850699635247e+00 1.000000000000000000e+01 1.800000000000000000e+01 3.000000000000000000e+00 -2.385335011968768413e+03 6.966000000000012449e+01 2.190656324804803745e+01 -1.298961239056368289e+00 5.783062679189931998e+00
1.521912200626088563e+00 2.509166834367867249e+00 4.099207700833599866e+00 6.014004968091544612e+00 1.728926437239277636e+00 6.948503260168975570e-01 4.435635075815321793e-01 3.046224854556886186e+00 8.000000000000000000e+00 1.900000000000000000e+01 1.000000000000000000e+00 -2.366799832018017696e+03 2.190699999999978616e+02 1.607905200112615773e+01 -5.335861088544482378e+00 3.807246147077964604e+00
1.145751550885675929e+00 4.402517668360259040e-01 6.520991183242696110e+00 1.150383226362759359e+00 2.695499577596459417e+00 1.418914986438684078e+00 2.603115982289913033e-01 2.194957808097373508e+00 1.000000000000000000e+01 1.300000000000000000e+01 3.000000000000000000e+00 -6.045830365633144083e+02 3.901299999999891384e+02 2.559487728520748817e+01 1.084388465111530142e-01 6.280517863634007547e+00
8.681783116494856678e-01 2.403952942433111417e+00 7.336697499014469770e+00 4.342224285700418740e+00 1.221189270601013233e+00 9.882627877457003107e-01 2.574059236876013457e-01 2.557892810276160667e+00 5.000000000000000000e+00 1.000000000000000000e+01 2.000000000000000000e+00 -4.095503258803634026e+02 3.000999999999997385e+02 1.621877036752272261e+01 -2.008410644321478866e-01 3.555080208583965423e-02
1.055890960151488311e+00 8.966965757014826455e-01 5.852503313413670583e+00 7.811703939960198184e+00 2.089048441827490166e+00 5.480396090001156129e-01 5.533332806892671263e-01 3.691153627878331900e+00 8.000000000000000000e+00 1.700000000000000000e+01 5.000000000000000000e+00 -5.375009459093041642e+02 5.101700000000154773e+02 1.765099661933102482e+01 1.584651142093406739e-01 6.149536015792168797e+00
7.122850470016484081e-01 2.217611971744519295e+00 5.367709719269923241e+00 8.920048878530518977e+00 2.585684608893600078e+00 1.617516067366043808e-01 2.733737389234188742e-01 3.189100479661448606e+00 9.000000000000000000e+00 1.300000000000000000e+01 1.000000000000000000e+00 -6.053737635295517521e+02 3.901299999999891384e+02 2.564429772059732215e+01 3.714403016051026629e-04 1.477095359675963462e-02
2.323809381248367334e+00 1.474068763948792382e+00 3.133611119239259057e+00 5.977666657195864097e+00 2.336590238340407577e+00 6.021649289576954667e-01 5.045941958367914371e-01 3.423056527906271018e+00 7.000000000000000000e+00 1.500000000000000000e+01 2.000000000000000000e+00 -5.241017566753581605e+02 4.501499999999774104e+02 1.868917229221059273e+01 -3.353444577941944726e-01 6.164243592184559972e+00
9.343838711405622055e-01 1.559578776706422865e+00 6.896759058194698255e+00 5.227626429797772367e+00 1.623612574879711445e-01 8.508458349406832211e-01 2.217323740486484562e-01 3.263457831910633988e+00 6.000000000000000000e+00 9.000000000000000000e+00 5.000000000000000000e+00 -1.350238841232276741e+02 1.147500000000030838e+02 1.708022359111501659e-02 -1.084801408803489631e+00 2.016339551588111345e-01
1.246752267239133349e+00 1.827281854665338878e+00 6.159373861945793394e+00 4.241365508980042165e+00 2.333061574661666526e+00 2.212675775568672343e+00 3.808343662329788937e-01 3.957204655118303549e+00 1.000000000000000000e+01 7.000000000000000000e+00 2.000000000000000000e+00 -2.359596356599842693e+03 2.359000000000007446e+01 2.173758478749014955e+01 -1.066724215263122666e+00 5.154381894922468316e-02
2.154504891678879375e+00 9.934414122101703493e-01 2.989926518079261353e+00 5.459077026353700290e+00 2.650891233641227362e+00 5.090418777385756766e-01 5.006237876639293427e-01 3.550977873971100429e+00 4.000000000000000000e+00 9.000000000000000000e+00 2.000000000000000000e+00 -6.720808236355788949e+02 2.553300000000083969e+02 -6.173567842287849827e-02 -9.245091070596954452e+00 1.890195708209931880e+00
3.982010801509281439e-01 2.438318153851088965e+00 3.333425454482320749e+00 8.190470176580110007e+00 1.549970045771877247e+00 3.020605184350146910e-01 1.876736179361015722e-01 2.267955677538973980e+00 3.000000000000000000e+00 1.300000000000000000e+01 1.000000000000000000e+00 -5.001841130200057250e+02 3.901299999999891384e+02 1.906994456375069547e+01 -1.526103552128720842e-01 1.572653972719220694e-02
5.070597342216511816e-01 2.197784604574335887e+00 6.148268798699703552e+00 2.072870815219109097e+00 2.912335524678083765e+00 1.257369991082072591e+00 5.112776072570475172e-01 2.958164375592592599e+00 7.000000000000000000e+00 1.500000000000000000e+01 1.000000000000000000e+00 -6.522941657559981650e+02 4.501499999999774104e+02 2.670119785975058946e+01 4.675363856378843275e-02 6.240539543095684927e+00
1.493478132577625184e+00 2.412230018870180182e+00 5.287968170443996030e+00 4.347645821288748991e+00 1.574121845533100528e+00 5.497843472116173968e-01 6.939622256567262726e-01 3.249264439367887114e+00 8.000000000000000000e+00 1.600000000000000000e+01 2.000000000000000000e+00 -6.244940317541235117e+02 4.801600000000302657e+02 2.402587698463177190e+01 -1.541602068068823161e+00 1.705286882429559239e-02
5.958487882530451030e-01 2.087805312535731428e+00 9.107031883329174349e+00 5.358918230044779740e+00 2.640254803910769610e+00 1.099033623780906188e-01 4.123531814552372499e-02 2.412711661385663842e+00 6.000000000000000000e+00 1.900000000000000000e+01 4.000000000000000000e+00 -7.015069572800937294e+02 5.701900000000110822e+02 2.602574733000550822e+01 -7.108945361494695137e-02 6.282128564788533431e+00
2.028976698199091544e+00 1.581960761742007060e+00 8.029891397927928054e+00 5.672577535332573362e+00 2.138356414518743698e+00 6.510674845591862825e-01 1.872187022374116605e-02 3.685176375999148490e+00 4.000000000000000000e+00 1.500000000000000000e+01 1.000000000000000000e+00 -2.357930361456285482e+03 1.614000000000032458e+02 1.732689759101775095e+01 -7.980280512378144842e+00 2.550469537947099408e+00
8.599075601773618072e-01 1.191406050119199866e+00 9.450480121686258173e+00 6.906313724984586067e+00 1.821932454770437637e+00 8.240672032341501696e-01 1.515339336324199593e-01 3.477406334052072001e+00 6.000000000000000000e+00 1.800000000000000000e+01 4.000000000000000000e+00 -6.243630320731831489e+02 5.401800000000090449e+02 2.214206450457366770e+01 1.280765126925672015e-01 1.688778506086840991e-03
3.157246236745150370e-01 1.634757207480046937e+00 5.798724189260995310e+00 5.945807568972137247e+00 2.409306937588589381e+00 6.001601709226112025e-02 3.987106682023807691e-01 3.166111383051599670e+00 8.000000000000000000e+00 7.000000000000000000e+00 1.000000000000000000e+00 -5.094898726465708023e+02 2.100699999999860097e+02 2.527842954041111412e+01 2.685338599939338100e-02 9.302339695113796131e-03
1.152754229256305551e+00 1.703368388704725955e+00 2.450555616850634166e+00 4.369752564876348444e+00 1.769179215298473773e+00 9.304261732730841894e-01 4.308008600488241191e-01 3.189089018137505782e+00 1.100000000000000000e+01 1.500000000000000000e+01 3.000000000000000000e+00 -4.828392232690847550e+02 4.501499999999774104e+02 1.611026395431850133e+01 7.283653525928658612e-02 4.065683770289613835e-04
7.429721221814651333e-01 2.660157779825650159e+00 4.283866660330074794e+00 6.161649344774474457e+00 2.296948676488312469e+00 9.261168515803591683e-01 3.549316274069448940e-01 2.120794242852069189e+00 4.000000000000000000e+00 1.400000000000000000e+01 2.000000000000000000e+00 -6.308835169907640648e+02 4.201399999999720194e+02 2.630084481192363199e+01 -5.614418195621736357e-02 6.281842835943312942e+00
1.090568495606099697e+00 1.356028113939507396e+00 6.616962562240694012e+00 6.144555407173601047e+00 1.758050919060106576e+00 1.570991692163869358e+00 1.760204541893858055e-01 2.334576098055363147e+00 3.000000000000000000e+00 9.000000000000000000e+00 2.000000000000000000e+00 -4.450085088274357759e+02 2.700900000000045225e+02 1.937271930171459644e+01 2.329238648641859116e-02 1.248590019433282530e-02
7.853507000018019601e-01 2.735018667725574559e+00 6.705277381578389040e+00 4.617885468234086410e+00 2.357680341427013548e+00 1.637122020764931740e+00 1.212631333464003758e-01 2.783048252964275271e+00 3.000000000000000000e+00 1.300000000000000000e+01 3.000000000000000000e+00 -6.161313454339144755e+02 3.901299999999891384e+02 2.631664658961999592e+01 8.545367007504273138e-03 6.273375641829822769e+00
1.701131734871665913e+00 2.494015228019277775e+00 6.754174050063847190e+00 7.617064544214533939e+00 1.778137603288547641e+00 1.323294968944544792e+00 5.544093769780397141e-01 3.922553606416811167e+00 6.000000000000000000e+00 1.000000000000000000e+01 4.000000000000000000e+00 -2.363014597392422274e+03 6.820000000000040075e+01 2.055716233702638007e+01 -3.097498260259576419e+00 5.354093104066270925e+00
1.644257980406261588e+00 1.986458671178028323e+00 2.772959463669497637e+00 7.394427978253895084e+00 4.257919963502073690e-01 6.392454172605527285e-01 3.105592839412857353e-01 3.792679477799693277e+00 1.000000000000000000e+00 1.600000000000000000e+01 2.000000000000000000e+00 -2.396990599903556813e+03 4.847999999999967002e+01 2.329691249397231090e+01 -3.861961713684301856e+00 1.347843667882898888e+00
1.238315302876176194e+00 1.550937610356654783e+00 4.185030144717686085e+00 2.862058896216832959e+00 1.895314085749305377e+00 1.292803662057282921e+00 5.007442422660215442e-01 3.234093901531662318e+00 2.000000000000000000e+00 1.200000000000000000e+01 2.000000000000000000e+00 -6.127154969210087074e+02 3.601200000000105774e+02 2.704096855756271367e+01 1.580390913347179960e-01 4.039025084987102332e-03
9.808733320019933366e-01 1.637422043679867656e+00 7.984021245721461213e+00 4.582277006087502436e+00 2.011854157881169058e+00 2.954089445471277386e-01 6.280509559246978402e-01 2.781031403678552394e+00 4.000000000000000000e+00 7.000000000000000000e+00 4.000000000000000000e+00 -5.139158675037184594e+02 2.100699999999860097e+02 2.555505421898284268e+01 -5.645387139823857675e-02 6.281946264671288915e+00
2.243117017336463959e-01 1.400491766959202078e-01 2.308365354316786355e+00 1.441264638117557118e+00 1.811636366423312827e+00 1.391265996961194684e+00 3.648821320035019466e-01 2.702941033533713622e+00 2.000000000000000000e+00 1.400000000000000000e+01 3.000000000000000000e+00 -2.403127847822311196e+03 4.634000000000014552e+01 2.374736548889444165e+01 -1.058576868133579429e+00 5.629692744484953160e+00
6.991310372203014545e-01 1.106378313002198244e+00 6.987564530286603848e+00 4.609474893797811390e+00 3.034309161148789347e-01 4.769063054423922643e-01 7.752505371550376390e-02 2.750469159126622820e+00 6.000000000000000000e+00 1.000000000000000000e+01 2.000000000000000000e+00 -2.397468891108860134e+03 3.040000000000016200e+01 2.389180569430374490e+01 -1.113074138110826450e+00 1.325990481852333536e-01
1.239965677034277514e+00 2.634896272088321556e+00 7.279503258721122805e+00 5.333678607037189323e+00 1.960847355492098432e+00 7.951540030395751746e-01 4.800505663812770774e-01 2.796202775867351331e+00 6.000000000000000000e+00 1.600000000000000000e+01 2.000000000000000000e+00 -6.570275755579034467e+02 4.801600000000302657e+02 2.605922347236801784e+01 -2.278390189552013945e-02 1.429933179789014824e-03
1.082595391989968459e+00 1.635883569076419519e+00 6.140961594354603648e+00 7.686123744121033496e+00 1.597640814163014955e+00 1.216888020340779697e+00 9.014021066132268944e-02 2.886699162077225989e+00 7.000000000000000000e+00 1.600000000000000000e+01 2.000000000000000000e+00 -2.339467983083740364e+03 2.271999999999958675e+02 1.411674894273391878e+01 -1.997913317830828817e+00 5.534965394087914881e+00
1.554945484881157691e+00 1.319480397325715648e+00 2.213776056572594353e+00 6.632618358582328177e+00 4.654318488674659138e-01 6.408358628704887705e-01 3.965075718163904028e-01 2.406934314932891450e+00 1.000000000000000000e+01 1.900000000000000000e+01 3.000000000000000000e+00 -2.352398166151391706e+03 1.461099999999987347e+02 1.745894788446201318e+01 -1.333751053126484010e+00 6.154594429115795684e+00
1.619523930823925983e+00 8.426534586496878809e-01 3.718907568335354075e+00 4.130191490166732926e+00 1.711964805071230389e+00 1.719244907113184895e-01 3.416521313104791679e-01 3.130614415643039994e+00 9.000000000000000000e+00 1.000000000000000000e+01 1.000000000000000000e+00 -1.130165679485960055e+02 2.254999999999914735e+02 1.666049678751658006e-02 -9.808432230464805279e-01 6.279145322274341190e+00
2.775326004936599311e+00 1.877939875590407093e+00 8.309260671209441895e+00 1.156144489520858798e+00 1.850839620883864667e+00 7.892284721183803198e-01 2.864526765830699984e-01 2.358543973739249289e+00 3.000000000000000000e+00 1.100000000000000000e+01 4.000000000000000000e+00 -5.187831898650549647e+02 3.301100000000244563e+02 2.210801186656517103e+01 -4.721473036078647212e-01 6.242501891192499208e+00
6.315534393731148111e-01 1.751556916574970479e+00 4.661941334122162495e+00 6.846473294775284657e+00 2.565739420197029830e+00 1.019091799868302450e+00 8.632786773178352524e-02 2.924761753383005480e+00 1.100000000000000000e+01 6.000000000000000000e+00 1.000000000000000000e+00 -2.221871820096715965e+03 4.608000000000023277e+01 1.242698875604474651e+01 -2.884212405459932960e+00 4.989649107391800342e-01
1.223169920473868300e-02 1.630573592226518986e+00 2.683638605778473796e+00 2.468933907074564615e+00 7.674784023563814284e-01 5.213662068078668277e-01 3.309098059371126666e-01 2.626381213283665250e+00 0.000000000000000000e+00 1.800000000000000000e+01 3.000000000000000000e+00 -2.408302525643221088e+03 6.533999999999996078e+01 2.347703285270131346e+01 -2.706158094246203127e+00 1.033956276522238760e+00
1.121645768838815282e+00 9.939758289198097341e-01 7.401838281461913915e+00 6.828401171732094710e+00 2.865564289858030911e+00 2.235732472466649412e-01 3.011284092466987583e-01 4.132126599087849073e+00 1.100000000000000000e+01 1.400000000000000000e+01 2.000000000000000000e+00 -6.161712015807707985e+02 4.201399999999720194e+02 2.538132509879904930e+01 1.194368524988868863e-02 1.455513617882096128e-02
1.364342050098950487e+00 1.785948020333798736e+00 3.179976025049005450e+00 6.315149697183155553e+00 2.688389364030727702e+00 1.366656794925973584e+00 2.422483005656544952e-02 2.339518194886543334e+00 3.000000000000000000e+00 1.100000000000000000e+01 3.000000000000000000e+00 -4.397039966894078020e+02 3.301100000000244563e+02 1.716556229308722337e+01 1.091724318746311456e-02 1.662457410874829122e-02
8.985320371342948587e-01 5.245272853073851271e-01 7.244061286752094375e+00 5.756018828178490310e+00 1.968929730622590579e+00 8.597524937014500157e-01 7.253579348463810028e-01 2.909182717912099481e+00 4.000000000000000000e+00 1.600000000000000000e+01 4.000000000000000000e+00 -2.402719183109796177e+03 2.598399999999958254e+02 1.704994894436239861e+01 -6.704525513724713726e+00 4.373813092765622912e+00
1.648034073716410086e-01 2.542619144547064725e-02 5.420071101206055175e+00 4.905521501657474026e+00 2.368378145625382292e+00 1.090199185752207089e+00 2.696109546223839915e-01 2.284037115217926406e+00 7.000000000000000000e+00 1.600000000000000000e+01 4.000000000000000000e+00 -5.589099390493904593e+02 4.801600000000302657e+02 1.992687119058595968e+01 1.581335910714936066e-01 7.896499248090169468e-03
1.395013412201822511e+00 3.180896553326558740e-01 6.176328709694051788e+00 6.587115457029651289e+00 2.990547200701004105e+00 1.087629808768731943e+00 4.623424563458259917e-01 4.419118717351078196e+00 5.000000000000000000e+00 2.000000000000000000e+01 1.000000000000000000e+00 -2.486691595665062323e+03 2.041999999999969475e+02 2.403697472906648613e+01 -9.230320096924227613e+00 2.457313757259788289e+00
1.957184450202339443e+00 2.834312257219662179e+00 7.216860578680701188e+00 3.715731731932197413e+00 9.816957925791489625e-01 1.008023259535925087e+00 6.820475862785113641e-02 2.054426739170180483e+00 0.000000000000000000e+00 1.800000000000000000e+01 4.000000000000000000e+00 -4.945331711538109403e+02 5.401800000000090449e+02 1.402769819711290289e+01 -7.290336229480703922e-02 8.591147975711699303e-03
9.139692738467526389e-01 1.248791610113730188e+00 4.498117401130130588e+00 2.391184276393411245e+00 2.168776115325162124e+00 1.340236976094592691e+00 2.633318016176494636e-01 3.511356225379509421e+00 7.000000000000000000e+00 1.400000000000000000e+01 3.000000000000000000e+00 -2.185920654555416149e+03 1.966999999999937927e+02 5.473165909713673116e+00 -5.119126112822370622e+00 1.589871860412502835e+00
8.610441928718582938e-01 1.619794672698537497e+00 4.013663676199584529e+00 2.235015257446270276e+00 1.587652756208047578e+00 5.597278548583324298e-01 1.478176347847638961e-01 4.005296237151664940e+00 8.000000000000000000e+00 9.000000000000000000e+00 1.000000000000000000e+00 -1.849761724725474323e+02 2.700900000000045225e+02 3.120698279534074082e+00 -2.937327050790861094e-02 4.442066226018700006e-03
1.189199868195381926e+00 1.031935364985465453e+00 7.032224835379321526e+00 6.274508697097235910e+00 2.670945186285866857e+00 7.765889311047392551e-01 2.197870825722051391e-01 2.402445275199213359e+00 9.000000000000000000e+00 7.000000000000000000e+00 1.000000000000000000e+00 -8.662553597049650023e+01 1.725499999999896659e+02 2.190849815635427869e-02 -9.808424221959782807e-01 6.282840937856931873e+00
