2.041078896215277716e+00 1.175083190510439302e+00 5.847589831521677439e+00 3.081704050524807226e+00 2.369943959281992640e+00 6.099032323076069018e-01 5.645095099968899799e-01 3.356391338048129391e+00 8.000000000000000000e+00 1.200000000000000000e+01 1.000000000000000000e+00 -2.306639109226025539e+03 9.996000000000076113e+01 1.604119432662656664e+01 -4.002118302565808250e+00 4.392730182442580400e+00
2.354818293089174563e+00 1.864527093962276449e+00 6.203669031708526127e+00 3.837711268015683963e+00 1.314422875288360659e+00 1.082276817154623316e+00 2.261070498442907528e-01 2.109860702474816829e+00 7.000000000000000000e+00 1.100000000000000000e+01 3.000000000000000000e+00 -2.916335746474793496e+02 3.136100000000224099e+02 2.364064370848442675e-02 -1.025245977852184742e+00 1.555433104647474529e-02
2.153274315527738292e+00 1.200235910808760575e+00 7.304322993790542284e+00 7.447574640692605996e+00 2.321683502038123681e+00 5.661198926844912549e-03 2.519798848010115777e-01 2.841368113863361522e+00 8.000000000000000000e+00 1.000000000000000000e+01 1.000000000000000000e+00 -4.386230076767611763e+02 3.000999999999997385e+02 1.803581297979758347e+01 1.162910677606672771e-01 2.454125350192454171e-03
1.447418609180334048e+00 1.533689218502728435e+00 8.466363871393490115e+00 4.207047959147281802e+00 1.851526200149132162e+00 9.378934899449140605e-01 4.289515648214837773e-01 3.785243285081861142e+00 7.000000000000000000e+00 2.000000000000000000e+00 3.000000000000000000e+00 -2.381747155875776116e+03 3.700000000000002842e+00 2.374357224223601293e+01 -3.805546839364177814e+00 4.582966570285000596e-02
1.452845819273444139e+00 1.860164334060642854e+00 8.819505518179502346e+00 4.494473291539008208e+00 2.052243435168676022e+00 8.104347643598486250e-01 7.736775962587868483e-01 2.864433357693436655e+00 3.000000000000000000e+00 1.900000000000000000e+01 3.000000000000000000e+00 -7.442325555434742910e+02 5.701900000000110822e+02 2.869609722146680042e+01 -3.556056175155326848e-02 1.106875547666863469e-02
1.556501556716470613e+00 1.402931044047358800e+00 5.733213495731893872e+00 5.896680632464241789e+00 1.092343287674249375e+00 2.520268859835711472e-02 3.846930269753045528e-01 2.976569035286405818e+00 5.000000000000000000e+00 1.400000000000000000e+01 3.000000000000000000e+00 -5.060042894201948229e+02 4.201399999999720194e+02 1.849589308876305083e+01 -2.943924827886251760e-01 7.023484596246909462e-03
1.790956672494472324e+00 1.372450253348078686e+00 7.567225283232794197e+00 3.104239206549725960e+00 2.668957991524883333e+00 2.892005939345035359e-01 5.277642513870688390e-01 3.891589960665168491e+00 1.000000000000000000e+01 1.600000000000000000e+01 3.000000000000000000e+00 -6.374433480888507120e+02 4.801600000000302657e+02 2.483520925555222547e+01 1.650315166618794571e-01 5.899849415262892194e-03
1.323551574774320727e+00 1.489542948447482029e+00 9.107296590700844519e+00 6.574320682540095717e+00 1.785954783757506714e+00 1.200799647378354873e+00 8.592978675043455583e-02 2.623211227676130353e+00 7.000000000000000000e+00 1.600000000000000000e+01 2.000000000000000000e+00 -5.078686611057441951e+02 4.801600000000302657e+02 1.673679131910806461e+01 -3.777985354386193678e-02 9.461897594173658554e-04
1.794596238613407335e+00 2.071337041664631506e+00 5.518842855529509706e+00 5.316577091158641188e+00 1.297891056209181437e+00 1.358427946788396845e+00 4.725443370443231372e-01 3.336995295637286585e+00 9.000000000000000000e+00 1.500000000000000000e+01 1.000000000000000000e+00 -2.233993298700449941e+03 1.506000000000028365e+02 9.918331168778056650e+00 -1.862170258052222360e+00 4.735123682049025007e-02
2.391429402427829309e+00 2.336486656042442878e+00 9.175535617513322251e+00 6.445357179221661070e+00 2.536286666073822360e+00 7.269516476383945935e-01 6.472413449367232507e-01 2.264708328095156098e+00 6.000000000000000000e+00 1.800000000000000000e+01 3.000000000000000000e+00 -7.130707037375376558e+02 5.401800000000090449e+02 2.768629398359582083e+01 4.207889530842166825e-02 3.476165297676769850e-02
1.676626630424350228e+00 8.681299089804748181e-01 6.788739233240068671e+00 5.387134498399094973e+00 2.314119807702831988e+00 5.718424226505250951e-01 1.939285117408431347e-01 2.650763417521917464e+00 9.000000000000000000e+00 7.000000000000000000e+00 1.000000000000000000e+00 -7.253394073641710804e+01 1.444799999999924012e+02 1.837129602630687558e-02 -9.716602598850418993e-01 6.281589828223431482e+00
2.626183760517082355e-01 1.918682071056445837e+00 9.591596009106483578e+00 4.171008962735052172e+00 1.644570684516275083e+00 1.180578193544297161e+00 5.456152711357975527e-01 3.169256710018322210e+00 5.000000000000000000e+00 1.200000000000000000e+01 3.000000000000000000e+00 -5.850320968496324667e+02 3.601200000000105774e+02 2.531075605310169863e+01 1.449236451290728533e-01 2.117464814860019195e-02
8.520051702201030253e-01 8.377353691248298206e-01 4.585061290075294060e+00 4.309452464882806311e+00 2.802401301958853619e+00 5.578016320533321082e-01 2.435891344716633877e-01 3.352977829026077217e+00 6.000000000000000000e+00 9.000000000000000000e+00 2.000000000000000000e+00 -4.130760738077009364e+02 2.700900000000045225e+02 1.737694211298116542e+01 -8.946219892496189152e-02 6.275203106666377373e+00
1.226116499699795970e+00 2.322411468202937979e+00 6.288373666992221445e+00 3.593609894888414757e+00 2.245838019439718725e+00 1.608532576108787637e+00 3.056274124867610076e-01 4.077853815108223756e+00 9.000000000000000000e+00 1.500000000000000000e+01 2.000000000000000000e+00 -2.304507099588742676e+03 2.937000000000011255e+02 9.853568724296383863e+00 -2.618184001465180266e-01 1.281189218198043878e-01
4.901794348473084151e-01 2.560377022675649705e+00 6.302266292799250103e+00 2.025710695317920695e+00 1.693340180398816841e+00 8.331636691911082915e-01 7.057343330086893740e-01 3.202561498192968870e+00 5.000000000000000000e+00 1.400000000000000000e+01 3.000000000000000000e+00 -6.309780492349595988e+02 4.201399999999720194e+02 2.630675307718584932e+01 1.575367797677160869e-02 6.262150955499863336e+00
2.873212741398190939e+00 1.929969283770847088e+00 6.467726576981238651e+00 3.124135207952350779e+00 2.308970714073788955e+00 6.684784644839585344e-01 2.183559168222186653e-01 2.035021849593269039e+00 1.100000000000000000e+01 1.000000000000000000e+01 1.000000000000000000e+00 -1.201099115632236618e+02 2.396999999999906663e+02 1.624447270177069996e-02 -9.868846821511821910e-01 6.278836776982724466e+00
2.332436176127322458e+00 2.468801767404193104e+00 8.370757964497858694e+00 3.308757909327631808e+00 1.554594058160348569e+00 1.014817004219738195e+00 9.625769656480060998e-01 3.198386367346605752e+00 5.000000000000000000e+00 1.600000000000000000e+01 2.000000000000000000e+00 -2.578644096587621789e+03 4.054400000000185855e+02 2.349525603672578811e+01 1.991910623397551705e-01 9.623269898451858317e-03
1.450957949818515225e+00 2.588338596722112861e+00 2.775451386756890848e+00 4.334985949555381524e+00 1.965134170879819120e+00 5.530736768536251846e-01 2.714585959824478145e-01 2.906583695141309320e+00 1.000000000000000000e+00 1.100000000000000000e+01 5.000000000000000000e+00 -2.365304026091434935e+03 4.146999999999984254e+01 2.153556413071469322e+01 -1.609366694718817437e+00 5.410512063584088871e+00
8.860311946356108637e-01 8.787701290015724753e-01 6.565716861099470947e+00 1.070924553318973960e+00 2.425845367432227562e+00 1.025863305078433541e-01 4.631543016092992682e-01 3.813785275886041326e+00 9.000000000000000000e+00 1.300000000000000000e+01 2.000000000000000000e+00 -6.147533770781736848e+02 3.901299999999891384e+02 2.623052356738619295e+01 8.391015241461338703e-03 1.034886855458055227e-02
2.412489334554879239e+00 2.372276003059069271e+00 5.350359411422940248e+00 9.371213711739846630e+00 2.648568088669495779e+00 1.288627800726414918e+00 3.588961181839502856e-01 2.448527758962911971e+00 1.000000000000000000e+01 1.200000000000000000e+01 1.000000000000000000e+00 -2.291217561798090401e+02 2.876400000000078307e+02 2.287525237839185821e-02 -9.713948578391445876e-01 6.108770434845583353e+00
1.140520279665361514e+00 2.506626820561523861e+00 5.981469738115342771e+00 7.427083645112037225e+00 1.491994888395270946e+00 3.715347782005109512e-01 4.722723074363435192e-01 3.303757185328764390e+00 7.000000000000000000e+00 1.100000000000000000e+01 2.000000000000000000e+00 -2.916252862620843302e+02 3.301100000000244563e+02 7.910642891379506381e+00 -1.576410946825851644e-01 6.277603859833480016e+00
2.535538692853213094e-01 2.389022768890642467e+00 7.480391351137137157e+00 6.034771682114560498e+00 1.787572210962204533e+00 5.310964181726192113e-01 3.373301566187127398e-01 2.902088485860403466e+00 7.000000000000000000e+00 1.000000000000000000e+01 4.000000000000000000e+00 -4.476216550563383407e+02 3.000999999999997385e+02 1.859822844102115269e+01 2.503146046828240781e-02 6.283147572210472376e+00
2.132493440367071447e+00 1.125163478920621518e+00 6.766603088775855923e+00 5.004138874646981705e+00 1.756194420452944716e+00 1.216357370403122307e+00 7.937283226233178279e-01 2.224312204557816308e+00 6.000000000000000000e+00 8.000000000000000000e+00 3.000000000000000000e+00 -2.008923197617480696e+02 2.400800000000151329e+02 5.053269985108781448e+00 -9.625548286327259007e-01 3.020680374000939139e-03
1.844077188581858762e+00 1.630610456085807014e+00 6.480679858389351011e+00 3.973478272920536902e+00 2.099401170474238132e+00 2.221110766159617445e-01 8.332093113433418630e-01 2.753008912963115673e+00 2.000000000000000000e+00 1.100000000000000000e+01 3.000000000000000000e+00 -6.018019310834449698e+02 3.301100000000244563e+02 2.729668319271454280e+01 1.679300789080506555e-03 6.265073307153581794e+00
2.533269345502452197e+00 1.949038656637577471e+00 4.440839695400042864e+00 3.224669769131060626e+00 1.307889795885413209e+00 2.098756189276123951e+00 2.184843644552764141e-03 2.760610294396929731e+00 7.000000000000000000e+00 8.000000000000000000e+00 1.000000000000000000e+00 -2.360772363767890965e+03 2.975999999999971735e+01 2.161827273549318207e+01 -2.820667077759730912e+00 5.341001460713701299e+00
2.569944158293396619e+00 2.877165829781056061e+00 4.192848483915692981e+00 5.437279384158815176e+00 1.463518699077684504e+00 1.881698913413457852e+00 9.821628611923732821e-01 2.950044570462356575e+00 6.000000000000000000e+00 1.900000000000000000e+01 5.000000000000000000e+00 -2.255531889430404590e+03 1.955099999999981435e+02 9.861055589400359978e+00 -1.562446879911687247e+01 4.212915530428893440e+00
1.920198038184627976e+00 1.895127626205962201e+00 4.383350192215234920e+00 6.077445901343883961e+00 1.370369779178991942e+00 9.970942190927882809e-01 8.030177285475711968e-02 2.921261503354557920e+00 1.000000000000000000e+01 6.000000000000000000e+00 1.000000000000000000e+00 -2.194648304067156914e+03 4.650000000000024869e+01 1.071239400419729471e+01 -1.996163547174942599e+00 1.845111589576845998e-02
1.720492456356698341e+00 2.244955830108314121e+00 3.912320329513151229e+00 3.208878841517130986e+00 2.565895305989298159e+00 2.463864811887909401e+00 5.905239350144197985e-01 2.385640893414964214e+00 5.000000000000000000e+00 7.000000000000000000e+00 1.000000000000000000e+00 -2.221755850206745890e+03 1.273999999999940655e+02 9.878490637921807149e+00 -2.448103033557162078e+00 9.095810008443718786e-01
8.485694407417880836e-01 2.069179548228457843e+00 4.060032886518799344e+00 6.719874998857225279e+00 1.591835060982725647e+00 7.926285518724944801e-01 8.113880760548419779e-01 2.927175317708535562e+00 9.000000000000000000e+00 8.000000000000000000e+00 2.000000000000000000e+00 -2.171596604138131852e+02 2.400800000000151329e+02 6.069978775862850284e+00 -2.927504349795195804e+00 4.064772077011097502e-03
1.989207095943653192e+00 1.082807440406219568e+00 6.582871076376619612e+00 6.264974356566976432e+00 2.683615581325601074e+00 1.012574761809797108e+00 4.054184680705739674e-01 2.141169787536056468e+00 1.000000000000000000e+01 6.000000000000000000e+00 2.000000000000000000e+00 -2.333648108430814318e+03 9.978000000000226066e+01 1.773488177692580692e+01 -7.405855146026910640e-01 6.279717571368854223e+00
1.525491456078150510e+00 2.596120353359917310e+00 3.834573581170702905e+00 3.684722624312165351e+00 9.355174241113639599e-01 3.052032571870215705e-01 6.005314192092975345e-01 3.192799903659622629e+00 2.000000000000000000e+00 9.000000000000000000e+00 4.000000000000000000e+00 -2.450224665889408584e+02 2.700900000000045225e+02 6.873591661808662323e+00 -2.717068929205410099e-02 2.562525678634788515e-03
2.739823015912064896e+00 9.644128236629849749e-01 4.404849795642217458e+00 8.997937936062040620e+00 1.685974492298289995e+00 2.359213124143223761e-01 8.019452342060150452e-01 2.188559789732474226e+00 1.100000000000000000e+01 1.200000000000000000e+01 2.000000000000000000e+00 -2.302068546265879377e+03 1.094400000000011204e+02 1.545928414161742559e+01 -1.111716092727760952e+00 1.992901570654492110e-02
1.864680146391155091e+00 1.398571301940037870e+00 8.591013597238374544e+00 3.417961349026374940e+00 2.478737811334362995e+00 8.292709253451779894e-01 7.045231131953504367e-01 3.128685414341097815e+00 7.000000000000000000e+00 1.900000000000000000e+01 1.000000000000000000e+00 -7.000389119805018936e+02 5.701900000000110822e+02 2.593399449878102203e+01 -8.739040984644080856e-02 6.095509585604485636e+00
8.560941841010958342e-01 2.142714726126799363e+00 5.333603094525718902e+00 2.640201257471154861e+00 2.200019346536882026e+00 1.826206480689467115e+00 3.064814377553435332e-01 2.390383049326573861e+00 9.000000000000000000e+00 1.600000000000000000e+01 2.000000000000000000e+00 -5.177873371092873640e+02 4.801600000000302657e+02 1.735670856932951622e+01 9.661895436277086191e-02 7.806337337277566117e-03
1.781575417656740656e+00 1.575819105943000897e+00 5.877435085349646648e+00 7.435364353872829568e+00 1.666892379975829730e+00 4.493256273810709023e-01 7.582647773088231347e-01 3.062213258815534633e+00 7.000000000000000000e+00 1.100000000000000000e+01 1.000000000000000000e+00 -2.226345530707921512e+02 3.301100000000244563e+02 3.598722066923745633e+00 -4.150334686044531568e-02 5.686715501207473267e-04
5.435244128486005355e-01 1.756632796531100604e+00 7.121485191595837705e+00 7.147424697541333138e+00 2.101948087878367399e+00 1.999323733715605123e+00 1.880896463909069449e-01 2.607736057210350289e+00 7.000000000000000000e+00 1.300000000000000000e+01 4.000000000000000000e+00 -2.240412066510307795e+03 2.300999999999947363e+02 7.835129156894406144e+00 -1.116587994647798254e+01 3.170163348592258235e+00
1.795495532945572181e+00 1.513432463291534136e+00 7.158064570684315342e+00 6.948526682460036241e+00 2.673559998670087534e+00 1.025261005361531863e+00 9.353526156993740015e-01 2.142663090978383700e+00 6.000000000000000000e+00 1.500000000000000000e+01 2.000000000000000000e+00 -6.553458300671327379e+02 4.501499999999774104e+02 2.689192687919650382e+01 5.087467513174686456e-02 4.040756246952895148e-03
1.877657469666063283e+00 2.938999941593904985e+00 6.386437835851741518e+00 6.870253358466808180e+00 9.813160632326847210e-01 1.467269350657170568e+00 5.590346811140105565e-01 2.861265898300568988e+00 9.000000000000000000e+00 1.000000000000000000e+01 5.000000000000000000e+00 -2.067408479943407542e+02 1.767999999999942418e+02 2.397615843532589427e-02 -1.080719068188021659e+00 6.977501796133783740e-02
1.661178919760864847e+00 2.404563735805054669e+00 8.425790560655611827e+00 8.556328233809281869e+00 1.215987987416856431e+00 1.001256367245207057e+00 4.731256186875508196e-01 2.512762664535452384e+00 3.000000000000000000e+00 2.000000000000000000e+01 2.000000000000000000e+00 -7.274022296292725969e+02 6.001999999999994770e+02 2.670638935182955009e+01 -5.803816546934706389e-02 6.275345742522635106e+00
8.303032913407354387e-01 2.019040793384515808e+00 4.402353564555792076e+00 4.328040415370442595e+00 2.293584157356372444e+00 1.088029180882579272e-01 3.728151752349516401e-02 3.329549977712234821e+00 7.000000000000000000e+00 1.100000000000000000e+01 2.000000000000000000e+00 -4.346745514865551741e+02 3.301100000000244563e+02 1.685122196790893412e+01 2.574105980122418091e-02 6.282115524329835665e+00
8.618576962560871024e-01 1.033667904502316492e+00 8.139401408793148107e+00 5.316602944486350069e+00 2.835485879646266305e+00 3.564823392078410036e-01 1.186856175957389653e-01 3.465223786804611183e+00 7.000000000000000000e+00 1.400000000000000000e+01 1.000000000000000000e+00 -5.138945641311553345e+02 4.201399999999720194e+02 1.898903525819808280e+01 1.590309821022777570e-01 4.441779220424066019e-03
2.379396748287304852e+00 1.126294987365876299e+00 5.994154244605079285e+00 8.753224332052063517e+00 7.948375914371440532e-01 9.802642087185300945e-02 4.834471138652887690e-01 3.736651818010919612e+00 4.000000000000000000e+00 1.200000000000000000e+01 2.000000000000000000e+00 -2.281483637984287043e+02 3.601200000000105774e+02 3.005522737401463473e+00 -1.571501984434840737e-02 6.273153018752502419e+00
2.082001354156605810e+00 1.890252694370458952e+00 6.902562375818106055e+00 5.115887810186308116e+00 2.126013164160458047e+00 1.884634956564739117e+00 1.699067039463024731e-01 2.536959447373694942e+00 5.000000000000000000e+00 1.300000000000000000e+01 5.000000000000000000e+00 -2.172640283726932921e+03 1.723799999999967554e+02 5.403142732933419623e+00 -7.313879247801909678e+00 5.847378773724841494e+00
1.106208630609663901e+00 2.563278949404606433e+00 8.056544158069112171e+00 2.329854174212725670e+00 6.867486920542931195e-01 9.965589018563979495e-01 4.888401405755755103e-01 2.125603454871335174e+00 6.000000000000000000e+00 1.700000000000000000e+01 2.000000000000000000e+00 -5.140296837081521062e+02 5.101700000000154773e+02 1.618404273175902119e+01 -2.420414210050693682e-01 6.270878379852267592e+00
1.700797262942551624e+00 2.026440929022609527e+00 6.152560257876833028e+00 4.703175992364943880e+00 1.480450225429783551e+00 1.003419339408934963e-01 4.682596927829313360e-01 3.074224403259735450e+00 9.000000000000000000e+00 5.000000000000000000e+00 4.000000000000000000e+00 -2.387923060781632103e+03 1.215000000000003766e+01 2.386550379885201068e+01 -2.146529943593786793e+00 6.258691616535988267e+00
8.703667702605267786e-01 1.408515194748254373e+00 5.701391039823191953e+00 4.870143350015733397e+00 2.161904083780821217e+00 1.122304403520081983e+00 4.087706972243425052e-01 3.765653642296326709e+00 8.000000000000000000e+00 2.000000000000000000e+01 5.000000000000000000e+00 -2.520332851326903437e+03 5.027999999999800025e+02 1.680830320793209509e+01 -2.059982056306342901e+00 4.986144758587339965e+00
2.273870644747606029e+00 2.218393283107955138e+00 5.457561432661193201e+00 1.649017631556612962e+00 1.912285790007814734e+00 1.723613676133611827e-02 8.255132124810451444e-01 2.285385339680864103e+00 1.100000000000000000e+01 9.000000000000000000e+00 2.000000000000000000e+00 -2.219386114621975139e+03 1.225800000000033805e+02 9.881007163873340104e+00 -1.423800113073058426e+00 1.837275015204749284e-02
1.189199868195381926e+00 1.031935364985465453e+00 7.032224835379321526e+00 6.274508697097235910e+00 2.670945186285866857e+00 7.765889311047392551e-01 2.197870825722051391e-01 2.402445275199213359e+00 9.000000000000000000e+00 7.000000000000000000e+00 1.000000000000000000e+00 -8.662553597049650023e+01 1.725499999999896659e+02 2.190849815635427869e-02 -9.808424221959782807e-01 6.282840937856931873e+00
