7.172180949245106074e-01 8.404180847945876831e-01 6.545164475429303685e+00 7.063775983905675737e+00 2.280130863464076896e+00 6.925567364063692777e-01 3.471485931926527879e-01 3.888349533879278841e+00 9.000000000000000000e+00 9.000000000000000000e+00 2.000000000000000000e+00 -2.041909576969964917e+02 2.700900000000045225e+02 4.321622356062139403e+00 3.968109712388032291e-03 2.205982795846635441e-04
1.768140890372267071e+00 2.052283152457396564e+00 5.307651863597851793e+00 2.588482099754561894e+00 1.918055208517100096e+00 8.394096702104973939e-01 1.439486050168955200e-01 3.980046414083652451e+00 3.000000000000000000e+00 1.000000000000000000e+01 3.000000000000000000e+00 -2.228493879565729912e+03 1.301999999999968907e+02 1.021211747285822291e+01 -3.591165710098149777e+00 6.100916151931953024e+00
1.151703770212326505e+00 1.522475448814424537e+00 6.471939308811315072e+00 5.671811646907988447e+00 2.648904374712190979e+00 1.163084763477702621e+00 1.971470239669708968e-01 3.637336082374904578e+00 9.000000000000000000e+00 1.400000000000000000e+01 2.000000000000000000e+00 -2.954335683118109728e+02 4.201399999999720194e+02 5.335223019489061969e+00 -5.594527235029272960e-01 6.261231197335173526e+00
1.764531572309927077e+00 9.312043326935527388e-01 4.852831516575101922e+00 9.055544105175824754e+00 2.457912024503175807e+00 7.895953131098781830e-01 6.388764897709440227e-01 3.339002786498019848e+00 5.000000000000000000e+00 7.000000000000000000e+00 2.000000000000000000e+00 -3.616855408317779847e+02 2.100699999999860097e+02 1.604065880198656302e+01 -1.241286247145937695e-02 6.280232659545305296e+00
7.238373051833528748e-01 6.028755380544620346e-01 4.118162578453479661e+00 6.640597115701951658e+00 1.992689124468500772e+00 1.377710606885473421e+00 9.673357538761631624e-02 2.954506838487612530e+00 7.000000000000000000e+00 4.000000000000000000e+00 2.000000000000000000e+00 -2.128701636064499326e+03 7.980000000000127613e+01 5.550102254031180848e+00 7.939807138050719582e-02 5.954316127280775639e+00
8.143272384310356049e-01 1.494312966972973111e+00 5.929248123211695365e+00 8.347874048695219429e+00 1.376310508753959327e+00 1.039033938586811923e+00 2.600576349273968635e-01 2.428146837101879285e+00 5.000000000000000000e+00 1.100000000000000000e+01 3.000000000000000000e+00 -2.170965963251142966e+03 1.702800000000046339e+02 5.364122703196289699e+00 -3.214962213349993991e+00 8.451202467644465255e-01
1.697505562998650186e+00 1.368136441628041489e+00 5.937823901397879744e+00 2.907644961920341498e+00 2.468062077163525991e+00 1.517553234094066061e+00 3.537003927848861862e-01 3.136800710375343471e+00 6.000000000000000000e+00 1.100000000000000000e+01 2.000000000000000000e+00 -4.344639324089540082e+02 3.301100000000244563e+02 1.683805827555886125e+01 1.753601171738685405e-01 6.123602107247759108e+00
1.719325108082486508e+00 1.581321702346812019e+00 4.164525166837627523e+00 5.301693657228625511e+00 1.735838838141499751e+00 9.013477460062075952e-01 3.144204160307372264e-01 2.419470204953442671e+00 5.000000000000000000e+00 1.300000000000000000e+01 3.000000000000000000e+00 -2.245644586417578012e+03 1.140099999999987972e+02 1.178997415109864910e+01 -9.181627420970620790e+00 2.136361578301440911e+00
2.260240030911820353e-01 1.485267370781738094e+00 2.139131209591798921e+00 4.510897903355302496e+00 7.565815317808728402e-01 1.397548052827200404e+00 5.289835811054652837e-01 2.416405392091214743e+00 2.000000000000000000e+00 1.700000000000000000e+01 3.000000000000000000e+00 -2.283009285553336667e+03 5.950000000000042633e+01 1.582870534708351684e+01 -2.030666837110719669e+01 3.703445595912594701e+00
1.441512913045252420e+00 1.899411830249305266e+00 4.629615386744106331e+00 3.365615575173659391e+00 9.559258426629987371e-01 1.667724083847151428e+00 4.291550029278418110e-01 2.774560015007034863e+00 3.000000000000000000e+00 1.400000000000000000e+01 2.000000000000000000e+00 -3.515629895661877526e+02 4.201399999999720194e+02 8.843311847887610710e+00 5.815110835517908749e-02 8.020656832846263448e-03
1.484572561514831524e+00 3.387259397086948010e-01 6.244164195934430950e+00 6.860712802073591021e+00 1.672800450354545942e+00 9.532914837301326161e-01 3.544644511525391617e-01 2.486892660531136556e+00 8.000000000000000000e+00 9.000000000000000000e+00 2.000000000000000000e+00 -1.267926140020861112e+02 2.530800000000083116e+02 1.578837513012203847e-02 -9.651861796975955698e-01 4.269734369095409265e-01
1.428602007326711387e+00 2.078362797802649098e+00 5.125009314560036167e+00 6.624656264162647190e+00 8.960362577963899566e-01 1.402503396053478957e+00 4.444444142051396929e-01 2.762048133773860492e+00 6.000000000000000000e+00 1.000000000000000000e+01 2.000000000000000000e+00 -1.124335284483678095e+02 2.031999999999927411e+02 1.791046901443160699e-02 -9.623831280296515356e-01 4.104310335982514490e-01
3.163484973891513841e-01 1.304738315830670681e+00 7.754937616905367648e+00 6.191076520036887132e+00 1.783472089740791855e+00 4.507279823809390296e-01 1.541797432677171620e-01 3.381656515926770634e+00 6.000000000000000000e+00 9.000000000000000000e+00 3.000000000000000000e+00 -2.309639958252347242e+03 2.256300000000072714e+02 1.230155989077148604e+01 -3.634154110553968309e+00 4.364961507436471710e-01
2.289269691753155200e+00 1.206086247070606632e+00 4.258551565637326064e+00 6.345386191943564569e+00 2.124002358381683386e+00 1.704110505420397992e+00 3.862895211930482131e-01 3.537286413450776212e+00 1.100000000000000000e+01 1.200000000000000000e+01 1.000000000000000000e+00 -2.099229503966850643e+03 1.478400000000025614e+02 1.581843997928085166e+00 -6.915182653373608268e-01 9.302837438312301366e-01
1.832106687281382262e+00 2.646810201377587823e+00 6.705356555297499632e+00 7.557316938587327115e+00 2.111299251936876509e+00 5.921570244278081541e-01 4.508645220803797482e-01 3.395771608050952572e+00 5.000000000000000000e+00 1.000000000000000000e+01 1.000000000000000000e+00 -4.172390364023641496e+02 3.000999999999997385e+02 1.669931477514776930e+01 -6.674032371698238042e-02 6.274039347816128931e+00
1.495758640551439589e+00 6.346001602881032877e-01 4.353026323226745653e+00 5.779740844283369761e+00 1.308964869523452368e+00 3.690962266765205335e-01 4.058520431409006202e-01 3.850335192977018650e+00 6.000000000000000000e+00 1.300000000000000000e+01 1.000000000000000000e+00 -2.613896343576206505e+02 3.901299999999891384e+02 4.145289647351630968e+00 -7.914939574150203034e-04 6.283168010976662110e+00
1.377529673521153741e+00 2.439815519761340479e+00 4.994101931652814130e+00 7.077247781223805490e+00 2.334339402988032219e+00 1.085118793195491538e+00 3.854692799665869751e-01 3.517577842881957295e+00 2.000000000000000000e+00 8.000000000000000000e+00 2.000000000000000000e+00 -4.052838950045186834e+02 2.400800000000151329e+02 1.782774343778194392e+01 6.309704526698543814e-02 5.049396737078421134e-03
1.589925226868724728e+00 1.592621188704314239e+00 5.186261637869495011e+00 5.666293277385639371e+00 1.863226717450183756e+00 1.032941286599170505e+00 3.881666074939724154e-01 2.642924424756371238e+00 8.000000000000000000e+00 1.000000000000000000e+01 1.000000000000000000e+00 -2.132037575997745762e+02 2.794999999999950546e+02 1.769634844007573343e-02 -1.133639181703653742e+00 2.109619365695545035e-01
5.649980916194085045e-01 1.770875575034711380e+00 5.584086429026731579e+00 5.463905477646454401e+00 1.024476210121169295e+00 1.188375576716814042e+00 5.253044158352664361e-01 2.613671641314601501e+00 5.000000000000000000e+00 1.200000000000000000e+01 2.000000000000000000e+00 -4.522718402564568692e+02 3.601200000000105774e+02 1.701324001602822378e+01 -6.311574875830436304e-02 6.187876967387668792e+00
3.210975993773350079e-01 1.565481040074010455e+00 5.908583529588353755e+00 6.499973392206429779e+00 1.974601075909898196e+00 1.547842190083235980e+00 2.020942032179505743e-01 2.902099170720731536e+00 7.000000000000000000e+00 8.000000000000000000e+00 2.000000000000000000e+00 -3.912094859985733137e+02 2.400800000000151329e+02 1.694809287491035832e+01 -1.707380094657875158e-01 6.193046131434289947e+00
1.020184586888795097e+00 1.794371480336640179e+00 4.272016139424188452e+00 6.683498173956982313e+00 2.307987449396220470e+00 8.795281749133908589e-01 2.262880012333310931e-01 2.837727215625738708e+00 8.000000000000000000e+00 1.000000000000000000e+01 2.000000000000000000e+00 -1.953611804627194601e+02 3.000999999999997385e+02 2.831948778919974874e+00 -1.382361203290020102e-01 6.280019268719573944e+00
1.452457703505921849e+00 1.838965088959119143e+00 6.398122164263604361e+00 4.258580225474307923e+00 1.818810196320977512e+00 1.563216287917799541e+00 3.983152184680831542e-01 3.392373225272376835e+00 8.000000000000000000e+00 9.000000000000000000e+00 2.000000000000000000e+00 -1.746107224993919544e+02 2.700900000000045225e+02 2.472857656211856270e+00 1.764942914124658507e-02 6.278070055813482320e+00
1.804640422850673387e+00 1.438026975726816703e+00 4.397812419146184482e+00 5.746050419854216607e+00 1.700219690117158677e+00 1.091883507481156146e+00 9.464483898524507222e-01 2.844054396587978317e+00 4.000000000000000000e+00 1.100000000000000000e+01 1.000000000000000000e+00 -4.525665551379065619e+02 3.301100000000244563e+02 1.796947219611839586e+01 1.517804989367367852e-01 6.187831332205710133e+00
1.060523744854148243e+00 7.306332096833294543e-01 3.160347826380675240e+00 6.735843422170670003e+00 9.787931282944277722e-01 8.923112719941083126e-01 3.727554639431757688e-01 2.257441112168060204e+00 5.000000000000000000e+00 1.200000000000000000e+01 1.000000000000000000e+00 -2.913948097436290823e+02 2.961600000000081536e+02 2.475497219325672321e-02 -6.047097162308429086e-01 6.271862292398147964e+00
1.005762423643529857e+00 2.145118341921910865e+00 6.255124451279288067e+00 5.122035490090448562e+00 1.764680006761745634e+00 1.813094238950765380e+00 5.668200579295907815e-01 2.932478363537954102e+00 4.000000000000000000e+00 1.300000000000000000e+01 1.000000000000000000e+00 -4.969924667294081928e+02 3.901299999999891384e+02 1.887046667058834970e+01 3.850899885266879930e-02 6.197950232886750399e+00
9.434437404486888390e-01 1.805130016129873116e+00 4.923239533570011872e+00 7.336386707114655792e+00 5.609403315000447421e-01 9.525481848927710438e-01 5.423647934656753433e-01 2.854968901295481754e+00 6.000000000000000000e+00 1.400000000000000000e+01 2.000000000000000000e+00 -2.269202540214271835e+02 3.415999999999796728e+02 2.076596267664531509e-02 -9.665580111346148140e-01 2.753808595754684285e-01
1.522326483228798377e+00 6.825443903125741896e-01 4.748895385111287837e+00 4.705757442096315302e+00 1.655529765217134575e+00 9.970937234642966995e-01 1.143177465340186466e-01 2.162652122674737054e+00 4.000000000000000000e+00 1.100000000000000000e+01 3.000000000000000000e+00 -2.357189491605467538e+03 8.216999999999963222e+01 1.975653072534174015e+01 -2.877462741364735788e+00 1.737301509760225571e+00
1.050433348186958327e+00 2.623026166648904756e+00 6.363695069691265083e+00 2.930211372638722445e+00 7.314446235670974961e-01 5.508146412321771601e-01 1.098115793130280404e-01 2.719248220880665201e+00 6.000000000000000000e+00 1.100000000000000000e+01 2.000000000000000000e+00 -1.343464144759250587e+02 2.680700000000167620e+02 1.946340474479280047e-02 -9.542805285532311999e-01 6.279332306104258521e+00
2.046952975234807681e+00 1.180286597203857868e+00 4.814257208988609094e+00 1.261753842032964368e+00 2.111262575499588401e+00 9.889269579101493957e-01 2.964682231220280850e-01 2.390476203869916105e+00 6.000000000000000000e+00 1.300000000000000000e+01 2.000000000000000000e+00 -4.714995155087030980e+02 3.901299999999891384e+02 1.727715721929428128e+01 3.364416547408323466e-02 2.444647650157605150e-03
1.505658762176496968e+00 1.091650154273754225e+00 8.280520174836308200e+00 5.340517756085618295e+00 2.358320673657580357e+00 5.320653986635722754e-01 3.987108184694908575e-01 3.332987174433953648e+00 6.000000000000000000e+00 1.500000000000000000e+01 1.000000000000000000e+00 -5.332016531480032882e+02 4.501499999999774104e+02 1.925791582175091321e+01 1.166831595780832703e-01 4.866224125981481741e-02
1.218528738204523565e+00 1.150904839930542378e+00 3.520293112391716495e+00 4.203361640079834594e+00 1.540875105646227539e+00 3.073480548026761294e-01 3.288320654178208957e-01 3.118396802723012229e+00 6.000000000000000000e+00 9.000000000000000000e+00 2.000000000000000000e+00 -1.680013765596378335e+02 2.700900000000045225e+02 2.059773534977222376e+00 -7.653761677695739007e-02 2.673230714322557058e-02
7.228313127460193055e-01 2.308529917224753092e+00 5.937877898570243396e+00 5.674024287823969281e+00 2.769023181448973414e+00 3.335897086274268730e-01 7.837570411225686096e-02 3.084015705653724293e+00 7.000000000000000000e+00 8.000000000000000000e+00 2.000000000000000000e+00 -3.902182582526221495e+02 2.400800000000151329e+02 1.688614114078841055e+01 -3.313896727711815315e-02 7.889645790301482277e-04
1.582830710090478377e+00 2.746289362064864292e+00 5.688390485503473926e+00 5.299724993847678256e+00 1.900809967911004206e+00 8.870401607825945112e-01 5.250668376880033295e-01 3.785377040029323403e+00 8.000000000000000000e+00 8.000000000000000000e+00 2.000000000000000000e+00 -1.753263255116962114e+02 2.400800000000151329e+02 3.455395344480539421e+00 1.611028984190646107e-03 6.177113878286222715e+00
1.235990179486517349e+00 1.253344005736284572e+00 5.310726284021398236e+00 7.022063925501653259e+00 1.399435141668670779e+00 1.227139279629412272e+00 1.330911789614004914e-01 2.471830102975397292e+00 8.000000000000000000e+00 1.200000000000000000e+01 2.000000000000000000e+00 -1.600210359031634084e+02 3.193200000000090313e+02 2.256474394743074319e-02 -9.375290764941454080e-01 6.242530677260051064e+00
1.659756301672832279e+00 1.238979193928946732e+00 6.062590576065718828e+00 4.018519703247193320e+00 1.725643372637557516e+00 8.649305288516224710e-01 5.931128780940982947e-01 3.342809321785158438e+00 8.000000000000000000e+00 1.200000000000000000e+01 2.000000000000000000e+00 -2.393692399233322590e+02 3.601200000000105774e+02 3.706827495207934753e+00 -1.187179415167627719e-02 6.273974173003198374e+00
1.214993207554001753e+00 4.173686245969108199e-01 3.426522470427034950e+00 3.051364950794002606e+00 1.452710490827620049e+00 2.286672431736556099e-01 4.032261678837186780e-01 3.623016760168613626e+00 8.000000000000000000e+00 6.000000000000000000e+00 3.000000000000000000e+00 -2.140388197335198583e+03 1.111200000000026904e+02 5.301762333449800302e+00 -2.189228177323037983e+00 3.483651057056467160e-01
1.930887096511114898e+00 2.892940315256372852e+00 4.039495981590581763e+00 5.252576144193561447e+00 1.361358287296338343e+00 1.525585050720657643e+00 6.197720136421388526e-01 2.344049043125517429e+00 7.000000000000000000e+00 1.100000000000000000e+01 1.000000000000000000e+00 -2.570398301226194917e+02 2.756600000000177033e+02 1.738933719508459902e-02 -9.592092612942011431e-01 6.215018137669102494e+00
1.412887023199916881e+00 7.920826960652974646e-01 3.867121406997024113e+00 6.250756640707844092e+00 1.850567353648616908e+00 3.737793318844475632e-01 4.744963096457031071e-01 4.302448798467577440e+00 6.000000000000000000e+00 2.000000000000000000e+00 3.000000000000000000e+00 -2.383616291935782101e+03 3.300000000000002487e+00 2.387289324598638629e+01 -4.319134258066241294e+00 6.280771266743297332e+00
5.743823059539955311e-01 1.328956056097455374e+00 2.679478935008053231e+00 7.440381299175926166e+00 2.909725669919517865e-01 1.392452741521345683e+00 4.757876084694329655e-01 2.198913374279563904e+00 2.000000000000000000e+00 1.700000000000000000e+01 3.000000000000000000e+00 -2.310133857933531544e+03 1.099900000000009328e+02 1.594617862084570703e+01 -5.118363375807018834e+00 5.848923908467416055e+00
1.294424960608059116e+00 1.582484337518164974e+00 4.883495451119561181e+00 4.836851474992969635e+00 1.193623694600135288e+00 9.466477451682222544e-01 2.405125455117285843e-02 2.850786063140608562e+00 9.000000000000000000e+00 8.000000000000000000e+00 2.000000000000000000e+00 -2.161576380307220006e+03 7.495999999999875740e+01 7.756023769201297213e+00 -2.413906359163366933e+00 2.590755589797912317e-01
1.639135422242853357e+00 1.164509295989865301e+00 4.636426795447586180e+00 6.277465268998169812e+00 1.933012576468980281e+00 1.400481163389238670e+00 2.666528016497952125e-01 2.759785004804942155e+00 7.000000000000000000e+00 6.000000000000000000e+00 1.000000000000000000e+00 -1.678370373118563634e+02 1.035600000000024039e+02 1.689789029793313177e-02 -1.053262812256180014e+00 7.434810718219574122e-02
2.077527490749098149e+00 1.051925015435166921e+00 1.740344149657776729e+00 5.169794280153078070e+00 2.079048873056180025e+00 1.473702741360596979e+00 4.029371288324478662e-01 2.099317398648807398e+00 6.000000000000000000e+00 7.000000000000000000e+00 2.000000000000000000e+00 -1.459625894004316535e+02 1.387399999999929605e+02 2.335179569172404074e-02 -9.576497870096284393e-01 6.074134171032610219e+00
1.295972682684744193e+00 1.465061592816745639e+00 4.876784058767081653e+00 3.914688807060582754e+00 2.088386362866745394e+00 1.771426092813938258e+00 5.381514227119085225e-01 3.470253737258573778e+00 3.000000000000000000e+00 9.000000000000000000e+00 2.000000000000000000e+00 -4.266333531368095464e+02 2.700900000000045225e+02 1.822427207105045710e+01 -2.934284513496374647e-01 6.150305461767077375e+00
2.340602997419419129e+00 2.170137220319155347e+00 7.903931654319478639e+00 3.644583769843642962e+00 9.288776706221572033e-01 3.797447496291316282e-01 5.794210766563101522e-01 2.677821468378989600e+00 8.000000000000000000e+00 1.100000000000000000e+01 3.000000000000000000e+00 -2.722131652045133023e+02 2.665300000000165710e+02 1.787232988585099602e-02 -9.932943161368538165e-01 9.981002567234983913e-04
1.223616860499800785e+00 1.260521326168935641e+00 6.838727180902389513e+00 6.135330549796629285e+00 2.348552312477970361e+00 7.538512397996233183e-02 3.177309065111864617e-01 4.455028141880575276e+00 4.000000000000000000e+00 1.200000000000000000e+01 2.000000000000000000e+00 -5.329847175643550372e+02 3.601200000000105774e+02 2.205779484777185928e+01 1.066177312545105449e-01 6.281735537291543992e+00
1.610311654766451994e-01 4.525688941040332258e-01 4.245675619364622122e+00 6.393258538982008687e+00 1.410378934008568397e+00 7.457348968922555832e-02 1.427942192221756113e-01 4.392158249312852369e+00 1.000000000000000000e+01 9.000000000000000000e+00 3.000000000000000000e+00 -2.335739906427683366e+02 2.700900000000045225e+02 6.158061915172879708e+00 -3.848497873192248397e-02 6.278605916019548872e+00
1.709792266590080878e+00 9.272399223920076983e-01 2.965650013226930337e+00 3.576797341997800306e+00 2.079633169283453764e+00 7.012227547899357871e-01 2.008722519973192844e-01 2.633057700906292986e+00 7.000000000000000000e+00 9.000000000000000000e+00 1.000000000000000000e+00 -2.422216224352827965e+02 2.061000000000065313e+02 2.064640232132806258e-02 -1.013320039040366938e+00 6.282596137033332084e+00
1.297624243631408270e+00 1.259203524195110280e+00 4.768120935240281355e+00 4.838340402104480020e+00 1.672941997455635210e+00 7.867942512427690271e-01 3.382451480628088092e-01 3.785384887534480214e+00 7.000000000000000000e+00 5.000000000000000000e+00 2.000000000000000000e+00 -4.488847089189606265e+01 8.924999999999707256e+01 1.646693074359555087e-02 -9.480466445268758147e-01 6.275933578095646226e+00
