1.344106873418833281e+00 1.556709612015430233e+00 3.572100383231547216e+00 7.297788992125150642e+00 1.743551681224877248e+00 1.184206499264730983e+00 4.529721503769060242e-01 3.361651925838168076e+00 3.000000000000000000e+00 3.000000000000000000e+00 2.000000000000000000e+00 -2.317879799758482022e+03 1.088999999999995971e+01 1.952717498490511616e+01 -1.506655791584661674e+00 5.876511090510738278e+00
4.431032905613220274e-01 1.536555783986662593e+00 3.156056500065004489e+00 5.039836086783369140e+00 1.284920941948358264e+00 9.149980372852687394e-01 2.156671005616255243e-01 4.294807583426450748e+00 4.000000000000000000e+00 8.000000000000000000e+00 2.000000000000000000e+00 -1.653758459612404579e+02 2.400800000000151329e+02 2.833490372577056160e+00 2.997034093435165247e-01 2.363850180302363990e-01
1.439178475312447247e+00 9.912233197917501570e-01 5.067794004196230162e+00 8.018604898989536878e+00 1.581296619862590180e+00 1.792357894295074361e-01 2.894789645131262135e-01 3.719165575765314813e+00 9.000000000000000000e+00 8.000000000000000000e+00 1.000000000000000000e+00 -2.140503046348343560e+03 1.070399999999980736e+02 5.436440396771525130e+00 -7.521867383363984860e-01 7.486786523208785460e-02
1.877470774553240851e+00 2.431734064052223143e+00 6.797906283907603431e+00 6.520210501274086745e+00 1.574351453097670550e+00 7.560720187559972771e-01 3.007532510570751216e-01 2.957969148752542132e+00 5.000000000000000000e+00 7.000000000000000000e+00 2.000000000000000000e+00 -2.427301682942892000e+02 2.095099999999860643e+02 1.699057412940481460e-02 -9.530477750730527164e-01 6.279392050685449256e+00
1.296797070280223396e+00 1.491193934857663272e+00 4.687761960600746569e+00 7.928295904786970993e+00 2.052899047224581608e+00 3.710770460735421938e-01 2.850496545272797055e-01 2.823133385771058546e+00 4.000000000000000000e+00 1.400000000000000000e+01 2.000000000000000000e+00 -5.126526637570480034e+02 4.201399999999720194e+02 1.891141648481637461e+01 -4.376955203074661127e-01 6.274380420644606993e+00
8.983187750312451314e-01 1.212720214659877449e+00 4.846007362665805118e+00 6.168772719335755994e+00 8.328662714092063268e-01 5.271430021274882138e-01 1.252130519299753386e-01 3.198742715533525960e+00 6.000000000000000000e+00 1.300000000000000000e+01 1.000000000000000000e+00 -3.097157124486096222e+02 3.590599999999902252e+02 1.521962447294021234e-02 -1.036888914667843498e+00 5.406245828416390842e-02
1.227318038905258035e+00 1.589797888542327398e+00 4.134703923374158485e+00 4.991358495303971132e+00 1.805075267288056562e+00 1.113288566736693852e+00 5.011593946784037579e-01 2.810408951305527925e+00 8.000000000000000000e+00 1.300000000000000000e+01 3.000000000000000000e+00 -2.213365888637031276e+03 1.002299999999992792e+02 1.020318053981447726e+01 -1.387420203206625402e+01 6.177214741407095033e+00
6.504807739241432740e-01 1.588615572117331176e+00 3.371616096523767148e+00 5.446824883891132174e+00 5.531902640478918443e-01 8.791237272591270191e-01 3.785848400140564562e-01 2.687210733759427761e+00 4.000000000000000000e+00 1.500000000000000000e+01 3.000000000000000000e+00 -2.351023580133310134e+03 6.539999999999962199e+01 1.989522375833189116e+01 -5.107795506123162355e+00 5.324995211382472782e+00
1.524434989156076892e+00 1.366124571719122383e+00 1.539819132294660164e+00 2.781762373840730440e+00 1.205491989625976146e+00 1.516804416356779095e+00 1.208101334173565522e-01 2.373215251353921751e+00 4.000000000000000000e+00 8.000000000000000000e+00 2.000000000000000000e+00 -1.753486940175057214e+02 1.504000000000011141e+02 2.176784190297516297e-02 -9.559527492901396251e-01 6.135872662490064577e+00
8.141090839388176459e-01 1.765507771987032681e+00 8.389527223305988102e+00 7.169984736207091203e+00 1.056479667561573965e+00 1.165563875464834087e+00 3.567402542876152438e-01 3.664963678842060091e+00 7.000000000000000000e+00 8.000000000000000000e+00 2.000000000000000000e+00 -1.044496083754837770e+02 2.084000000000101807e+02 1.560052346741756628e-02 -9.491654490799505961e-01 6.282846792109553213e+00
9.356420548222628142e-01 2.393553197849609848e+00 3.090455222699376669e+00 5.241348419575699857e+00 4.030682650776634679e-01 1.045071460342036795e+00 3.580167100457780638e-01 3.551017699734236199e+00 4.000000000000000000e+00 1.200000000000000000e+01 2.000000000000000000e+00 -1.894984059975705861e+02 1.963200000000043985e+02 1.671689125307103743e-02 -9.551909043629246421e-01 2.023159254493591963e-01
1.497591116466804539e+00 2.306224939321841916e+00 1.953608382485622741e+00 5.073448947516889795e+00 2.182734590029320909e+00 9.787374242216277942e-01 3.465507859470021712e-01 3.017944147816103762e+00 8.000000000000000000e+00 7.000000000000000000e+00 1.000000000000000000e+00 -2.423524129030992071e+02 2.067799999999863303e+02 1.512934338803789865e-02 -1.003898907219569647e+00 6.282468942472233309e+00
1.884057670879136337e+00 2.561147416012953926e+00 5.649831453329393405e+00 5.095891833148597172e+00 6.650197396855412890e-01 1.009399478316229226e+00 2.422501759130503973e-01 2.710352360608545563e+00 8.000000000000000000e+00 1.500000000000000000e+01 2.000000000000000000e+00 -1.396753246347324477e+02 2.787000000000033992e+02 2.033278967067193854e-02 -9.534934874336244981e-01 6.264540892017778084e+00
1.079110923702184532e+00 1.685457268687323928e+00 2.159560686620116243e+00 5.815079815031044319e+00 1.123654186700385083e+00 9.646155376877167953e-01 6.956682474448334652e-01 3.686433970966259466e+00 7.000000000000000000e+00 8.000000000000000000e+00 2.000000000000000000e+00 -6.572389047911228488e+01 1.307999999999980503e+02 2.024315494457902889e-02 -9.443052550294084302e-01 9.675665970315170186e-03
1.076434063091368909e+00 1.348124347875224949e+00 2.491278772409297737e+00 8.190484832415382499e+00 5.771927779492587174e-01 9.773676842250241803e-01 3.710077838845349807e-01 3.244334258521536452e+00 4.000000000000000000e+00 1.200000000000000000e+01 2.000000000000000000e+00 -2.057532695635322568e+02 1.914000000000042121e+02 2.070208730448113571e-02 -9.510785752704625784e-01 1.441691183058703696e-01
1.904545408165333242e+00 2.472465882210474586e+00 4.716337456317159393e+00 7.980778718650683778e+00 2.107647826230593768e+00 4.518168680804452997e-01 3.159129803060256592e-01 2.509902906916400944e+00 4.000000000000000000e+00 5.000000000000000000e+00 2.000000000000000000e+00 -6.761710477172502465e+01 1.345499999999963450e+02 2.138154823292794451e-02 -9.533401603205680086e-01 6.281673368315114914e+00
1.633765571317715937e+00 4.558451172123781925e-01 4.507193872318607575e+00 6.050160908746237354e+00 3.758673950034548961e-01 1.845048880993062079e-01 4.238050532454177288e-01 4.124112173338014387e+00 7.000000000000000000e+00 1.400000000000000000e+01 2.000000000000000000e+00 -2.170914999615083616e+03 9.366000000000033765e+01 7.755312475942720774e+00 -9.102924445805273823e-01 5.853150926988378799e+00
1.271833120119623795e+00 8.518353479447550169e-01 3.198629215263578018e+00 6.362110281144674140e+00 1.722710925022450157e+00 1.389756346742670567e+00 4.443898046924338319e-01 2.770511864158052173e+00 6.000000000000000000e+00 9.000000000000000000e+00 1.000000000000000000e+00 -1.888423216844739159e+02 2.260800000000072885e+02 1.690466563288032381e-02 -1.139116305526463035e+00 2.182754745970015287e-01
1.304003249462273528e+00 1.435765514762716411e+00 3.863398382490954130e+00 6.940763108639996126e+00 1.606675342667167161e+00 1.873566979518108466e+00 6.068860205016932130e-02 2.759365824187660188e+00 6.000000000000000000e+00 9.000000000000000000e+00 2.000000000000000000e+00 -1.829595401287148775e+02 2.029500000000064119e+02 2.204449877351663534e-02 -9.439682152958398520e-01 1.927917719780511407e-01
1.297579336927879856e+00 2.750930501411484652e+00 3.595273475802805319e+00 5.672278420866209814e+00 7.609110324541785708e-01 6.553464907185592159e-01 4.695213155488057732e-01 3.799704859231098020e+00 5.000000000000000000e+00 6.000000000000000000e+00 2.000000000000000000e+00 -2.147619759195471943e+03 4.770000000000029416e+01 7.735609949716979017e+00 -5.312668717669580820e-01 6.190412026635856435e+00
5.225314875676632109e-01 2.151824886900819411e+00 4.940677373549831941e+00 7.874498193749425390e+00 1.503883219543096228e+00 4.185183620052989051e-01 2.850480282387000130e-01 3.327479948762801065e+00 1.000000000000000000e+00 7.000000000000000000e+00 2.000000000000000000e+00 -1.793273601720834449e+02 2.100699999999860097e+02 4.643272510755653393e+00 1.727467047165769792e-02 7.631227126125850191e-04
1.780781149461997614e+00 1.632625332786051819e+00 4.462603920052529816e+00 7.506267296454024240e+00 2.259992788384724172e+00 1.118776944157013453e+00 6.825819059164532909e-01 2.671684933647454852e+00 5.000000000000000000e+00 8.000000000000000000e+00 2.000000000000000000e+00 -3.330207289095187662e+02 2.400800000000151329e+02 1.331129555684445087e+01 -8.368971260007133095e-01 6.262104034124786445e+00
1.281772313580310296e+00 1.825736953397230744e+00 7.622415732102060915e+00 4.006066730385493990e+00 2.110210967710656416e+00 1.279890993261401100e+00 3.608235811664028403e-01 3.144051981621625025e+00 4.000000000000000000e+00 6.000000000000000000e+00 3.000000000000000000e+00 -9.346976282217340213e+02 1.056600000000024835e+02 -3.059479225520456147e-02 -6.362478785264285897e+00 3.266477950375393569e+00
3.546625817972385297e-01 2.285712351984869883e+00 8.120870016726494001e+00 4.268125352326288535e+00 1.797567684823620393e+00 1.766864934121817443e+00 2.536377778150426532e-01 2.691283842481775768e+00 4.000000000000000000e+00 1.100000000000000000e+01 1.000000000000000000e+00 -5.249493433877971711e+02 3.301100000000244563e+02 2.249339646173655538e+01 7.110270725940968928e-02 1.181050906380760046e-01
8.244359060950543494e-01 1.434029025389528700e+00 4.320299688190459619e+00 4.708063397137847161e+00 1.612401675961852021e+00 2.003362074544967619e+00 2.246004701932409198e-01 2.652541962572495304e+00 6.000000000000000000e+00 1.200000000000000000e+01 1.000000000000000000e+00 -2.172070424327786782e+02 3.601200000000105774e+02 2.321690152048336397e+00 1.207535166474844324e-01 6.147322283533989129e+00
9.363849264396766348e-01 2.009336362115528907e+00 1.397251399361277402e+00 5.289810681763669642e+00 9.995371548413833906e-01 1.884059235018718859e+00 4.496813516320619097e-01 3.529339043647870877e+00 5.000000000000000000e+00 9.000000000000000000e+00 2.000000000000000000e+00 -2.242246819276706901e+03 5.355000000000077165e+01 1.346698870479413834e+01 -3.204725346025889543e+00 7.101741560712276913e-01
1.868726805428916338e+00 2.095455044407461109e+00 8.149000603004648013e+00 6.919016309924077568e+00 2.752143754560322453e+00 1.284360762558560409e-01 5.322918401219131068e-01 3.078216554586931775e+00 4.000000000000000000e+00 9.000000000000000000e+00 2.000000000000000000e+00 -5.378878990463670107e+02 2.700900000000045225e+02 2.517768119039779506e+01 5.584998345689536070e-02 5.658486776850737282e-03
2.449838880365841742e+00 1.414652742936877150e+00 3.336386311139755811e+00 6.928764172728223869e+00 1.053849922983950860e+00 1.715127656709702908e-02 5.530355802675075427e-01 3.591148714161497502e+00 5.000000000000000000e+00 9.000000000000000000e+00 2.000000000000000000e+00 -2.392574124002182543e+03 2.555999999999996675e+01 2.373713275013642132e+01 -8.625408121216251445e-01 7.457418470720652941e-03
1.610222169235301370e+00 2.518145646360383516e+00 4.248083713588327370e+00 7.089272577882859139e+00 1.932318697110346317e+00 9.726872111086423134e-01 2.392247282506308470e-01 3.054604885760292099e+00 5.000000000000000000e+00 1.000000000000000000e+01 2.000000000000000000e+00 -2.071532240418204083e+02 3.000999999999997385e+02 3.568951502613783244e+00 1.134928125900257385e-02 8.679406686254912892e-03
1.473219877892768315e+00 2.650773558055699919e+00 4.379180568112336580e+00 8.151724166878931754e+00 1.879769814925273286e+00 9.758482317064589573e-01 2.703063841137446355e-01 3.772414421441091292e+00 4.000000000000000000e+00 1.300000000000000000e+01 1.000000000000000000e+00 -2.108473220724842577e+03 1.519699999999974693e+02 2.030513795302731239e+00 -5.329014730300617453e-01 4.025862403055438854e+00
7.652086790204326583e-01 1.661425109439543135e+00 2.363471472611872848e+00 5.007792850806590756e+00 8.147493807450587600e-01 8.845458155838490377e-01 3.646220026626681987e-01 3.089325855951772670e+00 5.000000000000000000e+00 1.000000000000000000e+01 1.000000000000000000e+00 -1.967682962934522664e+02 1.805999999999940258e+02 1.473787709956124112e-02 -1.072396914539373469e+00 1.123761570969218915e-01
1.216384934366236070e+00 1.869305126754261082e+00 6.841899471336709837e+00 5.799054645043364431e+00 1.869634993957627334e+00 5.952037583827710643e-01 5.761321561670909586e-02 3.183842261380572580e+00 6.000000000000000000e+00 1.300000000000000000e+01 1.000000000000000000e+00 -3.103967733916001066e+02 3.901299999999891384e+02 7.208235836975346089e+00 -3.222841564694684635e+00 5.376783880487476935e-02
9.078396860636478438e-01 2.610786207298263051e+00 6.743785529877483143e+00 6.504409975429875423e+00 1.088353363857318623e+00 7.174407126698940651e-01 3.724623127780802845e-01 3.155522177321845145e+00 8.000000000000000000e+00 1.600000000000000000e+01 1.000000000000000000e+00 -2.928364397321342949e+02 4.801600000000302657e+02 3.297277483257449404e+00 -1.413616102636134318e-02 2.941441016128677408e-02
1.430855480134591851e+00 1.651605777823471399e+00 3.511426234126120427e+00 5.713070094539156152e+00 2.071592091701708327e+00 1.185582154283558731e+00 3.063899583146848515e-01 3.448194036074575308e+00 7.000000000000000000e+00 1.100000000000000000e+01 1.000000000000000000e+00 -2.170487543393848568e+02 3.301100000000244563e+02 3.249609646210788405e+00 -1.602508627905269711e-01 6.256063383416599955e+00
6.117616082721015758e-01 1.409917024520454643e+00 6.227965131069983507e+00 6.800351352239686342e+00 1.892464157141055647e+00 4.452415759860188782e-01 3.438301871671554100e-01 3.590250585801530558e+00 8.000000000000000000e+00 8.000000000000000000e+00 3.000000000000000000e+00 -9.997355190829937328e+02 9.599999999999830891e+01 -9.607787928325603466e-02 -1.340392594770472634e+01 3.248061680569258591e+00
1.674288850335434731e+00 1.716511015074990043e+00 7.260425876376227272e+00 6.747771381756203724e+00 1.953741550192580112e+00 3.637283507219212231e-01 2.551105636475048954e-01 2.663270882853210342e+00 6.000000000000000000e+00 1.000000000000000000e+01 1.000000000000000000e+00 -2.440988406653941070e+02 3.000999999999997385e+02 5.878052541587139856e+00 -9.298540740526689552e-01 4.205124506065063827e-02
1.789832967079212134e+00 2.326700110789210907e+00 5.850949748498707415e+00 1.593051079836234063e+00 7.181062523544283760e-01 2.721419653988620957e-01 2.786941820459721830e-01 2.371943532706849656e+00 5.000000000000000000e+00 1.000000000000000000e+01 2.000000000000000000e+00 -1.410485807898508597e+02 2.814999999999955094e+02 1.866129936581918669e-02 -9.563891122923580124e-01 6.281366637352205018e+00
1.040694427085272711e+00 1.591671524932174897e+00 5.806475801524058511e+00 5.219866620101628385e+00 2.420764574795363888e+00 1.830938428833574771e-01 2.112909589985385583e-01 3.475047056806690460e+00 6.000000000000000000e+00 1.500000000000000000e+01 2.000000000000000000e+00 -5.269555807093265685e+02 4.501499999999774104e+02 1.886753629433361468e+01 -1.929982875299093292e-01 1.130469988961061096e-03
1.732113274899601985e+00 1.647883575128979095e+00 5.613043467167676326e+00 7.231862897479002683e+00 1.112521337946368760e+00 2.693861613794709675e-01 8.561654138019877402e-01 3.426324347221654243e+00 5.000000000000000000e+00 1.000000000000000000e+01 2.000000000000000000e+00 -2.079386286279111573e+02 3.000999999999997385e+02 3.618039289244455503e+00 8.862586684208820231e-02 4.539223142939048834e-03
1.234589858120021200e+00 1.901851223299633853e+00 7.975621891777789685e+00 6.298536493508567702e+00 1.629206649458170952e+00 2.549669816461175853e-01 4.934196952653043811e-01 2.490142833596323158e+00 8.000000000000000000e+00 1.100000000000000000e+01 2.000000000000000000e+00 -4.340020531820380825e+02 3.301100000000244563e+02 1.680919082387661589e+01 2.214719698106268064e-01 8.048216094811461163e-03
1.094622685955379593e+00 3.225511737073408769e-01 5.992272743125356627e+00 5.295175857666636787e+00 1.342734222120786747e+00 9.849967419488101505e-01 1.087638688727662339e-01 4.078998784436781655e+00 9.000000000000000000e+00 8.000000000000000000e+00 2.000000000000000000e+00 -1.748140743589577255e+02 1.436000000000000512e+02 2.220715337184371238e-02 -9.724450143279296244e-01 7.533636724862595724e-01
9.796367987506198194e-01 5.927920232063058625e-01 4.997297326451991317e+00 7.626865710979699564e+00 1.617736505243475786e+00 4.058352946130969197e-02 2.751885934020735780e-01 4.019934708469037332e+00 5.000000000000000000e+00 1.300000000000000000e+01 2.000000000000000000e+00 -4.747892358349434971e+02 3.901299999999891384e+02 1.748276473968430622e+01 -2.231885042799074039e-03 6.283147917887455414e+00
6.177769087223483613e-01 2.054223743594489893e+00 8.501385907189753510e+00 5.104033871063121452e+00 1.022909542708689834e+00 9.744713116862144808e-01 4.323635780720663235e-01 3.619171387411407093e+00 1.000000000000000000e+01 1.100000000000000000e+01 1.000000000000000000e+00 -2.210439353475682367e+02 2.048200000000089176e+02 2.216139844978856979e-02 -1.036937214991553668e+00 7.052810112473087423e-02
2.382187447610231601e+00 8.336361027250818179e-01 6.630031663352197846e+00 6.643629236939144533e+00 1.349682723136531592e+00 2.553335644443601726e-01 3.955357643823724789e-01 2.385446204359417344e+00 4.000000000000000000e+00 1.200000000000000000e+01 2.000000000000000000e+00 -4.380445293589634161e+02 3.601200000000105774e+02 1.612403308493488296e+01 -1.109008398596050965e-01 6.281774898395543261e+00
1.601972203859560739e+00 2.153855003525916967e+00 3.797907527248856496e+00 7.394163920683421765e+00 2.396566818896845863e+00 6.811195220135758399e-01 3.720798695581148396e-01 3.725374327667472230e+00 8.000000000000000000e+00 1.700000000000000000e+01 1.000000000000000000e+00 -5.323522844536270213e+02 5.101700000000154773e+02 1.732920527835120694e+01 -9.064472077605260913e-02 6.267940715725177192e+00
1.269648452005145423e+00 2.178749717695031229e+00 5.740584006643498327e+00 9.903620355412492415e+00 1.139966609728878533e+00 1.431794458249557644e+00 2.929869402421740321e-01 2.774040577532417728e+00 1.000000000000000000e+00 8.000000000000000000e+00 2.000000000000000000e+00 -2.119873093379726015e+03 1.816000000000059913e+02 1.817068336232688042e+00 -7.837989655202792783e-01 5.650164172815222763e+00
8.480871095382835900e-01 2.563668521854997717e+00 4.375683436319548036e+00 4.633219503898199143e+00 1.020044393208465960e+00 2.193866979673240181e-01 6.827901120209280972e-01 3.207164604010140252e+00 2.000000000000000000e+00 8.000000000000000000e+00 2.000000000000000000e+00 -3.043355769523599292e+02 2.400800000000151329e+02 1.151847355952202179e+01 8.996365208215034714e-03 6.264754365592463792e+00
1.375610519006824628e+00 2.188105084395141287e+00 3.422951450364623671e+00 5.008328130054029437e+00 1.671478468511363058e+00 8.722963690989038454e-01 6.955228901569210365e-01 3.463226729864025799e+00 7.000000000000000000e+00 5.000000000000000000e+00 1.000000000000000000e+00 -4.684001320981256100e+01 9.299999999999685940e+01 2.125082561338312651e-02 -7.582743329619303640e-01 6.181737377510005516e+00
