1.890930460434293581e+00 1.396786221460366573e+00 4.201341242045422142e+00 4.578215542414028505e+00 2.340363899548652871e+00 1.492898737900384187e+00 4.621193971129585187e-01 3.962083748947646811e+00 7.000000000000000000e+00 1.300000000000000000e+01 1.000000000000000000e+00 -2.129861570809252953e+03 1.927899999999960414e+02 2.091660675578428386e+00 -4.600968399642971995e+00 6.262596759385890000e-01
1.018995738634925985e+00 8.980501533004561221e-01 5.693271453030527063e+00 3.438522372078013589e+00 1.697541560515483550e+00 2.315642620200608071e-01 5.598975867401015938e-01 4.687020150748474556e+00 7.000000000000000000e+00 1.100000000000000000e+01 2.000000000000000000e+00 -2.469834277586845701e+02 3.301100000000244563e+02 5.120526734917022260e+00 -1.209564923137239206e-01 6.282966166531541496e+00
2.972577017411284217e+00 2.377708938687514539e+00 1.912051022030845981e+00 9.294356133939290388e+00 2.705711255154429562e+00 2.359859053583986288e+00 4.416899765061931271e-01 2.730968326178340622e+00 7.000000000000000000e+00 6.000000000000000000e+00 2.000000000000000000e+00 -2.157522249188862588e+03 6.804000000000105786e+01 7.718890574303896024e+00 -1.869791371577109951e+00 5.879982656428255794e+00
3.468219959424374554e-01 2.045312589080875654e+00 7.083770134780263739e+00 6.622769884048383737e+00 1.051432140405686333e+00 1.728321977184468783e-01 2.721862071383397974e-01 3.575631470130431033e+00 6.000000000000000000e+00 1.400000000000000000e+01 2.000000000000000000e+00 -4.732653998086194633e+02 4.201399999999720194e+02 1.644971248803959085e+01 -1.158810518102823019e-02 6.283035680348801222e+00
2.562353953834219489e+00 2.011881811041319690e+00 2.001457768138211080e+00 7.290700653678568344e+00 2.939210497663382160e+00 1.698023555586251288e+00 4.648797303737112752e-01 3.168289208685485026e+00 3.000000000000000000e+00 5.000000000000000000e+00 1.000000000000000000e+00 -1.704230409145379781e+02 1.188999999999953872e+02 2.435283992337567219e-02 -1.087428354943828834e+00 1.415833905539543858e-01
1.375610519006824628e+00 2.188105084395141287e+00 3.422951450364623671e+00 5.008328130054029437e+00 1.671478468511363058e+00 8.722963690989038454e-01 6.955228901569210365e-01 3.463226729864025799e+00 7.000000000000000000e+00 5.000000000000000000e+00 1.000000000000000000e+00 -4.684001320981256100e+01 9.299999999999685940e+01 2.125082561338312651e-02 -7.582743329619303640e-01 6.181737377510005516e+00
5.943829072023285587e-01 1.011865640503743391e+00 6.691413899158121126e+00 7.923295050180398036e+00 1.694832609073662955e+00 1.170228874523151719e+00 5.071321047340646704e-01 3.259550712184624555e+00 6.000000000000000000e+00 1.200000000000000000e+01 2.000000000000000000e+00 -4.604053080164487710e+02 3.601200000000105774e+02 1.752158175102771764e+01 2.037784250812106901e-01 2.080868530020240359e-01
1.590909685477814417e+00 1.558550123928732267e+00 6.614742397406407903e+00 4.572487972108533860e+00 1.061620220927670388e+00 9.020713918451228608e-01 4.678031201844345954e-01 4.032049397947565339e+00 8.000000000000000000e+00 1.500000000000000000e+01 1.000000000000000000e+00 -2.781904574827188981e+02 4.501499999999774104e+02 3.319716092670636609e+00 -3.947108108206003746e-02 6.224519817769072816e+00
1.987527173036977235e+00 2.054127076264500751e+00 5.326957364463446254e+00 7.661721242141479316e+00 2.049696626643722652e+00 2.059862900721885381e+00 5.658540493592045806e-01 3.658826093737924001e+00 6.000000000000000000e+00 1.400000000000000000e+01 2.000000000000000000e+00 -2.332326247434516063e+03 1.510599999999982401e+02 1.604976546465728759e+01 -3.419080208490781647e+00 4.942621531558265557e-01
1.374760197694500530e+00 1.717612322654244572e+00 3.686090287393697817e+00 6.980958885736757047e+00 8.895133811253044254e-01 5.358733189989304257e-01 5.566347875768303810e-01 4.985333749548370719e+00 5.000000000000000000e+00 8.000000000000000000e+00 1.000000000000000000e+00 -1.660518416103550976e+02 2.400800000000151329e+02 2.875740100646720698e+00 3.067956017033328028e-02 1.987048370204448037e-05
1.855129403347616446e+00 1.459051576701434039e+00 4.888232519628866513e+00 6.935922928567860524e+00 1.011803254824338971e+00 1.029360093000477150e+00 3.245936269516551120e-01 3.395433870350604177e+00 5.000000000000000000e+00 1.100000000000000000e+01 1.000000000000000000e+00 -1.723336992341663176e+02 3.301100000000244563e+02 4.549187021346298154e-01 -5.982453001257520553e-01 1.492851447794291964e-01
1.732238351306800039e+00 1.451799126193182410e+00 2.870616685088569930e+00 5.439525087225042022e+00 2.083268407681224232e+00 6.516591339632021862e-01 4.048016388806303101e-01 3.959060970140842795e+00 6.000000000000000000e+00 1.100000000000000000e+01 2.000000000000000000e+00 -2.085454256169747111e+02 3.301100000000244563e+02 2.718151601060155187e+00 1.861713030880662589e-01 5.214492408941750340e-02
1.045478860187205372e+00 2.004842332354686896e+00 3.873953480677188921e+00 7.262029144048106843e+00 1.773247823638395504e+00 9.395464941887927690e-01 8.593228129562480166e-02 2.198066005314003313e+00 4.000000000000000000e+00 1.200000000000000000e+01 1.000000000000000000e+00 -4.483943295426308282e+02 3.601200000000105774e+02 1.677089559641409622e+01 -6.686593796989243055e-02 7.735821689805735812e-02
1.541158957446640665e+00 2.045760612538958689e+00 4.088758832263491350e+00 3.731978790405921398e+00 7.779891377402439190e-01 1.605858065049792227e-02 4.502412003478083458e-01 2.745000705534320851e+00 2.000000000000000000e+00 1.200000000000000000e+01 2.000000000000000000e+00 -5.136603787635438039e+02 3.601200000000105774e+02 2.085002367272116075e+01 -5.136724363457917039e-04 6.283178936620564592e+00
7.233316486439369530e-01 1.539503288076452758e+00 4.600501662292193927e+00 8.517137978581285296e+00 1.302215107814566286e+00 1.387177209203141359e+00 3.164172843092607490e-01 3.419190346184251883e+00 5.000000000000000000e+00 9.000000000000000000e+00 2.000000000000000000e+00 -1.870234978003534252e+02 2.700900000000045225e+02 3.248656112521948636e+00 2.260709933192102394e-02 6.282662090952391587e+00
9.531540094287755949e-01 1.106960883934961837e+00 5.948012757546110585e+00 4.196518083916414454e+00 3.472194940611318392e-01 1.166717016204336099e-01 3.363838582674018585e-01 3.585386510609971822e+00 7.000000000000000000e+00 1.100000000000000000e+01 1.000000000000000000e+00 -2.391653975047244330e+03 2.573999999999992028e+01 2.367399844045275259e+01 -2.270954329424910156e+00 1.169601701676944439e-01
1.435587642942612874e+00 1.642320260403503651e+00 5.184375516093494340e+00 5.208331918749948386e+00 1.760231558657440187e+00 1.181072066940355825e+00 6.689335323822913626e-01 3.683689396013210882e+00 4.000000000000000000e+00 1.000000000000000000e+01 2.000000000000000000e+00 -4.296640210249757956e+02 3.000999999999997385e+02 1.747587631406099717e+01 7.226941124593791455e-02 2.015135686654083089e-02
2.166215799443165668e+00 1.050427674484907037e+00 3.684002889310159290e+00 9.507719778130020671e+00 5.647351455836451262e-01 5.717142896908899985e-01 4.106884074074117486e-01 3.555085064713066512e+00 5.000000000000000000e+00 4.000000000000000000e+00 1.000000000000000000e+00 -2.384062639594619213e+03 8.120000000000002771e+00 2.375016497466371845e+01 -3.256440631694266230e+00 1.711983478419416005e-01
1.117015564078880363e+00 1.626454326488301794e+00 4.465223432142666482e+00 2.296080615374449074e+00 9.835003104874024960e-01 7.669311277019907891e-02 6.633456304402534087e-01 4.150612291470394233e+00 3.000000000000000000e+00 1.200000000000000000e+01 2.000000000000000000e+00 -4.297081342503018959e+02 3.601200000000105774e+02 1.560300839064353795e+01 -2.294366872238502886e+00 6.274452727197286528e+00
2.057768257859463379e+00 1.952989031174554135e+00 8.472842525389630453e+00 8.220100746141383752e+00 1.547895286984625418e+00 3.878129536121145415e-01 3.878916260061799903e-01 2.961777565753121344e+00 4.000000000000000000e+00 1.000000000000000000e+01 2.000000000000000000e+00 -3.362506109917487720e+02 3.000999999999997385e+02 1.163753818698430464e+01 -8.209444895219097926e-01 6.246255208757208521e+00
9.383638522098700641e-01 1.251682020699486975e+00 2.856412865553955349e+00 7.108465968349554132e+00 4.790891826509288132e-01 1.579713362487750627e+00 8.136839534046313993e-02 2.776946079140854451e+00 5.000000000000000000e+00 1.200000000000000000e+01 1.000000000000000000e+00 -2.055194117709840782e+02 2.083200000000048533e+02 2.475258942092924824e-02 -8.538073056686439344e-01 6.128685379354193330e+00
1.056506700993848025e+00 1.051573594574559678e+00 4.237520030918116909e+00 9.708563429532985012e+00 1.890192023940381771e+00 1.754753940835577231e+00 5.112211238093979926e-01 2.861429366631302429e+00 4.000000000000000000e+00 6.000000000000000000e+00 1.000000000000000000e+00 -1.320538082447093871e+02 1.800600000000052887e+02 2.626488015294172307e+00 -1.576790483438694490e-01 6.145097088158835152e-02
1.833859415897999057e+00 1.747877614887785258e+00 5.163682176906965182e+00 4.217096278162622447e+00 1.740598440129601965e+00 1.239728880980504044e+00 5.939416531200969462e-01 3.265424403903509187e+00 3.000000000000000000e+00 1.700000000000000000e+01 2.000000000000000000e+00 -2.243478244665562215e+03 2.281399999999937336e+02 8.088015291597837830e+00 -1.352354102920823564e+01 3.069229086417770258e+00
8.074919714551145322e-01 4.555211989798828576e-01 5.203506260982423193e+00 4.635101276073569920e+00 2.030668637996707826e+00 1.712328918240684006e+00 3.281229204845722558e-01 3.857310919577116692e+00 7.000000000000000000e+00 2.000000000000000000e+01 2.000000000000000000e+00 -2.394463863135500105e+03 4.573999999999825832e+02 1.036024144596931151e+01 -4.304191174244682117e+00 2.398793335919426450e+00
2.185364730368269726e+00 1.996090533614869100e+00 1.653628473576130187e+00 2.670934115855876811e+00 1.150074205858586218e+00 5.262002021870029189e-01 8.197790242015136064e-01 3.082103252274297045e+00 3.000000000000000000e+00 8.000000000000000000e+00 3.000000000000000000e+00 -2.329134148010489866e+02 1.439200000000001012e+02 1.990776939409339211e-02 -7.593530563447504766e-01 5.438394185216896659e+00
1.672971540010930624e+00 1.621138740259689737e+00 6.936774892803414971e+00 9.887436412345310899e+00 1.981254536112997400e+00 9.488679510050553878e-01 4.187171386509460635e-01 2.297779917579114706e+00 2.000000000000000000e+00 1.100000000000000000e+01 1.000000000000000000e+00 -4.636647189443897901e+02 3.301100000000244563e+02 1.866310743402359762e+01 2.170961515473240344e-01 6.149358400160881644e+00
1.700520049594372418e+00 2.860986832035280480e-01 6.987530773757618441e+00 8.032350294908772170e+00 1.399027372903018929e+00 4.971528250723533660e-02 4.633833522501659696e-01 3.509405662125614001e+00 6.000000000000000000e+00 1.100000000000000000e+01 2.000000000000000000e+00 -2.298858727824733990e+02 3.301100000000244563e+02 4.051929548903823175e+00 -1.103033183352076924e-01 6.282793275710380598e+00
1.375528297438647352e+00 1.300972664908724097e+00 3.851636117514753543e+00 6.562921853322984944e+00 1.551941048092449149e+00 1.264220619485907138e+00 3.685490042987341064e-01 2.211538160734893843e+00 3.000000000000000000e+00 1.000000000000000000e+01 2.000000000000000000e+00 -4.062831781777312017e+02 3.000999999999997385e+02 1.601457363610820650e+01 -2.195585284988898600e+00 4.474386118960995140e-01
1.586449228624507990e+00 1.354052496421617624e+00 7.049116615180397005e+00 9.048896278073474519e+00 1.498040712440893429e+00 2.228362129746563891e-01 4.585010460748822902e-01 2.974010400657984832e+00 4.000000000000000000e+00 1.000000000000000000e+01 2.000000000000000000e+00 -4.128484065327190820e+02 3.000999999999997385e+02 1.642490040829495257e+01 -1.002090720086357689e-01 6.275884626318739556e+00
1.393909730686543558e+00 1.993941534197246401e+00 3.592161996513919320e+00 5.614501968327865633e+00 1.700682308894614136e+00 8.080880704402991777e-01 4.011868905651205797e-01 3.495254286973616065e+00 4.000000000000000000e+00 1.100000000000000000e+01 1.000000000000000000e+00 -4.357672442911004964e+02 3.301100000000244563e+02 1.691951526819301677e+01 1.010228290807259066e-01 6.180768990071770830e+00
6.265240094653605762e-01 1.747367670100271164e+00 7.287092535308214103e+00 7.180135420571622795e+00 2.104817260537434009e+00 5.403122328485413517e-01 2.410342828843751450e-01 3.622804075507639610e+00 8.000000000000000000e+00 2.000000000000000000e+01 2.000000000000000000e+00 -5.919172926855382002e+02 6.001999999999994770e+02 1.823858079284615386e+01 5.428601314721563393e-04 1.723402551113371872e-02
1.257977254699812697e+00 9.577756126307062079e-01 6.650155656706877139e+00 6.448950552651602663e+00 1.425847444266912234e+00 5.906309348189917596e-01 3.154415349655371736e-01 3.995052148708837958e+00 9.000000000000000000e+00 1.100000000000000000e+01 2.000000000000000000e+00 -2.181548620552648572e+02 3.301100000000244563e+02 3.318741378453288426e+00 2.480307617764181821e-02 1.643265635803636826e-03
2.030222418130188444e+00 1.340378818028978403e+00 3.250978726744435221e+00 4.067831286545231961e+00 1.791486509914729019e+00 1.174935875584746103e+00 1.579038572298322451e-01 3.579017781311512714e+00 3.000000000000000000e+00 3.000000000000000000e+00 2.000000000000000000e+00 -2.318150635154295287e+03 9.779999999999983373e+00 1.957878969714344208e+01 -1.784642468223149425e+00 6.012609049597844368e+00
1.241030985096121420e+00 2.101136808214881135e+00 6.189406112368590840e+00 6.243387019196810606e+00 1.960119357282993136e+00 7.374455542742117675e-01 3.072286728664682665e-01 2.620091606939074946e+00 3.000000000000000000e+00 1.300000000000000000e+01 2.000000000000000000e+00 -4.997924855429054105e+02 3.901299999999891384e+02 1.904546784643192936e+01 5.369860983957030348e-02 6.244861911082813855e+00
2.094297481656291815e+00 8.460824805467603849e-01 6.145024360414277353e+00 9.201708445999871699e+00 1.991706025486966958e+00 6.209604878594703337e-01 3.808716284123257467e-01 3.155483337281035805e+00 7.000000000000000000e+00 1.500000000000000000e+01 1.000000000000000000e+00 -4.855451503094479904e+02 4.501499999999774104e+02 1.627938439434120710e+01 -1.167404603390187999e-02 1.241689329335324016e-03
1.167097943308642360e+00 1.360818386054403195e+00 9.038581289611398617e+00 9.447415347929743135e+00 2.452778554655280274e+00 1.130300863394833932e+00 4.052775786179243500e-01 3.132102383770615894e+00 5.000000000000000000e+00 1.300000000000000000e+01 2.000000000000000000e+00 -6.202792888194890111e+02 3.901299999999891384e+02 2.657589305121840084e+01 -2.168298779446919261e-02 1.297969271332341801e-01
1.394748492366687298e+00 1.729879425786743585e+00 7.179285655831917801e+00 5.449623397559736127e+00 1.605883923558875326e+00 3.022638114049601143e-01 1.640324463249068221e-02 4.887247729518166217e+00 1.000000000000000000e+01 1.400000000000000000e+01 1.000000000000000000e+00 -2.746211039136986187e+02 4.201399999999720194e+02 4.034443994607038064e+00 -2.146803975444066799e-04 6.283094873582728113e+00
2.284526621809351177e+00 2.499404126763429268e+00 5.531245865668420691e+00 9.614075442340206834e+00 1.205646004770626112e+00 2.263273470899497819e-01 9.815780812919160103e-02 2.282976416565398292e+00 1.000000000000000000e+00 1.500000000000000000e+01 3.000000000000000000e+00 -4.233517898571885780e+02 4.501499999999774104e+02 1.239229936607499383e+01 -2.825320459819344321e-01 3.363631661374100190e-03
2.516970956631032319e+00 2.261507367848182959e+00 5.302193944698904815e+00 6.073517324581080068e+00 2.374150998135486468e+00 1.479010702978734271e+00 7.684872798197949217e-01 2.913234968268432645e+00 2.000000000000000000e+00 8.000000000000000000e+00 1.000000000000000000e+00 -4.095941322210236422e+02 2.400800000000151329e+02 1.809713326381350385e+01 3.252006901412370088e-02 4.060700517931856157e-02
1.199138233034645840e+00 5.140609413293999452e-01 6.422038738162716420e+00 6.888741979470793808e+00 2.903413801334854050e+00 1.118501077456252268e+00 3.661637259319628357e-01 3.606006291319318713e+00 4.000000000000000000e+00 1.000000000000000000e+01 4.000000000000000000e+00 -2.380970357065892131e+03 1.065999999999982180e+02 2.047939731661831786e+01 -6.059271236663874127e+00 2.456266505145022094e+00
2.669463698970174104e+00 4.630821576614548851e-01 4.564540882949689404e+00 2.354497503618071086e+00 4.240496972150211707e-01 2.684554101419296845e+00 9.653336990078131841e-02 2.612370111567104747e+00 1.000000000000000000e+01 1.200000000000000000e+01 1.000000000000000000e+00 -2.343172573687638760e+03 5.243999999999964956e+01 1.980953585547744566e+01 -1.503923760155956302e+00 9.822598577822551358e-02
1.101876516073509338e+00 2.175798515645468001e+00 2.153475964512716612e+00 3.495226460994953044e+00 1.265994068171324427e+00 3.679698395587496784e-01 7.822634085536203097e-01 2.511690242663636496e+00 1.000000000000000000e+00 8.000000000000000000e+00 3.000000000000000000e+00 -2.501243221908653709e+02 2.266400000000130319e+02 1.651904457583976138e-02 -1.002222607564001722e+00 5.770573124527414444e-02
1.127436265084549749e+00 1.964313448855335098e+00 5.304982774429115366e+00 9.372483632801461795e+00 1.860524988926134604e+00 4.025157916269372915e-01 1.614802506681461969e-02 2.700864203228960037e+00 5.000000000000000000e+00 1.600000000000000000e+01 2.000000000000000000e+00 -5.166820070565124752e+02 4.801600000000302657e+02 1.728762544103108567e+01 -6.238663493555662160e-02 1.403022125363598965e-02
1.451406600168565486e+00 1.630887327260915676e+00 3.756266067868860414e+00 6.321184961109640454e+00 1.912949149393145643e+00 1.407880981051920166e+00 2.268849392359266470e-01 2.079168092744517082e+00 2.000000000000000000e+00 8.000000000000000000e+00 2.000000000000000000e+00 -3.492929281014504568e+02 2.400800000000151329e+02 1.432830800634018154e+01 -2.037977808903604013e-02 6.219792841219418555e+00
1.298789860118797268e+00 8.161613029832189836e-01 4.114574484868157356e+00 2.461467321008419695e+00 1.505322086057806708e+00 9.413420844899829110e-01 2.527996688675642756e-01 4.889419372474429260e+00 1.000000000000000000e+01 1.800000000000000000e+01 2.000000000000000000e+00 -2.356393725646698385e+03 5.813999999999992241e+01 2.045773285291864241e+01 -4.690046542418850883e+00 5.162936090562840974e+00
1.019402324693749362e+00 1.673161471550322688e+00 4.274821291209620178e+00 9.431066697782409136e+00 1.040616478654500909e+00 7.829597196910561552e-01 4.240109005898164418e-01 3.848895708617170897e+00 6.000000000000000000e+00 1.300000000000000000e+01 1.000000000000000000e+00 -2.533621167414191007e+02 3.901299999999891384e+02 3.643569796339033662e+00 -3.123082317569044752e-01 3.723424021992712829e-01
2.444041608724940307e-01 1.079204715593616637e+00 9.401194448533209069e+00 9.756588139241722857e+00 5.728104246903913399e-01 6.734691021171657077e-01 5.721630653886909945e-01 2.157067386245620000e+00 4.000000000000000000e+00 1.300000000000000000e+01 1.000000000000000000e+00 -4.671944532414186142e+02 3.901299999999891384e+02 1.700809082758900459e+01 2.110809055223907271e-01 1.638207179246966780e-02
2.886603375542454053e+00 1.710841710735540477e+00 2.543653856599467744e+00 8.810029579914939291e+00 2.921325708479074912e+00 2.112069426990213827e+00 5.088737460778904875e-01 3.133906503030824187e+00 5.000000000000000000e+00 5.000000000000000000e+00 2.000000000000000000e+00 -9.192623898344730549e+01 8.709999999999719478e+01 1.863606950431594134e-02 -9.678073066488586118e-01 5.856766086782857483e-01
