1.426487373853330354e+00 1.851216279112642749e+00 3.559704855571298232e+00 7.298274662532569401e+00 2.016656774123628537e+00 5.783279185948181356e-01 5.166188043574468924e-01 4.356249276389536185e+00 7.000000000000000000e+00 1.100000000000000000e+01 1.000000000000000000e+00 -2.218403660756664522e+02 3.301100000000244563e+02 3.549085379728388556e+00 -3.231418590141035135e-02 4.868585823766789777e-02
1.382252981283622617e+00 1.809828765629287073e+00 6.227617312325795851e+00 5.761223781870035587e+00 1.754100067599154489e+00 1.086344071877839212e+00 1.434008702454383499e-01 2.737454057597104029e+00 6.000000000000000000e+00 1.000000000000000000e+01 2.000000000000000000e+00 -1.827645640031739447e+02 3.000999999999997385e+02 2.044660250198380158e+00 -2.506716587702857990e-01 5.561116645566933686e-05
1.267574351948829392e+00 1.512367292712340605e+00 5.506597633232975575e+00 7.232555879412835509e+00 1.618816920971234641e+00 1.269581629234527664e+00 3.605462150695567525e-01 3.064394617523156672e+00 4.000000000000000000e+00 8.000000000000000000e+00 3.000000000000000000e+00 -2.335664241026881427e+03 3.799999999999954525e+01 1.979151506418009632e+01 -1.700406180924931343e+00 5.719241824456151591e+00
2.058447944937958241e+00 1.071444069598413318e+00 4.005052514420617271e+00 5.964990043989724100e+00 2.372340808671726808e+00 4.218097397116260527e-01 3.185768336676201296e-01 2.199615975669589218e+00 9.000000000000000000e+00 8.000000000000000000e+00 2.000000000000000000e+00 -2.137326766757992573e+03 1.957600000000082048e+02 2.465422922374286507e+00 -3.957709488353886584e-01 6.211400547834476704e+00
6.420692716795552979e-01 1.232167660715026702e+00 6.289504458081914606e+00 5.630521856473714948e+00 4.465553143931079161e-01 1.197220406115660163e+00 5.747003694968000342e-01 2.484740426078239750e+00 6.000000000000000000e+00 1.500000000000000000e+01 2.000000000000000000e+00 -2.757305423604625503e+02 3.263999999999961688e+02 1.842864438699223784e-02 -9.563707224159244680e-01 6.167183433170244200e+00
1.168473618102952916e+00 1.229835257989432051e+00 3.303402646319430591e+00 4.590646129007496690e+00 1.466342729358962149e+00 1.153309341885903727e+00 4.184354031414247443e-01 2.659902485874308553e+00 7.000000000000000000e+00 1.500000000000000000e+01 2.000000000000000000e+00 -2.677547630044834932e+02 4.300499999999804572e+02 1.546537130813813513e-02 -9.694763964526051936e-01 5.894703071796594251e-01
1.338386665960982658e+00 2.131339128952001172e+00 4.389702117016375027e+00 5.602356901455718408e+00 4.653202977206207791e-01 3.370658598965334818e-01 6.758905790698256366e-01 2.640663126068869104e+00 5.000000000000000000e+00 6.000000000000000000e+00 2.000000000000000000e+00 -2.153860287483111733e+03 6.012000000000076483e+01 7.737517967694461873e+00 -7.626520372199048214e-01 5.267050961224975514e-02
1.305458106140874319e+00 2.263045574200797105e+00 6.038104033700484763e+00 6.807846313772055957e+00 1.699983917469780614e-01 3.205126223949480435e-01 4.102158111177133248e-01 3.868317859953812832e+00 5.000000000000000000e+00 6.000000000000000000e+00 1.000000000000000000e+00 -2.386804960041593404e+03 1.122000000000000419e+01 2.382468500259960820e+01 -3.310527652076884930e+00 7.767644988469006584e-02
1.153330718254478526e+00 3.484826790779947392e-01 3.889025023698184036e+00 8.134670698938958111e+00 1.010951559878310757e+00 9.654300024285419335e-01 4.636754964404303792e-01 3.439592468001299697e+00 6.000000000000000000e+00 8.000000000000000000e+00 1.000000000000000000e+00 -1.931964319142692830e+02 1.526400000000014643e+02 1.352518857109159464e-02 -1.449071042198192938e+00 7.572108765435529021e-01
1.787838486499510271e+00 1.264747749097843821e+00 4.869576576574417004e+00 4.418915313542863821e+00 1.275547574363582237e+00 1.025534159233036924e+00 1.686814510651741816e-01 2.833749054816501189e+00 8.000000000000000000e+00 6.000000000000000000e+00 2.000000000000000000e+00 -2.327884613165644623e+03 2.555999999999983885e+01 1.969403832285279776e+01 -1.908500179652571349e+00 6.089971265936236833e+00
2.191169624034059460e+00 1.126358546583061004e+00 4.925476559265868026e+00 6.646819025792774838e+00 2.553741050559698689e+00 1.167982109556373604e+00 3.172087638837124413e-01 3.504657662188679357e+00 9.000000000000000000e+00 1.100000000000000000e+01 1.000000000000000000e+00 -2.280508003643220434e+02 3.301100000000244563e+02 3.937237522769363451e+00 6.924183970331186655e-02 6.249258632636040645e+00
1.021283210970281852e+00 1.327069130141816267e+00 6.125007820160014660e+00 4.169354991513694486e+00 2.043195002927725490e+00 1.337409484222406242e+00 1.074645913017094889e-01 2.634340348404469179e+00 5.000000000000000000e+00 7.000000000000000000e+00 2.000000000000000000e+00 -1.232586648396614919e+02 2.100699999999860097e+02 1.138979052479280440e+00 -4.799954247295213916e-01 6.277151522757336899e+00
8.923236771565173919e-01 6.278443056977689452e-01 4.776127218859072876e+00 7.245390699752765507e+00 1.800306796531939479e+00 3.764076185136815966e-01 2.631055374526701240e-01 4.218039976728826801e+00 8.000000000000000000e+00 8.000000000000000000e+00 2.000000000000000000e+00 -1.842962989048712643e+02 2.400800000000151329e+02 4.016018681553982006e+00 2.826938132981889062e-02 6.272184181168684702e+00
1.438702064557733529e+00 1.574657422041602528e+00 4.397038805423118646e+00 5.920793964807178789e+00 1.600342818987206872e+00 1.341327121916441989e+00 1.772114377386397877e-01 3.034227320025104646e+00 7.000000000000000000e+00 9.000000000000000000e+00 1.000000000000000000e+00 -1.870560342714943545e+02 2.150100000000068690e+02 1.894216463050110016e-02 -8.424857282995511509e-01 6.073264929455125305e+00
1.432304577509374344e+00 2.786650448072124586e+00 5.469717569474947361e+00 3.177096886560003330e+00 1.843683660038934580e+00 1.332799874264652074e+00 3.169711320671657062e-01 3.096893797339733467e+00 7.000000000000000000e+00 1.200000000000000000e+01 2.000000000000000000e+00 -3.053034324317350183e+02 3.601200000000105774e+02 7.827714526983106325e+00 1.499561146584141996e-02 6.267577781571769258e+00
1.440758904353394154e+00 1.783058968311042047e+00 7.201036083458607351e+00 5.022635972413975303e+00 1.787920259433681824e+00 1.351335536233193357e+00 6.524920897691623978e-01 2.887469071235329920e+00 3.000000000000000000e+00 1.300000000000000000e+01 2.000000000000000000e+00 -5.289898785053462689e+02 3.901299999999891384e+02 2.087030490658447945e+01 -6.895658756061998629e-01 1.429702000607734926e-02
9.207280718732876457e-01 1.713537631176349496e+00 6.018865530099533956e+00 4.022702423558688345e+00 2.348743144031235186e+00 7.959407122809346591e-01 2.210036420056756823e-01 3.144187458407499580e+00 8.000000000000000000e+00 1.100000000000000000e+01 2.000000000000000000e+00 -2.845832207382936190e+02 3.301100000000244563e+02 7.470513796142586038e+00 1.314169132489746428e-01 6.281132603862131347e+00
1.592615454442789291e+00 6.436348413528858448e-01 4.124345639205988512e+00 5.680064002343859997e+00 2.333043325393470369e+00 1.120283232688919828e+00 4.198172673253244280e-01 2.406548437079165215e+00 6.000000000000000000e+00 5.000000000000000000e+00 2.000000000000000000e+00 -7.506374656616169716e+01 1.495499999999997556e+02 1.804666038511332227e-02 -9.493589551418734063e-01 6.238779293019519834e+00
1.622231233837668096e+00 1.729320728535950868e+00 3.827857083653055881e+00 6.766931319707753190e+00 2.521828288751756908e+00 7.459167556112170638e-01 3.123250324027081470e-01 2.577359742034017742e+00 8.000000000000000000e+00 9.000000000000000000e+00 2.000000000000000000e+00 -1.306649762313631697e+02 2.608200000000070986e+02 1.593601445997685356e-02 -9.562102043573735832e-01 4.660012462301767883e-02
1.113273954654759645e+00 2.116448706194451024e+00 8.259243730562330299e+00 5.877035162259488743e+00 1.889957776578048421e+00 9.977219813177824470e-01 3.682426739848023156e-01 3.336491021105167487e+00 8.000000000000000000e+00 6.000000000000000000e+00 2.000000000000000000e+00 -2.027891632506056396e+02 1.485000000000040927e+02 2.374994193836081971e-02 -9.464479453977487911e-01 3.473837629770167718e-02
9.849729512212780369e-01 1.037894463649606136e+00 3.631358066074489521e+00 4.286336489280983209e+00 2.498111564559864828e+00 5.925886409179269565e-01 4.045892468813278020e-01 2.996837979097367377e+00 6.000000000000000000e+00 9.000000000000000000e+00 1.000000000000000000e+00 -3.962752048411392707e+02 2.700900000000045225e+02 1.632688780257106131e+01 6.195464821568394398e-02 6.229593891377914083e+00
1.510627662615425360e+00 2.887711380426647434e+00 6.282248161525743058e+00 3.643836427339701700e+00 1.656430793903884924e+00 4.673917987262938833e-01 4.111049242170506934e-01 3.108492235532752002e+00 4.000000000000000000e+00 1.200000000000000000e+01 3.000000000000000000e+00 -4.570484274440444210e+02 3.601200000000105774e+02 1.731177671525244577e+01 7.560631489393346283e-02 1.500716994884010794e-02
1.821694616440689973e+00 1.820485218180170506e+00 4.761460104097467116e+00 5.041019145464014528e+00 1.688878601628543308e+00 8.355994661476892071e-01 5.816191766437820432e-01 3.457570838959290960e+00 3.000000000000000000e+00 9.000000000000000000e+00 1.000000000000000000e+00 -2.031592737848684465e+02 2.700900000000045225e+02 4.257142111554136577e+00 -1.364994425224899666e-01 2.701730006007343338e-02
1.693313256303249137e+00 1.078827546320674902e+00 5.759541061452297939e+00 5.734854612624228132e+00 1.670238240079105374e+00 1.551597002450478158e+00 5.872306777094367103e-01 2.433996220669172761e+00 7.000000000000000000e+00 1.000000000000000000e+01 2.000000000000000000e+00 -2.626228002684400735e+02 2.815999999999955321e+02 1.780239025523725621e-02 -9.740760329350288682e-01 6.206923729072369333e+00
1.133679107784428819e+00 1.297684014798418994e+00 5.690186393841529799e+00 5.789726772604821825e+00 1.699525308167984416e+00 1.623210387052566483e+00 2.400027189360018909e-01 3.329334586184212075e+00 7.000000000000000000e+00 2.000000000000000000e+00 3.000000000000000000e+00 -2.384181915139835382e+03 4.020000000000002238e+00 2.388574469623970131e+01 -3.345470844887212802e+00 6.280764874466745695e+00
1.804379138691009965e+00 8.391732046738273887e-01 4.003526298476128176e+00 5.689542343338993113e+00 1.598814646330315892e+00 1.472862467643488049e+00 2.862282921608431119e-01 2.350733490722993757e+00 8.000000000000000000e+00 9.000000000000000000e+00 2.000000000000000000e+00 -1.510591070440420083e+02 1.867500000000057980e+02 2.489548413916101502e-02 -9.599002963385168119e-01 6.018680095824748832e+00
1.238609442870808763e+00 2.385115363354649798e+00 5.681955171201079402e+00 5.436299060069272215e+00 1.815101124371562014e+00 1.289690155397658522e+00 2.973843440819596839e-01 2.733602829392358657e+00 5.000000000000000000e+00 1.100000000000000000e+01 1.000000000000000000e+00 -4.363995209718498245e+02 3.301100000000244563e+02 1.695903256073984977e+01 -2.466977171895605447e-02 9.417901029813349756e-02
1.866264916451523925e+00 1.869911151260465143e+00 4.816832567710734203e+00 6.057863053799826147e+00 2.062302340178510995e+00 7.065394121954271522e-01 1.140781772680831418e-01 2.458577280013727329e+00 7.000000000000000000e+00 1.100000000000000000e+01 2.000000000000000000e+00 -2.987805857151565192e+02 3.301100000000244563e+02 8.357849107196518190e+00 -2.273870214782540769e-02 6.272746204503860668e+00
1.482293483382798094e+00 1.930455099083146830e+00 5.169038726357763736e+00 3.133774652113915593e+00 1.423488977106725617e+00 8.758513819108354470e-01 4.539162715270502191e-01 2.433917774582906812e+00 6.000000000000000000e+00 1.700000000000000000e+01 2.000000000000000000e+00 -5.401198480509732462e+02 5.101700000000154773e+02 1.781467800318534245e+01 -5.408847335289405228e-02 6.280421901334914736e+00
1.646490224530403612e+00 1.442476986833004737e+00 7.229477859652448046e+00 6.607774726917980068e+00 2.223370919045539296e+00 1.011593192381467388e+00 3.229177319659094492e-01 3.370448754684118420e+00 7.000000000000000000e+00 1.100000000000000000e+01 2.000000000000000000e+00 -4.316120297459448807e+02 3.301100000000244563e+02 1.665981435912079078e+01 1.450044699881427035e-01 6.166685551651116093e+00
7.502308753013449127e-01 1.874997059915567643e+00 4.041092132768093315e+00 6.545652649502882170e+00 2.553969866456908377e+00 8.872352218937447077e-01 2.628405453352252730e-01 3.127981266158754270e+00 6.000000000000000000e+00 1.500000000000000000e+01 2.000000000000000000e+00 -5.819812332457477169e+02 4.501499999999774104e+02 2.230663957785994000e+01 8.175959641094056318e-02 6.247942514322422092e+00
8.758892652234693266e-01 2.409183959232563232e+00 4.776298046650727436e+00 6.410142014085193907e+00 2.074880973771568549e+00 9.206709595212814179e-01 5.290213536282647455e-01 3.552534169973688982e+00 4.000000000000000000e+00 8.000000000000000000e+00 2.000000000000000000e+00 -3.967219198835064731e+02 2.400800000000151329e+02 1.729261999271868078e+01 8.435222371654080287e-02 6.242248862333357629e+00
2.220550369106088162e+00 2.436070222757729997e+00 6.542216213133500879e+00 2.325023723728946834e+00 9.001238034781364750e-01 3.360049481380811831e-01 4.270461337642926791e-01 2.733585278182866229e+00 8.000000000000000000e+00 1.300000000000000000e+01 3.000000000000000000e+00 -2.949192487282747948e+02 3.253899999999914030e+02 2.177896921510675057e-02 -1.037709392965068256e+00 6.259967049452228594e+00
6.048147128084331303e-01 7.049861708872237065e-01 3.808403985792994995e+00 6.499159465339697128e+00 1.289019960182571367e+00 5.253029809884912638e-01 7.949477960218592765e-02 2.242334924849322064e+00 8.000000000000000000e+00 7.000000000000000000e+00 2.000000000000000000e+00 -7.553548815916308001e+01 1.503599999999918282e+02 2.221800994794764436e-02 -9.567390958874534279e-01 3.489574676741988464e-03
1.744072942305495255e+00 1.388044593772689961e+00 3.932215952485191401e+00 3.494837929057593051e+00 2.360053384587447400e+00 1.080846926639485561e+00 4.213848250975149035e-01 3.471931014836839857e+00 6.000000000000000000e+00 1.300000000000000000e+01 2.000000000000000000e+00 -4.800880994989663577e+02 3.901299999999891384e+02 1.781394371868573856e+01 1.611564970673976527e-01 6.231926325829846292e+00
3.615539646454367650e-01 1.876695474091067961e+00 3.685809578389644958e+00 7.542617516069177519e+00 4.397879411142239237e-01 7.970213873447764552e-01 6.203829344173465987e-01 2.333115037493136867e+00 4.000000000000000000e+00 1.600000000000000000e+01 2.000000000000000000e+00 -3.159206281008442261e+02 4.040000000000183604e+02 1.634194248794013787e-02 -9.178271527670699426e-01 6.178901800094966035e+00
6.276252613492274701e-01 1.417810555997719213e+00 6.175211869353922189e+00 4.472024969567836905e+00 8.410755312140171247e-01 1.045069611389472408e+00 4.313817539376573196e-01 4.212012741911665969e+00 2.000000000000000000e+00 1.500000000000000000e+01 1.000000000000000000e+00 -2.324973129856801734e+03 1.327500000000021600e+02 1.616238311605005507e+01 -3.241579019376907400e+00 4.806476493604948885e+00
1.163890837497756348e+00 9.754552735439058209e-01 5.025735977753223338e+00 5.196877513085244260e+00 1.611120730906143939e+00 1.328084800116249742e+00 3.558975360414591838e-01 3.417166134391163901e+00 6.000000000000000000e+00 4.000000000000000000e+00 2.000000000000000000e+00 -2.143579141284562411e+03 3.467999999999943839e+01 7.889946330285169118e+00 -1.847933122065464229e+00 3.027879969919091141e-01
7.815933340497142057e-01 1.523163478913879931e+00 5.013730744594323774e+00 2.752600234992952366e+00 1.657185393451460875e+00 9.405774807482756295e-01 3.735508837430022711e-01 2.445278303680619381e+00 4.000000000000000000e+00 1.200000000000000000e+01 1.000000000000000000e+00 -4.686380674656131760e+02 3.601200000000105774e+02 1.803612921660049295e+01 -2.217969955165794566e-02 6.254757092522498674e+00
1.664645031635364036e+00 2.508754172088718981e+00 6.596288136829734583e+00 7.173728648511828787e+00 1.517232020436504847e+00 5.277122325271715875e-01 5.610061267037442789e-01 2.287862693819789683e+00 7.000000000000000000e+00 8.000000000000000000e+00 1.000000000000000000e+00 -2.155926581438731318e+03 2.310400000000137197e+02 2.525411339920275999e+00 -2.205497841181686403e-01 6.265417949219330929e+00
1.555000780931497184e+00 1.390914906516325988e+00 6.984077568624204702e+00 8.895618811781744739e+00 1.455892375819327178e+00 9.359369504279736462e-01 1.256276853993443243e-01 2.744883032565327508e+00 7.000000000000000000e+00 6.000000000000000000e+00 2.000000000000000000e+00 -2.159060952916805036e+03 6.840000000000107150e+01 7.803809557300296795e+00 -1.204388034540840646e+00 1.974021620333018812e-01
1.431471265456529363e+00 1.404684990209569273e+00 6.989886182198624454e+00 4.512860474559071911e+00 2.154187385310465608e+00 4.295033300247341757e-01 1.440791081032571225e-02 4.044895617824249889e+00 5.000000000000000000e+00 1.100000000000000000e+01 3.000000000000000000e+00 -2.498350508310832083e+02 3.301100000000244563e+02 5.298753176941936260e+00 6.869783105942053880e-02 4.902385237342640756e-02
1.039939925189813819e+00 2.382973561143777452e+00 7.143255028795238992e+00 6.020305175086871685e+00 1.966028651082809331e+00 1.155918218742327142e+00 2.169739911164040858e-01 2.270639835055509259e+00 6.000000000000000000e+00 1.300000000000000000e+01 2.000000000000000000e+00 -4.781945561877390674e+02 3.901299999999891384e+02 1.769559726173403291e+01 1.174350255646252304e-02 6.243541548404772712e+00
5.697631464319767858e-01 1.057000283396804630e+00 5.238040784339739631e+00 6.771299183228511431e+00 1.989765851449375011e+00 9.598081391514400318e-01 1.712401245978169562e-01 2.196200871188925152e+00 5.000000000000000000e+00 1.300000000000000000e+01 2.000000000000000000e+00 -5.401262533439447679e+02 3.901299999999891384e+02 2.156632833399688920e+01 1.246919172775396833e-03 2.890235667276625140e-05
1.042029280010620562e+00 8.916451411157146900e-01 7.268674092530950759e+00 8.355105022831423867e+00 2.124540564997572378e-01 6.573176352789359411e-01 4.577817562756339997e-01 4.386320726203202014e+00 5.000000000000000000e+00 1.100000000000000000e+01 1.000000000000000000e+00 -2.327603140096984589e+03 3.200999999999989143e+01 1.947488375606152644e+01 -3.621056625367046866e+00 5.529495616189911367e+00
1.940367153768324693e+00 2.538728714682181309e+00 7.408041830549130680e+00 2.672242300051462127e+00 1.490855097915712246e+00 1.066330274767361530e+00 1.630361294511085135e-01 3.036407990442937521e+00 6.000000000000000000e+00 1.500000000000000000e+01 4.000000000000000000e+00 -3.479942034255216186e+02 4.501499999999774104e+02 7.682450214095807084e+00 6.820269928363956180e-02 6.200646392259092643e+00
5.265093817737099835e-01 2.243509452549088401e+00 5.880941129162020609e+00 5.533441526847720837e+00 1.807178016784837471e+00 8.733689492267676657e-01 8.131355013828782397e-02 3.053679901605361735e+00 8.000000000000000000e+00 8.000000000000000000e+00 2.000000000000000000e+00 -1.552345716166200589e+02 2.400800000000151329e+02 2.199660726038280778e+00 -2.123230413712194342e-01 8.422348906507852451e-02
1.297624243631408270e+00 1.259203524195110280e+00 4.768120935240281355e+00 4.838340402104480020e+00 1.672941997455635210e+00 7.867942512427690271e-01 3.382451480628088092e-01 3.785384887534480214e+00 7.000000000000000000e+00 5.000000000000000000e+00 2.000000000000000000e+00 -4.488847089189606265e+01 8.924999999999707256e+01 1.646693074359555087e-02 -9.480466445268758147e-01 6.275933578095646226e+00
