1.975251223776393950e+00 1.251476596575662237e+00 4.008630380975020557e+00 6.208520992210202927e+00 7.127056779455920310e-01 2.006086173236290016e-01 5.512613875616491077e-01 2.423381859853497744e+00 2.000000000000000000e+00 1.300000000000000000e+01 2.000000000000000000e+00 -2.141356554345413201e+02 3.901299999999891384e+02 1.191915964659172156e+00 -4.154769098799357963e-01 6.283023727750811638e+00
1.241072873463568316e+00 2.730369324078799398e+00 6.236608382690094210e+00 5.237104346277000388e+00 1.396180828052483225e+00 1.434077660346691818e+00 4.393772795962987421e-01 3.304563314770123661e+00 8.000000000000000000e+00 1.000000000000000000e+01 3.000000000000000000e+00 -2.240496735960306069e+03 7.430000000000005400e+01 1.270917099751913781e+01 -2.322996120579961854e+00 2.392442561274319424e-01
1.960653475411432867e+00 1.160012423990785191e+00 5.573452554268080839e+00 9.045852586042963495e+00 2.571768325511996522e+00 6.093433578419520380e-01 5.209750223057190155e-01 3.590398944254532765e+00 7.000000000000000000e+00 8.000000000000000000e+00 2.000000000000000000e+00 -1.768854688781594859e+02 2.400800000000151329e+02 3.552841804884494081e+00 -1.965030638723303802e-01 6.901406784314985041e-03
9.460259927444742978e-01 1.435857347001756157e+00 6.863241158750314597e+00 6.938539554810388310e+00 1.163107136871346592e+00 1.283940807691665853e+00 1.697059694467140667e-01 2.115886300091966987e+00 8.000000000000000000e+00 1.200000000000000000e+01 2.000000000000000000e+00 -1.846100900009226393e+02 3.601200000000105774e+02 2.843806250573344130e-01 -8.468191528853956651e-01 6.280974428732459813e+00
1.127719408165701820e+00 1.263649184475376330e+00 3.209188644898790965e+00 4.279594240793969107e+00 1.805395864080833412e+00 4.305081941259799039e-01 4.444863268687887503e-01 3.519705005816353705e+00 8.000000000000000000e+00 8.000000000000000000e+00 1.000000000000000000e+00 -1.682976882818379067e+02 2.400800000000151329e+02 3.016105517614395382e+00 -6.840719603941962726e-03 6.282593295569361302e+00
1.595768854562897410e+00 1.343109477360217019e+00 7.466988411798983094e+00 7.240480065707750157e+00 2.219864772272956532e+00 8.431240218673055065e-01 5.756009504456039982e-01 3.193858178658395275e+00 9.000000000000000000e+00 9.000000000000000000e+00 3.000000000000000000e+00 -2.396496751408387354e+03 2.393999999999996930e+01 2.403292196302420791e+01 -3.266549017779480479e+00 9.789625921164245570e-01
1.530481283720784624e+00 2.508093324553414050e+00 8.165106190593036217e+00 4.843148652016497913e+00 1.208156597845990721e+00 1.314342994486898730e+00 2.499722780716903403e-01 2.068461602709511293e+00 6.000000000000000000e+00 1.100000000000000000e+01 2.000000000000000000e+00 -2.203697827553318120e+02 3.301100000000244563e+02 3.457173922207473105e+00 -7.534352868867277842e-01 1.445925940882554668e-02
1.910822238121952399e+00 1.097432059503205437e+00 1.968611391929240506e+00 1.530159885532861086e+00 1.920120134631005504e+00 1.183782731854979620e+00 1.474738118620985972e-01 2.212460934488801989e+00 7.000000000000000000e+00 7.000000000000000000e+00 2.000000000000000000e+00 -2.031013631692578372e+02 2.100699999999860097e+02 6.129147698079052020e+00 2.277428242941073600e-02 9.364182513605069647e-02
5.962766789841051907e-01 2.031229211153105396e+00 4.840561610188440334e+00 3.235893634234153105e+00 1.940746779454030957e+00 1.270279351877418694e+00 2.893238939417391298e-01 2.612098019878311916e+00 5.000000000000000000e+00 9.000000000000000000e+00 1.000000000000000000e+00 -4.053283145845553008e+02 2.700900000000045225e+02 1.689270716153456320e+01 -1.879401610049648286e-01 6.270697664252764092e+00
2.729506778534864786e-01 1.456520319719239120e+00 4.369591365896891233e+00 5.238340668136483025e+00 1.370926022048019277e+00 8.994518384439390557e-01 2.289860667818147122e-01 4.172393538197739282e+00 8.000000000000000000e+00 7.000000000000000000e+00 2.000000000000000000e+00 -1.504616288391174805e+02 2.100699999999860097e+02 2.839164302445280175e+00 -1.638164557048859952e-04 2.197186321315472066e-04
1.181860919324829506e+00 4.452502007492638025e-01 4.125848347916014625e+00 6.149238219306095488e+00 2.078826539225981040e+00 7.045687955344211995e-01 3.430480761391002664e-01 3.453731357072605590e+00 3.000000000000000000e+00 7.000000000000000000e+00 2.000000000000000000e+00 -1.637827222558050835e+02 2.100699999999860097e+02 3.671732640988254470e+00 -2.517401787040107839e-03 2.402983886604742288e-04
1.561257132930097491e+00 1.220955226796654358e+00 6.052995981215288701e+00 6.624248062633520284e+00 9.430954718936983561e-01 1.573669989095073163e+00 3.174561939822790335e-01 2.679226315367335687e+00 9.000000000000000000e+00 9.000000000000000000e+00 2.000000000000000000e+00 -2.171003898445913819e+03 9.513000000000234024e+01 7.714931152869543673e+00 -1.664882712830508593e+00 2.387838341765573247e-01
2.146227586145990074e+00 1.502347781050890951e+00 5.125565859025775772e+00 6.268042397677977995e+00 2.328218250271103518e+00 1.765198913759459254e-01 2.603193313248585716e-01 3.118395722352642174e+00 6.000000000000000000e+00 1.300000000000000000e+01 1.000000000000000000e+00 -4.025724395128114566e+02 3.901299999999891384e+02 1.296921496955105546e+01 -8.347499216715802417e-01 6.279094567540353999e+00
1.727533307154083042e+00 1.597091962394530107e+00 4.768938798496652254e+00 3.832840425733593293e+00 2.718342802665068447e+00 1.231634591349617835e+00 5.003302131700326782e-01 4.295479233995762591e+00 7.000000000000000000e+00 1.000000000000000000e+01 2.000000000000000000e+00 -2.747623071042352763e+02 3.000999999999997385e+02 7.794519194014713825e+00 -4.469646078315744342e-01 6.030985675168709648e+00
5.091063184728610302e-01 6.958230446963069582e-01 5.590865277948592116e+00 7.942872408716038279e+00 2.171505891973094737e+00 1.070525097858499697e+00 2.245658496064278919e-01 3.548490832434227027e+00 6.000000000000000000e+00 1.100000000000000000e+01 2.000000000000000000e+00 -4.380030640283964090e+02 3.301100000000244563e+02 1.705925400177401130e+01 -1.114984451795588000e-01 6.267112845858799908e+00
1.370802632050620584e+00 2.286215085803888325e+00 4.800828930959987417e+00 3.917943186940031186e+00 1.036266115660257059e+00 1.144454454790686970e+00 5.828811730530392143e-01 3.481231152417167962e+00 8.000000000000000000e+00 9.000000000000000000e+00 2.000000000000000000e+00 -2.160634713445475882e+03 7.713000000000165812e+01 7.629357090342177905e+00 -2.197818922230435401e+00 3.561493957000148591e-01
9.596201809650684034e-01 1.337997954845077997e+00 6.115936133185783774e+00 7.077909566726733992e+00 2.002830274353557094e+00 2.148863901843141466e+00 3.922706505870129923e-01 3.344064163075262996e+00 9.000000000000000000e+00 9.000000000000000000e+00 1.000000000000000000e+00 -1.831851724154536782e+02 2.700900000000045225e+02 3.008760775965713563e+00 -1.230019517269137219e-01 6.230808223990249139e+00
1.803512938091537343e+00 1.179539741785700757e+00 3.132347783924110729e+00 4.232727486676624906e+00 1.364600881790388964e+00 1.126262490513216807e+00 4.096935591988242198e-01 2.442721562515148825e+00 7.000000000000000000e+00 1.100000000000000000e+01 2.000000000000000000e+00 -2.070635168091444029e+02 2.446400000000138562e+02 1.687761175652469081e-02 -9.549309651985854464e-01 1.764565436817333577e-01
1.502232268605610432e+00 1.434515782309081722e+00 2.291513631145036811e+00 7.489667975513460974e+00 2.416263843640025666e+00 5.458201692543739325e-01 4.816968258305479034e-01 3.418122795455288632e+00 4.000000000000000000e+00 7.000000000000000000e+00 1.000000000000000000e+00 -1.382400010591205444e+02 2.100699999999860097e+02 2.075312566195471664e+00 8.957434257813864931e-02 7.049106335174467469e-03
1.111051265200475591e+00 1.133571676671000006e+00 6.056136492150423933e+00 4.702309765759853377e+00 2.259418682177253057e+00 1.580377991099901847e+00 4.579605306257185093e-01 3.613200923186126623e+00 7.000000000000000000e+00 6.000000000000000000e+00 3.000000000000000000e+00 -2.184157374995487771e+03 3.449999999999979394e+01 1.043171093721799103e+01 -9.182737629401589885e+00 1.154258401445906301e+00
2.048863575238085044e+00 9.614514321316700585e-01 4.331257329294446734e+00 2.637500475811255463e+00 2.384776775302747787e+00 9.707322529799531363e-01 2.872479894605852735e-01 2.699821204918603890e+00 5.000000000000000000e+00 1.200000000000000000e+01 2.000000000000000000e+00 -4.562735736577884040e+02 3.601200000000105774e+02 1.726334835361144471e+01 1.544691480416297280e-01 7.622608960164553582e-02
1.620403092697946246e+00 1.894597514042065445e+00 7.355537244810005149e+00 2.811114389740181352e+00 1.516470443568884940e+00 5.673904600048511604e-01 2.335301097480795840e-01 2.538345517237158511e+00 7.000000000000000000e+00 1.400000000000000000e+01 1.000000000000000000e+00 -3.313000847193737286e+02 4.201399999999720194e+02 7.576880294961731543e+00 7.514343061051612267e-04 6.283176545432409554e+00
1.779919817406226068e+00 8.190880786189617124e-01 7.606665335675259598e+00 5.601509771458421660e+00 2.254126791541715580e+00 1.100921886502833846e+00 5.037830814472732399e-01 3.459338804693494751e+00 3.000000000000000000e+00 1.100000000000000000e+01 1.000000000000000000e+00 -2.318736554502879244e+03 1.212199999999994304e+02 1.613290965642997321e+01 -3.496582077889978546e+00 1.030588213825819999e+00
2.261285080175076345e+00 2.109583456274899405e+00 6.334439447962096459e+00 4.537178470351443949e+00 1.791972635598247932e+00 1.397500110793778116e+00 1.783572602644251937e-01 3.183691231664830923e+00 7.000000000000000000e+00 1.000000000000000000e+01 2.000000000000000000e+00 -1.996430599833646511e+02 2.803999999999952593e+02 2.302105672808585357e-02 -9.555422675256162179e-01 6.019567335471457170e+00
3.793101923156176891e-01 7.107679418803259930e-01 5.757094341970092621e+00 5.417161137322445086e+00 2.481575005601270867e+00 4.216108824926276255e-02 1.213775683309402387e-01 3.758425588733130596e+00 8.000000000000000000e+00 1.200000000000000000e+01 3.000000000000000000e+00 -2.212448812684630866e+03 2.145600000000050898e+02 6.573050792789286945e+00 -4.422034707753589089e+00 1.777760870507949065e+00
1.628129265366688339e+00 1.402896470936464413e+00 6.152260877348131096e+00 7.705907747078801329e+00 2.483311529311891253e+00 8.181171337983551561e-01 1.544348505142624228e-01 3.532208364020414493e+00 4.000000000000000000e+00 1.000000000000000000e+01 2.000000000000000000e+00 -3.694795597648658827e+02 3.000999999999997385e+02 1.371434748530412584e+01 -1.164155351212679657e+00 4.434202595100534827e-01
1.082429982420872072e+00 2.137024623360236575e+00 5.537156801043554566e+00 6.731216624468498111e+00 1.770754194785596258e+00 6.317540508002021937e-01 1.040735270723849581e-01 3.037639163013838406e+00 7.000000000000000000e+00 1.000000000000000000e+01 1.000000000000000000e+00 -1.615654167301735242e+02 3.000999999999997385e+02 7.197135456358543237e-01 -6.165179817674805163e-01 6.282643785662203939e+00
1.305970238078196788e+00 1.769342439358874364e+00 4.319433584623125100e+00 3.908438583405179134e+00 1.803056630059201471e+00 1.014047213441136686e+00 5.620726206815498394e-01 3.349805556109541893e+00 4.000000000000000000e+00 1.300000000000000000e+01 2.000000000000000000e+00 -5.484029505295891340e+02 3.901299999999891384e+02 2.208362190809966208e+01 -2.451232680756928496e-03 6.283175013459508129e+00
9.380735847040609920e-01 5.949056256814440058e-01 7.882900583540142669e+00 5.020336792253324631e+00 2.295455798367652012e+00 4.995750697654238737e-01 3.781971447585185109e-01 3.487805582380154590e+00 4.000000000000000000e+00 1.500000000000000000e+01 1.000000000000000000e+00 -6.473090894325490581e+02 4.501499999999774104e+02 2.638963058953502028e+01 1.021028049036018515e-02 6.280687124446131975e+00
1.288623283426706845e+00 8.470930467070385550e-01 6.258350126052860674e+00 7.474704823816102461e+00 8.949526938584914104e-01 6.632604100086193499e-01 2.354718296542668565e-01 3.927927219117492985e+00 8.000000000000000000e+00 1.100000000000000000e+01 3.000000000000000000e+00 -2.129100876633125154e+03 8.480999999999961858e+01 5.418492289570330911e+00 -4.204355466939740715e+00 9.089625781056337450e-01
1.673595880846114881e+00 2.252502350652282104e+00 6.765577789786799023e+00 6.188962945761149470e+00 2.032480580387468372e+00 1.228805485422696409e+00 2.883287993684290340e-01 2.859983389542320342e+00 7.000000000000000000e+00 9.000000000000000000e+00 2.000000000000000000e+00 -1.500822084134829311e+02 2.700900000000045225e+02 9.398255258425425307e-01 -4.741150576687027107e-01 6.282671565429891025e+00
1.543550009297029568e+00 1.142650334324945671e+00 5.162808329974904353e+00 6.715238450830221417e+00 2.218584464641072618e+00 1.120509568000133571e+00 3.418493300857668449e-01 2.697549698787888417e+00 7.000000000000000000e+00 6.000000000000000000e+00 1.000000000000000000e+00 -2.040199478485116344e+02 1.315800000000034515e+02 1.521242674851427425e-02 -1.002176733784235330e+00 6.280276384130233147e+00
2.024106788006430513e+00 2.213172693019769266e+00 6.053240576685285923e+00 6.324878115817305080e+00 1.792865575355506724e+00 5.094434823273112922e-01 5.186740856144687051e-01 2.814122323548372329e+00 3.000000000000000000e+00 1.100000000000000000e+01 1.000000000000000000e+00 -4.496810716529429328e+02 3.301100000000244563e+02 1.778912947830816904e+01 -3.643084520654676917e-02 6.279497723789634556e+00
2.383638904673192727e+00 2.866438434268064661e+00 6.964467319386647759e+00 4.154557602011680117e+00 1.264541153981939559e+00 6.665151269173444915e-01 4.844558125010202110e-01 3.377210808459301994e+00 1.000000000000000000e+01 1.000000000000000000e+01 2.000000000000000000e+00 -2.163905624336044184e+03 8.079999999999968452e+01 7.719101521002777133e+00 -1.451416384031399609e+00 6.253378039627969898e+00
7.328554661676056625e-01 3.709090252016178368e-02 5.576271321464068897e+00 6.248321110050037319e+00 1.298947289591018128e+00 5.171635782828833960e-01 2.337036467630008996e-01 2.900042990803208376e+00 2.000000000000000000e+00 1.300000000000000000e+01 1.000000000000000000e+00 -4.826082023088031292e+02 3.901299999999891384e+02 1.797145014430053322e+01 -2.092870244491309706e-01 1.687100480093097488e-01
7.818852607601511906e-01 8.329362834707395580e-01 4.489779346349333622e+00 6.163648308126053799e+00 1.781747441107925045e+00 7.981772349567934910e-01 1.318665880308373117e-01 2.707165135928597977e+00 9.000000000000000000e+00 1.400000000000000000e+01 2.000000000000000000e+00 -2.274985593116805944e+02 4.201399999999720194e+02 1.089284956980910657e+00 -4.724118558766656761e-01 6.282768943195328859e+00
1.806038108001409626e+00 1.623426494352869343e+00 5.531437109374702565e+00 3.037404456226873606e+00 1.402237981155274316e+00 1.829299273968840067e+00 4.925239375465505498e-01 2.633421009942588764e+00 3.000000000000000000e+00 1.200000000000000000e+01 2.000000000000000000e+00 -4.566215421118216682e+02 3.601200000000105774e+02 1.728509638198852372e+01 -1.230303028870556176e-01 4.507113817806966405e-01
9.791439011386200431e-01 2.400692821988110737e+00 4.408484193071756430e+00 8.041330114800928186e+00 2.820787492605583147e+00 1.303842482363891442e+00 3.841412872437319215e-01 3.059595594442181543e+00 8.000000000000000000e+00 1.200000000000000000e+01 2.000000000000000000e+00 -4.563548748963320918e+02 3.601200000000105774e+02 1.726842968102042519e+01 3.552873780410278903e-01 6.281954539030243367e+00
1.179112201175396946e+00 2.140306162070680696e+00 6.981589884320851702e+00 1.324708576325450693e+00 1.169769526557101313e+00 7.158925682824283099e-01 2.046499199302521110e-01 2.431175000373517303e+00 7.000000000000000000e+00 1.400000000000000000e+01 2.000000000000000000e+00 -3.187892846213325697e+02 4.201399999999720194e+02 6.794955288834160889e+00 2.781644960482525242e-02 7.889950103908797974e-03
2.170072864377614597e+00 2.529963265848810927e+00 6.891548181867664269e+00 3.609629488660612839e+00 9.113107423420386821e-01 4.815149801103354443e-01 4.747843235584151556e-01 2.682835902014232499e+00 9.000000000000000000e+00 1.100000000000000000e+01 2.000000000000000000e+00 -2.182739925332198709e+03 1.167099999999994537e+02 7.774057833262435047e+00 -3.714517603361172648e-01 6.241836446279625861e+00
8.207508815083859322e-01 6.901673719797309925e-01 5.976638214086313461e+00 5.889758680957273285e+00 1.392182229094514501e+00 1.649174827641952668e+00 1.040302514176892484e-01 3.220976176493656418e+00 9.000000000000000000e+00 6.000000000000000000e+00 2.000000000000000000e+00 -2.147597319720809537e+03 5.190000000000045333e+01 7.602957482550584345e+00 -3.205480148467103163e+00 4.656855479982244250e-01
9.768829482597418679e-01 2.151803023067946352e+00 7.872550218444527736e+00 5.652953376166994559e+00 2.225172735949096481e+00 3.628727033766890875e-01 1.776006684212790843e-01 2.865588143634461460e+00 8.000000000000000000e+00 5.000000000000000000e+00 1.000000000000000000e+00 -2.118323580489496180e+03 6.519999999999843965e+01 5.357723780593560470e+00 -2.055366840070250167e-01 1.110558798327113128e-02
2.121776790235038845e+00 6.660982331536366985e-01 5.613293933410922421e+00 7.385112650557634772e+00 1.984004911668764803e+00 6.881312516093394116e-01 4.719375560447572338e-01 3.183397967990317490e+00 3.000000000000000000e+00 5.000000000000000000e+00 1.000000000000000000e+00 -1.190342834877013161e+02 1.500499999999998693e+02 2.750580217981335895e+00 -6.408920853373120674e-02 8.489552644093321249e-03
1.734146136402149097e+00 1.847696304331368555e+00 3.262873581436919856e+00 2.174039321772752498e+00 1.373484898409143451e+00 1.681178401325638339e+00 2.820649718094602743e-01 2.347389093357994394e+00 4.000000000000000000e+00 1.500000000000000000e+01 2.000000000000000000e+00 -3.569020948118021579e+02 4.501499999999774104e+02 8.239193425738342569e+00 1.702898472899735602e-02 5.676239246144700133e-04
6.481509716536233423e-01 1.377856871865283050e+00 5.198611754682903374e+00 6.615033583608540546e+00 2.078536188007759744e+00 1.668474931562240471e+00 1.085774013346221534e-01 2.961959349272176745e+00 6.000000000000000000e+00 8.000000000000000000e+00 2.000000000000000000e+00 -1.566193138401977194e+02 2.378400000000147827e+02 1.747538125787176724e-02 -9.174508946553578959e-01 3.500379275461339423e-01
1.816128085175223283e+00 1.794784698217598118e+00 4.399926739374176776e+00 2.986970129533315088e+00 2.265223884711649927e+00 1.377797315607224737e+00 5.157188938325485417e-01 3.385716828864920647e+00 6.000000000000000000e+00 8.000000000000000000e+00 1.000000000000000000e+00 -2.442613074450850945e+02 2.400800000000151329e+02 7.763831715317344617e+00 2.035465180462581736e-01 4.510112725935599108e-03
1.814804826073120436e+00 1.253494923342579614e+00 2.269104027978813054e+00 4.408959196004014203e+00 2.143682911865698593e+00 4.665875794904686957e-01 2.420126504365357478e-01 2.682085515938791076e+00 8.000000000000000000e+00 7.000000000000000000e+00 1.000000000000000000e+00 -2.185005085984573441e+02 1.579199999999910915e+02 1.982743799278489233e-02 -1.029626999099492179e+00 1.036070103134520502e-03
1.297624243631408270e+00 1.259203524195110280e+00 4.768120935240281355e+00 4.838340402104480020e+00 1.672941997455635210e+00 7.867942512427690271e-01 3.382451480628088092e-01 3.785384887534480214e+00 7.000000000000000000e+00 5.000000000000000000e+00 2.000000000000000000e+00 -4.488847089189606265e+01 8.924999999999707256e+01 1.646693074359555087e-02 -9.480466445268758147e-01 6.275933578095646226e+00
