7.009280754904891886e-01 1.572383711204897505e+00 4.805761776865431933e+00 4.879520477496981812e+00 2.184149468878338940e+00 1.249458251541046838e+00 4.871246222834691997e-01 2.802550456100564968e+00 4.000000000000000000e+00 1.300000000000000000e+01 2.000000000000000000e+00 -5.838860490867223234e+02 3.901299999999891384e+02 2.430131556792048286e+01 1.701403271524748462e-01 8.884978742197668922e-02
1.925919351840978067e+00 2.121925218026956106e+00 8.672105211440582551e+00 4.548207354208035014e+00 2.019939793330848499e+00 1.148651034821719374e+00 3.116672831946398770e-01 2.602582961990613786e+00 6.000000000000000000e+00 1.100000000000000000e+01 1.000000000000000000e+00 -4.292087648229128263e+02 3.301100000000244563e+02 1.650961030143128738e+01 1.248021084297121219e-01 6.179891681474560805e+00
4.626662973642234888e-01 1.336495594815048982e+00 5.650450562556610379e+00 8.031573357054377027e+00 2.181545884109320266e+00 9.339012396662572657e-01 2.956829789176544931e-01 3.412359185406976358e+00 8.000000000000000000e+00 1.200000000000000000e+01 1.000000000000000000e+00 -4.499726032457252813e+02 3.601200000000105774e+02 1.686953770285749954e+01 -2.480038120441089011e-01 1.127945668749329028e-01
1.499741221613862363e+00 1.931770671896647862e+00 6.078632746393120456e+00 5.880509469005481549e+00 2.561779688787608311e+00 8.607170018919862997e-01 1.759279746289083013e-01 2.539427909200573819e+00 9.000000000000000000e+00 1.300000000000000000e+01 1.000000000000000000e+00 -3.145809481789315782e+02 3.901299999999891384e+02 7.469746761183563066e+00 -2.422140704049845716e+00 6.157142225188114715e+00
1.501317084648413847e+00 7.276395998268370136e-01 3.204387291536661131e+00 5.580885538225465403e+00 2.126265655795597898e+00 4.981051883146831449e-01 3.856337320188308881e-01 2.305339582574193358e+00 6.000000000000000000e+00 1.000000000000000000e+01 1.000000000000000000e+00 -2.933058848027260410e+02 3.000999999999997385e+02 8.953492800170383958e+00 -1.722343997690699638e-02 8.168265997978079536e-05
2.384698297152922919e+00 1.782834382846702592e+00 4.991903811644781364e+00 2.315178475535987879e+00 2.615225846591581416e+00 1.940170013476449906e+00 6.954318739916660608e-01 3.920233867934978189e+00 7.000000000000000000e+00 8.000000000000000000e+00 3.000000000000000000e+00 -2.333057823094133255e+03 2.887999999999973610e+01 1.991361394338334634e+01 -3.299728200356202290e+00 1.814013032192121067e+00
3.805238746264215655e-01 1.101132427283283421e+00 5.888727914299281885e+00 6.946115271443050077e+00 2.196708655102594943e+00 8.941829045134783716e-01 2.397209314859094498e-01 4.169753207453760879e+00 5.000000000000000000e+00 1.500000000000000000e+01 3.000000000000000000e+00 -2.370735816216639250e+03 1.042500000000010942e+02 1.991317601353993538e+01 -5.778600767566416607e+00 5.277911430642063806e+00
2.380826083639651536e+00 1.886794059141114310e+00 4.184251271871087141e+00 4.816248773822477958e+00 1.968848479474111013e+00 7.193856141881090904e-01 3.592208972757801044e-01 2.040508383562539052e+00 5.000000000000000000e+00 1.400000000000000000e+01 3.000000000000000000e+00 -4.865244309933902400e+02 4.201399999999720194e+02 1.727840193708776440e+01 -1.760840615026612599e-03 4.085546856941377203e-02
9.381815948975593678e-01 1.331321892229533566e+00 3.768506133861041274e+00 3.908738044414592050e+00 2.233015441533263257e+00 5.293816701490251520e-01 5.307639951819338731e-02 2.193531969182667574e+00 8.000000000000000000e+00 1.000000000000000000e+01 3.000000000000000000e+00 -2.450009488715531916e+02 3.000999999999997385e+02 5.934434304472083532e+00 -2.609108984971166834e-01 6.275146229328752767e+00
1.923041145673242802e+00 1.736945318594205201e+00 4.553417988662016747e+00 5.579565445795519274e+00 2.348642565199710042e+00 9.965980320993248487e-01 3.413739786790040420e-01 2.596135922455304446e+00 7.000000000000000000e+00 1.700000000000000000e+01 1.000000000000000000e+00 -5.442028677806983978e+02 5.101700000000154773e+02 1.806986673629316797e+01 4.850155939485806950e-02 2.037954315960614847e-04
8.231199645780429286e-01 9.701956186910222213e-01 5.859416220786946461e+00 3.495389402392479639e+00 1.610339433634168982e+00 9.891014755513046763e-01 3.492178586532517226e-01 2.340075658805640835e+00 7.000000000000000000e+00 1.300000000000000000e+01 1.000000000000000000e+00 -4.668709428861900506e+02 3.901299999999891384e+02 1.698787143038721936e+01 -7.855551957847561884e-02 1.403353284720754504e-02
1.274266534931879580e+00 1.535055740372154087e+00 7.712367666091452634e+00 5.942672347871963190e+00 1.721475603763054973e+00 1.570564901809140768e+00 3.480674126091674037e-01 2.678674775057064750e+00 7.000000000000000000e+00 1.500000000000000000e+01 1.000000000000000000e+00 -4.997955914478490058e+02 4.501499999999774104e+02 1.717003696549126701e+01 2.150410083873950107e-01 6.149524486722700800e+00
1.420667349259459922e+00 2.551145085525864165e+00 7.285317646861547480e+00 6.253459979536570401e+00 2.267056355779802690e+00 1.198497734537640191e+00 2.963512372343269918e-01 3.152412833982896956e+00 8.000000000000000000e+00 1.000000000000000000e+01 1.000000000000000000e+00 -2.065173680987571458e+02 3.000999999999997385e+02 3.529210506172330231e+00 -8.548515125222246047e-02 4.642345292939880491e-02
1.144987908340322047e+00 1.999554355391245819e+00 5.896575974755008609e+00 6.053686170247161158e+00 1.886202289792588971e+00 9.916002303369446658e-01 2.136132761227559906e-01 2.328168271413753931e+00 6.000000000000000000e+00 1.300000000000000000e+01 2.000000000000000000e+00 -4.726351773087869788e+02 3.901299999999891384e+02 1.734813608179952382e+01 1.294956771845495735e-01 6.227460885917786015e+00
8.016545420937672972e-01 2.772823437267744495e+00 3.741543517460327539e+00 3.505145226576224182e+00 1.401407129387505890e+00 4.556676570436618556e-01 1.743704779110737124e-02 3.438590183766232933e+00 8.000000000000000000e+00 1.000000000000000000e+01 2.000000000000000000e+00 -1.789335192719419183e+02 3.000999999999997385e+02 1.805219954496378509e+00 -1.496669859156163074e-01 1.649250936958302394e-04
1.173247394420956269e+00 2.030078927707946512e+00 9.475028332232412254e+00 3.823958729486971464e+00 2.056090140823762624e+00 2.027836085202255223e+00 4.057915592694715801e-01 2.190972608513039876e+00 5.000000000000000000e+00 1.400000000000000000e+01 1.000000000000000000e+00 -6.195910990822669646e+02 4.201399999999720194e+02 2.559506869264255613e+01 4.914992931333873709e-03 9.877076536463590389e-05
1.606072258367683414e+00 1.770409280392269968e+00 5.219919462700119972e+00 3.566992248030276258e+00 1.675139266748453704e+00 1.937772406322739949e+00 1.919487874604580979e-01 2.816763170431952457e+00 8.000000000000000000e+00 1.200000000000000000e+01 2.000000000000000000e+00 -2.033898479927210587e+02 3.201600000000090631e+02 2.481750646979820341e-02 -9.583161008662814950e-01 5.961280313897394656e+00
2.220385596073158663e+00 1.900379227002251925e+00 5.699396037988290864e+00 3.516756844552005212e+00 9.870412290031956859e-01 1.161431859648722975e+00 4.033665876822049023e-01 3.635810877036006250e+00 1.000000000000000000e+01 1.100000000000000000e+01 1.000000000000000000e+00 -2.335347439294536798e+03 4.333999999999983288e+01 1.960483995590854533e+01 -2.266560360704782173e+00 5.821683462025236011e+00
8.870093548638290359e-01 1.984284320438058913e+00 5.145628622934509622e+00 8.080728866227772755e+00 2.090466774498271896e+00 1.912499827597613944e+00 2.588114069821734198e-01 2.568065257209025010e+00 6.000000000000000000e+00 9.000000000000000000e+00 1.000000000000000000e+00 -2.369070658809583279e+02 2.700900000000045225e+02 6.366379117559755052e+00 -2.767697277630577268e+00 3.066087253956322201e-01
1.486624411777478727e+00 2.549121487628583704e+00 4.619864604848733514e+00 7.089258838480719582e+00 1.838241071907465773e+00 1.242206905872293987e+00 5.272384041727951054e-02 3.311926166693680340e+00 4.000000000000000000e+00 1.100000000000000000e+01 2.000000000000000000e+00 -2.254792015743761624e+02 3.301100000000244563e+02 3.776512598397745446e+00 -4.919848529048835226e-03 5.925433678917897684e-02
1.372769666422028578e+00 2.312346097044753801e+00 4.278234722268168255e+00 1.962677292338251167e+00 1.262722921844112722e+00 1.641409485189943229e+00 4.765612836822958887e-01 2.600052460117450615e+00 5.000000000000000000e+00 1.900000000000000000e+01 1.000000000000000000e+00 -5.684400849704237544e+02 5.701900000000110822e+02 1.770906781065113833e+01 7.602476257172358087e-02 3.119071620626432360e-03
4.064447433547294652e-01 1.374730052010401327e+00 2.507784539120590850e+00 6.858639549626442289e+00 2.479227583533788692e+00 1.062423765524262098e+00 2.416339169044932345e-01 2.865469074245301950e+00 9.000000000000000000e+00 1.100000000000000000e+01 2.000000000000000000e+00 -5.007159596730817839e+02 3.301100000000244563e+02 2.097880997956684723e+01 -3.848230891392748841e-07 3.113071682445596375e-08
9.677798378676889524e-01 1.971698368100451626e+00 7.414767422355038384e+00 8.039508196680694496e+00 1.594606981934362233e+00 5.608624896926965864e-01 2.019273834831087910e-01 2.663757430553765460e+00 4.000000000000000000e+00 8.000000000000000000e+00 1.000000000000000000e+00 -2.637148997195905054e+02 2.400800000000151329e+02 8.979681232473934571e+00 -8.986695385293246296e-01 2.954975933076102110e-02
8.776943842808107021e-01 2.043251628343888626e+00 4.124380707711353011e+00 6.444498917943816352e+00 1.441758994615148559e+00 7.422353690604092114e-01 1.491119121450201757e-01 2.782270476597791919e+00 1.000000000000000000e+01 1.200000000000000000e+01 2.000000000000000000e+00 -1.499917448129502304e+02 2.992800000000082719e+02 2.198405080913132942e-02 -9.506201576318766833e-01 6.274993259944485757e+00
1.319588203030316098e+00 1.633663369978634039e+00 3.563102314407471827e+00 7.528877502974645530e+00 2.386605645487685390e+00 7.758345934838980495e-01 3.044573582075631446e-01 2.985119929102077130e+00 7.000000000000000000e+00 1.800000000000000000e+01 1.000000000000000000e+00 -5.499176480633573192e+02 5.401800000000090449e+02 1.748922800395954980e+01 1.203041232167555707e-01 6.260952947051560358e+00
9.382978242061519314e-01 2.810313290309392364e+00 6.012780368790337171e+00 6.602525664159026419e+00 1.866682021893993904e+00 1.478500384942081691e+00 1.685026128773555176e-01 2.912496558251100431e+00 6.000000000000000000e+00 1.200000000000000000e+01 1.000000000000000000e+00 -4.480615433937903731e+02 3.601200000000105774e+02 1.675009646211156777e+01 -2.778864068815160571e-01 1.983811919624673195e-02
1.905302556623266197e+00 1.459737578516831613e+00 1.642298840002681004e+00 6.584928744991667138e+00 2.496702524214468699e+00 6.215937745595723207e-01 2.365419892332749907e-01 2.125779900708415049e+00 6.000000000000000000e+00 1.200000000000000000e+01 1.000000000000000000e+00 -3.232418439480101711e+02 3.601200000000105774e+02 8.948865246750305147e+00 2.359187935016587509e-02 1.127464148358486634e-05
1.309882095519834921e+00 1.954073752039137357e+00 2.624839777929083073e+00 7.967632135072824084e+00 2.573647388565684313e+00 1.535970354310972619e+00 2.433662702402765166e-01 2.489505306351709635e+00 6.000000000000000000e+00 6.000000000000000000e+00 2.000000000000000000e+00 -2.050946635144419190e+02 1.340400000000035448e+02 2.474898968152092552e-02 -9.549233908081402600e-01 1.602613420483707529e-02
1.406861578067002627e+00 1.850750549484203145e+00 3.432725627145580383e+00 7.238210189128078120e+00 1.797451683537971912e+00 2.053701621384127041e+00 4.705006461517240446e-01 2.597375137200808037e+00 9.000000000000000000e+00 1.300000000000000000e+01 3.000000000000000000e+00 -2.300141510040213689e+03 9.554999999999944293e+01 1.577290687751335696e+01 -9.603780483811778623e+00 2.775129941122347788e+00
1.060147653444607929e+00 1.331761324700457827e+00 3.799941195361014490e+00 7.742749708106815731e+00 2.107302013998048285e+00 4.007859108475957388e-01 2.023395113980376303e-01 3.228898607302442603e+00 3.000000000000000000e+00 1.000000000000000000e+01 1.000000000000000000e+00 -4.322717399423162306e+02 3.000999999999997385e+02 1.763885874639477436e+01 4.043842819282496975e-02 1.916182482240494280e-03
1.412439553870682429e+00 1.117448235908852006e+00 2.494626946264922207e+00 4.231088460117033989e+00 1.432284393661134025e+00 1.281153783638127708e+00 2.026923253174861550e-01 2.473090123473277391e+00 5.000000000000000000e+00 1.600000000000000000e+01 3.000000000000000000e+00 -2.355116075499170620e+03 7.743999999999905981e+01 1.977475471869820822e+01 -3.858156429945865273e+00 6.903161734465992905e-02
9.756245792383435589e-01 1.270369314539187666e+00 5.896421555860546171e+00 4.893845227479485693e+00 1.786971568056921367e+00 6.600961929998759858e-01 3.118981668862486623e-01 2.181940121590556725e+00 9.000000000000000000e+00 1.600000000000000000e+01 2.000000000000000000e+00 -5.056645907467952838e+02 4.801600000000302657e+02 1.659903692167376121e+01 4.505126495825360206e-02 6.267042540966452968e+00
1.428189386444591147e+00 1.939635779576679875e+00 2.949725929794791757e+00 7.286454286993739871e+00 1.262059518076855458e+00 1.175092525372623875e+00 2.716382732088291618e-01 3.617090766062667662e+00 5.000000000000000000e+00 7.000000000000000000e+00 1.000000000000000000e+00 -2.154639870335212208e+02 1.476999999999920874e+02 2.156989841415766010e-02 -9.724310641989547532e-01 1.438796903352823620e-02
1.314836851185717581e+00 1.851824156502645868e+00 5.720127095273939588e+00 5.666623451048705462e+00 2.545241825188371720e+00 7.266253919994825061e-02 3.511411193671148401e-01 2.338278026363216355e+00 4.000000000000000000e+00 1.600000000000000000e+01 1.000000000000000000e+00 -6.797592492137735007e+02 4.801600000000302657e+02 2.747995307585989977e+01 4.785804175437603086e-03 3.425551833119655498e-03
1.541794354883010421e+00 1.317482602598400110e+00 2.780133357401017857e+00 4.883876458998342329e+00 1.529024455918599035e+00 3.007001550775295073e-01 3.833765710864294185e-01 2.893992425832610849e+00 5.000000000000000000e+00 1.100000000000000000e+01 1.000000000000000000e+00 -3.018896685603094738e+02 3.258200000000239243e+02 1.558366685656618379e-02 -1.003157681797003820e+00 5.978954153022320375e-04
9.858826905910855753e-01 1.250374815258625372e+00 3.921554359535260659e+00 9.953761819123126742e+00 1.165943088405729133e+00 1.610113922194476244e+00 4.242055804501064231e-01 2.053973836610339276e+00 7.000000000000000000e+00 1.000000000000000000e+01 2.000000000000000000e+00 -2.579246452231885769e+02 2.610999999999908709e+02 1.711200991592956577e-02 -9.621564834460935023e-01 4.780679065029382058e-02
1.117375767488039795e+00 1.322865600262536745e+00 3.276758935326186339e+00 9.231248553206269136e+00 1.704590429784481609e+00 7.182614655462752351e-01 2.482618220281737897e-01 2.738594688891109907e+00 5.000000000000000000e+00 3.000000000000000000e+00 1.000000000000000000e+00 -2.387790187993191921e+03 1.079999999999996163e+01 2.389938674957449294e+01 -2.211632981230125417e+00 2.313141086215094594e-02
1.937405078103112688e-01 1.424564094036161688e+00 5.284745362529160495e+00 6.979649063721076629e+00 2.110644776284439139e+00 1.264680439150882574e+00 3.083556987278351924e-01 3.354704322847914533e+00 1.000000000000000000e+01 1.400000000000000000e+01 3.000000000000000000e+00 -2.385313287716235664e+03 1.148000000000004235e+02 2.049458048226468421e+01 -3.072988802964140564e+00 4.709581631950807146e-02
1.481182895616850459e+00 1.830930329293669168e+00 5.428190677111319751e+00 8.382489305559122528e+00 2.193907676524623263e+00 5.162694712565110144e-01 2.395510604809538702e-01 2.606976272945188633e+00 2.000000000000000000e+00 1.000000000000000000e+01 3.000000000000000000e+00 -4.411501496694859270e+02 3.000999999999997385e+02 1.819375935434287683e+01 6.591739543285986269e-02 5.988831789070496892e-04
1.654949277929217200e+00 2.744294327040677217e+00 6.414033934479258292e+00 2.125003923770625747e+00 1.571983974959822117e+00 1.063081183220517811e+00 3.545029070146947237e-01 2.314149051333161289e+00 8.000000000000000000e+00 1.100000000000000000e+01 2.000000000000000000e+00 -2.780967920452881117e+02 3.301100000000244563e+02 7.065112002829742721e+00 6.480018745511487328e-03 6.283065712863624697e+00
7.723349255414156955e-01 2.400913248599528149e+00 3.723580708471980305e+00 7.388594880073891424e+00 1.113135088424211050e+00 1.392169135236305033e+00 1.410208939270139183e-01 3.191647606427988837e+00 7.000000000000000000e+00 6.000000000000000000e+00 2.000000000000000000e+00 -5.827999978311096640e+01 1.158000000000028678e+02 2.374998644434561657e-02 -9.480511931252704194e-01 6.278455954682642393e+00
1.913516138697270330e+00 1.922777133636728308e+00 7.955539109200877590e+00 1.927774320587424928e+00 1.980348147241650425e+00 2.255081749423277770e+00 4.903912792686276889e-01 3.898351709771835427e+00 9.000000000000000000e+00 1.300000000000000000e+01 1.000000000000000000e+00 -3.114739235318701276e+02 3.901299999999891384e+02 7.275557720742223289e+00 2.473959661149112768e-02 6.279323662632268821e+00
2.438650521418556760e+00 2.507535857327151341e+00 6.712848700967717797e+00 4.864535464973778645e+00 2.414574835177452972e+00 1.416352444832728485e+00 1.990473418545339046e-01 3.150856009160596383e+00 8.000000000000000000e+00 1.500000000000000000e+01 1.000000000000000000e+00 -2.874941353230800019e+02 4.501499999999774104e+02 3.901195957693206484e+00 3.328441779438633952e-01 6.218687899659497198e+00
4.121262060821326845e-01 1.207667764440496505e+00 5.809236000799370636e+00 6.288544025485867550e+00 1.833265611644742554e+00 1.941158926343083291e+00 2.574349297418506710e-01 2.547092557273943569e+00 2.000000000000000000e+00 1.100000000000000000e+01 1.000000000000000000e+00 -2.237151127730514872e+03 1.654400000000040336e+02 9.651945483157078343e+00 1.374675611266688580e-01 6.160213763343566740e+00
2.078830980078330448e+00 2.601797041162864588e+00 6.686058156383444917e+00 6.796755032769024041e+00 1.909009821778884008e+00 1.206507680211130529e+00 1.540373858671530150e-01 2.767295968439281051e+00 5.000000000000000000e+00 1.000000000000000000e+01 1.000000000000000000e+00 -1.971141551807036763e+02 3.000999999999997385e+02 2.941509698793988825e+00 -2.753946299545096399e-01 1.077579571794639148e-03
8.327651336692881712e-01 1.589868204727173717e+00 7.732456547880866893e+00 2.649913879414824258e+00 8.211734360007236777e-01 2.333450656322118899e+00 2.721269074656728071e-01 3.199780987291351408e+00 1.000000000000000000e+01 9.000000000000000000e+00 2.000000000000000000e+00 -1.416492639469947790e+02 1.698300000000051568e+02 2.235572555297943298e-02 -9.618315264362728989e-01 5.994144354196591529e+00
1.056181438206014622e+00 9.688415985451892531e-01 8.580068610090027192e+00 5.049054473633331597e+00 2.878004607465312059e+00 1.417203616557630053e+00 1.529721351857131206e-01 2.409906991723055558e+00 7.000000000000000000e+00 1.300000000000000000e+01 2.000000000000000000e+00 -5.648797705394389368e+02 3.901299999999891384e+02 2.311342315871527120e+01 -4.255122200293086007e-03 8.192949411774496163e-03
1.583702892940728191e+00 2.221799638660525211e+00 4.081482088545965503e+00 6.608401820270337623e+00 2.630719497818086783e+00 4.775607754214346579e-01 1.567076071580010277e-01 2.291034721107176431e+00 3.000000000000000000e+00 3.000000000000000000e+00 3.000000000000000000e+00 -4.087569293582117780e+01 8.097000000000230102e+01 2.441830848875153892e-02 -9.928390713724641881e-01 6.282102715505348378e+00
