1.055935919046671945e+00 9.986616152447879147e-01 5.640398003866362586e+00 5.479012449999611789e+00 2.432836065252055313e+00 3.017871777588070903e-01 6.469953686097446033e-02 3.712610988807668377e+00 5.000000000000000000e+00 1.100000000000000000e+01 2.000000000000000000e+00 -4.286389925830029028e+02 3.301100000000244563e+02 1.647399953643691717e+01 4.673994272982096715e-02 6.787613183271573765e-03
1.304210233532537178e+00 1.511429211445932008e+00 3.525583531759743483e+00 5.063217933802349080e+00 1.356862259034808282e+00 1.457632569125364430e+00 3.205794318504505691e-01 3.368910620882566320e+00 5.000000000000000000e+00 8.000000000000000000e+00 3.000000000000000000e+00 -2.276559481286919436e+03 3.991999999999950433e+01 1.603746758043246956e+01 -6.418550928480304840e+00 6.023662845154836631e+00
1.058165873624903108e+00 1.543227063266317867e+00 7.158661506405848307e+00 4.052485139128774172e+00 1.116847911065457888e+00 1.357007465438748950e+00 5.371464696215627610e-01 2.030349142640821114e+00 5.000000000000000000e+00 1.300000000000000000e+01 1.000000000000000000e+00 -4.745061159417124372e+02 3.901299999999891384e+02 1.746506974635736853e+01 -1.159384094342379851e-01 1.121064778525123450e-03
1.883450987370238749e+00 1.602386378918181808e+00 5.520041040009427746e+00 7.654008038140334591e+00 1.861396982289721835e+00 1.067057170168705271e+00 5.815171914896795080e-01 2.319022648860604718e+00 7.000000000000000000e+00 1.100000000000000000e+01 1.000000000000000000e+00 -3.154396915291933965e+02 3.301100000000244563e+02 9.399043220573823021e+00 -1.478433584106710219e+00 6.247661628365237974e+00
2.658580623814145394e+00 1.769148865236072288e+00 5.913565757177273952e+00 7.012409709952252435e+00 1.806854122930096063e+00 1.365056101128728105e+00 4.285690380223479701e-01 3.306522239535348628e+00 7.000000000000000000e+00 5.000000000000000000e+00 1.000000000000000000e+00 -2.324617253512589741e+03 1.760000000000011511e+01 1.973857834453685101e+01 -1.554450757894969559e+00 1.703814643827832043e-02
1.084216738166016381e+00 2.085241867451952391e+00 6.132248192377554474e+00 6.516680755280230386e+00 2.056489630394807033e+00 7.792013112707858458e-01 4.314693923881964821e-01 3.336239633611433941e+00 5.000000000000000000e+00 8.000000000000000000e+00 2.000000000000000000e+00 -3.945856065900853764e+02 2.400800000000151329e+02 1.715910041187986224e+01 -8.033820313498336863e-02 6.279887740168737409e+00
1.061735917105564031e+00 1.401888726954210629e+00 5.740286061386929539e+00 6.133902224939778769e+00 9.963643255797718368e-01 4.001539302018066735e-01 1.825125573060283890e-01 2.761901099205887000e+00 7.000000000000000000e+00 7.000000000000000000e+00 1.000000000000000000e+00 -2.024795238547704628e+02 1.272599999999940792e+02 2.067388320082334113e-02 -1.000905647434360946e+00 6.281990299572920655e+00
1.497448818348711796e+00 9.439183184739354804e-01 5.569058570259571184e+00 8.551711568301584521e+00 1.327100992936824486e+00 7.404229034159239831e-01 3.776452216781543414e-01 2.933265285532039357e+00 6.000000000000000000e+00 6.000000000000000000e+00 1.000000000000000000e+00 -1.622279110542054639e+02 1.185000000000029701e+02 2.323789915521556546e-02 -1.074545059288688487e+00 1.220543965426636596e-01
9.785057078523839991e-01 1.104162284772715497e+00 7.071355574679204281e+00 7.252780185318668416e+00 1.594454342629643584e+00 9.382305389651980354e-01 3.806476818008584506e-01 2.495944994824561558e+00 8.000000000000000000e+00 9.000000000000000000e+00 1.000000000000000000e+00 -2.278991635101388340e+02 2.264400000000073021e+02 2.356525417763650349e-02 -1.050964205125362483e+00 7.888417287665099031e-02
1.085972608625193514e+00 2.336428532551060311e+00 5.852104084758196656e+00 8.307797890564287968e+00 1.665318543957182928e+00 1.083281803710593572e+00 2.964572842392728114e-01 2.749618259529367670e+00 7.000000000000000000e+00 1.400000000000000000e+01 2.000000000000000000e+00 -4.186775248886482359e+02 4.201399999999720194e+02 1.303797030554138736e+01 -1.298113944889865534e+00 3.703381225331257853e-02
1.180626648086526842e+00 2.716817485682371469e+00 4.726636507337804716e+00 5.476259931693113536e+00 1.347903515536585495e+00 1.477935101562369402e+00 6.132600937821548470e-01 2.965700055669115098e+00 6.000000000000000000e+00 1.300000000000000000e+01 3.000000000000000000e+00 -2.351383075582260517e+03 6.643000000000046157e+01 1.988550472389126966e+01 -3.922139144186246540e+00 4.686771149770255107e+00
1.488390309254934873e+00 2.338985220260411335e+00 3.857691803693686694e+00 7.189177837415515526e+00 1.422628232216967659e+00 1.068334962289698709e+00 2.433344631573353123e-01 3.076187613614409955e+00 7.000000000000000000e+00 1.500000000000000000e+01 2.000000000000000000e+00 -2.698600531904549484e+02 4.501499999999774104e+02 2.799065824404139313e+00 -4.150427322130854219e-02 6.272856293273133765e+00
1.213162485157906811e+00 1.392643348062977626e+00 7.618365923313608512e+00 7.969864106084637356e+00 7.096376055004964822e-01 2.434763173517250912e-01 6.229789393050985113e-01 3.836074904071881342e+00 4.000000000000000000e+00 9.000000000000000000e+00 1.000000000000000000e+00 -1.822307326390080107e+02 2.700900000000045225e+02 2.949108289937859340e+00 -3.834562036472186075e-02 6.281887540518824586e+00
8.198942197888482442e-01 1.475964124698945890e+00 5.780158768647481793e+00 4.423148266931964834e+00 1.724897771330938356e+00 1.036409665971880667e+00 1.762000008031425202e-01 3.015826994058711907e+00 7.000000000000000000e+00 1.000000000000000000e+01 2.000000000000000000e+00 -2.858334848418980982e+02 3.000999999999997385e+02 8.486467802618637535e+00 -8.451829713136087621e-03 3.389426537794680848e-05
1.603675013362056756e+00 2.885636437281099198e+00 6.420215473548831042e+00 4.724700237160265992e+00 1.418385651376718570e+00 6.005277180342970533e-01 3.236474057391258707e-01 2.908062060738677790e+00 7.000000000000000000e+00 1.400000000000000000e+01 3.000000000000000000e+00 -2.526783666227452727e+02 4.201399999999720194e+02 2.663022913922453938e+00 -1.602795024225595610e-01 6.080235805898319690e+00
2.116800602040918911e+00 1.157229737761409805e+00 6.415012093674731020e+00 5.666445774508139799e+00 1.743425066355836828e+00 7.340618789685531276e-01 2.462013257593818061e-01 2.398546261644921351e+00 8.000000000000000000e+00 8.000000000000000000e+00 2.000000000000000000e+00 -9.643930077153373759e+01 1.922400000000076545e+02 1.995629822061908976e-02 -9.550981267953587706e-01 1.185078117152089799e-01
9.077198454589010534e-01 1.505912723317186730e+00 6.069434290023234091e+00 6.556753885834527118e+00 4.680233878097711520e-01 3.760771920876807561e-01 5.796777121296977642e-01 2.332066953032891021e+00 4.000000000000000000e+00 1.400000000000000000e+01 2.000000000000000000e+00 -2.053842069193333089e+02 4.101999999999729880e+02 1.776293245917535263e-02 -9.544335019995138225e-01 6.275877706524424227e+00
7.781040422933855893e-01 1.410123823492114070e+00 5.655903083932723341e+00 3.491024537568566899e+00 8.347034031245470498e-01 9.073538158090430628e-01 4.344288988680353736e-01 4.082980190571788626e+00 3.000000000000000000e+00 1.400000000000000000e+01 1.000000000000000000e+00 -3.507813618731481711e+02 4.201399999999720194e+02 8.794460117072635086e+00 -3.682865556172962296e-03 7.747071457505615155e-02
1.179622948935318716e+00 1.664464272113663101e+00 6.050017712523584557e+00 6.806113177423911864e+00 2.263375820888025913e+00 5.577615414226807511e-01 3.425933874194250772e-01 2.932254253077871464e+00 6.000000000000000000e+00 7.000000000000000000e+00 2.000000000000000000e+00 -1.531241595931502957e+02 2.100699999999860097e+02 3.005572474572331565e+00 -2.451718761923958601e-02 6.282875133429538295e+00
2.078515056096532199e+00 1.314807771952477999e+00 5.650285501001688360e+00 4.362492549791185503e+00 1.740232063343708502e+00 1.326075475226649925e+00 4.291296166082909647e-01 2.785576432950322090e+00 6.000000000000000000e+00 7.000000000000000000e+00 2.000000000000000000e+00 -1.021125488970712212e+02 1.556799999999913098e+02 2.003031603759647394e-02 -9.381281802744125820e-01 3.667948723373895548e-01
9.837321301161668918e-01 2.107852015449670269e+00 4.865732622773153437e+00 4.405506382713228142e+00 1.088608551927243040e+00 1.318591741586426558e+00 2.374216293231772856e-01 2.492299031585311742e+00 5.000000000000000000e+00 1.400000000000000000e+01 1.000000000000000000e+00 -2.682582872290196292e+02 4.201399999999720194e+02 3.636767951814602107e+00 -6.474975379989521551e-01 6.897264489849064262e-04
7.900994654963955366e-01 1.455567223518338560e+00 5.782112862645379714e+00 7.478491054818695360e+00 1.146037316345051238e+00 8.707608308330401226e-01 4.776124485335500047e-01 3.756183967593644368e+00 4.000000000000000000e+00 1.300000000000000000e+01 1.000000000000000000e+00 -2.213155339162705332e+03 2.141099999999952956e+02 6.631271197669237338e+00 -4.964180120585807821e+00 1.271878493543681987e+00
2.191225864105073917e+00 1.386921561674262282e+00 6.109004151805252469e+00 4.353822353673246326e+00 9.696029062382230945e-01 7.310723823973431790e-01 3.131892058436275272e-01 2.863715230858466132e+00 8.000000000000000000e+00 1.100000000000000000e+01 2.000000000000000000e+00 -2.179848656773089260e+03 1.137399999999994691e+02 7.686166048318102462e+00 -2.023176582302883553e+00 2.971597863123069394e-01
1.120114282806934369e+00 2.535131550207897266e+00 4.612638215649502271e+00 4.807538094196365464e+00 2.373506763152374965e+00 1.060377188499424639e+00 5.622067337992998626e-01 3.382405031188947753e+00 4.000000000000000000e+00 1.000000000000000000e+01 2.000000000000000000e+00 -4.350369388242802415e+02 3.000999999999997385e+02 1.781168367651752149e+01 -1.488569741134669888e-01 3.981990878543228973e-05
1.428389221555945499e+00 1.635254853800081953e+00 5.108627925888991506e+00 5.057856096203303231e+00 1.423530976575235085e+00 4.957160685109848197e-01 1.776142527934379545e-01 2.476373904645882362e+00 6.000000000000000000e+00 1.500000000000000000e+01 2.000000000000000000e+00 -3.656806625736975320e+02 4.501499999999774104e+02 8.787853910856801676e+00 -2.538157832326096847e-02 1.201659691954863303e-04
1.721434044016594722e+00 1.875327296175568925e+00 6.889581417376172467e+00 6.456222456946684396e+00 2.294810852455729577e+00 5.501784054987229888e-01 2.923016854820605359e-01 3.017228815383853124e+00 8.000000000000000000e+00 1.100000000000000000e+01 2.000000000000000000e+00 -2.833459332852338548e+02 3.301100000000244563e+02 7.393183330326353442e+00 -5.917350722046239679e-03 7.804623208712961635e-05
8.757102667511911243e-01 9.051442194792741480e-01 3.793662286487068158e+00 6.785160808671450106e+00 2.085084126487125822e+00 7.748916016746251190e-01 2.326186036148487346e-01 2.019297907258441604e+00 5.000000000000000000e+00 1.000000000000000000e+01 2.000000000000000000e+00 -4.243171019727798239e+02 3.000999999999997385e+02 1.714169387329874894e+01 -1.297037021062787954e-01 1.011773426703115319e-01
2.059894371211071551e+00 1.826640869114764421e+00 7.093560352302205274e+00 3.839826223792531579e+00 9.904129411471187527e-01 9.672572446880030039e-01 3.605779679494174328e-01 2.701059780022044166e+00 7.000000000000000000e+00 6.000000000000000000e+00 1.000000000000000000e+00 -2.151789606932323295e+03 5.736000000000066024e+01 7.694350433270190415e+00 -1.399238673958998147e+00 6.032372668238965119e+00
8.235227625438397148e-01 1.604107383863188518e+00 3.941137254186273253e+00 6.844862923928635823e+00 1.476614379186811155e+00 4.776059910775569683e-01 1.148729768582553989e-01 2.789992591749172579e+00 3.000000000000000000e+00 8.000000000000000000e+00 3.000000000000000000e+00 -7.433103180952756475e+02 2.188000000000118064e+02 1.091719407427626728e-02 -2.141756109867948510e+00 3.923379730941447541e+00
1.790800034073719127e+00 1.806129370748071450e+00 4.377729443460611769e+00 4.833559635147480549e+00 1.286712766530016872e+00 6.148050662588959714e-01 3.020851572151607711e-01 2.919657721323975164e+00 8.000000000000000000e+00 9.000000000000000000e+00 2.000000000000000000e+00 -2.237121836856074708e+02 1.822500000000056275e+02 2.247933586753743385e-02 -9.614003829828037251e-01 2.131278878746106081e-02
1.258311428429809364e+00 1.164901428994836952e+00 4.556868873255509378e+00 5.857044451603245605e+00 2.270153997405348179e+00 8.731992070413000517e-01 4.460983735315159349e-01 2.148557650954816989e+00 7.000000000000000000e+00 1.100000000000000000e+01 1.000000000000000000e+00 -4.454448501460666421e+02 3.301100000000244563e+02 1.752436563412840087e+01 3.681963785567596661e-05 6.281414127218313048e+00
9.667886543356998263e-01 2.087419760161730586e+00 4.386065475801698810e+00 6.523547309731965171e+00 1.776697216182830052e+00 6.455479406024794420e-01 3.545847206044756561e-01 2.863726478579138757e+00 6.000000000000000000e+00 7.000000000000000000e+00 2.000000000000000000e+00 -1.218579288792591058e+02 2.100699999999860097e+02 1.051433054954131308e+00 -4.184995939684876820e-01 6.279456906467342669e+00
1.608989990895255406e+00 1.890156836026571696e+00 5.252387135120813788e+00 2.627265487883009953e+00 1.738927410947309404e+00 1.404366314004342087e+00 4.577868236120338219e-01 2.537417413380477882e+00 4.000000000000000000e+00 8.000000000000000000e+00 1.000000000000000000e+00 -2.754528230861437805e+02 2.400800000000151329e+02 9.713301442883514270e+00 -1.332579130322116612e+00 1.490867877309331735e-01
9.353534807448313781e-01 2.172687890468137262e+00 5.135721505612178994e+00 4.449211028063662532e+00 1.846170434902986157e+00 1.179537968786391833e+00 4.598661097774328077e-01 3.066373922406479657e+00 4.000000000000000000e+00 1.900000000000000000e+01 2.000000000000000000e+00 -6.966527357719797919e+02 5.701900000000110822e+02 2.572235848574839068e+01 -4.467339031766943969e-02 6.279654907879200998e+00
9.426432529834901652e-01 1.690354682044880485e+00 4.655458267398604022e+00 3.627226919781480596e+00 1.776998636500033646e+00 1.052754556412068832e-01 1.446085934834173692e-01 3.033237122679561359e+00 9.000000000000000000e+00 3.000000000000000000e+00 1.000000000000000000e+00 -2.389097341219665850e+03 1.328999999999990855e+01 2.390327132622912742e+01 -2.203582288749835472e-01 6.282869077238133038e+00
1.752453579263380856e+00 2.515311164399369304e+00 5.932959228625780845e+00 6.417981870174543246e+00 2.396470951900192325e+00 9.751396137005394760e-01 3.591162402798869779e-01 3.159828648889625224e+00 8.000000000000000000e+00 1.200000000000000000e+01 2.000000000000000000e+00 -2.998139040897462451e+02 3.601200000000105774e+02 7.484619005608809772e+00 -8.949662429395830246e-03 6.282801572844463500e+00
1.086515733733769862e+00 2.776358723284645169e+00 5.336523991235699427e+00 5.524292305544229897e+00 1.821814553661718072e+00 1.047240646003083420e+00 7.572204245657793154e-01 3.887520923601522238e+00 6.000000000000000000e+00 4.000000000000000000e+00 1.000000000000000000e+00 -2.143057110321871733e+03 3.639999999999940172e+01 7.803569395117007090e+00 -2.119142523237426357e+00 8.405920889968356013e-02
1.592351530705714335e+00 1.509256275972545636e+00 3.285670817416824097e+00 5.633366313694501137e+00 2.757674529524283713e+00 7.471431748616195190e-01 1.980903932048938276e-01 3.953232983944673151e+00 7.000000000000000000e+00 1.100000000000000000e+01 1.000000000000000000e+00 -2.134786246540896570e+02 3.301100000000244563e+02 3.026476540879839305e+00 8.895288384361184353e-02 1.660583033807872672e-02
2.004904603329649593e+00 2.762871865736702404e+00 8.277930751751631178e+00 2.716658166590089962e+00 7.973814519744300000e-01 4.306469306853755175e-01 7.614538264139201207e-01 2.820306062519198687e+00 8.000000000000000000e+00 1.200000000000000000e+01 3.000000000000000000e+00 -2.811625805072888511e+02 2.859600000000077671e+02 2.102195305885933008e-02 -1.003528384005093921e+00 3.416940186322375752e-03
1.729267675408928895e+00 1.478247607829268562e+00 4.539132359940017736e+00 5.161650786330805651e+00 1.177538154301672968e+00 1.115994714655477171e+00 4.171961456698635162e-01 4.095629950449952261e+00 5.000000000000000000e+00 4.000000000000000000e+00 4.000000000000000000e+00 -2.321605703294227169e+03 1.275999999999990386e+01 1.970160645588919124e+01 -2.352773027971960751e+00 5.570805704692674887e+00
1.357465772730731990e+00 1.520389792836382092e+00 5.804487219241850404e+00 5.987757427461271931e+00 1.946226687632331087e+00 1.230783259870040114e+00 3.411377459100848886e-01 3.752225909656151437e+00 1.000000000000000000e+01 9.000000000000000000e+00 1.000000000000000000e+00 -2.285369321458512388e+02 1.818000000000056104e+02 2.423392170734436218e-02 -9.878389263838791567e-01 6.277903815852975633e+00
8.684342039464809648e-01 1.910818939878878298e-01 4.012428446899704682e+00 7.207428652828387072e+00 5.125136448606117945e-01 6.926550105450021144e-01 3.752657666661554647e-02 3.889226118594430126e+00 6.000000000000000000e+00 1.100000000000000000e+01 2.000000000000000000e+00 -1.722553734380274193e+02 1.699500000000045929e+02 1.895567907232966268e-02 -9.504185446680235572e-01 6.054473610558020802e+00
1.635433389817997574e+00 2.446749940684837199e+00 4.577129946777240832e+00 3.286861130870681436e+00 1.382927561362685465e+00 4.221640776642113790e-01 3.470071980110524534e-01 2.677686332514795708e+00 6.000000000000000000e+00 1.500000000000000000e+01 2.000000000000000000e+00 -3.674400774087963555e+02 4.501499999999774104e+02 8.897817338050479918e+00 -5.839910380138972901e-01 6.281128264175276144e+00
2.350522064463592020e+00 1.440877103196651854e+00 4.857188443223170893e+00 7.515250737416078408e+00 4.542616273348517586e-01 4.304940605187842495e-01 9.952403831861271755e-01 2.989190854075324033e+00 4.000000000000000000e+00 1.800000000000000000e+01 3.000000000000000000e+00 -2.172631389000734998e+03 1.692000000000038824e+02 5.501961812545808961e+00 -6.865688313554323408e+00 3.881216792930993975e+00
1.042185895534136986e+00 2.170862310445724308e+00 3.059426589831569121e+00 6.126101689781715542e+00 1.236518537704840881e+00 5.246700691497919733e-01 3.912788413426407375e-01 2.689224199420252592e+00 4.000000000000000000e+00 5.000000000000000000e+00 2.000000000000000000e+00 -5.121974977212546065e+01 1.017499999999963620e+02 2.154686075795490818e-02 -9.513816779978562233e-01 6.281093670044497479e+00
1.790959849950141569e+00 1.789390718356979715e+00 6.631699162071750919e+00 6.351526516023106694e+00 5.966223904055761862e-01 4.558533400183488737e-01 8.674227923587091160e-01 4.161783590374860786e+00 4.000000000000000000e+00 1.100000000000000000e+01 1.000000000000000000e+00 -2.249256482083243043e+02 3.301100000000244563e+02 3.741915513019504758e+00 -1.499028540543097809e-01 6.240847843525295507e-02
1.335052103635330223e+00 2.883270616643095696e+00 6.964372799124921798e+00 6.431152754713327369e+00 1.745913038168626086e+00 9.261756044684438249e-01 1.954388953717018096e-01 2.389655558589808493e+00 3.000000000000000000e+00 6.000000000000000000e+00 1.000000000000000000e+00 -1.778575014470700353e+02 1.800600000000052887e+02 5.489218840441712821e+00 -6.391901183573021061e-01 1.279669536112288883e-03
1.297624243631408270e+00 1.259203524195110280e+00 4.768120935240281355e+00 4.838340402104480020e+00 1.672941997455635210e+00 7.867942512427690271e-01 3.382451480628088092e-01 3.785384887534480214e+00 7.000000000000000000e+00 5.000000000000000000e+00 2.000000000000000000e+00 -4.488847089189606265e+01 8.924999999999707256e+01 1.646693074359555087e-02 -9.480466445268758147e-01 6.275933578095646226e+00
