6.974187498726469592e-01 2.139970079464752040e+00 4.874066155018293323e+00 5.551673830922002395e+00 1.648388454122393432e+00 5.011305453431874612e-01 1.600955779480684460e-01 2.497771682351004774e+00 5.000000000000000000e+00 9.000000000000000000e+00 2.000000000000000000e+00 -3.712385256811335807e+02 2.700900000000045225e+02 1.476209535507070747e+01 -1.708684256499205745e+00 3.658776095931653288e-02
1.346702282183269705e+00 2.274137574562053565e+00 4.955530961177349702e+00 6.430406343256381163e+00 8.225434798612827336e-01 8.821278643582387557e-01 2.794334098609830841e-01 2.987173098944532423e+00 6.000000000000000000e+00 9.000000000000000000e+00 3.000000000000000000e+00 -2.093648433028861746e+03 1.180800000000032099e+02 2.163027064303752578e+00 -2.141194263621527760e+00 5.719056713165198147e-01
6.958983398389508856e-01 1.373474908031393049e+00 4.040623593043394912e+00 4.755308873955323534e+00 1.912563113393778824e+00 1.520584557793919656e+00 2.821453861083765280e-01 2.936475260269804544e+00 7.000000000000000000e+00 1.100000000000000000e+01 2.000000000000000000e+00 -2.072560765849293603e+02 3.301100000000244563e+02 2.637567286557321644e+00 -5.267423660657961915e-02 6.170372631930989726e+00
1.211191759329092843e+00 2.078549017036202429e+00 6.350216029043230570e+00 4.941915141229720199e+00 1.827021961906270420e+00 7.913492104494529444e-01 3.070785046434851839e-01 3.393338875125539111e+00 6.000000000000000000e+00 1.400000000000000000e+01 1.000000000000000000e+00 -4.817570621154913511e+02 4.201399999999720194e+02 1.698044138221908383e+01 -9.920847576295202530e-02 3.153931538545489549e-02
1.539771869448492758e+00 1.574514706529574148e+00 3.021431079130258102e+00 8.238187211856359937e+00 1.182944711098825374e+00 2.896646995914073375e-01 2.168445809879188113e-01 2.917224281680864006e+00 4.000000000000000000e+00 1.200000000000000000e+01 2.000000000000000000e+00 -1.707232745929690054e+02 3.406800000000098407e+02 2.395466206025512884e-02 -9.494012431388372253e-01 6.279227492382227993e+00
4.834223058920937843e-01 2.370576148814762085e+00 6.229863167956803949e+00 5.147613894747716579e+00 9.743851144510763396e-01 1.355134792068840799e+00 1.114985960103989510e-01 2.276192463787237052e+00 4.000000000000000000e+00 1.200000000000000000e+01 1.000000000000000000e+00 -2.622593055255977674e+02 3.601200000000105774e+02 5.137456595349530808e+00 -7.348752824487290169e-01 6.262773348262125950e+00
5.976987647427902672e-01 1.081353852980993846e+00 2.952614339671785437e+00 9.146355980761381232e+00 1.764149104772906984e+00 4.996920209136408442e-01 3.228829387580886001e-01 2.159237740039809950e+00 5.000000000000000000e+00 9.000000000000000000e+00 2.000000000000000000e+00 -4.025653790788869628e+02 2.700900000000045225e+02 1.672002369243029563e+01 -6.776969873301927350e-02 6.261464623033349497e+00
1.245951111648201381e+00 1.318136247534192229e+00 4.814225242201939814e+00 2.488649092711006983e+00 2.811831536881626459e+00 3.683550260857820779e-01 3.047521425451433785e-01 2.674376512657769212e+00 7.000000000000000000e+00 1.400000000000000000e+01 1.000000000000000000e+00 -5.450584972324350019e+02 4.201399999999720194e+02 2.093678107702805846e+01 -1.021761092887333439e-02 6.282906094047051582e+00
1.531223533591318020e+00 2.544551087962610314e+00 7.182010232205194633e+00 6.074053611715469536e+00 2.167094837658580353e+00 8.278408241694273917e-01 1.094042703680742773e-02 2.623142876822929015e+00 8.000000000000000000e+00 1.200000000000000000e+01 1.000000000000000000e+00 -3.151855901792123973e+02 3.522000000000102773e+02 1.772795668287388202e-02 -1.005158383250527976e+00 4.421950738806508822e-04
1.187732816510556511e+00 1.019314954972407872e+00 3.285527735037272912e+00 6.347808335237121291e+00 1.682741502747325368e+00 8.265902812853301862e-01 2.859469032495557395e-01 3.245704830751473757e+00 7.000000000000000000e+00 1.300000000000000000e+01 1.000000000000000000e+00 -2.398260183188766348e+02 3.901299999999891384e+02 2.797563644930128657e+00 -3.775694311501523459e-02 4.445617665897830598e-03
1.409428026374793141e+00 1.936209371982354099e+00 3.120108291712318849e+00 8.133562945148696599e+00 1.541372430487720324e+00 3.383615520939450838e-01 2.049711721322969860e-01 3.012852052301625783e+00 6.000000000000000000e+00 6.000000000000000000e+00 3.000000000000000000e+00 -6.403875150915143877e+01 1.273800000000033066e+02 2.179696932186182823e-02 -9.897680142707337980e-01 6.281487506949519961e+00
8.438841387898075030e-01 2.168684543367246143e+00 2.559477523484845030e+00 8.129856376445239619e+00 2.027963360063975262e+00 6.044435378047732232e-01 1.158555573750485734e-01 2.698773775664897734e+00 3.000000000000000000e+00 1.100000000000000000e+01 2.000000000000000000e+00 -4.436704131166920320e+02 3.301100000000244563e+02 1.741346331979248774e+01 -1.037731943381054334e-03 6.269953874889838019e+00
1.219579127042530686e+00 1.463256110257938891e+00 5.622032624339861506e+00 8.099570551611822822e+00 2.709187973216914180e+00 1.032743249765260662e+00 1.671992434407877093e-01 3.340266924783138691e+00 7.000000000000000000e+00 1.300000000000000000e+01 2.000000000000000000e+00 -5.248931583730021657e+02 3.901299999999891384e+02 2.061425989831297301e+01 -5.972462461958758136e-04 5.753286419453590811e-06
7.105349837112735489e-01 2.896159995557519906e+00 4.609823858157717780e+00 6.998732729904096672e+00 1.949451288507716207e+00 5.372426646075173506e-01 6.107110070887876718e-01 2.075764697299236516e+00 5.000000000000000000e+00 1.000000000000000000e+01 1.000000000000000000e+00 -5.656801071258828415e+02 3.000999999999997385e+02 2.597688169536768399e+01 -3.409937300663250931e-02 6.282514908169169132e+00
9.206636443240697742e-01 2.376657275991115981e+00 1.571284806108818266e+00 7.274483750627436685e+00 2.716239829510671555e+00 1.065372630049150393e+00 1.428914386315332796e-01 2.436983862392443356e+00 6.000000000000000000e+00 1.000000000000000000e+01 1.000000000000000000e+00 -2.891677516378548489e+02 3.000999999999997385e+02 8.694859477365938005e+00 -3.549438067866242386e-01 6.244784129267843653e+00
1.291780412935216837e+00 1.869602363875036755e+00 3.514162192827821052e+00 9.675237548383963215e+00 1.034806495585254282e+00 1.334568966514676713e+00 2.865168109241832961e-01 2.773553606806574034e+00 1.100000000000000000e+01 1.700000000000000000e+01 1.000000000000000000e+00 -3.160397868171888831e+02 3.802900000000033174e+02 1.585814812551625264e-02 -1.043983164721002055e+00 6.871937457288553042e-02
1.120499781446340215e+00 1.447047023326571313e+00 5.803445354230742481e+00 5.376225677914317380e+00 2.322727859419619456e+00 8.260270831771174826e-01 1.592109325068386816e-01 2.889208946511123255e+00 4.000000000000000000e+00 1.000000000000000000e+01 2.000000000000000000e+00 -4.289516288280591425e+02 3.000999999999997385e+02 1.743135180175370635e+01 6.885035344621255604e-02 4.027573696361150951e-02
1.007258453768707707e+00 1.799450341506956041e+00 5.902100032894988857e+00 6.743782080013231095e+00 2.651334217316083652e+00 8.728007578099910013e-01 2.658264365440987653e-01 3.266780181315037890e+00 2.000000000000000000e+00 7.000000000000000000e+00 2.000000000000000000e+00 -3.936225270608791789e+02 2.100699999999860097e+02 1.803672044130538410e+01 3.274671436677872860e-02 8.767342094138768846e-03
1.394660050968289378e+00 2.612585552917940035e+00 6.771262722213322149e+00 7.431272666013843953e+00 1.441152518692171647e+00 1.369573509234748965e+00 8.242849277164003563e-02 2.659016640054066904e+00 5.000000000000000000e+00 1.800000000000000000e+01 1.000000000000000000e+00 -5.441128896862103375e+02 5.401800000000090449e+02 1.712643060538786344e+01 2.446980865013192452e-01 6.134274830193620964e+00
1.358315544042028256e+00 1.323115122149536749e+00 4.827650263161399558e+00 8.533696594563012994e+00 1.311853439868831517e+00 1.180384139589853998e+00 5.607063981549841314e-01 2.827402703188233168e+00 8.000000000000000000e+00 1.400000000000000000e+01 1.000000000000000000e+00 -2.530428205921811013e+02 4.201399999999720194e+02 2.685801287012192784e+00 -2.661129926846480531e-01 1.738577491197811353e-01
1.790697470348107334e+00 1.589345114653878621e+00 7.700189882362064253e+00 6.524072629495818454e+00 1.299921679139141695e+00 1.014360814028264501e+00 2.529304252196268865e-01 2.903781148696365833e+00 7.000000000000000000e+00 1.300000000000000000e+01 1.000000000000000000e+00 -2.084371942724221185e+02 3.901299999999891384e+02 8.357621420267216106e-01 -2.049017747042701787e-01 6.248816788004327272e+00
9.690013164117022848e-01 1.478703790917730299e+00 4.229690434959541001e+00 8.328765221569224053e+00 1.932523715952651377e+00 3.234117348838941863e-01 4.570665546300861082e-01 2.725358838738660250e+00 5.000000000000000000e+00 1.500000000000000000e+01 2.000000000000000000e+00 -6.049398405737453004e+02 4.501499999999774104e+02 2.374155253585978897e+01 8.488599308863540097e-03 6.281674175389708736e+00
1.162448935091198843e+00 2.006139427499273431e+00 6.683430951339749626e+00 3.658248254515483300e+00 1.166098226334615351e+00 1.178159032177049426e+00 1.103464240879508951e-01 2.824704648140927254e+00 9.000000000000000000e+00 1.000000000000000000e+01 3.000000000000000000e+00 -2.150872242035082763e+03 1.254999999999971436e+02 5.507640127192752644e+00 -2.819093761536301201e+00 1.112121300270310531e+00
2.196200245330968137e+00 2.581346705739138603e+00 6.978869680964004729e+00 9.477765145641079414e+00 1.409328984506450277e+00 7.746037313852676132e-01 3.352428783653456645e-01 3.351616904324016488e+00 5.000000000000000000e+00 1.000000000000000000e+01 3.000000000000000000e+00 -2.152573678079839283e+03 5.900000000000056843e+01 7.692104879989927646e+00 -1.424796310089500651e+01 2.995492092541991891e+00
1.151293481789714024e+00 2.012499105658738241e+00 4.105062938792112703e+00 5.446912934074200408e+00 2.519689310333967036e+00 1.429397414068838357e+00 4.437535086315094746e-02 3.028838016095715790e+00 4.000000000000000000e+00 1.100000000000000000e+01 1.000000000000000000e+00 -4.391842271067165484e+02 3.301100000000244563e+02 1.713307669416902002e+01 -2.140925318931171661e-01 2.252233936223040356e-01
6.947363226258838065e-01 1.996696441360256813e+00 3.566110655282374697e+00 6.652900989921605834e+00 1.722273127137077253e+00 1.966082161257581173e+00 5.951917122328216347e-01 3.133376324100558996e+00 2.000000000000000000e+00 4.000000000000000000e+00 2.000000000000000000e+00 -9.992163585347316257e+01 1.200400000000075664e+02 2.493852240841835766e+00 3.126034426537651484e-02 2.191135022617247963e-01
7.567865194950242902e-01 1.780932122695166431e+00 4.591822198296040547e+00 6.896330161971718553e+00 2.588208770109771351e+00 1.781407987947899008e+00 2.461341907291849651e-01 2.998938364650348909e+00 9.000000000000000000e+00 1.700000000000000000e+01 1.000000000000000000e+00 -5.405161454200962226e+02 5.101700000000154773e+02 1.783944658875553202e+01 -2.007002933835193986e-02 6.279229534968179927e+00
6.957470402072667426e-01 2.130705429218134217e+00 1.216673266220049010e+00 8.558030057739721030e+00 1.215818780871294358e+00 6.324561045040819618e-01 2.736595158011657092e-01 2.567136061529547320e+00 1.000000000000000000e+01 2.000000000000000000e+01 1.000000000000000000e+00 -3.125874549950530650e+02 3.685999999999876309e+02 1.777691574345510034e-02 -1.025770364194763973e+00 3.502146073392998354e-02
6.382604545852974542e-01 2.709200343800057809e+00 6.042819104537368702e+00 7.294993028016503622e+00 1.717312322425571525e+00 8.743602183963086194e-01 2.722952729018948692e-01 2.803916321425422797e+00 7.000000000000000000e+00 1.300000000000000000e+01 2.000000000000000000e+00 -4.671019273180130540e+02 3.901299999999891384e+02 1.700230795737615352e+01 -2.909641458088184085e-01 2.572659130063452079e-02
1.630599728390842218e+00 2.714381147837827246e+00 9.436515495274182541e+00 6.673637925554573691e+00 1.025164958137036564e+00 8.516274133880299413e-01 3.879854311882334761e-01 2.623612221418073709e+00 6.000000000000000000e+00 1.200000000000000000e+01 1.000000000000000000e+00 -1.995329679866578658e+02 3.601200000000105774e+02 1.217060499165786958e+00 -5.293935984992184096e-01 8.528539543690971669e-02
1.635822279370837240e+00 2.609284017477166984e+00 4.064349758221059261e+00 7.292840851854319517e+00 1.610527390030000561e+00 1.520450931961799368e+00 4.221615724211735809e-01 3.426736770520683706e+00 8.000000000000000000e+00 1.400000000000000000e+01 1.000000000000000000e+00 -2.680387320052849418e+02 4.201399999999720194e+02 3.623045750331181925e+00 -5.206830364246717302e-01 3.380614638829806395e-01
1.300479190242774363e+00 1.528066706001987463e+00 4.396231318158785761e+00 6.999132169078941423e+00 1.448946173905244494e+00 1.017924555755223670e+00 2.141288690235690351e-01 2.761069466723080179e+00 9.000000000000000000e+00 1.100000000000000000e+01 1.000000000000000000e+00 -2.583898300104559098e+02 2.399100000000132695e+02 2.143084985975409959e-02 -9.873721357277663868e-01 6.274995926153576598e+00
5.373941508927861932e-01 1.950891456904556120e+00 5.091827256311535876e+00 8.315638095842739830e+00 8.629778844299473839e-02 1.196323057581707650e+00 2.659715018336138992e-01 2.375817444927102784e+00 7.000000000000000000e+00 1.000000000000000000e+01 2.000000000000000000e+00 -2.175523777486389008e+03 9.959999999999861586e+01 7.857736092899345159e+00 -1.347700867136770730e+00 2.816257591086456791e-01
2.095027948739764945e+00 2.362782513956211083e+00 3.796895444011156862e+00 7.269692259275331025e+00 1.236795775534932140e+00 1.557371055817240002e+00 2.999909283165992924e-01 2.751253367013249296e+00 5.000000000000000000e+00 1.300000000000000000e+01 2.000000000000000000e+00 -2.884829992270866228e+02 3.558099999999903389e+02 2.073602692161798100e-02 -9.622242796359051775e-01 6.161876181495035354e+00
1.186484307667779348e+00 1.954441776602363401e+00 1.877949916145416731e+00 8.608145603711527372e+00 8.318959476987060064e-01 1.885560745905952906e+00 3.554605110427910830e-01 2.685122429948475276e+00 6.000000000000000000e+00 7.000000000000000000e+00 2.000000000000000000e+00 -1.895350448673585220e+02 1.108099999999956822e+02 2.332826011052065510e-02 -9.443408717203611857e-01 3.010022649764277497e-02
1.456865855078456118e+00 1.919237107697259193e+00 9.579190712216322012e+00 9.403689541041700295e+00 1.095505943668611204e+00 2.414061513601271636e-01 2.153848019572818795e-01 2.641505456001462804e+00 7.000000000000000000e+00 1.100000000000000000e+01 1.000000000000000000e+00 -2.834956525681770927e+02 2.900700000000194905e+02 1.883730799119450600e-02 -1.004253265215847124e+00 2.489787752859413950e-03
4.897577406239930209e-01 1.948598486653743578e+00 5.025255741540780363e+00 2.387281199807298915e+00 1.144489826481519978e+00 1.443945733597622905e+00 6.618414328549311609e-02 2.252979365041886339e+00 6.000000000000000000e+00 7.000000000000000000e+00 1.000000000000000000e+00 -2.183486282445072391e+02 1.638699999999905117e+02 1.829044121847595711e-02 -1.000460155021092756e+00 6.274466988020347635e+00
2.376074675205274156e-01 2.318965562633232391e+00 4.891143142030403013e+00 2.852388409267016200e+00 1.613696127540497072e+00 2.703893973248951088e+00 3.142934568090897107e-01 2.705810071838701703e+00 2.000000000000000000e+00 9.000000000000000000e+00 1.000000000000000000e+00 -4.361754890738737913e+02 2.700900000000045225e+02 1.882065556711696885e+01 1.727931965068509740e-02 6.283122998081193344e+00
1.600334167554907427e+00 2.418460638732586432e+00 4.129587820237259344e+00 9.699599526616951906e+00 2.566051412006647769e+00 1.204926136566543793e+00 5.222915773171671328e-02 2.976715152161999445e+00 7.000000000000000000e+00 1.100000000000000000e+01 1.000000000000000000e+00 -2.167300276617121710e+02 3.182300000000229829e+02 1.707605128189548446e-02 -1.174542086271398222e+00 2.658233450532590525e-01
1.634281049457225965e+00 2.865559943555435751e+00 5.350695083116080220e+00 8.450772628567717604e+00 1.201577588658509832e+00 5.978137268452093922e-01 1.432662446469854245e-01 2.788583248804416215e+00 8.000000000000000000e+00 1.200000000000000000e+01 3.000000000000000000e+00 -2.622763095826566655e+02 2.512800000000064813e+02 1.961711862044480253e-02 -9.968818127625332925e-01 8.198120878760454741e-03
5.555596866674578083e-01 1.742584274258291765e+00 5.696706890301196147e+00 9.238895854195558144e+00 8.847601967183740257e-01 7.802008084656347764e-01 1.552412593329314250e-01 2.489165925985956651e+00 6.000000000000000000e+00 1.500000000000000000e+01 1.000000000000000000e+00 -3.633276698712098778e+02 4.501499999999774104e+02 8.640791866951325062e+00 4.389462755460989823e-02 6.266017298581307848e+00
1.337727842833337455e+00 1.275990777850689595e+00 3.518269716978934980e+00 7.262921337806037769e+00 1.552971038891738376e+00 6.957202995010294266e-01 4.138442804731405356e-01 2.444124676508708127e+00 4.000000000000000000e+00 9.000000000000000000e+00 2.000000000000000000e+00 -2.781809059504045081e+02 2.700900000000045225e+02 8.945994121900142204e+00 -5.845897290397092383e-02 7.441174309110472731e-04
1.803191340450109870e+00 2.129778301659569717e+00 7.509280249773672367e+00 7.571406951595009538e+00 2.546981033349218659e+00 1.335371631824488592e+00 1.429094408983737630e-01 2.784272271454290681e+00 6.000000000000000000e+00 9.000000000000000000e+00 3.000000000000000000e+00 -2.344063016437513397e+03 5.733000000000091489e+01 1.971237602734456118e+01 -4.569189539767122277e+00 4.254583071639456371e+00
2.138116801403059153e+00 2.337527386223955617e+00 4.861721297460586122e+00 6.073960679255374195e+00 1.329429282092855935e+00 3.664848720043418218e-01 7.330426566072745231e-02 3.381425843733448566e+00 5.000000000000000000e+00 9.000000000000000000e+00 2.000000000000000000e+00 -1.371811458118607163e+02 2.700900000000045225e+02 1.335091132411538872e-01 -8.749188464695000222e-01 6.281091328874655488e+00
2.414814810334958928e+00 1.648125348651948707e+00 7.220336934736499401e+00 6.248409197432366113e+00 1.195246360187194767e+00 7.760766447125329037e-01 5.059349905114307600e-01 2.042972424226667805e+00 5.000000000000000000e+00 1.500000000000000000e+01 2.000000000000000000e+00 -4.926826385661098584e+02 4.501499999999774104e+02 1.672547741038257385e+01 -3.807055776553313481e-02 6.221267671145505496e+00
1.663636574877416674e+00 2.187984572163708119e+00 5.018653484550091193e+00 3.295999775898693862e+00 4.957544683355351589e-01 8.535573778439410342e-01 8.259993203206011936e-02 2.888237025935883828e+00 3.000000000000000000e+00 1.500000000000000000e+01 1.000000000000000000e+00 -3.112076960168556070e+02 3.358499999999947363e+02 2.013932232437762315e-02 -6.614978803431674770e-01 3.831308346697461648e-02
2.261391088052747911e+00 1.209855564017050744e+00 2.304803250784539070e+00 3.742127240782005870e+00 2.313073428096707129e+00 2.970060919275029354e-01 3.094440496857415179e-01 3.234806178560062584e+00 3.000000000000000000e+00 1.300000000000000000e+01 2.000000000000000000e+00 -4.737250799406622264e+02 3.901299999999891384e+02 1.741625499629173035e+01 1.490426394440265145e-01 3.936575044009951382e-03
1.108788112437514295e+00 1.584173745717404103e+00 1.701172086158516006e+00 8.851425247076099012e+00 1.350018630257741048e+00 7.044472999150913628e-01 1.992118607292105992e-01 2.715552796341354380e+00 6.000000000000000000e+00 5.000000000000000000e+00 2.000000000000000000e+00 -3.965590207766183539e+01 7.874999999999766942e+01 1.755637985393757039e-02 -9.550349284914183556e-01 6.007965939160574869e-05
