5.834352721842610556e-01 1.420326044402274057e+00 4.620932233495824271e+00 6.151607634656269141e+00 1.077694926120346564e+00 5.051453620710621983e-02 9.653667750366420885e-02 2.926359170162933232e+00 7.000000000000000000e+00 1.000000000000000000e+01 3.000000000000000000e+00 -2.538483223357052907e+02 3.000999999999997385e+02 6.487395145981588840e+00 3.921867074886025220e-03 6.282003964894949277e+00
2.078846181468779974e+00 1.423025098204026673e+00 3.564893480124403879e+00 5.002853453520764049e+00 1.904492876536278967e+00 9.698985348827127151e-01 1.695492622556528106e-01 2.682494027473474318e+00 0.000000000000000000e+00 1.200000000000000000e+01 2.000000000000000000e+00 -2.134107752691675614e+03 1.923600000000042485e+02 2.370484543229585572e+00 -2.265108923836292587e-01 5.762354963411568498e+00
1.417106254640957852e+00 1.624011438519642692e+00 4.317963499900366209e+00 3.031824208835213419e+00 1.362600237292439953e+00 1.110398350152656866e+00 2.119729952044259735e-01 2.159993632359219262e+00 6.000000000000000000e+00 8.000000000000000000e+00 2.000000000000000000e+00 -2.118099181196997733e+02 2.046400000000095929e+02 1.884990862045766991e-02 -9.566477099690424701e-01 6.189653869766217120e+00
1.924403181367928761e+00 7.231231215728164408e-01 4.276774612457468372e+00 5.179880561511416737e+00 1.007514165240862791e+00 1.887514418173634967e+00 1.633546826156276333e-01 3.049260107106932960e+00 1.000000000000000000e+01 9.000000000000000000e+00 2.000000000000000000e+00 -2.347250827788142942e+03 3.339000000000000767e+01 2.065973923675892721e+01 -2.440668661454783894e+00 5.713836930242661261e+00
1.505824453393407092e+00 1.138184728688527381e+00 2.665333379110388368e+00 2.742697069970015722e+00 2.195374488256804479e+00 4.176873143184187676e-01 1.436041757743101999e-01 3.521016333928570052e+00 9.000000000000000000e+00 7.000000000000000000e+00 1.000000000000000000e+00 -6.206118117216995955e+01 1.233399999999944612e+02 2.444882326079546309e-02 -9.767845005525782609e-01 6.256086884962592798e+00
1.194695688332628514e+00 3.693780792325357387e-01 6.355803960790114004e+00 7.573790570935868161e+00 1.715339696120428803e+00 7.768761222360288654e-01 2.161561588083643626e-01 3.390485564137646790e+00 5.000000000000000000e+00 1.000000000000000000e+01 3.000000000000000000e+00 -2.357244340410909444e+03 5.100000000000045475e+01 2.073402127568181541e+01 -4.064741374294896126e+00 1.199987329882894249e+00
1.729835214525895504e+00 1.085405414161239479e+00 4.977536253745103778e+00 9.158635444643220325e+00 2.646014239586405470e+00 1.958678482459793813e+00 4.924419692197787302e-02 3.012730442169758049e+00 4.000000000000000000e+00 9.000000000000000000e+00 2.000000000000000000e+00 -2.219768220679831302e+03 1.947600000000061016e+02 7.649263792489262137e+00 -3.050859092457884447e+00 8.151196940667684299e-01
1.559414858523656910e+00 1.781527664103038422e+00 5.221970967504853789e+00 4.371515317395797240e+00 2.083835443818299105e+00 7.115868094441742953e-01 1.075554571374589402e-01 2.565176704523620010e+00 7.000000000000000000e+00 1.000000000000000000e+01 1.000000000000000000e+00 -2.785420876810014761e+02 2.795999999999950774e+02 2.197691634003322986e-02 -1.001391122398349154e+00 6.281570757489943091e+00
2.566446719284748212e+00 1.876592445073157478e+00 8.192719481291614869e+00 5.903192616674632021e+00 2.701986185503954641e+00 8.183208854872752180e-01 3.844559736814283646e-01 2.409345937672586313e+00 6.000000000000000000e+00 1.100000000000000000e+01 2.000000000000000000e+00 -4.349694938539349778e+02 3.301100000000244563e+02 1.686965586587017185e+01 -9.019681131687606879e-03 6.273035179706662134e+00
1.899233936562708003e+00 1.970215347083012158e+00 6.857801564973760478e+00 9.608328352605727929e+00 2.099160563914293398e+00 1.424943009719125575e+00 2.352345700792208283e-01 2.825179912488219536e+00 7.000000000000000000e+00 8.000000000000000000e+00 2.000000000000000000e+00 -1.130533263662198351e+02 2.253600000000128318e+02 2.333289788833861622e-02 -9.500807127332496771e-01 6.279676138260534835e+00
9.334812203588231938e-01 2.139538276835045494e+00 4.948127292573274438e+00 7.108373529287248971e+00 2.215216090439081853e+00 1.217775065426528469e+00 3.232930928617532285e-01 3.638453610319138498e+00 7.000000000000000000e+00 1.000000000000000000e+01 2.000000000000000000e+00 -2.233874396163118035e+03 2.221999999999916611e+02 7.673399760195140473e+00 -2.644204274031471513e+00 5.002823488679621455e+00
1.614806491452134507e+00 1.372621712253973669e+00 4.930600996856013829e+00 6.691570692363013606e+00 2.127136197809737617e+00 8.181432029648695314e-01 2.344742741420061671e-01 3.374559213295021731e+00 7.000000000000000000e+00 1.200000000000000000e+01 2.000000000000000000e+00 -2.451019681278420137e+02 3.601200000000105774e+02 4.065123007989795312e+00 1.357042322224357410e-02 6.281537792160817979e+00
6.405277332408626512e-01 1.195536187763087232e+00 5.005795909066161897e+00 5.721454526024818854e+00 1.491680956545768266e+00 7.404947266280975660e-01 2.934300896409878234e-01 2.879228927416568773e+00 6.000000000000000000e+00 1.100000000000000000e+01 1.000000000000000000e+00 -2.190667270342804898e+02 3.301100000000244563e+02 3.375732939641765906e+00 -2.362824228683813310e-01 6.277022850491321471e+00
1.696554343311589053e+00 1.989120873165187264e+00 3.789548637110054408e+00 5.014089010316517658e+00 6.135620960901704279e-01 6.930787819206136735e-01 1.329537345859493624e-01 2.537738144960479225e+00 7.000000000000000000e+00 1.500000000000000000e+01 3.000000000000000000e+00 -5.389802913501598596e+02 2.557500000000068212e+02 8.550540280188246439e-03 -1.750144896962573693e+00 4.583965694326249896e+00
1.467792861765084833e+00 1.628728559301066081e+00 5.033116482451823082e+00 8.151338748919579658e+00 2.425424036558448293e+00 8.842092416302550495e-01 2.162162803676275502e-01 3.967872013285474786e+00 8.000000000000000000e+00 5.000000000000000000e+00 3.000000000000000000e+00 -2.384260358658996211e+03 1.180000000000003268e+01 2.364752241618726103e+01 -3.705091791893429409e+00 1.278752375335926228e+00
1.586540383032606805e+00 1.965008344134221430e+00 3.963058247570888426e+00 8.045098275710454772e+00 1.742823329062466176e+00 7.623716717465989223e-01 4.548186409511734141e-02 2.519555769723441419e+00 3.000000000000000000e+00 4.000000000000000000e+00 2.000000000000000000e+00 -4.365958638938257508e+01 8.660000000000233911e+01 2.247414933633764406e-02 -9.547078590546606014e-01 6.281149752291591781e+00
2.092344769804194371e+00 1.395922039199874565e+00 2.991260837712096610e+00 5.004323106854237757e+00 1.484189539344035413e+00 1.412260894955539303e-01 3.281353843850430829e-01 3.977079477603911339e+00 1.000000000000000000e+01 4.000000000000000000e+00 2.000000000000000000e+00 -2.385348543340700871e+03 7.280000000000005578e+00 2.385678395879381597e+01 -2.477864532064177006e+00 2.559414517529513822e-02
1.298209191105287763e+00 1.623852586375494900e+00 4.167916302216168489e+00 6.694695648986733971e+00 2.047394668147962005e+00 1.265050878492224751e+00 3.347415110700816543e-01 2.641988960529551456e+00 8.000000000000000000e+00 1.000000000000000000e+01 2.000000000000000000e+00 -2.768295978552711745e+02 2.983999999999993520e+02 1.786225636629047014e-02 -9.450744538786344240e-01 6.246552249005548951e+00
1.050444884566696935e+00 1.851044747627237363e+00 3.985614206738102627e+00 4.606937331055345197e+00 1.781491537647894363e+00 1.592569854152086517e+00 1.636647293134358694e-01 3.048554879344572921e+00 4.000000000000000000e+00 8.000000000000000000e+00 2.000000000000000000e+00 -2.045641081256803204e+02 2.351200000000143575e+02 2.344222659333682068e-02 -9.493212445740883965e-01 6.079630674626297804e+00
1.893062161039570368e+00 2.350479311142548600e+00 3.148107443360364854e+00 5.902173403615861957e+00 1.621515007676385345e+00 1.182773099064635236e+00 2.205509666890096421e-01 3.533943129020774343e+00 9.000000000000000000e+00 1.000000000000000000e+01 2.000000000000000000e+00 -9.859100646931311474e+01 1.965999999999931163e+02 1.818790433228507225e-02 -9.495519465010383575e-01 6.976956815689776444e-03
1.006313210586536222e+00 2.526879447418916236e+00 5.695095914204708620e+00 8.419718266347706148e+00 2.083017422915184547e+00 1.283584132086738716e+00 4.677024168028831586e-02 2.368167096797156201e+00 8.000000000000000000e+00 8.000000000000000000e+00 2.000000000000000000e+00 -2.552419664925587881e+02 2.400800000000151329e+02 8.450122905784452243e+00 3.882329878944071940e-03 6.282187721546890202e+00
2.159001291506118303e+00 1.900458715626520023e+00 4.828251957262066796e+00 2.935057331086140753e+00 1.825581855158465494e+00 9.201417700717943182e-01 8.835972644158575362e-02 3.059110397866590780e+00 4.000000000000000000e+00 1.000000000000000000e+01 2.000000000000000000e+00 -2.706991947467645900e+02 3.000999999999997385e+02 7.540574671672795937e+00 -1.802790621927502154e-02 4.697321218708867818e-02
1.441100647707286075e+00 1.549275583156195513e+00 4.509644827339316819e+00 3.935830934624682698e+00 1.849452411363138093e+00 1.004165505407734749e+00 2.647697159424681201e-01 2.390223156763192858e+00 9.000000000000000000e+00 7.000000000000000000e+00 1.000000000000000000e+00 -2.126508102384104291e+02 1.481899999999920396e+02 2.124516804542491907e-02 -1.001643633083840523e+00 6.281013700466010263e+00
1.385940697547680456e+00 1.493549395897090459e+00 4.393829977395864894e+00 6.061197411482135422e+00 2.576068804266808066e+00 1.331303520230683990e+00 1.093836137667097141e-01 2.547634434580414720e+00 9.000000000000000000e+00 1.000000000000000000e+01 2.000000000000000000e+00 -1.843138306466622680e+02 3.000999999999997385e+02 2.141489415416400810e+00 -3.254911116190664089e-01 6.156017300109350998e+00
1.959961637532883216e+00 1.107637116984065084e+00 6.482121766778257133e+00 7.917451750324446813e+00 1.942894776158529568e+00 9.154559092433166567e-01 9.474858822090875821e-02 3.827676607079758764e+00 5.000000000000000000e+00 1.200000000000000000e+01 1.000000000000000000e+00 -2.323454702714741416e+03 1.500000000000026432e+02 1.552841891967124965e+01 -3.457180814805380198e+00 5.008493634776559844e+00
2.277365842920326511e+00 1.778822730970319954e+00 5.707070434470786324e+00 5.257992907127533755e+00 2.134911897053792806e+00 3.292974664794772188e-01 1.994941481316088172e-01 2.958175780406613331e+00 7.000000000000000000e+00 6.000000000000000000e+00 2.000000000000000000e+00 -6.861154681748790551e+01 1.366200000000036425e+02 1.884667609288011303e-02 -9.529517753450148509e-01 3.635376394752798390e-02
3.683510706471375684e-01 1.643176875414105176e+00 5.142444497953295723e+00 4.851709071517827709e+00 2.007089456432146424e+00 1.110947455487004909e+00 1.144619685511822776e-01 2.467948662858014064e+00 1.000000000000000000e+00 1.100000000000000000e+01 3.000000000000000000e+00 -2.281639179173691900e+03 2.345200000000126010e+02 1.027369869835534821e+01 -1.878867301934756284e+01 4.557388651369643995e+00
2.039859243601733763e+00 1.348884206199666425e+00 5.170930030589385495e+00 7.025695111726400377e+00 2.306232430743261119e+00 1.183443966717563356e+00 1.563108077150698605e-01 2.945110832978777182e+00 3.000000000000000000e+00 1.300000000000000000e+01 3.000000000000000000e+00 -2.347798453759690801e+03 6.123000000000049425e+01 1.982396585998065675e+01 -8.176973851207485211e+00 4.884631539247686893e-01
1.599105659269222990e+00 1.908300822696503918e+00 4.195917776730924587e+00 5.248186270162769063e+00 2.358422742036807129e+00 2.109845181014194271e+00 3.239650956021858375e-01 2.366914764565047236e+00 6.000000000000000000e+00 9.000000000000000000e+00 2.000000000000000000e+00 -1.682539424760166753e+02 2.700900000000045225e+02 2.075558904750901767e+00 -3.252026804256153425e-01 2.157133164824651950e-01
1.648938577453982424e+00 1.099978252803360368e+00 3.249374760642997018e+00 5.182517525021177462e+00 1.423283730816920389e+00 1.101941833308115681e+00 2.339746619227484892e-01 2.750854830063333534e+00 5.000000000000000000e+00 1.200000000000000000e+01 2.000000000000000000e+00 -2.903758511231841339e+02 3.300000000000094360e+02 1.748966980355051715e-02 -9.674083699548291504e-01 6.204753447973804015e+00
1.319914192055173130e+00 1.355592990683604837e+00 4.088738513551454901e+00 6.535726891257568560e+00 2.190548795375239166e+00 1.116871541084409003e+00 1.682975899416614407e-01 3.725435042741701341e+00 6.000000000000000000e+00 1.000000000000000000e+01 3.000000000000000000e+00 -2.347793992787303068e+03 3.760000000000026432e+01 2.056212454920644106e+01 -3.647043815233129926e+00 3.258026129345545474e+00
2.240092788662916501e+00 2.185704743587084664e+00 2.274643893883867118e+00 4.864821963843710684e+00 1.909304875480964947e+00 7.718284938761530434e-01 4.266391078435436413e-01 2.442222305380099989e+00 1.000000000000000000e+01 1.000000000000000000e+01 3.000000000000000000e+00 -2.585119966306803008e+02 2.475999999999902172e+02 2.075546744224273515e-02 -9.977400787306126562e-01 1.511666891373292590e-02
2.280007928702142639e+00 1.322441345371983656e+00 6.147298617747861016e+00 6.507733934371789708e+00 2.152483533819497641e+00 1.264667939281931996e+00 2.053779860323959039e-01 3.472962816062603153e+00 7.000000000000000000e+00 1.000000000000000000e+01 1.000000000000000000e+00 -2.085130747532710984e+02 3.000999999999997385e+02 3.653942172079450934e+00 -1.630389103439638596e-02 3.005208755001968421e-02
9.834502594622733795e-01 1.470653711502956762e+00 2.500683868993337278e+00 5.080783240973276271e+00 1.527427780120737433e+00 4.943644144891966019e-01 2.626139276287658975e-01 3.201029529282414465e+00 4.000000000000000000e+00 1.700000000000000000e+01 3.000000000000000000e+00 -2.319252825994529758e+03 1.242700000000010760e+02 1.606986412465807490e+01 -6.225989448005107896e+00 2.438845403956497737e+00
1.544441048802284833e+00 1.957708788024487223e+00 3.505553472252339375e+00 7.020956806140898010e+00 1.517752378632712285e+00 8.040484104975722524e-01 1.977074567900334867e-01 3.078865101475459554e+00 8.000000000000000000e+00 1.900000000000000000e+01 2.000000000000000000e+00 -3.329539749456873778e+02 5.701900000000110822e+02 2.991185934105115685e+00 -2.067137009124226169e-02 9.199937520397225357e-03
2.246693914410770709e+00 8.984600172958696618e-01 4.801966056289174389e+00 8.094361370786801402e+00 2.268482254451664737e+00 5.513603842521431764e-01 5.916081638060425307e-01 3.335086190706836096e+00 6.000000000000000000e+00 1.000000000000000000e+01 1.000000000000000000e+00 -2.128389532238938102e+02 3.000999999999997385e+02 3.924309576493371310e+00 -2.299785126022367565e-01 6.277782928977316601e+00
1.320545327711779571e+00 8.280367328680826589e-01 1.149211612427743168e+00 3.263652258662360417e+00 2.290791673416931573e+00 7.671206593575524701e-01 1.373919835962237324e-01 2.833464121889297527e+00 7.000000000000000000e+00 1.000000000000000000e+01 2.000000000000000000e+00 -1.860816750827200963e+02 1.602999999999951797e+02 1.683747386077176500e-02 -9.677054467551555739e-01 6.175028537272008400e+00
1.273972238374216692e+00 2.362019862287391803e+00 5.125879922703003189e+00 2.963756022386403011e+00 1.807076233209791827e+00 1.224038402246114376e+00 3.171677145268881892e-01 2.052907856828275701e+00 8.000000000000000000e+00 8.000000000000000000e+00 1.000000000000000000e+00 -2.431343566786621295e+02 2.087200000000102307e+02 1.870043219111945654e-02 -1.004938183515414085e+00 6.281725460540750205e+00
1.658407774336559282e+00 1.598346594322688219e+00 5.374182893489146018e+00 5.737646731292344704e+00 1.739540551108765598e+00 1.266457161018594846e+00 2.454242006496921980e-01 3.423949904338986272e+00 6.000000000000000000e+00 7.000000000000000000e+00 1.000000000000000000e+00 -2.086725033668648734e+02 1.854299999999884108e+02 1.784444656025233750e-02 -9.265723971483547095e-01 6.178411498157708515e+00
1.312465657668337782e+00 2.054318308489726075e+00 2.829539135082169921e+00 6.748910892534066619e+00 2.178535578493550062e+00 7.933147748169726565e-01 1.136115042468811009e-01 2.874152029870765457e+00 9.000000000000000000e+00 8.000000000000000000e+00 1.000000000000000000e+00 -2.356658549986891558e+02 1.921600000000076420e+02 1.738449207303991231e-02 -1.002774129302261619e+00 6.282707873677975563e+00
1.596767680756122632e+00 1.962490587525002494e+00 7.769564945533066869e+00 6.858621315303600419e+00 2.597575666540221651e+00 2.292236408877878606e+00 1.473751950962086110e-01 3.124929106154792802e+00 8.000000000000000000e+00 1.300000000000000000e+01 2.000000000000000000e+00 -2.560616563983433593e+02 3.901299999999891384e+02 3.812291024896799829e+00 -3.560009137217945430e-02 1.841475133982291013e-01
1.831888489761124728e+00 2.666886974854171033e+00 7.045002610805822130e+00 5.814774614536162289e+00 1.338142990746759908e+00 9.506929703519266806e-01 1.274690956937746256e-01 3.046765241910999400e+00 9.000000000000000000e+00 1.000000000000000000e+01 2.000000000000000000e+00 -2.171360021295370188e+03 9.459999999999890008e+01 7.753751330960658272e+00 -1.990908324631211368e+00 1.606332657767849392e-01
1.653467554767408698e+00 1.614323921932137695e+00 7.591173483587258630e+00 8.280593801093303341e+00 2.137667783205771777e+00 1.596467581488448362e+00 3.663073819320232793e-01 3.055607975649413444e+00 7.000000000000000000e+00 9.000000000000000000e+00 3.000000000000000000e+00 -2.334855648108019523e+03 3.762000000000016797e+01 1.975285300675121647e+01 -7.580346541405894811e+00 3.560206652296257879e+00
1.707698703211135705e+00 1.928823389743213879e+00 6.234079821950997413e+00 6.857694001266542827e+00 1.900222517288268076e+00 4.595342538498465856e-01 4.641159117722419292e-01 2.578646361726843139e+00 4.000000000000000000e+00 1.100000000000000000e+01 2.000000000000000000e+00 -4.531884459659886488e+02 3.301100000000244563e+02 1.800834037287352629e+01 2.651610152964246070e-01 6.281855873596922102e+00
9.174755923450367279e-01 2.548391449767644534e+00 2.917063187886143716e+00 4.508728405291946295e+00 1.968444116494072471e+00 1.583291766289551816e+00 3.716231094711117122e-02 2.346753653342428692e+00 3.000000000000000000e+00 1.100000000000000000e+01 1.000000000000000000e+00 -4.444760870907896901e+02 3.301100000000244563e+02 1.746381794317359137e+01 6.652553990975709763e-03 6.131309617026514225e+00
1.829421223288112852e+00 1.903609136837741689e+00 5.893624888636961323e+00 1.858078553114986819e+00 1.040225578602728795e+00 1.421485853182419490e+00 1.782633786002051079e-01 3.050939240808794750e+00 3.000000000000000000e+00 8.000000000000000000e+00 3.000000000000000000e+00 -2.139721789940530925e+03 1.052799999999981111e+02 5.442611871283260072e+00 -5.774455783593656077e-01 1.265770352860267484e-02
8.988533482647904638e-01 2.391064846579343595e+00 2.965258257900852179e+00 5.859814356863792817e+00 1.984908319411697430e+00 1.264783229683056121e+00 5.448793101572979580e-03 2.535915213826507308e+00 3.000000000000000000e+00 1.300000000000000000e+01 1.000000000000000000e+00 -4.770509892357821400e+02 3.901299999999891384e+02 1.762412432723672140e+01 -1.155112676600817817e-01 1.036575355283353150e-01
1.297624243631408270e+00 1.259203524195110280e+00 4.768120935240281355e+00 4.838340402104480020e+00 1.672941997455635210e+00 7.867942512427690271e-01 3.382451480628088092e-01 3.785384887534480214e+00 7.000000000000000000e+00 5.000000000000000000e+00 2.000000000000000000e+00 -4.488847089189606265e+01 8.924999999999707256e+01 1.646693074359555087e-02 -9.480466445268758147e-01 6.275933578095646226e+00
