1.414758053776970836e+00 2.413116407988067813e+00 3.699171796151558667e+00 4.821166881940132320e+00 1.484402803829508288e+00 1.014751562457678613e+00 7.195478695066451769e-01 3.092668667902305213e+00 4.000000000000000000e+00 1.100000000000000000e+01 1.000000000000000000e+00 -4.387013475492054226e+02 3.301100000000244563e+02 1.710289672182457466e+01 -3.961130511306357183e-02 6.259716375369869468e+00
1.254767033076334970e+00 1.630114458507900821e+00 5.960195936283904317e+00 9.646276621822295283e+00 1.882728262484527182e+00 6.960614098625661494e-02 5.445146416903859921e-01 2.772064941370461444e+00 3.000000000000000000e+00 5.000000000000000000e+00 2.000000000000000000e+00 -3.388625809702112406e+02 1.500499999999998693e+02 1.648984881063820751e+01 8.066011784225461667e-02 3.091032775777236355e-03
1.594660830807209440e+00 2.900559130311266554e+00 6.582467869913305236e+00 5.565912760909230705e+00 2.705818998061008784e+00 1.523114118234105696e+00 5.115150958616937471e-01 2.268943236662974705e+00 1.000000000000000000e+01 1.200000000000000000e+01 3.000000000000000000e+00 -2.383412881141724483e+03 1.110000000000011795e+02 2.049455507135774468e+01 -9.743010421399680432e-01 1.698622928627781858e+00
2.010166368867757125e+00 1.952521541887713319e+00 2.184887778833687566e+00 8.358177756434677974e+00 1.547459242052539485e+00 1.111578235290877403e+00 6.452613205172708088e-01 3.791959268806040839e+00 4.000000000000000000e+00 8.000000000000000000e+00 1.000000000000000000e+00 -1.488905284210761408e+02 2.400800000000151329e+02 1.803158026316785678e+00 -3.462619254925790313e-02 3.772445001512037682e-02
1.518856189809540735e+00 9.159498307633164860e-01 5.584204412472878687e+00 8.743094988079491259e+00 1.108558494290343033e+00 8.374946184357131562e-01 4.874187970378649482e-01 2.719677350977168118e+00 3.000000000000000000e+00 9.000000000000000000e+00 1.000000000000000000e+00 -1.750257855171214487e+02 2.700900000000045225e+02 2.498799094819949662e+00 -1.417373462320076216e-01 4.773991146057809942e-03
1.794090611224012255e+00 2.101979077864112977e+00 6.896648708981913956e+00 9.910514857382265674e+00 2.350363314684252636e+00 9.402037776791749568e-01 4.832187427338238694e-02 3.058091770636148343e+00 4.000000000000000000e+00 1.600000000000000000e+01 2.000000000000000000e+00 -5.445484566477144881e+02 4.801600000000302657e+02 1.902927854048120793e+01 -5.322782840150921957e-02 6.247066672936692378e+00
2.581889287730879889e+00 1.925191617627979079e+00 4.684865913289767647e+00 8.098191799466524898e+00 1.805934096582762383e+00 1.522034191718383944e+00 2.599426457008700009e-01 3.232225311330887418e+00 4.000000000000000000e+00 1.400000000000000000e+01 3.000000000000000000e+00 -2.287250355404661150e+03 6.244000000000021089e+01 1.600189721279132371e+01 -1.472350731647851774e+01 4.063605532672593945e+00
2.570773295701766603e+00 1.732558966101219067e+00 6.530011003112266010e+00 9.261597438337863863e+00 2.020379630752870526e+00 3.754375108805123595e-01 9.777707110338017260e-02 3.232182762657986874e+00 3.000000000000000000e+00 1.900000000000000000e+01 1.000000000000000000e+00 -5.830300085834803667e+02 5.701900000000110822e+02 1.862093803646718015e+01 2.187937727874003646e-02 6.277389273436289940e+00
1.092483946341811452e+00 1.676114826070396413e+00 6.997672480887683122e+00 6.726476007479160302e+00 1.295826355509330341e+00 1.073031812406491925e+00 2.167598988978219621e-01 4.338038355100581001e+00 1.000000000000000000e+01 1.500000000000000000e+01 2.000000000000000000e+00 -2.835350740522148385e+02 4.501499999999774104e+02 3.653754628264132887e+00 2.268300894897009104e-02 1.205789406098410187e-03
1.724744805260761016e+00 1.709585053897146878e+00 6.097947386542064585e+00 9.584095028196848887e+00 1.245779215117447825e+00 9.120348670885373155e-01 6.023814570624271836e-01 2.304540983415127364e+00 1.000000000000000000e+00 9.000000000000000000e+00 1.000000000000000000e+00 -2.259235796117528423e+02 2.700900000000045225e+02 5.679911225734411317e+00 6.632257013428252690e-02 6.222942194563565010e+00
8.763165079840186111e-01 2.265957464335842442e+00 1.946820027074012582e+00 1.410929655313701181e+00 9.802638314137807063e-01 2.986541904951807713e-01 6.144319518919293399e-01 3.708683184213271034e+00 3.000000000000000000e+00 7.000000000000000000e+00 2.000000000000000000e+00 -2.160064478223122819e+02 2.100699999999860097e+02 6.935715488894953928e+00 -4.400929418822988048e-03 6.281549845982674185e+00
1.841898914810462973e+00 1.081377643921404452e+00 5.434776966326332115e+00 5.674484030726081762e+00 9.027592517629838831e-01 6.976404995154219524e-01 2.572638596000247357e-01 3.076455336461149770e+00 5.000000000000000000e+00 1.900000000000000000e+01 2.000000000000000000e+00 -3.333892686612753664e+02 5.701900000000110822e+02 3.018391791329365414e+00 -3.807956170408858393e-02 3.653530373598719294e-02
2.083137682744846675e+00 2.851726461680684110e+00 4.621911343457927757e+00 4.785760369103490675e+00 2.761344464778832997e+00 1.300744953093187384e+00 6.988822947427035803e-01 2.835281551274343670e+00 1.000000000000000000e+01 1.700000000000000000e+01 4.000000000000000000e+00 -5.296158086464314465e+02 5.101700000000154773e+02 1.715817554040148352e+01 3.832595445993575711e-01 1.519210302788301936e-01
2.780084583480336935e+00 1.711366992980997592e+00 4.247569909984533432e+00 5.721800609408001392e+00 1.920232604288645284e+00 1.596861991312988449e+00 8.663241327452828600e-01 3.271406721659422701e+00 0.000000000000000000e+00 7.000000000000000000e+00 1.000000000000000000e+00 -5.000621457562572800e+02 1.238299999999944134e+02 -2.075877819230653037e-02 -5.328778632132221027e+00 1.551259352107907885e+00
7.597581563647266556e-01 6.595861727132268371e-01 8.517022581611506382e+00 9.181207431986692313e+00 2.853776186407130488e+00 3.928723050116260662e-01 3.352865218127735192e-01 3.899433642242768894e+00 7.000000000000000000e+00 1.600000000000000000e+01 3.000000000000000000e+00 -6.621371211684272566e+02 4.801600000000302657e+02 2.637857007302575596e+01 2.500251561224772767e-01 2.047514348799638409e-02
9.426951365922852100e-01 1.178220625770502128e+00 6.336644615449031903e+00 8.202456211594071789e+00 4.760042122644319029e-01 6.012376880805277990e-01 3.120121413393412979e-01 3.242359013990284033e+00 8.000000000000000000e+00 9.000000000000000000e+00 1.000000000000000000e+00 -2.093593277457138811e+03 1.098900000000028996e+02 2.415517341071081958e+00 -6.358585552098859894e-01 3.362260866085677313e-01
1.180039070980984039e+00 1.086687773725586004e+00 8.541214857800866866e+00 8.048034279170385830e+00 1.712155754726731871e+00 7.419246919900954751e-01 5.788214701844582866e-01 3.941384944108008437e+00 7.000000000000000000e+00 1.500000000000000000e+01 3.000000000000000000e+00 -2.360141957668160558e+03 8.505000000000036664e+01 1.985105985426001851e+01 -5.271860995410341921e+00 5.670728191039108523e+00
1.568291621605261144e+00 1.603342468710370339e+00 6.928807283963500652e+00 8.370373523666906124e+00 1.962182276658222424e+00 1.272474492896592091e+00 5.350043446486458798e-01 2.677473898892261062e+00 7.000000000000000000e+00 1.000000000000000000e+01 2.000000000000000000e+00 -4.139457887695612044e+02 3.000999999999997385e+02 1.649348679809758522e+01 -6.657249399143456633e-03 6.262333702420546544e+00
1.299035430885181253e+00 2.296923679306663857e+00 3.574036952287251268e+00 3.325634140782922632e+00 7.526181478477091957e-01 1.453232386488848338e+00 6.747343425605126788e-01 4.472084849189269740e+00 1.000000000000000000e+00 1.300000000000000000e+01 2.000000000000000000e+00 -2.294251833647758758e+03 7.683000000000009777e+01 1.598980210298490867e+01 -2.525806828839642471e+00 5.059905450427445217e+00
9.749049723435975201e-01 1.943436223943652230e+00 4.321902008265222861e+00 5.045056146144812459e+00 1.903143572987948007e+00 2.558697860470631746e-01 4.230058462484863058e-01 3.592353090225421486e+00 7.000000000000000000e+00 1.600000000000000000e+01 3.000000000000000000e+00 -2.356978162141442681e+03 2.038399999999963654e+02 1.594113513384028025e+01 -7.244919086105793937e+00 3.301431225353024246e+00
1.941890490354173826e+00 2.619897273673006843e+00 6.234774821162208269e+00 5.118604833253513675e+00 2.337309212519935286e+00 2.028635476690103800e+00 7.105231022651818940e-01 2.115426947540180347e+00 1.000000000000000000e+01 1.400000000000000000e+01 4.000000000000000000e+00 -4.742397013072677510e+02 4.201399999999720194e+02 1.651060633170510883e+01 -2.346641823430516971e-01 6.095051043051625150e+00
1.148194602973529266e+00 1.287521080931019579e+00 5.233540689647442790e+00 9.334805323972595659e+00 1.358073616138409934e+00 1.974203387957488509e+00 3.867478345429045117e-01 2.149144500112984968e+00 4.000000000000000000e+00 8.000000000000000000e+00 1.000000000000000000e+00 -2.216449530904420158e+02 2.304000000000136197e+02 1.807826569640307024e-02 -8.783053220947766304e-01 6.156402432936499913e+00
1.378730818279341408e+00 1.296788881330203536e+00 6.385227818751444850e+00 8.022507416425517235e+00 1.497622810506177737e+00 7.749318950566420616e-01 7.224856736608813446e-01 2.523587268947856899e+00 0.000000000000000000e+00 1.000000000000000000e+01 1.000000000000000000e+00 -3.338689217452595130e+02 3.000999999999997385e+02 1.148868260907872951e+01 2.872165173615915390e-01 6.171103163297277483e+00
1.310705682161965369e+00 1.493906299712495223e+00 5.599449881999290390e+00 2.960301000767109780e+00 1.222257722423925497e+00 1.240524495479221057e-01 1.682072559078431062e-01 4.584397186738809360e+00 1.000000000000000000e+01 1.700000000000000000e+01 2.000000000000000000e+00 -3.208730906400332401e+02 5.101700000000154773e+02 4.111755665001593840e+00 3.249352749240051741e-02 6.894782940817215273e-03
2.188745180567047477e+00 2.249165743435500353e+00 3.890741909536406418e+00 6.580342281969966400e+00 1.915068748865583093e+00 1.280323728792403415e+00 3.205138583960651655e-01 2.571577743933892712e+00 4.000000000000000000e+00 1.000000000000000000e+01 2.000000000000000000e+00 -2.903710665766119519e+02 3.000999999999997385e+02 8.770066661038256939e+00 -3.757053552943603880e-02 4.353212627319309747e-02
1.256204568458306525e+00 1.853794498790135803e+00 3.085884561058385600e+00 9.459623363040330801e+00 1.228366697457639489e+00 1.251968493201904842e+00 7.000715607011123165e-01 3.657561343625086892e+00 2.000000000000000000e+00 1.100000000000000000e+01 1.000000000000000000e+00 -2.130667513598420555e+03 8.260999999999962995e+01 5.585157099901281619e+00 -4.269449505489096630e+00 8.505731456834378923e-01
2.279533876728758734e+00 1.156075358205058468e+00 9.052025644664453807e+00 6.255387469440592874e+00 2.093335954263967125e+00 8.797153535500958910e-01 8.310956499214774973e-03 3.262885481833909473e+00 2.000000000000000000e+00 1.900000000000000000e+01 1.000000000000000000e+00 -2.355241354594943459e+03 5.002699999999945248e+02 6.569147162184134636e+00 -6.826759545063979751e+00 1.239264872929513039e+00
7.972388355878777810e-01 1.429060024815915986e+00 6.574736695576720358e+00 3.955160821317097675e+00 2.213610407219394727e+00 1.191299589473723053e+00 5.312507413764366859e-01 3.798136945136035614e+00 8.000000000000000000e+00 2.000000000000000000e+01 2.000000000000000000e+00 -5.955631100128229036e+02 6.001999999999994770e+02 1.846644437580144782e+01 -6.880863756353569616e-02 1.336899684153353696e-01
1.765057710682887304e+00 1.674078363348292298e+00 3.667471623527949198e+00 7.961020273705905481e+00 1.871181506534896677e+00 1.044555113963284931e+00 5.092397411064808477e-01 2.910687136161414390e+00 5.000000000000000000e+00 7.000000000000000000e+00 3.000000000000000000e+00 -2.145340886450533617e+03 4.221000000000015007e+01 7.764742903158343701e+00 -1.427750979550320842e+01 2.896773611630285572e+00
1.329811569395656923e+00 1.367492218484871458e+00 4.249965661309619058e+00 4.871719632703494618e+00 8.233208373505720434e-01 9.244027752524719421e-01 3.630178868115039315e-01 3.290378355313268166e+00 5.000000000000000000e+00 1.000000000000000000e+01 2.000000000000000000e+00 -2.283197890777458667e+02 2.232999999999915985e+02 2.286553136777160627e-02 -9.535396903502557642e-01 6.180818862200167629e+00
1.718773133864180735e+00 2.006659937773788815e+00 3.936892668315409516e+00 8.210084288275844244e+00 2.797660202920335237e+00 1.377206396740398908e+00 3.983630490272758173e-01 2.673854258554677177e+00 5.000000000000000000e+00 6.000000000000000000e+00 3.000000000000000000e+00 -2.284536298979856838e+03 5.448000000000055110e+01 1.608101868624104469e+01 -3.505411033458966763e+00 7.672374359581939363e-01
1.131647223537302294e+00 1.404962290164526895e+00 5.302095424740140395e+00 9.061506941344966037e+00 1.079818814397933702e+00 6.435247620975087512e-01 3.389251756010453476e-01 4.207973684004238990e+00 6.000000000000000000e+00 1.300000000000000000e+01 1.000000000000000000e+00 -2.597115315202250372e+02 3.901299999999891384e+02 4.040408220014404250e+00 3.567342129945250129e-01 2.917439326467364050e-02
1.037261080690249582e+00 2.441278065856498536e+00 6.231362278667228694e+00 3.930244535817304374e+00 2.088675093595237175e+00 1.590727276254372269e-01 7.058953684931085215e-01 4.305321751738063085e+00 3.000000000000000000e+00 1.900000000000000000e+01 1.000000000000000000e+00 -7.303577961126483160e+02 5.701900000000110822e+02 2.782892475704017343e+01 7.200331719284991383e-02 7.562216861267678780e-03
1.549920262245302327e-01 1.169389231027259113e+00 8.773703075469409640e+00 9.361738008394784316e+00 1.248833672421164831e+00 6.074964403277297587e-01 5.278681905003579367e-01 2.939926260212721409e+00 4.000000000000000000e+00 1.100000000000000000e+01 1.000000000000000000e+00 -4.553544644767721934e+02 3.301100000000244563e+02 1.814371652979749783e+01 1.500423384258800785e-01 7.287757343444113689e-02
2.114845455640478322e-01 3.121668721344454944e-01 6.230636591455966489e+00 4.787166447544281667e+00 5.329077071222029227e-01 3.565403918936876360e-01 3.616264715107656569e-01 4.355225361664743389e+00 1.000000000000000000e+01 1.400000000000000000e+01 2.000000000000000000e+00 -2.327199725237776988e+02 4.201399999999720194e+02 1.415623282736980570e+00 -6.877035071665084376e-02 1.971000927190611006e-04
1.484469329340039501e+00 1.222336859851155921e+00 6.424839218333524116e+00 6.522802941754086703e+00 2.368268438090995520e+00 1.045899487207189615e+00 4.514256012452482203e-01 3.307173673726103935e+00 4.000000000000000000e+00 1.300000000000000000e+01 4.000000000000000000e+00 -2.415802259277875692e+03 1.617199999999971283e+02 2.093389120486731514e+01 -7.370831574748658355e+00 9.352488990436569338e-01
2.122217382264741659e-01 2.865312185895755870e-01 9.336815666628732302e+00 9.094097460875847361e+00 2.248201551713328250e+00 9.859558496306012332e-01 4.207828291390455222e-01 3.676774119943357455e+00 7.000000000000000000e+00 1.600000000000000000e+01 2.000000000000000000e+00 -2.538999120256367405e+03 4.080000000000189857e+02 2.093744501602235530e+01 -3.832700896018201409e+00 5.623076875061689961e+00
2.029469670245704016e+00 1.156805378337885770e+00 7.138219653990680591e+00 3.853892987949198101e+00 2.493517939892320179e+00 7.561665180407423081e-01 6.364648769862653044e-01 4.131292242218836286e+00 0.000000000000000000e+00 1.700000000000000000e+01 2.000000000000000000e+00 -7.339526242296334431e+02 5.101700000000154773e+02 2.992922651435160830e+01 1.231729600952724546e-01 6.283025034388207253e+00
2.993404193514432876e+00 7.341014651173582983e-01 1.917715818588198395e+00 3.859418355375560772e+00 3.916341588684187913e-01 2.693216896621239087e+00 8.301836929515800101e-01 2.929240109714897677e+00 6.000000000000000000e+00 5.000000000000000000e+00 5.000000000000000000e+00 -2.326440059675500379e+03 1.815000000000012292e+01 1.983531622971876018e+01 -4.420294682461652691e+00 4.915342447960804328e+00
2.787359753807479912e+00 1.729221699876854201e-01 5.350853507983951651e+00 2.312234643308884507e+00 6.401610866467210004e-01 2.544795722060581245e+00 5.113306219092579596e-02 2.780699090371073101e+00 1.000000000000000000e+01 1.400000000000000000e+01 1.000000000000000000e+00 -2.168545365060629138e+03 1.325800000000000409e+02 6.390960316289287846e+00 -2.442552875579809157e+00 4.700005965546531495e-01
3.313763563188829586e-01 2.321234722663410466e+00 8.176984911409528323e+00 4.705226046666255435e+00 1.116422930909346523e+00 2.068534933667819598e+00 7.011383844711759350e-01 3.429128584994706852e+00 3.000000000000000000e+00 1.800000000000000000e+01 1.000000000000000000e+00 -2.493513014123272114e+03 3.551400000000109003e+02 1.974643838270415941e+01 -3.647156867875106290e+00 8.106823957318465279e-01
2.924006625383445801e+00 2.138269029778987029e+00 2.457291798852358600e+00 9.888673242140875175e+00 2.568617153513158780e+00 2.127188883246812434e+00 5.220407463188084796e-01 3.085388483399954751e+00 5.000000000000000000e+00 5.000000000000000000e+00 2.000000000000000000e+00 -1.832045598968026070e+02 9.234999999999689635e+01 1.567206602589800435e-02 -9.603242577526432955e-01 6.272840531919353424e+00
2.814572028108450308e+00 1.957703729838998541e+00 6.280787517646225560e+00 9.171823951322712887e+00 1.253346852250601495e+00 1.410716244381755025e-01 1.375143362336715414e-01 2.466425601718371663e+00 2.000000000000000000e+00 1.600000000000000000e+01 2.000000000000000000e+00 -4.775954339493694079e+02 4.801600000000302657e+02 1.484471462183464041e+01 -1.292147886092464670e+00 2.819638926249990515e-03
2.778421155922802033e+00 1.081397251899524958e+00 6.888293547069170408e+00 7.742844035138721992e+00 2.236508563312401776e+00 4.000678597859385621e-01 7.764481015664153052e-01 4.134769437595553043e+00 0.000000000000000000e+00 1.300000000000000000e+01 1.000000000000000000e+00 -2.276638412150585737e+03 2.200899999999950865e+02 1.041208825941174787e+01 -4.849158605408905309e+00 4.212550745194905133e+00
4.873937170926367912e-02 1.346423261497315504e+00 6.671666304433617967e+00 8.692591788353009719e+00 7.757036925263713911e-01 1.533771123459721331e+00 4.735022373062137135e-01 2.092502080395298947e+00 7.000000000000000000e+00 2.000000000000000000e+00 2.000000000000000000e+00 -2.384704373590456271e+03 6.179999999999956195e+00 2.385089834940351494e+01 -2.064515917145099078e+00 1.494864142116566986e-04
1.048393149286905635e+00 8.904625984741024736e-01 4.728931964868457349e+00 3.118837267827972770e+00 9.596452934125053735e-01 4.833588829974789225e-01 2.591556860617784119e-01 4.817971460674216999e+00 1.000000000000000000e+01 1.900000000000000000e+01 2.000000000000000000e+00 -3.461319773595679408e+02 5.701900000000110822e+02 3.814811084972649979e+00 -3.940315853889801712e-02 2.659686094386159994e-04
7.877088369473044249e-01 2.518419378511139506e+00 1.516661298119173829e+00 1.498355741861012280e+00 1.348496418982333189e+00 4.690451248310417709e-01 6.701963408804259004e-01 3.683472541392796895e+00 3.000000000000000000e+00 8.000000000000000000e+00 2.000000000000000000e+00 -2.288376393527555592e+02 2.400800000000151329e+02 6.799852459546749550e+00 -4.040918040038698165e-03 6.283144523519745839e+00
2.886603375542454053e+00 1.710841710735540477e+00 2.543653856599467744e+00 8.810029579914939291e+00 2.921325708479074912e+00 2.112069426990213827e+00 5.088737460778904875e-01 3.133906503030824187e+00 5.000000000000000000e+00 5.000000000000000000e+00 2.000000000000000000e+00 -9.192623898344730549e+01 8.709999999999719478e+01 1.863606950431594134e-02 -9.678073066488586118e-01 5.856766086782857483e-01
