1.063965240678878654e+00 2.485923185485198417e+00 4.581502126607571057e+00 8.842005006520761157e+00 1.302995111783552762e+00 9.487053281923343295e-01 1.938110170043830238e-01 3.265860948909187211e+00 4.000000000000000000e+00 1.500000000000000000e+01 2.000000000000000000e+00 -2.873081749705249877e+02 4.501499999999774104e+02 3.889573435658517209e+00 -1.047932695763037492e-01 6.135036256832189672e+00
3.036330561872037093e-01 1.878066963818696422e+00 4.211646206561980854e+00 3.939187491961118504e+00 1.232668267067684065e+00 1.130115473696909456e+00 2.444767709819237467e-01 3.816620473645256695e+00 7.000000000000000000e+00 1.300000000000000000e+01 1.000000000000000000e+00 -2.522942239579954844e+02 3.901299999999891384e+02 3.576826497375056313e+00 8.442727567549343157e-03 1.731646258746804001e-01
9.979868965583884588e-01 2.538512788404604148e+00 7.364757218289941676e+00 2.866079357631748259e+00 2.181868460780867380e+00 1.091526430467979480e+00 2.811368217038421879e-01 2.332484850430337264e+00 5.000000000000000000e+00 9.000000000000000000e+00 3.000000000000000000e+00 -5.386522971089826797e+02 2.700900000000045225e+02 2.522545606931127438e+01 -3.397951599091465075e-02 5.835806198068855394e-03
6.333282049933728342e-01 1.586648498129862528e+00 6.267552304768242877e+00 7.724414975591070487e+00 1.257881410890907770e+00 8.672042471880352377e-01 3.107356508520340843e-01 2.577655309820032326e+00 1.000000000000000000e+01 1.100000000000000000e+01 1.000000000000000000e+00 -2.463130132848133087e+02 2.583900000000155615e+02 1.591280704775085292e-02 -9.545892185760983528e-01 6.213118849825914225e+00
2.294147277406035190e+00 2.635881415287501639e+00 5.143066618064196405e+00 7.083890534299858821e+00 2.073952014312836489e+00 1.115347593021281725e+00 2.633732266727297766e-01 2.723227609655124226e+00 6.000000000000000000e+00 7.000000000000000000e+00 2.000000000000000000e+00 -2.090507515522879203e+02 1.632399999999905731e+02 2.191423091989232880e-02 -9.524607543129650633e-01 3.989223742216507079e-02
4.596955872119784514e-01 1.314335235141351532e+00 6.391656909325766023e+00 5.927439392669590745e+00 2.517909738846708212e+00 5.828646380862148035e-01 2.644320920597367786e-01 2.795985218270713002e+00 9.000000000000000000e+00 7.000000000000000000e+00 1.000000000000000000e+00 -2.306965057529284309e+02 1.839599999999885540e+02 1.969336131343545071e-02 -1.000378560767650082e+00 6.281636635363497589e+00
1.026905183094630969e+00 1.656053834189520346e+00 5.704331859152640405e+00 4.031369801321935675e+00 2.164390229043087643e+00 1.459821982574511345e+00 1.529095512565161741e-01 3.161706985654054058e+00 5.000000000000000000e+00 1.000000000000000000e+01 2.000000000000000000e+00 -4.138823051605098726e+02 3.000999999999997385e+02 1.648951907253187699e+01 -1.779305975292609643e-01 3.713852231830536699e-01
1.284570000744148732e+00 1.929939902084525372e+00 7.197856401012593608e+00 2.339677483499283284e+00 1.929220246308246622e+00 1.141625578185117007e+00 3.282406930361736475e-02 2.903807546338001977e+00 8.000000000000000000e+00 1.300000000000000000e+01 3.000000000000000000e+00 -2.172292576262400416e+03 2.605199999999936722e+02 2.627036016400206453e+00 -1.002575789586824584e+01 1.683536142383406986e+00
2.282895304956856553e+00 1.996228401376630268e+00 3.362585398862271813e+00 7.826924471465944499e+00 2.527323622751662668e+00 1.423742479654144688e+00 2.025164003819471814e-01 2.063770662567008696e+00 1.000000000000000000e+01 1.400000000000000000e+01 1.000000000000000000e+00 -3.295734368131943484e+02 3.831799999999756210e+02 2.129671057573595538e-02 -1.019818989072843296e+00 5.503446406952734911e-03
1.679964351111614684e+00 1.339627495631558585e+00 4.795357209081910099e+00 4.034297961577463454e+00 2.011005862136444833e+00 1.383467477551409086e+00 1.358641821248868786e-01 2.994774978003100774e+00 7.000000000000000000e+00 1.400000000000000000e+01 2.000000000000000000e+00 -2.575647284503013452e+02 4.201399999999720194e+02 2.968420528144708470e+00 -6.154490618857321599e-02 1.692929448916090374e-02
2.157942608262183093e+00 2.608618623698392369e+00 6.191069642775166137e+00 6.257988711619606903e+00 2.324138288080586090e+00 1.368027154022598335e+00 8.389383321417392958e-03 2.417570159116615436e+00 8.000000000000000000e+00 1.400000000000000000e+01 1.000000000000000000e+00 -2.475636706877724293e+02 4.201399999999720194e+02 2.343354417986650784e+00 -2.789860059742039766e-01 6.184678538266252801e+00
1.497252489163273692e+00 2.355505854179906322e+00 5.959685320715303547e+00 5.225029234457497118e+00 1.608633512714678249e+00 1.626718860649147835e+00 4.277045699154946590e-01 2.546738446694742031e+00 7.000000000000000000e+00 1.500000000000000000e+01 1.000000000000000000e+00 -4.935217495219840202e+02 4.501499999999774104e+02 1.677792184512470897e+01 -1.986513100111017005e-01 2.256419368998916763e-01
8.288829241370154755e-01 2.104445184015190762e+00 4.568582016525074785e+00 4.502484283682499644e+00 1.862261492025235610e+00 1.200947930047446155e+00 2.977153926567530084e-01 2.675065785642888994e+00 8.000000000000000000e+00 1.500000000000000000e+01 1.000000000000000000e+00 -4.963945752276788426e+02 4.501499999999774104e+02 1.695747345173063536e+01 -4.977883181219039388e-02 6.240833158694123917e+00
1.271818834766083928e+00 1.481569607659162013e+00 6.063709891374427841e+00 4.234575029970224058e+00 2.253786194615745586e+00 8.610189074376156659e-01 5.203208853807732570e-01 2.664582181319653742e+00 6.000000000000000000e+00 1.200000000000000000e+01 2.000000000000000000e+00 -5.273176621653497023e+02 3.601200000000105774e+02 2.170360388533402940e+01 -1.071162383687072756e-01 6.260009465559967623e+00
1.192665343882082674e+00 1.962722298206546201e+00 2.913528973526186228e+00 5.199616116930837251e+00 2.985413737088818742e+00 8.277108013049474522e-01 3.252354081549220510e-02 2.252405532056855009e+00 4.000000000000000000e+00 7.000000000000000000e+00 2.000000000000000000e+00 -2.641344181933291111e+02 2.100699999999860097e+02 9.943713637083506640e+00 -1.194208057822775837e+00 6.252839531519557070e+00
7.336230166042781997e-01 1.864750688848179960e+00 3.914069708529969827e+00 5.593644974894934840e+00 2.311291291272756343e+00 1.623710791225823513e+00 3.454614735174171836e-01 2.286384944380716711e+00 9.000000000000000000e+00 1.000000000000000000e+01 2.000000000000000000e+00 -4.147171247140660171e+02 3.000999999999997385e+02 1.654169529462913246e+01 -2.239607789799089033e-02 6.264786635400526826e+00
7.590638369211069048e-01 2.216919274593287081e+00 5.103729640496999842e+00 5.271358763847004525e+00 2.542791771249993449e+00 6.340926172616179191e-01 1.761722898426758555e-01 2.925968294424969418e+00 7.000000000000000000e+00 8.000000000000000000e+00 2.000000000000000000e+00 -3.095719883236887995e+02 2.400800000000151329e+02 1.184574927023007618e+01 -2.602399218592896357e+00 1.223063719702869971e-02
8.708516434273002593e-01 1.774690571959016472e+00 3.997421564717293041e+00 8.586538436531217400e+00 1.696669002560466710e+00 1.322064812043121096e-01 4.505908917557516213e-01 3.039639801375892514e+00 9.000000000000000000e+00 1.600000000000000000e+01 2.000000000000000000e+00 -5.080327889987408980e+02 4.801600000000302657e+02 1.674704931242036210e+01 -3.728052855448425740e-02 7.504352734322425507e-03
1.269310861827014580e+00 1.749531391667203062e+00 1.656101697127033701e+00 7.391135815498234507e+00 2.002295504580092533e+00 4.046377079623599826e-01 3.074601082014849496e-01 2.434064040202184032e+00 7.000000000000000000e+00 1.400000000000000000e+01 3.000000000000000000e+00 -3.563068429591447739e+02 4.201399999999720194e+02 9.139802684947420985e+00 5.546958443024913726e-02 5.111757091681376226e-04
1.092166612484136268e+00 7.436933112385046840e-01 3.370641960019943095e+00 6.786969569697391513e+00 2.240469606415563142e+00 2.287228520500679263e-01 2.729231428629806389e-01 2.473872057384528311e+00 1.000000000000000000e+01 1.700000000000000000e+01 2.000000000000000000e+00 -5.271226570241486797e+02 5.101700000000154773e+02 1.700235356400881059e+01 -1.639722847696193087e-01 5.073291489854796221e-03
7.640905104899198275e-01 1.917749250104844094e+00 4.720601328049951029e+00 8.083946705279384304e+00 1.564918080544077217e+00 8.209451960255144121e-01 1.934301295324389325e-01 2.063550847900353702e+00 5.000000000000000000e+00 1.800000000000000000e+01 2.000000000000000000e+00 -5.595261407094519654e+02 5.401800000000090449e+02 1.808975879434046874e+01 -4.008198952791720143e-02 6.276393017587008849e+00
1.075590126994909301e+00 1.841969811615745467e+00 6.969652080871280297e+00 9.240270153502265771e+00 1.696797295087546953e+00 1.186292301495631252e+00 1.347333323857419496e-01 2.915145982742525010e+00 8.000000000000000000e+00 1.500000000000000000e+01 1.000000000000000000e+00 -3.024146091727751582e+02 4.501499999999774104e+02 4.833725573299154199e+00 -4.743329284033197535e-01 6.228417867384081319e+00
9.391886199530525836e-01 1.750880805668545648e+00 4.904400816235288119e+00 5.839729308418126763e+00 1.832637432427735025e+00 3.760904535954724404e-01 1.366987232763447746e-01 2.082092348684629002e+00 6.000000000000000000e+00 1.600000000000000000e+01 2.000000000000000000e+00 -5.585913003167978559e+02 4.801600000000302657e+02 1.990695626979891841e+01 -1.014508688216219312e+00 1.739578793141957624e-02
2.292903626134826567e+00 1.970422760038246679e+00 5.084292402471064065e+00 5.997331691511443630e+00 2.516000456141718189e+00 1.521698651460743346e+00 1.984922325503488127e-01 2.845479405493562375e+00 1.000000000000000000e+01 1.200000000000000000e+01 1.000000000000000000e+00 -2.519212008177669020e+02 3.148800000000088630e+02 1.821271077755236278e-02 -1.102711747690378052e+00 1.563081088924810069e-01
1.789632390257839489e+00 2.265243732478481320e+00 3.909951339674406778e+00 4.300934131093667290e+00 1.467336333988191743e+00 1.258781545909911426e+00 1.349379994965237417e-01 3.036477937380513303e+00 7.000000000000000000e+00 1.000000000000000000e+01 3.000000000000000000e+00 -2.137969265945949701e+03 1.011999999999985249e+02 5.460579121621898402e+00 -2.479984906868455852e+00 2.449284087315146685e-01
1.495213894189538095e+00 2.143275624108893496e+00 3.704380102948040765e+00 6.752222866614660646e+00 2.365456589628800455e+00 1.146732191168250203e+00 5.264816811903388905e-02 2.823421735941119337e+00 7.000000000000000000e+00 1.000000000000000000e+01 2.000000000000000000e+00 -2.054620801780727390e+02 2.632999999999913712e+02 2.264678622523513818e-02 -9.575949292917756983e-01 6.074397405969861552e+00
7.815941092064394580e-01 1.887646801328855206e+00 5.795365031151443524e+00 4.887337941069593406e+00 2.478883079354301078e+00 1.109004174764916861e+00 2.646983493537291010e-01 2.595616518464193945e+00 7.000000000000000000e+00 1.300000000000000000e+01 2.000000000000000000e+00 -4.718095194983199008e+02 3.901299999999891384e+02 1.729653246864533145e+01 -5.779062185268303564e-02 6.196903712140798604e+00
3.116580797772334765e-01 2.507665892824090470e+00 3.963662214033608411e+00 4.012762585409785032e+00 2.302051266913957672e+00 4.444620530594548535e-01 3.040079143515323490e-01 2.612093544525686539e+00 1.000000000000000000e+01 1.500000000000000000e+01 2.000000000000000000e+00 -4.951472804359231077e+02 4.501499999999774104e+02 1.687951752724590193e+01 -1.085794175085304097e-01 6.281857551021369446e+00
1.167415491171763575e+00 2.257139732144442856e+00 3.487720893531337740e+00 4.082143791146851441e+00 2.277799248303312041e+00 1.357653295154372941e+00 1.308759020692204511e-01 2.501322746947140629e+00 1.000000000000000000e+01 1.300000000000000000e+01 1.000000000000000000e+00 -2.967895368066170363e+02 3.205799999999915713e+02 1.993332478273574307e-02 -1.009733194649136134e+00 8.814292701158339335e-03
2.198994659121621620e+00 2.613514440237088898e+00 4.917432194962231939e+00 6.863049234751956718e+00 2.533170775872380709e+00 4.613273212100026388e-01 3.129457468303744050e-01 2.569858792656608770e+00 7.000000000000000000e+00 1.300000000000000000e+01 2.000000000000000000e+00 -4.699515860266916434e+02 3.901299999999891384e+02 1.718041162666856891e+01 2.381531519205586436e-02 6.276514850486297092e+00
5.181252719628373082e-01 2.274125152845328124e+00 7.836326563230872289e+00 3.452854752268433192e+00 1.844957488386792521e+00 8.990942423378116555e-01 2.948515968223244799e-02 2.649732576439030929e+00 5.000000000000000000e+00 1.100000000000000000e+01 1.000000000000000000e+00 -4.315569684235003933e+02 3.301100000000244563e+02 1.665637302646801032e+01 -3.065583412084674220e-02 1.845405784663405914e-03
1.065635378509138365e+00 2.336286336901977734e+00 5.943381669119433219e+00 7.003753560653819932e+00 2.188915080707211303e+00 1.350267330486602635e+00 1.944798270082055691e-02 2.148752395633387380e+00 4.000000000000000000e+00 1.100000000000000000e+01 2.000000000000000000e+00 -4.428535014796120208e+02 3.301100000000244563e+02 1.736240634247498704e+01 5.883066737466522908e-03 2.900431208547799358e-02
1.323659843042700679e+00 1.973068342933541608e+00 6.107745025746451617e+00 4.670583758451025247e+00 2.170018109767436254e+00 8.048979076041293812e-01 1.890903534317567858e-01 2.611658139809493129e+00 8.000000000000000000e+00 1.400000000000000000e+01 2.000000000000000000e+00 -4.726619652214113216e+02 4.201399999999720194e+02 1.641199782633908200e+01 6.106235516702094093e-03 6.247846441090000980e+00
2.114116797432696426e+00 2.327144185626902839e+00 5.061141052380114580e+00 4.824475902062652644e+00 1.739738788823851134e+00 1.132156363583643355e+00 2.069314620264990356e-01 2.389478879605365869e+00 6.000000000000000000e+00 1.200000000000000000e+01 1.000000000000000000e+00 -2.455031427316033898e+02 3.289200000000093951e+02 1.601704295936586669e-02 -1.122998886515093275e+00 1.866243733995659182e-01
8.520928266571488052e-01 2.002044779281157538e+00 7.294915876249822517e+00 5.679266948080719857e+00 2.080214844406132801e+00 5.643946065947480495e-01 3.503964345674312475e-01 2.764376116129042771e+00 8.000000000000000000e+00 1.700000000000000000e+01 1.000000000000000000e+00 -5.377486803693720958e+02 5.101700000000154773e+02 1.766648002308527410e+01 -7.767515290940170403e-02 6.283072944388555570e+00
1.238026788147334134e+00 1.745188288938514631e+00 5.421249006060298470e+00 6.322289339452915158e+00 2.436409700417132562e+00 9.174870750361435734e-01 1.073969283011596831e-01 3.079189407868217820e+00 6.000000000000000000e+00 1.400000000000000000e+01 2.000000000000000000e+00 -4.831211029440334528e+02 4.201399999999720194e+02 1.706569393400296519e+01 5.757382987859715334e-02 7.210278402043632240e-02
1.161878183492336625e+00 2.506313746465439696e+00 5.621918330064351821e+00 9.306603071524694570e+00 2.175716838615731508e+00 2.258620470585823714e+00 3.533620444740932093e-02 2.235340195265697272e+00 6.000000000000000000e+00 8.000000000000000000e+00 4.000000000000000000e+00 -2.126919486650535305e+02 2.063200000000098555e+02 2.039980944274211172e-02 -1.017566244095516215e+00 7.714394263861249490e-01
1.367403222424488973e+00 1.661298267584128574e+00 1.271996099586321760e+00 7.211086706902412935e+00 1.634142267790014147e+00 3.432735679644301485e-01 1.745938137428098558e-01 2.736343429791275206e+00 7.000000000000000000e+00 2.000000000000000000e+00 2.000000000000000000e+00 -2.384282834835912581e+03 4.819999999999985185e+00 2.386705217724452766e+01 -2.707337311663464252e+00 1.745598144469435824e-04
1.189679338957581045e+00 2.461021069863382316e+00 4.300796410760372446e+00 7.229361070553222746e+00 2.223505564204543816e+00 2.947025642942178170e-01 8.875548728733823056e-02 2.044288195275600906e+00 3.000000000000000000e+00 1.200000000000000000e+01 2.000000000000000000e+00 -5.204957009133906922e+02 3.601200000000105774e+02 2.127723130708659127e+01 -1.133352624586175944e-01 1.806757674143538500e-03
1.706767670692383110e+00 2.356163784260313143e+00 3.576713640857495768e+00 5.015257802356926753e+00 4.778585362573425921e-01 9.525659535740829131e-01 3.004332787505513136e-01 2.975859219407094525e+00 3.000000000000000000e+00 1.000000000000000000e+01 1.000000000000000000e+00 -2.352317724294206016e+02 1.711999999999945601e+02 1.652340351555200981e-02 -1.009523091849491294e+00 6.277876197682810577e+00
1.327926999359946292e+00 2.698287328787849049e+00 4.838900513413687321e+00 7.074453303248391833e+00 1.660565122672409633e+00 7.799340476682163903e-01 1.947389011351834676e-01 2.433935038750670632e+00 6.000000000000000000e+00 1.500000000000000000e+01 1.000000000000000000e+00 -4.892384786885079393e+02 4.501499999999774104e+02 1.651021741803245391e+01 8.265111323709262159e-02 6.224671205738670388e+00
1.524716237311656841e-01 2.613553025301015520e+00 4.363511505468123275e+00 4.702979392633841016e+00 2.101980031081769340e+00 7.653821539794198880e-01 1.450699190528306759e-02 2.160370163295575630e+00 1.000000000000000000e+01 1.700000000000000000e+01 3.000000000000000000e+00 -4.487299864970147496e+02 5.101700000000154773e+02 1.210281165606293818e+01 -1.433570559068045869e+00 6.243184734343850018e+00
2.002297486419392647e-01 1.336926241651688052e+00 5.391173305672926297e+00 7.008332338803469064e+00 2.462485005873082500e+00 1.470790514904605217e-01 2.606412027709689716e-01 2.495497827368347021e+00 4.000000000000000000e+00 1.600000000000000000e+01 2.000000000000000000e+00 -6.692894273325019867e+02 4.801600000000302657e+02 2.682558920828043014e+01 1.355699855158643344e-02 2.287094698481734623e-03
7.765563680356115661e-01 1.612599439930959999e+00 4.335637219963608402e+00 5.897538234933811907e+00 1.031466541382057844e+00 7.529418854421364715e-01 3.805046890762539546e-01 2.696175759748217438e+00 8.000000000000000000e+00 1.700000000000000000e+01 1.000000000000000000e+00 -2.670515194932697227e+02 5.101700000000154773e+02 7.479074683288747805e-01 -6.139249040597276608e-01 3.466512302682814295e-03
1.177359248773156120e+00 2.559828005127667172e+00 7.519122980805612144e+00 5.626699249725740870e+00 1.553738948211059956e+00 4.422727740692832255e-01 2.445554261889971437e-01 3.344371303011519192e+00 3.000000000000000000e+00 1.700000000000000000e+01 2.000000000000000000e+00 -6.020427028252065611e+02 5.101700000000154773e+02 2.168485642657492818e+01 -2.591957548545114065e-01 6.742418947025541343e-04
5.169553116559146844e-01 1.672067905055510728e+00 4.816037154852965685e+00 4.665366448288673418e+00 2.515601498694976179e+00 5.219039820266409002e-01 1.486738746150764734e-02 2.187131437880977636e+00 1.000000000000000000e+01 1.600000000000000000e+01 3.000000000000000000e+00 -2.182013368394804729e+03 2.361599999999956765e+02 3.995835524675440009e+00 -7.588641103104480479e+00 1.425745011897633585e+00
1.240579618715143440e+00 2.599742286878677255e+00 1.075266877980677105e+00 7.405433651189498256e+00 2.075958179595398079e+00 1.000594452338394724e+00 6.187312088896904649e-01 3.053763398439126142e+00 7.000000000000000000e+00 1.600000000000000000e+01 2.000000000000000000e+00 -2.273144181846319896e+02 4.416000000000242380e+02 1.590061663787739610e-02 -9.693696108472795725e-01 5.833909365639316391e+00
1.108788112437514295e+00 1.584173745717404103e+00 1.701172086158516006e+00 8.851425247076099012e+00 1.350018630257741048e+00 7.044472999150913628e-01 1.992118607292105992e-01 2.715552796341354380e+00 6.000000000000000000e+00 5.000000000000000000e+00 2.000000000000000000e+00 -3.965590207766183539e+01 7.874999999999766942e+01 1.755637985393757039e-02 -9.550349284914183556e-01 6.007965939160574869e-05
