7.954536589358188747e-01 1.996979798053492017e+00 5.625856712413851213e+00 4.495914949965135854e+00 1.223676808476333200e+00 1.209824758228391417e+00 4.046234708166221994e-01 3.368554798941192363e+00 6.000000000000000000e+00 8.000000000000000000e+00 3.000000000000000000e+00 -2.125921547347672913e+03 7.319999999999879492e+01 5.582596709229592946e+00 -4.182332902473070213e+00 1.177839201359910160e+00
1.437537419199210964e+00 2.176439329604229478e+00 5.723727969036229268e+00 7.229213219918404043e+00 1.058114974796859897e+00 2.346941638780280781e-01 7.544308822555640948e-01 3.896055887786497696e+00 5.000000000000000000e+00 1.200000000000000000e+01 2.000000000000000000e+00 -2.513615235526733613e+02 3.601200000000105774e+02 4.456345222041755427e+00 8.053117747005877555e-03 6.273360146085847688e+00
1.315362444420790755e+00 1.679214031355207526e+00 6.457643138960668772e+00 7.306388721022286425e+00 1.538877608366527650e+00 8.969079898801647355e-01 3.850906658299048657e-01 2.817097963688123929e+00 7.000000000000000000e+00 5.000000000000000000e+00 1.000000000000000000e+00 -1.824633344705530646e+02 8.769999999999716067e+01 1.674702468021829413e-02 -1.001623960983138328e+00 6.281421631579837239e+00
8.444366422435234387e-01 1.590511349939513375e+00 6.107048645380987573e+00 5.749522341238116674e+00 2.002773874812655119e+00 8.774827321755158671e-01 3.575417362782949970e-01 2.491827610919771008e+00 3.000000000000000000e+00 1.200000000000000000e+01 1.000000000000000000e+00 -5.284342847686170899e+02 3.601200000000105774e+02 2.177339279803823402e+01 -4.995616088792353277e-03 6.283055930321779670e+00
1.969626511314767514e+00 1.418875969241160773e+00 4.551761728171083377e+00 4.881326746773013703e+00 2.684373994152872145e-01 2.681466904890196790e-01 3.407693119794896752e-01 2.528526459124311287e+00 4.000000000000000000e+00 1.200000000000000000e+01 2.000000000000000000e+00 -2.189468032423429122e+03 1.293600000000018611e+02 7.799252026464265519e+00 -2.784694501975286118e-01 1.227554209504862909e-01
1.219508939552773619e+00 1.911440012895661233e+00 7.019875332400704160e+00 8.059120249960187721e+00 1.937675756620914402e+00 1.535107834555221595e-02 2.708736294019948865e-01 2.444942609262688471e+00 2.000000000000000000e+00 9.000000000000000000e+00 1.000000000000000000e+00 -5.496961912073201120e+02 2.700900000000045225e+02 2.591569945045736745e+01 5.385170839701471784e-02 2.930927181751290071e-03
1.714180746621766449e+00 1.636695031020098723e+00 6.849762484196054935e+00 5.765595379355102246e+00 8.863179453056294621e-01 7.209629654648501695e-01 3.004397528329786904e-01 3.200313055866381706e+00 7.000000000000000000e+00 1.100000000000000000e+01 2.000000000000000000e+00 -1.086373668253787343e+02 2.164800000000103637e+02 2.483542658584692031e-02 -9.530476656709208072e-01 6.129011607183467270e+00
1.404973785499796346e+00 2.112626549867688386e+00 3.544258394540876544e+00 5.788489682225049116e+00 1.233265832496369452e+00 1.144812777470135989e+00 4.121849230675188602e-01 3.158620248211393644e+00 5.000000000000000000e+00 1.700000000000000000e+01 2.000000000000000000e+00 -5.269987966601399876e+02 5.101700000000154773e+02 1.699461229125826378e+01 9.340957367978849901e-02 9.266559510494247476e-02
4.786831982200460134e-01 2.228318488805713482e+00 8.163210230228825637e+00 5.110071394549847490e+00 9.368313613021551634e-01 1.400144527335922096e+00 3.597609566787266511e-01 4.210880315363562332e+00 8.000000000000000000e+00 1.300000000000000000e+01 1.000000000000000000e+00 -2.512689760675046955e+02 3.901299999999891384e+02 3.512748504219382006e+00 -1.365688510475561446e-01 9.581924149874304630e-02
1.485184309139632841e+00 1.302545729715389289e+00 6.044079908858142502e+00 5.901786374246334788e+00 4.616529811408275341e-01 1.722925759170400806e+00 4.453329725879004997e-01 3.010121832996684788e+00 6.000000000000000000e+00 7.000000000000000000e+00 2.000000000000000000e+00 -2.327307071424636433e+03 2.744000000000009010e+01 1.959919196403977537e+01 -2.662040605774594670e+00 5.878883005981875520e+00
1.155710602098868112e+00 5.600448708302879774e-01 2.977897726696633107e+00 6.240955419703388962e+00 1.058496858289773801e+00 8.652708323731799211e-01 1.783285658767334581e-01 3.549692285829302296e+00 7.000000000000000000e+00 1.100000000000000000e+01 2.000000000000000000e+00 -2.273669472663227396e+02 2.216500000000110049e+02 1.629978190523278386e-02 -9.501097169175430901e-01 6.162257693614436427e+00
9.654433135429871804e-01 2.259784640761647534e+00 2.982500562699133440e+00 5.821157404204547525e+00 2.060583582051989104e+00 8.102593691838537726e-01 4.710290270769079135e-01 2.600777988818936848e+00 7.000000000000000000e+00 5.000000000000000000e+00 2.000000000000000000e+00 -5.915712351449311512e+01 1.176999999999954554e+02 1.919521965596172886e-02 -9.525534005969276130e-01 8.986864835940450158e-02
9.168438230321620530e-01 1.770630486779713131e+00 4.283695905426568196e+00 5.905836374435367908e+00 1.684774024625010025e+00 8.234414389041537774e-01 3.620988900473679495e-01 3.389331692089249337e+00 7.000000000000000000e+00 9.000000000000000000e+00 2.000000000000000000e+00 -1.919902020146271013e+02 2.700900000000045225e+02 3.559075125914052951e+00 4.255367864327675581e-02 6.241172291317146126e+00
1.239506150529575690e+00 2.379958626355264339e+00 7.237138113826580899e+00 7.262740637992053827e+00 1.577575126282618090e+00 1.032577649668823261e-01 4.096893924979913559e-01 2.742812773330904008e+00 6.000000000000000000e+00 1.400000000000000000e+01 1.000000000000000000e+00 -6.133839014819961903e+02 4.201399999999720194e+02 2.520711884262563629e+01 -4.933022203697982194e-02 6.273599685749962518e+00
1.377501615367617838e-01 2.003661052451871427e+00 4.512207409400371461e+00 5.919911307534062139e+00 1.467503340483855556e+00 1.396225562969306555e+00 9.181098065456820556e-02 2.877129787637574765e+00 5.000000000000000000e+00 1.100000000000000000e+01 2.000000000000000000e+00 -4.334804032496007835e+02 3.301100000000244563e+02 1.677658770309928471e+01 -1.524184575790467344e-01 6.117416954422147946e+00
9.797605965875536560e-01 2.369239433381067794e+00 6.441553293034546712e+00 4.408262238233887409e+00 1.232954229729567697e+00 1.494313629667917143e+00 2.586510985788095240e-01 2.149681476457037999e+00 5.000000000000000000e+00 1.200000000000000000e+01 1.000000000000000000e+00 -3.873085634416046332e+02 3.601200000000105774e+02 1.295303521509996081e+01 -7.418757421324329027e-01 6.248945718535378724e+00
1.056491550512800304e+00 1.259953071010343706e+00 6.249536157012268944e+00 5.745107706416289872e+00 1.886643613416425946e+00 7.378268262710567793e-01 3.507321314442194971e-01 3.644657832478487514e+00 1.000000000000000000e+01 9.000000000000000000e+00 1.000000000000000000e+00 -1.698852272366013949e+02 2.700900000000045225e+02 2.177514202287446299e+00 -6.728068519513022427e-02 6.274878266582004649e+00
1.575815573947478621e+00 2.016248919368507142e+00 5.299511504231482206e+00 6.267651390741086459e+00 1.423044990537565724e+00 1.215910357875190861e+00 3.105501577861729534e-01 2.726385111320138055e+00 5.000000000000000000e+00 1.000000000000000000e+01 2.000000000000000000e+00 -1.791055005403165978e+02 3.000999999999997385e+02 1.815968783769794870e+00 -2.420753666276471150e-01 6.266827852564161638e+00
1.152278389139945736e+00 1.683674620362891616e+00 4.537330487619495756e+00 5.393404689945662689e+00 2.115807597008312779e+00 1.127425587810894303e+00 5.129131666111571564e-01 3.073700298337224801e+00 4.000000000000000000e+00 4.000000000000000000e+00 1.000000000000000000e+00 -1.713695875767659800e+02 1.200400000000075664e+02 6.959349223547636853e+00 4.961453670565106264e-03 6.399013455483149081e-04
1.997866471844156333e+00 2.029142273415600162e+00 6.654773956639589372e+00 6.564792329394150805e+00 1.928577728914864897e+00 1.164651637945315787e+00 2.671134940371903688e-01 3.004767088597141811e+00 7.000000000000000000e+00 1.000000000000000000e+01 2.000000000000000000e+00 -2.122695353746380817e+02 2.973999999999991246e+02 1.779856666136737237e-02 -9.539279824282257403e-01 6.044426629072606083e+00
2.445749510268770521e+00 2.217260329115595674e+00 7.024393032425257921e+00 6.861124262198831758e+00 1.687541233560723164e+00 8.590202731248330892e-01 2.979166145682290989e-01 2.630191406786225983e+00 1.000000000000000000e+01 1.100000000000000000e+01 2.000000000000000000e+00 -1.220173410082368832e+02 2.433200000000136924e+02 2.233381301437755567e-02 -9.528498965054601477e-01 3.711147755019118810e-02
1.560586173007624922e+00 1.499481875992825675e+00 6.118451509419449152e+00 3.468735501151010148e+00 1.700158342330696071e+00 7.606811734806839809e-01 1.497545070198893769e-01 2.531245306697924136e+00 6.000000000000000000e+00 8.000000000000000000e+00 2.000000000000000000e+00 -1.123467538792052380e+02 2.240800000000126317e+02 1.917211744993276012e-02 -9.544600771210164369e-01 6.187849671695912157e+00
1.311763645350194851e+00 1.481530378226661782e+00 3.784480597223865317e+00 5.799003684661767188e+00 2.155958693699989048e+00 6.190703818449743157e-01 2.702019865309330249e-01 3.441753671839705042e+00 7.000000000000000000e+00 1.000000000000000000e+01 2.000000000000000000e+00 -2.089083606552333663e+02 3.000999999999997385e+02 3.678647540952093564e+00 8.558674849509081972e-02 6.282077209510828375e+00
1.801712628177818187e+00 1.517553815156807095e+00 3.813047675095036837e+00 4.613109565169414061e+00 2.163086760936848929e+00 1.043580453663772722e+00 4.935800614432254152e-01 2.966014773347272371e+00 7.000000000000000000e+00 1.000000000000000000e+01 1.000000000000000000e+00 -1.981356929374154277e+02 3.000999999999997385e+02 3.005355808588472399e+00 -6.373006603260317204e-03 6.247430627551086246e+00
1.884704251884463222e+00 1.577194804637770398e+00 5.927221917179059218e+00 7.229075073969693399e+00 2.258673837765228676e+00 3.037405564546135639e-01 4.865397801151100654e-01 3.220114587346371238e+00 4.000000000000000000e+00 1.400000000000000000e+01 2.000000000000000000e+00 -5.911873441179970996e+02 4.201399999999720194e+02 2.381983400737569667e+01 -7.860141574137748943e-01 1.991496455519241315e-02
1.024316646177497736e+00 2.711612713888123416e+00 6.611500720977320888e+00 7.563743741469902915e+00 1.650710270039571936e+00 9.911549374686591252e-01 2.053965504350938054e-01 2.623394829957046426e+00 4.000000000000000000e+00 1.000000000000000000e+01 1.000000000000000000e+00 -4.205086961478571084e+02 3.000999999999997385e+02 1.690366850924107567e+01 -4.108380571536071613e-02 6.278538435220132996e+00
1.354620527233900695e+00 2.264206363136440636e+00 6.302432937324939033e+00 7.407890784246209392e+00 1.094307307620532299e+00 5.212813189003561165e-01 5.890261992976003613e-01 3.135218173040648981e+00 8.000000000000000000e+00 1.300000000000000000e+01 1.000000000000000000e+00 -3.295312462663043220e+02 3.825899999999894021e+02 2.220618345476985805e-02 -9.972208611209761875e-01 3.406772473755336362e-03
1.795372885134642438e+00 1.620460514492675586e+00 7.411255534677271939e+00 7.375198996483595337e+00 9.335717481404040008e-01 1.283334366312820940e+00 2.299873740048144766e-01 3.858799099709139035e+00 8.000000000000000000e+00 9.000000000000000000e+00 2.000000000000000000e+00 -2.155342263449768780e+03 6.417000000000116700e+01 7.703578965610515361e+00 -2.359319123671038021e+00 5.434928875253655089e-01
7.710000762576847411e-01 1.059363993484045974e+00 5.115577919116274686e+00 6.748622693166920428e+00 1.231470292770738606e+00 1.018132797977050918e+00 5.135693761037540828e-01 2.197020868993007969e+00 5.000000000000000000e+00 1.100000000000000000e+01 1.000000000000000000e+00 -4.346743872122333983e+02 3.301100000000244563e+02 1.685121170076382313e+01 -1.046705694664737119e-01 1.356838388087357461e-01
1.569342953670217922e+00 1.554634791580297382e+00 6.846278230110432794e+00 8.662876858001780533e+00 1.940444126861637253e+00 3.241697674994414857e-02 3.004596800678168700e-01 3.231998760348054667e+00 5.000000000000000000e+00 8.000000000000000000e+00 2.000000000000000000e+00 -2.955675278247099413e+02 2.400800000000151329e+02 1.097047048904389754e+01 1.824319953404759595e-02 6.282640804658180755e+00
8.181337877254695190e-01 1.263032348285037187e+00 3.810413981014513674e+00 6.903521114052385776e+00 1.085534943572105782e+00 7.155147720675656409e-01 2.095412860948436817e-01 2.565773809091606683e+00 6.000000000000000000e+00 1.300000000000000000e+01 1.000000000000000000e+00 -3.065486954395257158e+02 3.567199999999903071e+02 1.491844597531096807e-02 -1.018921527539297101e+00 3.675601568087035614e-02
1.057798521188404006e+00 2.856743110313101131e+00 3.351172949007270141e+00 5.804497064632087699e+00 1.744178353944566551e+00 7.758118465402268349e-01 7.745039521313362707e-01 2.984103569838709724e+00 6.000000000000000000e+00 7.000000000000000000e+00 1.000000000000000000e+00 -1.488471109287571608e+02 2.100699999999860097e+02 2.738256933047759745e+00 3.699480990020912602e-02 1.174150190532668742e-03
1.226340403444662108e+00 2.203881585595105719e+00 5.828174157687573853e+00 5.677630011017258838e+00 5.478816439628710899e-01 1.294663813795815521e+00 1.696548127546202989e-01 2.925237255830754002e+00 3.000000000000000000e+00 1.300000000000000000e+01 2.000000000000000000e+00 -2.337310320068324643e+02 2.970499999999923944e+02 1.966821750640357358e-02 -9.569963166178295788e-01 2.107401725530707315e-01
9.530602495922867456e-01 1.442831302667392901e+00 2.396020858232609907e+00 7.587265447723884115e+00 1.848097865492872582e+00 9.134738225275065293e-01 6.243971105077523731e-01 3.411007807893930543e+00 6.000000000000000000e+00 9.000000000000000000e+00 2.000000000000000000e+00 -1.918552089271699117e+02 2.700900000000045225e+02 3.550638057947977710e+00 -1.912837363990947115e-01 6.228974454910320979e+00
1.708345251617169547e+00 2.566838051610550231e+00 6.842489142082331277e+00 3.463916774631317086e+00 9.595528021665472584e-01 7.537426659819109753e-01 3.825953427717305178e-01 2.840826703038110246e+00 6.000000000000000000e+00 1.300000000000000000e+01 2.000000000000000000e+00 -2.078843522577417957e+02 3.901299999999891384e+02 8.012095161092012141e-01 -5.330214533016447431e-01 6.258916802977020133e+00
9.293481402562975280e-01 9.598044310732780637e-01 7.055980006001462357e+00 8.508312627074225531e+00 1.089434690557373964e+00 7.178912939598014464e-02 5.499268984287557505e-01 3.110433275353848614e+00 6.000000000000000000e+00 1.100000000000000000e+01 2.000000000000000000e+00 -4.341080993064783229e+02 3.301100000000244563e+02 1.681581870665413092e+01 1.938469180542865336e-03 5.763567760950482895e-05
1.519785511081023444e+00 1.426974804553580833e+00 7.819059846682151260e+00 6.223430808257204738e+00 1.890382563552940542e+00 5.743707165053235641e-02 2.873680435480905904e-01 2.593629731810681349e+00 6.000000000000000000e+00 1.100000000000000000e+01 1.000000000000000000e+00 -4.185592578992249173e+02 3.301100000000244563e+02 1.584401611870079485e+01 -2.743380903135647086e-01 6.279351390261465937e+00
1.922417018168645075e+00 1.431772001977420494e+00 1.689116427349528049e+00 2.745658016059048911e+00 1.476629917410383852e+00 1.356889705324990647e+00 2.479474884300985615e-01 2.427105010322966105e+00 4.000000000000000000e+00 8.000000000000000000e+00 2.000000000000000000e+00 -1.496086791017568487e+02 1.473600000000006389e+02 1.910617991358537840e-02 -9.580029578665393286e-01 6.066139323686631890e+00
1.759014265341055872e+00 1.039443329275840266e+00 3.696222145657923175e+00 4.708420153420233234e+00 1.667605337541255173e+00 1.613830737469038379e+00 4.960520830918601076e-01 2.770758973449765961e+00 6.000000000000000000e+00 1.500000000000000000e+01 1.000000000000000000e+00 -2.727412704116764530e+02 4.501499999999774104e+02 2.979141900730485570e+00 -2.495130330547357667e-01 2.233383564868413884e-01
2.650082449507636717e+00 7.269244891071747761e-01 6.313015319214634324e+00 6.852531487368842988e+00 1.229729320038490448e+00 5.399490902474568532e-01 2.019455951836874319e-01 2.156724367452266033e+00 4.000000000000000000e+00 1.000000000000000000e+01 2.000000000000000000e+00 -1.488540302570437746e+02 2.970999999999990564e+02 1.900189106526620902e-02 -9.502450491288909618e-01 6.239199737433098747e+00
2.171690106882239402e+00 2.476959537552522406e+00 5.776868940307553935e+00 4.380868690813114696e+00 3.586295512993197265e-01 7.228120454227696667e-01 2.019216052538819473e-01 2.378547492318400902e+00 1.000000000000000000e+01 1.500000000000000000e+01 2.000000000000000000e+00 -2.200232516741175914e+03 1.540500000000029672e+02 7.700469796323405447e+00 -1.545241809574493308e+00 6.137450655502967756e+00
6.062329615388658555e-01 6.877837385955832827e-01 6.336481064554337017e+00 7.718560575231035337e+00 2.705571375703303971e+00 1.390190506526348457e+00 2.951855064237285386e-01 3.909312571706384354e+00 8.000000000000000000e+00 1.100000000000000000e+01 3.000000000000000000e+00 -2.203159885873227267e+03 7.226999999999968338e+01 1.043905536707669945e+01 -9.255748888954039799e+00 5.100260094714910153e+00
7.870506859277410783e-01 2.022726738417662595e+00 4.110833757509139375e+00 5.062236085454632217e+00 9.718834355691170490e-01 5.629468855100238089e-01 5.565948141221204182e-01 3.477964651820046438e+00 4.000000000000000000e+00 1.400000000000000000e+01 2.000000000000000000e+00 -4.815538792022728671e+02 4.201399999999720194e+02 1.696774245014292859e+01 6.650183379571884823e-02 5.507193603698980200e-02
7.305596219990935225e-01 2.718296279428555451e+00 3.726663536736359195e+00 5.037068779288173204e+00 2.167666644970470458e+00 8.094140960840778831e-01 6.969739916736922281e-01 3.535195009796636256e+00 7.000000000000000000e+00 6.000000000000000000e+00 1.000000000000000000e+00 -1.417481453857592442e+02 1.800600000000052887e+02 3.232384086609788376e+00 -9.203686930706174441e-02 3.144610599311066512e-02
1.297624243631408270e+00 1.259203524195110280e+00 4.768120935240281355e+00 4.838340402104480020e+00 1.672941997455635210e+00 7.867942512427690271e-01 3.382451480628088092e-01 3.785384887534480214e+00 7.000000000000000000e+00 5.000000000000000000e+00 2.000000000000000000e+00 -4.488847089189606265e+01 8.924999999999707256e+01 1.646693074359555087e-02 -9.480466445268758147e-01 6.275933578095646226e+00
1.914438642893406373e+00 1.527607898137100406e+00 4.924327130151961107e+00 7.999152059490295841e+00 4.845179925816559541e-01 1.258187545697127818e-01 9.873616635491013760e-01 3.026427303895553145e+00 4.000000000000000000e+00 1.500000000000000000e+01 3.000000000000000000e+00 -2.531153400244037641e+02 4.501499999999774104e+02 1.752521251525940738e+00 -1.462152191408951363e-01 6.283050705102233735e+00
1.762554187874516565e-01 1.492860215351067499e+00 4.127955791278970388e+00 6.047513115762260583e+00 9.400038982239611318e-01 7.750678385492579814e-01 1.118296009892408710e-01 4.513679924609888872e+00 4.000000000000000000e+00 1.000000000000000000e+01 3.000000000000000000e+00 -2.110718706650410695e+03 4.100000000000031264e+01 5.638669165650655124e+00 -1.799139781632083057e+01 7.223542679201711003e-01
1.375610519006824628e+00 2.188105084395141287e+00 3.422951450364623671e+00 5.008328130054029437e+00 1.671478468511363058e+00 8.722963690989038454e-01 6.955228901569210365e-01 3.463226729864025799e+00 7.000000000000000000e+00 5.000000000000000000e+00 1.000000000000000000e+00 -4.684001320981256100e+01 9.299999999999685940e+01 2.125082561338312651e-02 -7.582743329619303640e-01 6.181737377510005516e+00
