9.968685210377044026e-01 2.488412787443864627e+00 5.150873873495117827e+00 5.815567939708771839e+00 1.657076755144197833e+00 5.092003234158600788e-01 3.470987955300165462e-01 4.698139208546107781e+00 5.000000000000000000e+00 1.900000000000000000e+01 3.000000000000000000e+00 -1.025501793886325686e+04
1.960827935766694452e+00 1.559121038187310848e+00 4.486448773083075992e+00 4.120604326938860140e+00 2.596720930280050244e+00 3.814922786572009228e-01 4.967423778064774531e-01 4.157172768499322046e+00 8.000000000000000000e+00 1.300000000000000000e+01 4.000000000000000000e+00 -3.517941435432484241e+02
1.331717794981023939e+00 1.837064201657985230e+00 5.983875529993291309e+00 3.269061546122435491e+00 2.076094075813575746e+00 1.277752652235481623e+00 3.440077188690295884e-01 3.634954863896849631e+00 6.000000000000000000e+00 9.000000000000000000e+00 5.000000000000000000e+00 -2.124967996488427673e+02
1.251983589351872705e+00 2.608820174394305802e+00 3.998189497581319252e+00 6.208057072478882610e+00 1.178863445786926700e+00 1.705000769323446352e+00 5.159985920714349472e-01 4.209565206744475319e+00 4.000000000000000000e+00 1.300000000000000000e+01 3.000000000000000000e+00 -3.124667216647431474e+02
2.092735270237556122e+00 1.599544104442995218e+00 6.622258489824200289e+00 5.156867110144526478e+00 2.546412636251364603e+00 1.525426690852946354e+00 5.270088698892284595e-01 4.298744785397728307e+00 4.000000000000000000e+00 1.300000000000000000e+01 4.000000000000000000e+00 -1.018612031553343149e+04
2.362516525132185130e+00 2.385008148380918680e+00 5.659237789766787152e+00 6.114514011195920418e+00 1.157475885091477474e+00 1.225433440434144039e+00 7.634605437193270339e-01 3.580070773241200932e+00 3.000000000000000000e+00 1.400000000000000000e+01 2.000000000000000000e+00 -1.034522067355551007e+04
1.781791702030911750e+00 2.464545340941676876e+00 6.133138744025279365e+00 5.125711243624562208e+00 1.704009130597349708e+00 1.732917043132868873e-01 5.266862666747340604e-01 4.333359010820556634e+00 9.000000000000000000e+00 1.500000000000000000e+01 4.000000000000000000e+00 -1.125393552624731797e+02
2.239562402151397347e+00 2.416192707215255364e+00 6.214324301258127292e+00 3.239019922416244590e+00 1.808684701929495153e+00 1.769175205963861242e+00 4.792454919268596680e-01 4.714826391260150906e+00 2.000000000000000000e+00 7.000000000000000000e+00 2.000000000000000000e+00 -3.122080669502603882e+02
1.821423340027451321e+00 2.739915869708415386e+00 6.081362371435870884e+00 5.368583179419423423e+00 2.234956187681937934e+00 1.471452502179614763e+00 3.721519301452413386e-01 4.314751995792267536e+00 5.000000000000000000e+00 7.000000000000000000e+00 3.000000000000000000e+00 -3.127318542517320452e+02
1.583665692533959390e+00 2.466674921230519235e+00 2.691491726247824623e+00 4.220307355114088388e+00 2.040365819092810895e+00 1.244681905349911410e+00 5.803192418496538885e-01 4.229170363710743175e+00 7.000000000000000000e+00 1.100000000000000000e+01 4.000000000000000000e+00 -3.056572145808312939e+02
1.983206575735256383e+00 2.237899447243365092e+00 4.169252384657594845e+00 4.295760683165503302e+00 1.054540548766957464e+00 1.574963756299952777e+00 6.061847639445291369e-01 4.142121189090767430e+00 7.000000000000000000e+00 1.200000000000000000e+01 2.000000000000000000e+00 -3.029510754542672544e+02
2.359257692782690707e+00 2.500142153343471563e+00 8.436499875196403764e+00 4.220044998298492445e+00 8.813778212416528701e-01 7.100872388179224615e-01 4.134850213643443961e-01 4.048450010294924795e+00 7.000000000000000000e+00 1.100000000000000000e+01 3.000000000000000000e+00 -2.098961217536288473e+02
1.364909660483120124e+00 2.304862951076239064e+00 3.512019972721037497e+00 4.309328880086115809e+00 6.389652591380091673e-01 1.200968959754624032e+00 5.327944185710166147e-01 4.303576793059752603e+00 3.000000000000000000e+00 1.200000000000000000e+01 5.000000000000000000e+00 -3.109430998388256739e+02
1.802347494859244170e+00 2.369872591438022980e+00 4.830758433779708483e+00 4.876447719348709242e+00 1.451659759723842757e+00 2.273005696189069003e+00 6.889080334141524098e-01 3.565640553464175522e+00 3.000000000000000000e+00 1.100000000000000000e+01 3.000000000000000000e+00 -1.114720125864744347e+02
2.466523669708746702e+00 2.228582426947288475e+00 4.181283930090295087e+00 5.955096060331853458e+00 1.408321750852655763e+00 5.736016966186071597e-01 3.847421988921624347e-01 4.097006166428098339e+00 7.000000000000000000e+00 1.100000000000000000e+01 2.000000000000000000e+00 -3.069116924134957003e+02
1.373517442167538460e+00 1.839364275669578497e+00 4.916928459888742609e+00 3.934095904885611894e+00 2.883424163171873555e+00 2.142081663537975800e+00 1.941213713210373781e-01 4.262872664755526841e+00 2.000000000000000000e+00 1.300000000000000000e+01 2.000000000000000000e+00 -3.108473439542595429e+02
1.183768255332226627e+00 2.113357525368359191e+00 5.124562654238083326e+00 3.162711738921642812e+00 1.537782707378587466e+00 7.276364695608781297e-01 3.500354038977132043e-01 4.477208570006894206e+00 5.000000000000000000e+00 6.000000000000000000e+00 4.000000000000000000e+00 -1.662075355934422660e+01
2.192079391112863096e+00 2.627615803525611859e+00 5.686447721666068489e+00 6.927300203481883578e+00 1.316990024563680750e+00 1.725372803879154704e+00 7.531592117136667319e-01 3.985227898440099725e+00 3.000000000000000000e+00 9.000000000000000000e+00 3.000000000000000000e+00 -1.011630879838866713e+04
1.299222307254189968e+00 2.828957760321064274e+00 4.389985985842108640e+00 3.388446783394583051e+00 2.241569998836596245e+00 2.095613477912048883e-01 3.337033126287714535e-01 4.464407990571766405e+00 1.000000000000000000e+01 1.200000000000000000e+01 3.000000000000000000e+00 -1.156515360807285902e+02
2.279557387943263791e+00 2.747512397011631968e+00 6.685413622545045342e+00 3.383469727160167917e+00 2.431230240067795201e+00 1.414599259904386841e+00 4.015544115632487254e-01 4.307631168258788001e+00 7.000000000000000000e+00 1.000000000000000000e+01 5.000000000000000000e+00 -3.132598599239493637e+02
1.970884855058732565e+00 2.744851497087950953e+00 5.866543958266049685e+00 5.868024450816337279e+00 1.289106288635842645e+00 2.154686040732476826e+00 3.030430864582340789e-01 3.787602075298357907e+00 4.000000000000000000e+00 1.600000000000000000e+01 4.000000000000000000e+00 -3.043672204336584741e+02
2.430969223510269117e+00 5.742085591971435310e-01 5.853830255216082357e+00 4.016891663751107622e+00 2.433783399273904635e+00 8.132767385885091294e-01 6.825216323106210181e-01 4.148857916235429322e+00 1.000000000000000000e+00 7.000000000000000000e+00 2.000000000000000000e+00 -1.031964847545730663e+04
1.538284082582040080e+00 2.871581303900853754e+00 4.446228948942350989e+00 3.046555640378713736e+00 9.756318525101274064e-01 1.402200485131150254e+00 8.169845921724186999e-01 4.725603629291863506e+00 0.000000000000000000e+00 8.000000000000000000e+00 3.000000000000000000e+00 -3.034582909291680153e+02
1.018604990874062421e+00 2.718682802067572180e+00 3.838401630749475935e+00 4.218180643696419096e+00 9.218953877229898453e-01 7.256803121291937053e-01 3.588954660646367922e-01 3.578781997088514633e+00 7.000000000000000000e+00 7.000000000000000000e+00 4.000000000000000000e+00 -1.089858401802748631e+02
