1.471419684815974960e-01 2.836231582012344266e+00 5.365199185487512068e+00 5.485516525595534709e+00 1.213940001447180617e+00 3.153880354037079670e-01 3.386625279669911448e-01 4.687728914419700743e+00 1.000000000000000000e+00 1.100000000000000000e+01 3.000000000000000000e+00 -3.125383454950481905e+02
6.291467857735062452e-01 2.689344639029480621e+00 3.818505175640078964e+00 2.995129391463949631e+00 1.302294630754912363e+00 1.180754051812067384e-01 4.555719281416250044e-01 4.271582090618761818e+00 4.000000000000000000e+00 1.000000000000000000e+01 4.000000000000000000e+00 -2.513604510488445101e+02
1.976253555673663564e+00 1.385407668224577948e+00 2.175583700272506693e+00 1.589240447939552325e+00 2.894024789344084692e+00 1.484306890292077297e+00 7.731188093173519960e-01 3.694647780802632120e+00 8.000000000000000000e+00 1.000000000000000000e+01 3.000000000000000000e+00 -3.072569680718055452e+02
1.222996281148093445e+00 2.449712734926046576e+00 4.189294359312928151e+00 2.272025674651469096e+00 1.313889485294208903e+00 1.487112455932181110e+00 3.856662481414773747e-01 3.500531436783002270e+00 4.000000000000000000e+00 1.500000000000000000e+01 5.000000000000000000e+00 -3.617972914537946849e+02
1.526035763066872386e+00 2.777567966864641136e+00 3.677399107304556658e+00 6.743621441877889033e+00 2.050779540998402872e+00 1.055871528456578723e+00 5.422089622984762602e-01 4.462581651589257348e+00 6.000000000000000000e+00 1.100000000000000000e+01 4.000000000000000000e+00 -3.114328277502202127e+02
5.174842990979817703e-01 1.761455407021417896e+00 1.329489918961445749e+00 5.693673059049339180e+00 6.230863251652365431e-01 1.199208438789724607e+00 4.624857401768948106e-01 3.048294103760666118e+00 8.000000000000000000e+00 6.000000000000000000e+00 5.000000000000000000e+00 -1.122319709996683628e+02
1.516706254554550437e+00 2.303070919897717950e+00 3.268735048269189480e+00 5.177235391538471454e+00 2.296926070815833221e+00 1.270118718263813840e+00 3.920331060699714376e-01 3.500686066122959517e+00 7.000000000000000000e+00 8.000000000000000000e+00 4.000000000000000000e+00 -1.003895220376830548e+04
2.150892395836489612e+00 2.868059666534918506e+00 3.225536804880285935e+00 6.738005658276216003e+00 1.605423360066851268e+00 1.158877417430701939e+00 3.614606017537580485e-02 4.440620083931393403e+00 3.000000000000000000e+00 1.000000000000000000e+01 1.000000000000000000e+00 -3.100172347372460422e+02
2.407625459458399231e+00 2.527006995351290364e+00 6.826353637170481825e+00 4.098733801216711825e+00 2.530427170479419008e+00 2.104242664339016411e+00 8.002137563123512543e-01 3.850501556096128208e+00 5.000000000000000000e+00 1.200000000000000000e+01 2.000000000000000000e+00 -1.021773001531195587e+04
1.018610827984414380e+00 2.015451263175485952e+00 4.382890363121454413e+00 4.881529795495063162e+00 2.208109026211876547e+00 1.726909967511274679e+00 6.724160367663603033e-01 3.660464972572250897e+00 7.000000000000000000e+00 1.200000000000000000e+01 3.000000000000000000e+00 -1.017675039145003211e+04
2.153396774600611074e+00 1.630675561563232234e+00 8.766781934415977418e+00 6.096148294373572973e+00 1.557395061498333844e+00 5.763583838409467308e-01 2.630378324583917404e-01 4.907949863130879109e+00 5.000000000000000000e+00 1.400000000000000000e+01 3.000000000000000000e+00 -1.026415528983509830e+04
1.107316557874246987e+00 2.233421037710185519e+00 3.546797281950718084e+00 5.942278794297138234e+00 1.010354283615473747e+00 1.204692550180075372e+00 1.834339427610818807e-01 3.300886921867116630e+00 9.000000000000000000e+00 1.200000000000000000e+01 3.000000000000000000e+00 -3.112174300060651149e+02
1.510798965019780837e+00 2.811092474232039340e+00 3.732742711877477859e+00 4.275945424092698843e+00 1.692419783631543106e+00 1.295539874212960019e+00 4.986092816582854415e-01 4.173235199888221558e+00 6.000000000000000000e+00 1.000000000000000000e+01 2.000000000000000000e+00 -1.032126082499968106e+04
1.006516644023790930e+00 2.800397146653363922e+00 3.049021824762132127e+00 5.852819513914647054e+00 7.454540782681556843e-01 7.444621521365342165e-01 1.260265627987772752e-01 4.298364855596561895e+00 6.000000000000000000e+00 7.000000000000000000e+00 5.000000000000000000e+00 -2.105866420115951030e+02
2.950564466000769936e+00 8.883449130071893185e-01 6.121989666544260800e+00 4.732487382259929376e+00 2.767419967282050308e+00 1.243126262771653057e+00 7.065340085014419902e-01 3.419159234299918193e+00 6.000000000000000000e+00 1.400000000000000000e+01 4.000000000000000000e+00 -3.745746421400694999e+02
1.134368477455506508e+00 1.607882163742040627e+00 4.486408241044490097e+00 3.102659995257283754e+00 2.111542435802456819e+00 1.832063814440820781e+00 4.682193139221467737e-01 4.046033232482165509e+00 9.000000000000000000e+00 1.100000000000000000e+01 3.000000000000000000e+00 -3.110845161712606455e+02
1.862839032912122050e+00 2.184740636594204144e+00 4.283207049973783320e+00 8.004964041453764167e+00 1.932969799895737806e+00 2.469871657566029555e+00 6.000403537755776284e-01 4.527903442615916596e+00 6.000000000000000000e+00 1.500000000000000000e+01 1.000000000000000000e+00 -3.102644395725387199e+02
1.402823882997074501e+00 1.436909056441097121e+00 6.269403821987491909e+00 2.780772670700533133e+00 2.275906667832117591e+00 2.039247005529008838e+00 7.138374979218407024e-01 3.828796340112555541e+00 6.000000000000000000e+00 1.300000000000000000e+01 4.000000000000000000e+00 -3.736623473059436833e+02
2.760900417079524605e+00 2.748722082310088410e+00 4.889342518245308966e+00 9.136323419230977905e+00 8.903598145083383431e-01 1.456774141107067155e+00 7.404403028304823442e-01 2.190691267172269363e+00 8.000000000000000000e+00 1.800000000000000000e+01 4.000000000000000000e+00 -1.115980598900229097e+02
2.213726742551774151e+00 9.787499876904126594e-01 9.920140091784505287e+00 6.183641325134793476e+00 2.600012392234553715e+00 7.315583252968647088e-01 1.256289747645388255e-01 4.670564119734485153e+00 7.000000000000000000e+00 1.700000000000000000e+01 3.000000000000000000e+00 -2.064377130337550454e+02
1.103538105296699268e+00 2.896621991140336139e+00 4.756538453885277740e+00 6.350636550605755382e+00 1.811171104613010230e-01 4.986849779836175500e-01 5.034944412383453027e-01 4.749613695251646561e+00 2.000000000000000000e+00 7.000000000000000000e+00 2.000000000000000000e+00 -3.102119180979182147e+02
2.197324788861802602e+00 5.235131418124293612e-01 7.972108207867353968e+00 5.636592641806633885e+00 2.858438323878865095e+00 7.652275966665981199e-01 5.369030138902844973e-01 4.676498333566059706e+00 6.000000000000000000e+00 1.300000000000000000e+01 3.000000000000000000e+00 -3.135225258005498858e+02
2.625402800932866043e+00 1.479365006796868220e+00 7.131977137894312868e+00 5.257450571760722724e+00 1.961887468812835378e+00 5.261417964383258150e-01 9.368429965164694062e-01 3.893082579564340673e+00 5.000000000000000000e+00 1.900000000000000000e+01 3.000000000000000000e+00 -1.016745940369766868e+04
1.244720134868235517e+00 2.807377967514885331e+00 3.374307450549732135e+00 3.986690384985743130e+00 2.452200932870283623e+00 1.758423775510112641e+00 5.959789505447018465e-01 4.123028457266767255e+00 1.000000000000000000e+00 1.100000000000000000e+01 3.000000000000000000e+00 -1.109973440450380764e+02
