1.687656692001547221e+00 5.602437043759168622e-01 6.739165875584465226e+00 3.546485122071215468e+00 9.426021375291143700e-01 5.099142653355279720e-01 7.581063869941936373e-01 3.958588513857288493e+00 5.000000000000000000e+00 1.400000000000000000e+01 4.000000000000000000e+00 -2.300287511467143759e+03 3.374000000000009436e+01 1.771359446669650239e+01 -5.151663198972808111e+00 1.518962681798959879e+00
2.673341485785695415e+00 2.155151190004732653e-01 6.669687386434098642e+00 7.824386265235323101e+00 8.337809751120273116e-01 2.507177718862346527e+00 3.379708416686117434e-01 3.911965856347748627e+00 1.100000000000000000e+01 1.400000000000000000e+01 4.000000000000000000e+00 -2.214240699379602120e+03 5.432000000000017792e+01 1.169254371122511849e+01 -3.715358116317025949e+00 5.370323442753465848e+00
2.074052800371079197e+00 2.993170766432474705e-01 2.154171287644235377e+00 5.588323620785681456e+00 1.169807449354436368e-01 7.536104877356453180e-01 2.143054439321674387e-01 3.514897744362349918e+00 1.000000000000000000e+00 6.000000000000000000e+00 2.000000000000000000e+00 -2.259142971371723888e+03 1.782000000000000384e+01 1.563956071073275034e+01 -2.715287366938770486e+00 6.054550656255905494e+00
1.093394964015822701e+00 7.875587896093734219e-01 5.325591946123997111e+00 1.600256895998208861e+00 4.164359822185725868e-01 2.753627471597997478e-01 6.810515155341975158e-01 3.570146463038957219e+00 2.000000000000000000e+00 1.900000000000000000e+01 4.000000000000000000e+00 -2.274185506375338718e+03 2.175499999999978797e+02 1.033815664845875837e+01 -2.999817617160604133e+00 1.157705267520909992e-01
1.286573761768295743e+00 1.411366611161067430e+00 8.840754878496694502e+00 2.048299393600837348e+00 4.617257440799252266e-01 1.787560892123669642e-01 8.430193360266553526e-01 3.537169035671632322e+00 2.000000000000000000e+00 1.400000000000000000e+01 5.000000000000000000e+00 -2.307036996159089995e+03 1.139600000000004201e+02 1.562856225994310400e+01 -7.066183229836148882e+00 1.708068271929113813e+00
2.178064206623768317e+00 7.667521436610150731e-01 6.387595989489735615e+00 1.105170529791994927e+00 3.666467938276566363e-01 9.339994148684720165e-02 9.768945692258835800e-01 3.133865710326696252e+00 3.000000000000000000e+00 1.700000000000000000e+01 4.000000000000000000e+00 -3.650407582235984592e+02 5.101700000000154773e+02 6.872234888974418254e+00 -1.171420697921899262e-01 1.218371462155763418e-01
1.756579598861494951e+00 1.108519665341236582e+00 6.658175014428474370e+00 5.383063367016508671e+00 7.819140475135215596e-01 1.591261305299145556e+00 3.291411185167206765e-01 3.186737754327833461e+00 9.000000000000000000e+00 1.400000000000000000e+01 4.000000000000000000e+00 -2.145840069883341130e+03 1.127000000000004150e+02 5.593129367708808530e+00 -3.383582197796620950e+00 9.138593658311618961e-01
7.231504943129519747e-01 1.516139554457269112e+00 7.060939111899811493e+00 4.067775555295339629e+00 1.973731026833255298e+00 2.219570006621225833e+00 5.259253245032959878e-01 3.144260983674654231e+00 5.000000000000000000e+00 3.000000000000000000e+00 2.000000000000000000e+00 -2.289467942227900949e+03 7.980000000000021743e+00 1.784237138924380162e+01 -2.566947549761608993e+00 6.215010076816786189e+00
2.345907672951490053e+00 1.478167074005337867e+00 7.525537658803163055e+00 1.417263400603975265e+00 1.042309263553491405e+00 5.872987129517315275e-01 5.586523092863120432e-01 3.722475539647526421e+00 6.000000000000000000e+00 1.900000000000000000e+01 3.000000000000000000e+00 -2.287304604259138614e+03 8.720999999999943952e+01 1.523122526619617467e+01 -5.439905365340218069e+00 2.236031584885886492e+00
1.164849971288836050e+00 6.721634790382788882e-01 2.183968253889237321e+00 2.083913413300785500e+00 6.919636601504844942e-01 7.816129460012192220e-01 5.884900895526846698e-01 3.969359130929652313e+00 5.000000000000000000e+00 1.200000000000000000e+01 3.000000000000000000e+00 -2.192481100232801055e+03 5.159999999999966747e+01 1.041756876455008829e+01 -4.007602477834704580e+00 2.836723902753974791e+00
1.984610897662230311e+00 9.073691331611321020e-01 5.202540609167006558e+00 5.863380505992201286e+00 1.023396727424448649e+00 2.021150260557965872e+00 2.811517439342847147e-01 3.883105814797724875e+00 6.000000000000000000e+00 8.000000000000000000e+00 2.000000000000000000e+00 -2.260810782518298311e+03 2.783999999999975827e+01 1.543067390739366651e+01 -3.249575011955526893e+00 5.027155514986764828e+00
1.696851730166777372e+00 3.295148851104984788e-01 5.532028823608954760e+00 2.010849542611931717e+00 2.497336034233171853e-01 8.060660011266059799e-01 9.727855440170373180e-01 3.639823580735240149e+00 3.000000000000000000e+00 1.600000000000000000e+01 3.000000000000000000e+00 -2.265462481863440644e+03 5.583999999999951314e+01 1.484640511646505701e+01 -6.086149312387373556e+00 1.332226113257382938e+00
1.019600684332143903e+00 5.995128119383843490e-01 4.796628420661845915e+00 1.796309304348608027e+00 5.424584034936691390e-01 6.353249484723315632e-01 6.600552585986474430e-01 3.806271068393407120e+00 4.000000000000000000e+00 1.800000000000000000e+01 5.000000000000000000e+00 -2.307611106156749429e+03 2.802600000000080627e+02 1.046756913479658024e+01 -1.029227720673947388e+01 3.156579211290787335e+00
1.758051010604624986e+00 1.030208438382148373e+00 7.873447186160834832e+00 2.317219542881092220e+00 8.623288223492091564e-01 5.899374238738845921e-01 6.881548906225420925e-01 2.900110928690572631e+00 5.000000000000000000e+00 1.400000000000000000e+01 4.000000000000000000e+00 -2.245896204010197380e+03 1.588999999999974762e+02 1.040288775063740445e+01 -8.119082080906629528e+00 4.435265891868826138e+00
2.057249187388194400e+00 1.609687425968862606e-01 4.204031255621364593e+00 3.948725875389455187e+00 1.640857095362877605e-01 7.967472645807773812e-01 6.531433361798202331e-01 3.757631027538286261e+00 6.000000000000000000e+00 2.000000000000000000e+01 4.000000000000000000e+00 -2.277405270630049017e+03 5.260000000000020748e+01 1.569407941437808063e+01 -2.401043446605216403e+00 1.554535946657017165e-01
1.898642272572343526e+00 7.214782830155112014e-01 1.919159656988650653e+00 1.063580533733452516e+00 5.439771139129512267e-01 2.923291759399619938e-01 9.171674412606447557e-01 3.662248191644763562e+00 5.000000000000000000e+00 1.400000000000000000e+01 4.000000000000000000e+00 -4.326163574689044822e+02 1.332799999999999727e+02 1.833927669542032013e-02 -5.085946952685565847e+00 1.371883174444291642e+00
1.762500926913831867e+00 8.546712436976164895e-01 4.868730980105183015e+00 5.553809480113110375e+00 2.401044324311577327e+00 6.450614306425126454e-01 2.677419303867836220e-01 3.438251431241404532e+00 6.000000000000000000e+00 9.000000000000000000e+00 2.000000000000000000e+00 -2.277061290937570448e+03 2.645999999999996533e+01 1.648945568359815894e+01 -4.673211018263747185e+00 8.795308500608313151e-01
1.752499445297100777e+00 7.173860122926014604e-01 2.375709376485083180e+00 1.377095758022742977e+00 8.400752852340106491e-01 1.957129067420038115e-01 5.803397930808043004e-01 3.484481986656632557e+00 5.000000000000000000e+00 1.700000000000000000e+01 4.000000000000000000e+00 -4.058981342491077271e+02 4.340100000000083469e+02 7.951975104526269600e-03 -2.413822878933569172e+00 9.849362742746267108e-01
2.460679142051255930e+00 1.228672055492172399e+00 2.648418431351769797e+00 5.239537166292595138e+00 7.326126993125030573e-01 1.378392596825159799e+00 6.858723951271340491e-01 3.402688866286097014e+00 5.000000000000000000e+00 1.000000000000000000e+01 5.000000000000000000e+00 -2.257266623491447717e+03 3.550000000000023448e+01 1.496978896821548233e+01 -5.148559929132854762e+00 1.277547229989191901e+00
2.305396041198450874e+00 7.808944567489091160e-01 4.754164723163538220e+00 1.568222703739037938e+00 9.134241357181491772e-01 2.720644038103515738e-01 8.828339659363050318e-01 4.333402627739639357e+00 5.000000000000000000e+00 1.700000000000000000e+01 4.000000000000000000e+00 -2.224909638818762232e+03 1.241000000000010743e+02 1.017872742617259796e+01 -3.867372161919975682e+00 8.843806500885657007e-01
2.712782374929778140e+00 9.042757519446938952e-01 3.439486273283731244e+00 7.557864783145088694e+00 4.394207524674219600e-01 1.822129448871768975e+00 4.999764129799109114e-01 2.955141466655478943e+00 1.000000000000000000e+01 1.100000000000000000e+01 4.000000000000000000e+00 -2.267675953304843461e+03 3.706999999999986528e+01 1.557130958155271294e+01 -2.851776392385074743e+00 4.757767563613345407e-01
2.362222309975646528e+00 1.461206885764850139e+00 5.897423079262845924e+00 3.540116623317510314e+00 5.638426129242790630e-02 9.305882596127226236e-01 6.961020168715108536e-01 3.155102788213693721e+00 8.000000000000000000e+00 1.500000000000000000e+01 3.000000000000000000e+00 -2.272405503975827287e+03 5.054999999999969873e+01 1.544565649848921574e+01 -2.739109781822496537e+00 5.515484581322920299e-01
1.270472721246933112e+00 3.438644946541336012e-01 3.343556261266587448e+00 1.598249600067816800e+00 1.247067705209483846e+00 4.467690083450653327e-01 7.058131828686923237e-01 3.421024439191741706e+00 4.000000000000000000e+00 1.400000000000000000e+01 5.000000000000000000e+00 -2.131673010450277616e+03 7.350000000000025580e+01 5.932688153142344767e+00 -1.531024099489497736e+01 2.453326029155705967e+00
1.577940786817521035e+00 1.320851928875128811e+00 6.659450700163699111e+00 1.588175701254647798e+00 4.380434784573650209e-02 4.687367269435754880e-01 7.011455670319745037e-01 2.903788336610161558e+00 6.000000000000000000e+00 1.600000000000000000e+01 4.000000000000000000e+00 -2.278767805608115395e+03 5.519999999999952678e+01 1.569798785050724099e+01 -1.494782265117599040e+00 6.080786573186251154e+00
1.740939690472885770e+00 7.391892397006618598e-01 5.941853430478937881e+00 1.239410685784428701e+00 1.187598011150622579e+00 4.462356629744645975e-01 8.031351905612241771e-01 4.069118634226367881e+00 1.000000000000000000e+00 1.600000000000000000e+01 4.000000000000000000e+00 -2.301659542581202004e+03 1.052799999999984664e+02 1.556372141132520071e+01 -5.362560383746526327e+00 4.516115304217789728e+00
2.638128054902401765e+00 5.918155473990071025e-01 4.806033258898086302e+00 3.160398320556727647e+00 2.749442671707955088e-01 6.847542039646226097e-01 6.753954185830629564e-01 4.313791167316621156e+00 1.000000000000000000e+00 1.800000000000000000e+01 5.000000000000000000e+00 -2.274255195063389692e+03 5.147999999999993292e+01 1.553219969146185697e+01 -4.453217534379415810e+00 1.061711503615977659e+00
2.240235654031614398e+00 3.431741843014372018e-01 6.048582432522634278e+00 2.267584941900851359e+00 6.991698034621108837e-01 4.126129898014734704e-02 7.517914457298076059e-01 3.508295095015150356e+00 3.000000000000000000e+00 1.900000000000000000e+01 5.000000000000000000e+00 -2.330907914900753894e+03 3.594799999999962097e+02 9.447994681297243957e+00 3.271616359404571073e-01 1.985574158366523734e-01
1.454226832930177071e+00 1.403791595090745137e+00 3.773108941472358868e+00 7.949752922222319107e+00 1.833500008108739365e+00 4.554010865877292091e-01 7.106501262415658715e-01 3.805000333907305965e+00 5.000000000000000000e+00 1.500000000000000000e+01 1.000000000000000000e+00 -2.276990504743351266e+03 5.684999999999963904e+01 1.553534404645946410e+01 -3.501778480446682718e+00 1.093790058425955891e+00
1.728301169335668241e+00 8.776118166893772665e-01 4.682923610562067296e+00 1.144331094250105929e+00 9.774916176471368789e-01 2.097440144357791691e-01 6.241894050539628092e-01 4.050411281892815296e+00 2.000000000000000000e+00 1.900000000000000000e+01 5.000000000000000000e+00 -2.320740634966911784e+03 6.307999999999972118e+01 1.807503968543197814e+01 -3.113959834120436199e+00 1.184413453474500111e+00
2.009164544217777681e+00 3.077516504399042674e-01 5.923430307676772699e+00 1.485841765645332657e+00 2.560900451664971378e-01 9.599202285889529840e-02 8.423480367580562511e-01 3.612731502179777898e+00 5.000000000000000000e+00 1.800000000000000000e+01 4.000000000000000000e+00 -2.286737876500398215e+03 8.640000000000075886e+01 1.522111728127486430e+01 -3.086668959459720085e+00 1.165357966522297062e+00
2.422521166405908311e+00 5.990966737662617447e-01 4.165417954322862215e+00 7.756388609866141870e+00 5.618707687270924067e-01 1.852147482577763071e+00 5.163556519634604491e-01 2.749185170494047981e+00 8.000000000000000000e+00 1.800000000000000000e+01 3.000000000000000000e+00 -2.279928796085164777e+03 6.245999999999991559e+01 1.554367475532280807e+01 -6.245341146189108628e+00 1.974009145845940782e+00
2.009463222630474721e+00 1.128263387139445406e+00 4.221677528003729307e+00 5.269346569417279191e+00 1.447619528869133587e+00 2.509256714588333992e+00 3.275638312848425659e-01 3.792412374614613668e+00 1.000000000000000000e+01 4.000000000000000000e+00 2.000000000000000000e+00 -2.254027424661908299e+03 1.155999999999992944e+01 1.551546404136927393e+01 -2.780041957913442996e+00 2.047150380806300185e-01
2.539463393142768144e+00 2.671305486351846503e-01 4.422103989549203362e+00 8.939493907829508146e+00 8.069101603218133967e-01 2.270652834856910385e+00 4.391570878943215073e-01 2.629746318719403231e+00 1.100000000000000000e+01 1.200000000000000000e+01 5.000000000000000000e+00 -2.269618111531597606e+03 5.507999999999959329e+01 1.512988197072485264e+01 -1.491476879813517842e+00 7.949029390971257270e-01
2.665366650762835299e+00 1.127090132127594568e+00 2.478285122759565695e+00 2.282958857020386034e+00 6.655184605114269902e-02 6.348757373998996645e-01 4.643384549047806509e-01 3.804738601382211094e+00 5.000000000000000000e+00 1.200000000000000000e+01 4.000000000000000000e+00 -2.262829733453795598e+03 3.252000000000007418e+01 1.541060834086223430e+01 -3.686488493284518331e+00 6.186623951327585580e+00
2.014231562340988102e+00 5.437506719524394239e-01 2.524590021773395421e+00 1.032963873415669642e+00 4.732949681491195326e-01 5.090599873089749483e-01 5.297907651147875097e-01 3.901587717323183657e+00 3.000000000000000000e+00 1.600000000000000000e+01 5.000000000000000000e+00 -2.288822959127797276e+03 7.759999999999905640e+01 1.562643494548735390e+01 -3.441420564491541878e+00 1.229598458755356116e+00
2.508820695327840244e+00 4.467521270696925839e-01 5.574474854286313175e+00 8.418756164929027008e+00 1.274781288427579762e+00 1.934065997379647683e+00 4.319175010794056302e-01 3.456192413359498783e+00 8.000000000000000000e+00 1.600000000000000000e+01 4.000000000000000000e+00 -2.277188592000592962e+03 5.551999999999951996e+01 1.558928700003707846e+01 -7.245436316727573711e+00 2.494584392983922427e+00
2.961534420129573242e+00 5.404574976571039358e-01 4.308233426092379581e+00 4.670407559885362048e+00 1.983005954633023427e+00 1.634842066890925150e+00 6.376734928225525900e-01 4.428490599598667643e+00 5.000000000000000000e+00 1.100000000000000000e+01 4.000000000000000000e+00 -2.267281023319173983e+03 3.893999999999985562e+01 1.548818895744836333e+01 -1.465443738836482934e+00 2.079239230729619525e-01
1.758686225848310913e+00 6.622877070466076654e-03 4.230695494959635816e+00 1.999194112376225352e+00 6.372143739638406190e-01 8.709005256332194023e-01 8.126826330364870232e-01 3.010168443312232878e+00 5.000000000000000000e+00 1.700000000000000000e+01 4.000000000000000000e+00 -2.327002168790603264e+03 4.741300000000121031e+02 5.621073049412335543e+00 -5.810572335668533483e+00 1.569851841828189043e+00
2.109615682513578783e+00 3.906128532159595101e-01 8.688024139420242875e+00 1.727551373119575073e+00 9.119696679063151734e-01 1.982507685613769388e-01 7.248961729798053533e-01 3.154572395316822764e+00 3.000000000000000000e+00 1.700000000000000000e+01 4.000000000000000000e+00 -2.388722904660594395e+03 4.632500000000110845e+02 9.818619041286812177e+00 1.220799976402314607e-01 6.250666898772571756e+00
2.247480523779077366e+00 8.787329865148751917e-01 8.074004677765737270e+00 9.154258358252318928e+00 4.089158001432783296e-01 1.866691927072297474e+00 7.476696470195063338e-01 4.340671940998276135e+00 9.000000000000000000e+00 9.000000000000000000e+00 3.000000000000000000e+00 -2.290424662907000311e+03 1.727999999999997982e+01 1.761154143168750608e+01 -5.816596232934257316e+00 9.526590965573731307e-01
1.773625127596438311e+00 1.324817101183726864e+00 4.903017481076598294e+00 2.002362026591272492e+00 1.530199555379357701e+00 9.622949383005355295e-02 6.747055328515241257e-01 4.326296444452005119e+00 3.000000000000000000e+00 1.800000000000000000e+01 4.000000000000000000e+00 -2.279327613258451038e+03 5.687999999999992440e+01 1.568047582865320422e+01 -5.021490724740611533e+00 4.991592984440221592e+00
6.273850672415439700e-01 1.572455474439698797e+00 7.529343221929568841e+00 4.602598642045814259e+00 1.839536336973709663e+00 1.430414870290433349e+00 4.142791413090639585e-01 3.260844421390358683e+00 4.000000000000000000e+00 6.000000000000000000e+00 3.000000000000000000e+00 -2.186945511399506358e+03 3.491999999999980986e+01 1.059284446246916289e+01 -1.275013203544330409e+01 1.659985963501975581e+00
2.490489400515444984e+00 9.942532054273410802e-01 3.264357539837712263e+00 9.426300692174720552e+00 7.758732197962294741e-01 2.375581397509613168e+00 3.138523693044976692e-01 2.502049333669611908e+00 1.100000000000000000e+01 1.700000000000000000e+01 4.000000000000000000e+00 -2.288897337487129789e+03 7.055000000000053717e+01 1.585139609294558660e+01 -2.973455225519335610e+00 4.974727739467709853e+00
1.878494622272975256e+00 1.125547472763249512e+00 4.749580236802692923e+00 5.362010495734998550e+00 8.873870124924695402e-01 1.218574055920954358e+00 2.477665571902240571e-01 2.867840288865182607e+00 1.100000000000000000e+01 1.200000000000000000e+01 3.000000000000000000e+00 -2.136554746806964886e+03 1.053600000000009658e+02 5.242171675435294276e+00 -2.295243836972418183e+00 9.410695527097014956e-01
2.586275953103635228e+00 1.419852040178487540e+00 4.010597721775461366e+00 6.096242500922067542e+00 1.764524805877269453e-01 5.268470570204887293e-01 7.317781097656874678e-01 3.764181368729494714e+00 1.000000000000000000e+01 1.300000000000000000e+01 4.000000000000000000e+00 -2.268576762658482949e+03 3.535999999999998522e+01 1.568104766615518031e+01 -2.853749465608574010e+00 6.197802045591092934e+00
1.958296580634737882e+00 1.230288476112692653e+00 3.961385986443094698e+00 2.089476491268708269e+00 1.206043075968172174e+00 2.305404968369162699e-01 8.476710609554736209e-01 3.786193699471141372e+00 1.000000000000000000e+00 1.700000000000000000e+01 5.000000000000000000e+00 -2.302721130373150118e+03 4.811000000000031207e+01 1.741663314832185705e+01 -2.816865666027999815e+00 2.567789834257798165e-01
2.663125071150781675e+00 1.133927038492817729e+00 4.403874317718575071e+00 2.722284704988203963e+00 7.041399134029416862e-01 3.425196717459437767e-01 8.368082313474004552e-01 3.751858637603016522e+00 2.000000000000000000e+00 2.000000000000000000e+01 4.000000000000000000e+00 -2.266346269745468817e+03 2.051999999999968907e+02 1.023414185909189378e+01 -5.028562938664659754e+00 5.238966686985767396e+00
1.500265799585518200e+00 5.336996526387860484e-01 4.123009199150729387e+00 1.163467965651235225e+00 7.513462685856823198e-01 4.603835236505904316e-02 7.330803834323136314e-01 3.653147384033760936e+00 3.000000000000000000e+00 1.800000000000000000e+01 4.000000000000000000e+00 -5.534872305506625025e+02 5.401800000000090449e+02 1.771232690941612375e+01 2.026440673862111852e-01 2.989186940875421597e-02
