1.419913138126314811e+00 2.600885453943063474e+00 4.822031962204070155e+00 8.076241327367057465e+00 2.839903019287119967e+00 9.889641470842324145e-01 5.992387199611556303e-01 2.709640896310003377e+00 7.000000000000000000e+00 8.000000000000000000e+00 3.000000000000000000e+00 -2.261536329224940800e+03 3.247999999999966292e+01 1.533102057655881190e+01 -2.391439369999297071e+00 3.043026674086243832e-01
1.385966386329090971e+00 2.113955790936768775e+00 1.603905953424523689e+00 5.319684500519635151e+00 2.877484752140978763e+00 1.014546362736737706e+00 8.707124070820118078e-01 2.428497217356159865e+00 9.000000000000000000e+00 1.700000000000000000e+01 3.000000000000000000e+00 -2.296474457298384550e+03 9.265000000000075886e+01 1.563434108114899068e+01 -2.791947385584549579e+00 5.028127236801046784e+00
1.720183789398906038e+00 2.711769932732889465e+00 2.681984351885670748e+00 5.639990381419107912e+00 1.351372360314166299e+00 1.185446090087455273e-01 8.362069077816650653e-01 4.175868110788375276e+00 1.100000000000000000e+01 1.500000000000000000e+01 5.000000000000000000e+00 -2.271242422800597978e+03 2.208000000000054968e+02 1.005265142503722053e+01 -4.370200209887007858e+00 1.215707377138283585e+00
2.739056786152305190e+00 1.939359642947465545e+00 1.504944578526069110e+00 4.693040635336414468e+00 1.630969808555128964e+00 4.266557469177824635e-01 6.878141802970217933e-01 3.315929276048849239e+00 7.000000000000000000e+00 1.400000000000000000e+01 3.000000000000000000e+00 -2.122074613774044337e+03 6.720000000000023022e+01 5.529663360877767886e+00 -1.086879921309939689e+01 4.816001065560064909e+00
1.494939786999461839e+00 2.033317774660415633e+00 1.751048841065732553e+00 3.802281953600078257e+00 2.604213687095733309e+00 1.150326413212239968e-01 8.977143947195068696e-01 3.831018148112557142e+00 4.000000000000000000e+00 8.000000000000000000e+00 1.000000000000000000e+00 -2.186136345434911163e+03 3.455999999999961858e+01 1.055352158968197784e+01 -6.954739452627531016e+00 1.467988013225946853e+00
1.091167597939897371e+00 1.745508594422991999e+00 2.193244791793655946e+00 3.706324441670777681e+00 2.102090444635904110e+00 2.740791556299457365e+00 3.367964831315798380e-01 3.704150454226059708e+00 0.000000000000000000e+00 6.000000000000000000e+00 3.000000000000000000e+00 -2.258282891680349621e+03 2.075999999999994117e+01 1.549393073002185162e+01 -5.395952343365380877e+00 2.018482689000849373e+00
1.730048798566520052e+00 1.290781940147540663e+00 3.414610047101113377e+00 5.350941772381963446e+00 1.665402621157853869e+00 4.775228306243112786e-01 7.773622933583659300e-01 2.122833806954000035e+00 9.000000000000000000e+00 1.100000000000000000e+01 4.000000000000000000e+00 -2.758978611706171478e+02 3.301100000000244563e+02 6.927678823162805699e+00 2.592851365356716453e-01 6.141849084752633026e+00
1.389433254487133507e+00 1.841147208755153031e+00 3.784911275616049231e+00 6.312083526024467872e+00 2.806790869941186095e+00 5.820435655485540760e-01 7.098719964979375296e-01 2.916113880581022944e+00 6.000000000000000000e+00 1.000000000000000000e+01 3.000000000000000000e+00 -2.217333746023449294e+03 1.532999999999955776e+02 8.792734126465722611e+00 -6.867877187241495207e+00 2.308028270424936412e+00
2.541720369474341101e+00 8.590435938796029403e-01 2.456732628280344333e+00 4.331694168768673414e+00 1.767346230810340479e+00 3.993016492828289077e-01 7.477131478127404529e-01 2.547085383961065208e+00 7.000000000000000000e+00 9.000000000000000000e+00 5.000000000000000000e+00 -2.004801680257411931e+02 1.360800000000038779e+02 2.357414652210199774e-02 -1.153228019650281322e+00 6.256402051020586441e+00
2.337390312345321242e+00 9.768392650343675765e-01 6.698321981099187639e+00 2.081831842796304066e+00 2.842435576468998359e+00 8.741625108619832663e-01 5.927064362040500578e-01 4.286469289348657341e+00 8.000000000000000000e+00 1.200000000000000000e+01 1.000000000000000000e+00 -2.263734009270495790e+03 3.576000000000000512e+01 1.536587557940599780e+01 -6.813115726418082829e+00 1.924387413892073129e+00
2.837593733614942160e+00 2.330071741710353805e+00 5.680471669376231603e+00 7.334447851465243140e+00 2.345325569148574374e+00 4.021156794262309431e-01 8.204262251261100758e-01 2.187023521010901472e+00 1.100000000000000000e+01 1.600000000000000000e+01 4.000000000000000000e+00 -5.171836584629839990e+02 4.801600000000302657e+02 1.731897865393555236e+01 6.371982556454462709e-02 6.237503844407608078e+00
1.002495603815108938e+00 7.482515282202575335e-01 4.478709054655533706e+00 2.858540932112526356e+00 2.333029025103249054e+00 1.314431547415109147e+00 5.943810432461129611e-01 2.947255953256743055e+00 7.000000000000000000e+00 3.000000000000000000e+00 4.000000000000000000e+00 -2.097150405713306554e+03 2.391000000000014936e+01 5.324712857081642881e+00 -2.134064156437752047e+00 7.004875767661633557e-01
2.040044307525921141e-01 1.645026359079773570e+00 4.812927044436882795e+00 5.599411109481127191e+00 2.189342783000760573e+00 1.398436626531677440e+00 1.556341687840420707e-01 3.192612680955763338e+00 3.000000000000000000e+00 3.000000000000000000e+00 2.000000000000000000e+00 -2.246077324733803380e+03 1.148999999999994692e+01 1.502077029586269674e+01 -3.843791213876635915e+00 1.309183424919818206e+00
2.460744640244250103e+00 2.702905054436871346e+00 3.863084815838826458e+00 6.694484248997591536e+00 2.219991354980540788e+00 1.384569168538663519e-01 9.190150224147317637e-01 2.435477123413010148e+00 8.000000000000000000e+00 9.000000000000000000e+00 4.000000000000000000e+00 -2.700592900752169498e+02 2.624400000000066484e+02 1.469401908135762463e-02 -1.044652457284654723e+00 6.276615591078458678e+00
3.537829693906009432e-01 7.103811952940013441e-01 1.225707802197272045e+00 4.253622645018950266e+00 2.719135775540640232e+00 7.516917954528001822e-01 8.643743864342990912e-01 2.589747842383073539e+00 8.000000000000000000e+00 1.000000000000000000e+01 3.000000000000000000e+00 -2.199505974189148219e+03 6.420000000000062812e+01 1.046287338682175161e+01 -6.567244114115000642e+00 3.896494108221028263e+00
1.335787414258525985e+00 1.936453704303723766e+00 3.426233983921160853e+00 5.739292443482244543e+00 2.144042943436928361e+00 7.162061381510990143e-01 5.962054789491908480e-01 2.395024543678561546e+00 1.000000000000000000e+01 1.400000000000000000e+01 4.000000000000000000e+00 -3.264368085109769595e+02 4.201399999999720194e+02 7.272925531936933474e+00 -2.398240687779765179e-01 6.187405559842234837e+00
2.119567393814655087e+00 1.997430649272359693e+00 1.023683045474433229e+00 5.075603715282029249e+00 1.253079191977234608e+00 3.021563193254602764e-01 8.536074976861836028e-01 2.272940675104434316e+00 7.000000000000000000e+00 1.300000000000000000e+01 5.000000000000000000e+00 -2.279183072045652352e+03 2.299699999999947408e+02 1.026237950285342748e+01 -6.292803026677257217e-01 6.064571285346802121e+00
2.424801276535254235e+00 2.932957023837206467e+00 1.527714483950096902e+00 6.423623748822111956e+00 2.697720446180082998e+00 2.662451977311284246e-01 5.943159849315919896e-01 4.350112610673650515e+00 9.000000000000000000e+00 1.100000000000000000e+01 2.000000000000000000e+00 -2.206646603026917546e+03 8.282999999999962881e+01 1.032697518918235779e+01 -3.352450272957941735e+00 5.152988126843548677e+00
2.443012598141607317e+00 2.522949619733076965e-01 5.223740860229067806e+00 9.288306432947845082e+00 1.210136483463273960e+00 1.519651236772081582e+00 5.032713943537949763e-01 2.435206506816287142e+00 9.000000000000000000e+00 1.000000000000000000e+01 4.000000000000000000e+00 -2.264389654511776371e+03 5.750000000000054712e+01 1.472747840698599830e+01 -4.399393439219332791e+00 1.774654798732003380e+00
2.817508387435523787e+00 2.919314152674913565e+00 5.374094466878724496e+00 1.184848853835222648e+00 1.335669145516202860e+00 2.542963440785912521e+00 5.340670118698527258e-01 2.716103495438318305e+00 8.000000000000000000e+00 1.400000000000000000e+01 1.000000000000000000e+00 -2.285553353539771251e+03 8.722000000000031150e+01 1.512145959623568281e+01 -1.956182632865833160e+00 2.349204976753530572e-01
2.390276009276738112e+00 9.668181322482674034e-01 3.551225013365733929e+00 9.190698061795130158e+00 2.775071935069687967e+00 9.546571395332463517e-02 8.429006635779215939e-01 2.335053879817207800e+00 1.100000000000000000e+01 1.200000000000000000e+01 4.000000000000000000e+00 -2.244723855759975777e+03 3.129600000000087903e+02 5.515240984998202478e+00 -1.929705404200351193e+00 1.182395492278607158e-01
1.939395225729922068e+00 2.524243729105169809e+00 1.002140430861481413e+00 6.839726458565528411e+00 1.951009680379987676e+00 1.264335379586922770e-03 6.639249336953014780e-01 2.630188271816075396e+00 1.000000000000000000e+01 5.000000000000000000e+00 4.000000000000000000e+00 -2.258386892556056409e+03 1.895000000000013429e+01 1.555699328475352594e+01 -1.226255443451574001e+00 5.740032603058065064e+00
1.009066777838609541e+00 1.224798944972930848e+00 3.767685927858421380e+00 6.847132442941401109e+00 1.190741724608634700e+00 7.352742888633367890e-02 2.672859492766998524e-01 3.346037398548282304e+00 6.000000000000000000e+00 7.000000000000000000e+00 5.000000000000000000e+00 -2.212585533532497266e+03 8.903999999999780357e+01 1.050409584578113176e+01 -1.319883284043344318e+00 2.090582812875495522e-01
2.129660448526178751e+00 2.494587719664219883e+00 5.648340882763138282e+00 3.893043732366274767e+00 2.071143463192670175e+00 1.218309598790616066e+00 9.900534083936838314e-01 2.293987669324587753e+00 8.000000000000000000e+00 1.000000000000000000e+01 3.000000000000000000e+00 -2.148562157799254692e+03 1.236999999999972459e+02 5.419509862453487870e+00 -7.625014989904602913e+00 3.488020907574280294e+00
2.212375072088131667e+00 1.448402929752644397e+00 3.753682079518497083e+00 5.554564347478830655e+00 1.667220730781562299e+00 1.470465308884773004e-01 5.282138840791186229e-01 2.804872819726405009e+00 1.000000000000000000e+01 1.900000000000000000e+01 4.000000000000000000e+00 -4.019349614614799862e+02 5.701900000000110822e+02 7.302497591342152816e+00 1.419090946953208698e-01 3.529581823038290683e-02
2.496898537688022390e+00 2.117775871704450807e+00 4.067549277855285972e+00 2.431027379434862912e+00 2.254261683681776596e+00 4.359532735741805665e-02 9.098813745776489492e-01 2.637472199471318834e+00 4.000000000000000000e+00 1.400000000000000000e+01 5.000000000000000000e+00 -2.160930895629631323e+03 1.517599999999981719e+02 5.315680976852008577e+00 -1.001187615939549147e+01 3.582535578440250390e+00
1.404352237715020379e+00 2.425456446818612388e+00 5.486312470377440853e+00 5.523078478944231762e+00 2.723526853393753555e+00 7.315218280842077370e-01 5.461794861400344203e-01 2.212062952971126428e+00 5.000000000000000000e+00 9.000000000000000000e+00 5.000000000000000000e+00 -2.182975763643110895e+03 2.019600000000063744e+02 5.124735227694225514e+00 -8.201612441064670023e+00 2.151427816466381593e+00
2.245318174706645742e+00 2.184300213305709448e+00 2.000120669187235301e+00 4.193670668030928361e+00 1.193075426323606081e+00 1.227471448881799709e+00 6.978418679031590521e-01 2.579682382301853316e+00 1.100000000000000000e+01 2.000000000000000000e+00 5.000000000000000000e+00 -2.252223250455931066e+03 8.679999999999903793e+00 1.549270315349570559e+01 -1.330341129642273801e+00 2.740055147257968934e-02
1.764242770817196826e+00 2.886725044229818238e+00 5.994638448179797408e+00 5.980485210264825824e+00 2.367338046066763013e+00 1.668865367864324600e+00 5.666697832851681493e-01 3.183857545602873262e+00 1.100000000000000000e+01 1.400000000000000000e+01 5.000000000000000000e+00 -2.290229977300602513e+03 8.176000000000028933e+01 1.558437358128763783e+01 -2.563645422600275392e+00 1.247098918642954635e+00
2.122297814279133554e+00 1.968745979201720342e+00 3.909144300446901976e+00 8.544332414440727774e+00 1.816859848300475866e+00 1.116815104768869249e+00 9.392673671619358178e-01 2.672729898572912433e+00 7.000000000000000000e+00 1.100000000000000000e+01 5.000000000000000000e+00 -2.295467328525974608e+03 9.173999999999958277e+01 1.559983303287341982e+01 -5.317155058710921978e+00 2.030612534836849115e+00
2.645498098777041562e+00 1.313659278193792357e+00 2.002743122621420291e+00 5.314193664946588846e+00 1.787313613286114711e+00 6.246210497996774746e-01 6.185348342017050749e-01 3.169881127244693175e+00 1.000000000000000000e+01 1.100000000000000000e+01 4.000000000000000000e+00 -2.190190186772274501e+03 4.476999999999982549e+01 1.048782417326714977e+01 -4.525568249502642360e+00 1.251010628909742239e+00
6.181790282814817461e-01 1.946618276344500131e+00 7.040982379919247691e+00 7.581684144283474147e+00 7.918264164154379392e-01 2.683308176312316551e+00 3.051976185797942165e-01 4.022694791361191236e+00 6.000000000000000000e+00 1.300000000000000000e+01 1.000000000000000000e+00 -2.263310973431458933e+03 3.171999999999992426e+01 1.546568583946617537e+01 -9.341382762101794413e+00 2.751514405724334367e+00
1.990706744239820303e+00 2.163098269935250340e+00 3.926459578194004152e+00 3.851271959734415162e+00 1.821399345111584633e+00 8.427139769858866813e-01 6.726068027282688933e-01 2.253878583294691929e+00 8.000000000000000000e+00 1.100000000000000000e+01 4.000000000000000000e+00 -2.779139889233332497e+02 3.021700000000209911e+02 2.341047102319066681e-02 -1.252978725226141288e+00 4.717281034941584600e-02
2.562126918293067490e+00 1.034451285347291360e+00 9.127934193265383911e+00 6.026271100018558258e+00 1.485374222697738444e+00 1.670224077372636007e+00 5.759340611061426474e-01 3.008731227550703657e+00 3.000000000000000000e+00 1.600000000000000000e+01 5.000000000000000000e+00 -2.264397977315199114e+03 1.940799999999965735e+02 1.045987358220005170e+01 -1.033866399630470312e+01 4.610821387337589172e+00
2.072266756785808628e+00 1.734388471264425746e+00 2.018561500259989039e+00 6.804909656790478323e+00 1.254809203246823879e+00 2.618864319419389464e-01 3.607033172454802705e-01 2.244965249423132470e+00 1.000000000000000000e+01 1.000000000000000000e+01 4.000000000000000000e+00 -2.273492431914690769e+03 5.870000000000056417e+01 1.525890199466815567e+01 -1.017976007088704948e+00 1.344959649347808317e-01
2.774985462683067894e+00 1.279288065381573025e-01 6.555873746476465591e+00 5.183730713905802645e+00 1.247419325557106218e+00 6.682781799777961496e-01 5.779302332889306726e-01 3.901333412074433404e+00 7.000000000000000000e+00 1.300000000000000000e+01 5.000000000000000000e+00 -2.267528692033571133e+03 4.836000000000024102e+01 1.520929325209818828e+01 -5.985889627698128379e+00 2.151784794193106976e+00
8.579308167988470846e-01 2.849920325667101295e-01 7.225498140310304684e+00 8.415663537573911057e+00 1.725725412739597564e+00 2.781879588475803633e+00 6.534756079067696177e-01 2.662341240697873701e+00 5.000000000000000000e+00 7.000000000000000000e+00 2.000000000000000000e+00 -2.290043667875009760e+03 5.208000000000019014e+01 1.650022924218810516e+01 9.762271902512543731e-01 6.816398308753021662e-02
1.499162013113410352e-01 2.329086262188834855e+00 5.515761542748564672e+00 6.081094654568631519e+00 2.778418605103485373e+00 1.937545605636562307e+00 1.056357308515201154e-01 2.446821336853671092e+00 4.000000000000000000e+00 1.000000000000000000e+01 2.000000000000000000e+00 -2.281648729751613246e+03 6.260000000000061959e+01 1.564679560947582715e+01 -3.861288788705089736e+00 1.875858954782283705e+00
1.600347842077216587e+00 9.627297322346838326e-01 4.768116201290853340e+00 3.008240947330260262e+00 2.213902045562625265e+00 2.159078233700144900e-01 7.314322042382379596e-01 2.781065926720480252e+00 1.100000000000000000e+01 1.800000000000000000e+01 4.000000000000000000e+00 -5.569064736986993012e+02 5.401800000000090449e+02 1.792602960616842722e+01 2.857713430269262500e-01 6.170201425165377174e+00
2.630857730467194067e+00 1.081195079956532412e+00 6.244250080778722456e+00 7.924694102824645370e+00 1.264546702426996516e+00 8.548668446326667114e-01 1.573655616344016295e-01 2.879824292039434575e+00 8.000000000000000000e+00 1.100000000000000000e+01 3.000000000000000000e+00 -2.272382038574635772e+03 4.619999999999981810e+01 1.558012741091473252e+01 -5.758787499906799390e+00 1.626234571403159856e+00
2.363862953556028934e+00 1.207014618131340367e+00 1.763940000919374196e+00 5.466310453516388890e+00 2.470031994824104515e+00 1.101324852674648858e+00 4.701869115041928948e-01 3.468880865007195169e+00 1.100000000000000000e+01 3.000000000000000000e+00 1.000000000000000000e+00 -2.253712611878852385e+03 1.046999999999996867e+01 1.552985074242826435e+01 -3.626044947563443199e-01 6.152092445157059331e+00
2.261173346998296640e+00 2.357585173995031980e+00 4.224608409885687088e+00 5.085861252390201592e+00 1.967307858349468752e+00 2.222108769642906767e-01 6.619309272061166816e-01 2.195206414268088935e+00 1.100000000000000000e+01 3.000000000000000000e+00 3.000000000000000000e+00 -2.181890463682798782e+03 2.484000000000018460e+01 1.059190398017491752e+01 -8.822902314492935272e-01 5.357895711755350732e+00
2.216432404218602770e+00 1.643794799034890008e+00 2.147146310780573497e+00 2.979350629772570702e+00 2.210057183229741540e+00 1.046356784185322963e+00 6.567587397845745523e-01 2.654067532314945854e+00 9.000000000000000000e+00 6.000000000000000000e+00 5.000000000000000000e+00 -2.189172648061822656e+03 4.248000000000009635e+01 1.049579050386391543e+01 -9.882937767725883393e-01 1.970886190363896617e-01
2.678232168546151870e-01 1.176616037031553930e+00 1.455912524715318623e+00 8.705266696375549174e+00 7.097126377683751208e-01 2.284619731263231035e+00 7.307959712629168436e-01 2.823850476203272564e+00 9.000000000000000000e+00 1.600000000000000000e+01 3.000000000000000000e+00 -2.202937445317291804e+03 6.687999999999928491e+01 1.059359033233077341e+01 -8.161500846089174033e+00 4.412650484271599893e+00
1.583362420359705647e+00 1.323258828917962759e+00 3.893472679045381746e+00 6.041029400996871246e+00 1.155352559624765796e+00 1.984344311552140638e+00 9.362788743313261719e-01 3.551836083461775484e+00 6.000000000000000000e+00 1.100000000000000000e+01 4.000000000000000000e+00 -2.264231465722697067e+03 3.442999999999987892e+01 1.543852910766856112e+01 -5.370115348474367778e+00 1.465483722972577008e+00
2.613899802629691571e+00 2.313681098670822056e+00 4.775586834036589678e+00 2.271071682855020146e+00 2.548555199976552554e+00 1.191295458289211462e+00 7.436536184932216464e-01 2.888632019350321212e+00 8.000000000000000000e+00 3.000000000000000000e+00 2.000000000000000000e+00 -2.253678609276955285e+03 1.283999999999991815e+01 1.545366307980969189e+01 -1.464605725261082902e+00 5.854402126806173001e+00
2.588228996960661998e+00 8.696648543017659883e-01 1.589501870651698789e+00 1.520178808042486285e+00 6.001176285299598678e-01 3.385551995151004911e-01 8.605129235142439104e-01 2.233684084140084458e+00 8.000000000000000000e+00 1.100000000000000000e+01 3.000000000000000000e+00 -2.139774641960982080e+03 1.074699999999995015e+02 5.377477622561404047e+00 -2.070493955470881886e+00 7.781005409728430910e-01
1.798448114130225761e+00 1.373017059785986982e+00 1.110116616364926756e+00 5.004459542622233137e+00 2.039082111207022763e+00 3.832859614006693949e-01 8.088269605120698147e-01 2.120514121215363534e+00 1.000000000000000000e+01 1.400000000000000000e+01 4.000000000000000000e+00 -2.255425527891422348e+02 2.097199999999925240e+02 1.689836031380496234e-02 -1.281153884586381242e+00 6.688937117305898683e-02
