2.386356404909383500e+00 2.217063174899527755e+00 3.385511764262124412e+00 5.347857247670669167e+00 6.723646324965468768e-01 9.287703409675217570e-01 7.661079658901339684e-01 3.164162557779533369e+00 1.100000000000000000e+01 3.000000000000000000e+00 5.000000000000000000e+00 -2.253033922726842320e+03 9.929999999999980176e+00 1.550430767042764479e+01 -3.083745454332165625e+00 1.234931180856672639e-01
1.342563078755921957e+00 7.412823743715977187e-01 5.244045817256928643e+00 7.540400394741848977e+00 2.597599792107214700e+00 2.072472049796323379e-01 9.392349495485313726e-01 3.348941240900781047e+00 1.000000000000000000e+01 3.000000000000000000e+00 5.000000000000000000e+00 -2.099781404650960667e+03 2.049000000000001975e+01 5.596025290685032516e+00 -2.663283873976918237e+00 1.279495300537046187e+00
1.392911438309828220e+00 1.315686992464805138e+00 6.716927594913762789e+00 5.749504696273167959e+00 1.397227850232156454e+00 2.851993840167487693e-01 7.143374927838425092e-01 2.786737342608181844e+00 8.000000000000000000e+00 1.800000000000000000e+01 2.000000000000000000e+00 -2.336053262991863448e+03 8.172000000000058151e+01 1.844957893699145401e+01 -4.707461738366375825e-01 9.463441134022373413e-01
4.674551859086024108e-01 6.193503587870716753e-01 4.415770274810736140e+00 6.222465846238575793e+00 6.874598199093893136e-01 7.097585466238716112e-01 9.222132474925092138e-01 2.439046611250550445e+00 9.000000000000000000e+00 1.000000000000000000e+01 3.000000000000000000e+00 -2.138033008204852649e+03 9.729999999999874660e+01 5.586438012803308872e+00 -5.792179295834692709e+00 2.549043766988704274e+00
1.001159870888999048e-01 1.708008457505691524e+00 4.115289140352688335e+00 8.927043566020948617e+00 1.645237468902721156e+00 1.470709678462808867e+00 4.619545662785660700e-01 2.359326823805673712e+00 7.000000000000000000e+00 5.000000000000000000e+00 4.000000000000000000e+00 -2.256466677458708091e+03 3.285000000000027143e+01 1.500260484116924076e+01 -2.773663971164591846e+00 5.705511940438345864e-01
1.343680081617562028e+00 2.526732063441434750e+00 4.318185863881007336e+00 2.403407659683118425e+00 1.314183708221634772e+00 1.812557999641121742e-01 6.729273639507475924e-01 2.389767162254851751e+00 9.000000000000000000e+00 1.600000000000000000e+01 4.000000000000000000e+00 -3.628965525466925897e+02 4.801600000000302657e+02 7.676034534167341050e+00 -3.330141468074708788e-01 4.774454845924750584e-02
1.162406943574861184e+00 9.175509256530696156e-01 8.562082961452755825e+00 6.178129337400022791e+00 1.622628188121114645e+00 6.868342707317475204e-01 8.927706791761974570e-01 2.186166219662875498e+00 1.000000000000000000e+01 8.000000000000000000e+00 4.000000000000000000e+00 -3.822666616418264880e+02 2.400800000000151329e+02 1.638916635261368171e+01 -7.254861397679880641e-02 6.401286185580883081e-02
2.337065830169829717e+00 2.803093272458117013e+00 2.237325490304819642e+00 6.829842156806013698e+00 5.578082946289226740e-01 7.804773956504599264e-01 5.579925231797031593e-01 2.702674879818016684e+00 9.000000000000000000e+00 1.100000000000000000e+01 2.000000000000000000e+00 -2.196341005556719665e+03 7.138999999999968793e+01 1.004037534729499370e+01 -2.500471612361683249e+00 2.714244728972722842e-02
1.545851807305110626e+00 1.502588969973127409e+00 6.279882597984802750e+00 9.879960020327592574e+00 1.400520362897448523e+00 4.555388588694003760e-01 8.082914044456621649e-01 2.559029193605246277e+00 1.000000000000000000e+01 4.000000000000000000e+00 3.000000000000000000e+00 -2.255045806648201506e+03 1.823999999999978883e+01 1.537036291551259382e+01 -1.530366202295238010e+00 6.086910054576579299e+00
1.755297080684919298e+00 9.968839199702332898e-01 5.444435410081864823e+00 7.561204495522301450e+00 2.450253762131979762e-01 2.121959623639580794e+00 2.605057953810724358e-01 3.047121077268413636e+00 6.000000000000000000e+00 1.500000000000000000e+01 3.000000000000000000e+00 -2.268956435989024612e+03 5.789999999999962910e+01 1.500040224931403721e+01 -7.426933227667140258e+00 3.940254820355192589e+00
2.876342462272265532e+00 6.260904345576706609e-01 4.998525897868700163e+00 9.550465257586802537e+00 1.864603851434273984e+00 1.711716740396528991e+00 6.491763961612290190e-01 2.385820900300883896e+00 5.000000000000000000e+00 1.000000000000000000e+01 3.000000000000000000e+00 -2.277311250997766820e+03 5.950000000000057554e+01 1.547257818736041912e+01 -1.127526730986270209e+01 2.683371588658730822e+00
4.275997116591070957e-01 1.803908021672404827e+00 3.507328221919488342e+00 7.646653238811456532e+00 1.111695397823430742e+00 2.454082436054134675e+00 8.695653606536292157e-01 3.252773640882446138e+00 1.000000000000000000e+00 2.000000000000000000e+00 3.000000000000000000e+00 -2.247096612465155431e+03 6.459999999999950226e+00 1.524166327907221685e+01 -5.065618107777589252e+00 2.090338084125097140e+00
1.524854666973200157e+00 2.715592661406444730e+00 2.552995555454864895e+00 9.868861534818913483e+00 9.550964499602765390e-01 7.583413104371714564e-01 7.460519429195969776e-01 3.155995918282255897e+00 6.000000000000000000e+00 1.200000000000000000e+01 4.000000000000000000e+00 -3.034019005707912697e+02 3.460800000000100454e+02 2.198308609853867612e-02 -2.829410797799578159e+00 1.401179924602473092e-01
1.348313471760304916e+00 7.844559912788686695e-01 5.008606134668731613e+00 8.589340309741865909e+00 6.365553004209993926e-01 3.214511507349316344e-01 4.894244733039514461e-01 3.058943086743517892e+00 1.100000000000000000e+01 8.000000000000000000e+00 5.000000000000000000e+00 -2.265681304056482077e+03 3.991999999999950433e+01 1.535758150353015594e+01 -2.928048486788252802e-01 5.956951711103432245e+00
1.270519854901183354e+00 8.401934261190396880e-01 6.951312881418798106e+00 9.687989244463466321e+00 1.237049631221218027e+00 3.734447404081835398e-01 6.402589157950083765e-01 2.938167016263092179e+00 7.000000000000000000e+00 1.100000000000000000e+01 5.000000000000000000e+00 -2.264658740898823453e+03 4.971999999999979991e+01 1.498742130617645785e+01 -2.634453853562650050e+00 1.049936956486826389e+00
1.170157623994938723e+00 6.134852990514392257e-01 7.651788146703613513e+00 8.664917861165061908e+00 2.026864904427630343e+00 1.444568366166474549e+00 8.378605435181946115e-01 2.786358356549414772e+00 0.000000000000000000e+00 1.600000000000000000e+01 5.000000000000000000e+00 -2.252913413245903939e+03 5.999999999999942446e+01 1.393208832786901752e+01 -7.878499334685340472e+00 5.393101334652756762e+00
1.556467172590114467e+00 5.556536912653007310e-01 7.447889308730625046e+00 9.410726929604800617e+00 1.504660608394703392e+00 1.067574097355013851e+00 7.213095327251716204e-01 2.557119896544910453e+00 1.000000000000000000e+01 7.000000000000000000e+00 4.000000000000000000e+00 -1.162426038803087351e+02 1.090599999999958527e+02 2.233747849806803215e-02 -1.730241925235669775e+00 2.761915137951658772e-01
2.912502142420533069e+00 1.500776205430169430e+00 8.283240654945664971e+00 3.775760293397105727e+00 3.553352292201639173e-02 6.268187588341714855e-01 8.619425609197955973e-01 3.054185418205780600e+00 7.000000000000000000e+00 1.400000000000000000e+01 5.000000000000000000e+00 -2.271574809415486925e+03 4.704000000000014836e+01 1.550342558846793928e+01 -3.399802628574896790e+00 4.017480320124450777e-01
2.293301279084197564e+00 8.457477453471810014e-01 3.811729179702976200e+00 7.683273627193146105e+00 1.323914413070923501e-01 1.658799939448878380e-01 8.044486073460099806e-01 2.832422826505734292e+00 4.000000000000000000e+00 2.000000000000000000e+00 5.000000000000000000e+00 -2.251428073092006798e+03 6.999999999999938716e+00 1.549550456825043199e+01 -2.930162557724389050e+00 6.270948135697511638e+00
6.756170602321742713e-02 1.143505860793318618e+00 6.227732650344316667e+00 8.699699506317481124e+00 6.511992354722928589e-02 4.435765956645161268e-01 6.230984154009771014e-01 2.614517501080598105e+00 1.000000000000000000e+01 1.300000000000000000e+01 4.000000000000000000e+00 -2.274538236290733039e+03 5.239000000000032031e+01 1.552145226817081891e+01 -2.080189446394908881e-01 1.381188548647070344e-02
1.085766221555341415e+00 2.073767116133112154e+00 5.499743823929065023e+00 9.788117789220525111e+00 2.015266588388006319e+00 4.249510913332563145e-01 5.318199240149640294e-01 3.191597817807189763e+00 5.000000000000000000e+00 1.100000000000000000e+01 3.000000000000000000e+00 -2.110530928879308249e+03 5.070999999999979480e+01 5.323495554956777731e+00 -1.423213592448337650e+01 3.431009455596874425e+00
1.671995495106336937e+00 5.209778731626880655e-01 1.495328307596374584e+00 6.899584675031771752e+00 1.275378907290168007e+00 2.428334427870509904e-01 8.895954843613942398e-01 2.316394183203859924e+00 9.000000000000000000e+00 1.500000000000000000e+01 4.000000000000000000e+00 -2.676865204416955066e+02 2.722500000000043769e+02 1.764937787362785490e-02 -1.309761623205754955e+00 3.552200732031046693e-02
4.450312871288870653e-01 6.918581922736943834e-01 3.436071335498347423e+00 6.579913552929314235e+00 9.010477713258185917e-01 1.238045034713562309e+00 9.320900867448036475e-01 3.510237977720661817e+00 1.100000000000000000e+01 8.000000000000000000e+00 4.000000000000000000e+00 -2.117926456193904869e+03 5.807999999999911722e+01 5.555403512119097442e+00 -7.865011773030046172e+00 1.708901717361541062e+00
9.883443433296421610e-01 1.741706824717073054e+00 5.004339962976419365e+00 3.584376658291744899e+00 4.607997881871639390e-01 1.026523512306150465e+00 8.704360869431394532e-01 2.625380807808158856e+00 6.000000000000000000e+00 1.600000000000000000e+01 5.000000000000000000e+00 -2.166857798431809897e+03 1.615999999999972658e+02 5.378612401988234204e+00 -6.100771121603806968e+00 1.308385597939469180e+00
1.751580214903029509e+00 4.980914228576907021e-01 3.768210756167891695e+00 6.601109623787362324e+00 1.681946637755390217e+00 8.739702591779404672e-01 4.846078746685808514e-01 2.487351316991975647e+00 6.000000000000000000e+00 8.000000000000000000e+00 5.000000000000000000e+00 -2.270422467320189298e+03 4.903999999999930992e+01 1.536890420751187314e+01 -2.279638340247479356e+00 6.367073884748379875e-01
3.917337782154197701e-01 3.152760543578603247e-02 6.315248547764472420e+00 8.806587042254378161e+00 3.701831015261300983e-01 9.086297363130464433e-01 7.639814862584575206e-01 2.719244738261737737e+00 9.000000000000000000e+00 4.000000000000000000e+00 4.000000000000000000e+00 -2.256128144050435367e+03 1.583999999999983821e+01 1.551300900315221831e+01 -3.985576312203457094e-01 5.907002969086669886e+00
6.586428251506424303e-01 1.714366258563440271e+00 5.920636099944247555e+00 4.650014729296902516e+00 2.327990515965971063e+00 2.860336159163912040e-02 6.810604279225688229e-01 2.603293781441540666e+00 9.000000000000000000e+00 1.000000000000000000e+01 3.000000000000000000e+00 -2.314148996439753773e+03 1.285999999999969816e+02 1.561556227748467407e+01 -4.851069211700072437e+00 4.778666877704084825e+00
9.510484468986800666e-01 1.610756678629677197e+00 5.917906748290777230e+00 3.609361135394074438e+00 1.004978401635848284e+00 1.539776228822940185e+00 9.922029551220329369e-01 3.030958838204941941e+00 7.000000000000000000e+00 1.100000000000000000e+01 2.000000000000000000e+00 -2.294353347973072232e+03 8.843999999999959982e+01 1.563333424831701635e+01 -2.371191254635706347e+00 1.611688078721958517e+00
8.948933216467560570e-01 2.351107048104151165e+00 5.829127656367572463e+00 4.104818186852499551e+00 1.531692008179061260e+00 1.222722971321244106e-01 6.151096504368295248e-01 2.609659432827804437e+00 2.000000000000000000e+00 7.000000000000000000e+00 5.000000000000000000e+00 -2.160379067231513091e+03 1.445499999999923944e+02 5.506504201969822709e+00 -8.424116211114442976e+00 1.617282196557243479e+00
2.728381082231153165e+00 5.556918001189791179e-01 5.786344047508880095e+00 6.857974668319235967e+00 1.077437665851137982e+00 1.670977276452959792e+00 3.967828212029348434e-01 3.819223152326558957e+00 9.000000000000000000e+00 2.000000000000000000e+00 3.000000000000000000e+00 -2.250360662704125389e+03 5.379999999999973248e+00 1.547941641900784759e+01 -3.750834005823644901e+00 1.625355398282168073e-01
4.075714033822624982e-01 3.827481078592555042e-01 3.721468504264446864e+00 7.266406422470122806e+00 2.896929125999510024e+00 7.746714075736896854e-01 8.243811179957509783e-01 2.281091939070480024e+00 5.000000000000000000e+00 1.500000000000000000e+01 4.000000000000000000e+00 -2.272541722730801666e+03 3.799499999999880515e+02 5.160420170675473983e+00 -2.431331523555623519e+01 3.661005171206436426e+00
1.656839404969969509e+00 1.194381488320168661e+00 9.082926395204843573e+00 7.144430345010730932e+00 2.453590601054365550e+00 1.262432908073696791e-01 9.642629828627236055e-01 2.731658292619902895e+00 6.000000000000000000e+00 1.200000000000000000e+01 5.000000000000000000e+00 -2.280096876611436528e+03 6.335999999999941679e+01 1.552605478821480034e+01 -8.120385702959611152e+00 1.934368385642559751e+00
1.433827741546108925e+00 1.728392100229794170e+00 2.652382733395698189e+00 8.944531895439425284e+00 1.931906780452878225e+00 1.220828098386746580e-01 9.657341189386450253e-01 3.140039600401597575e+00 9.000000000000000000e+00 1.000000000000000000e+01 4.000000000000000000e+00 -2.275322630864655366e+03 7.230000000000016769e+01 1.494828942904095648e+01 -4.190464055464873105e+00 1.026191940961618920e+00
1.384736958670591545e-01 7.827239414208357893e-01 3.278898112215166805e+00 7.429641660344561416e+00 1.359352804570255646e+00 2.996089007854210728e-01 8.916484868365806005e-01 2.705777400864419313e+00 6.000000000000000000e+00 5.000000000000000000e+00 4.000000000000000000e+00 -2.279134495625271484e+03 6.134999999999865139e+01 1.552871847657950966e+01 -1.240662018511638376e+00 4.989262128510512539e+00
1.706739042578790055e+00 4.035711023079424642e-01 2.027190853233428847e+00 7.866953794276078327e+00 1.819675509057664176e+00 6.920075200883217814e-01 6.363127199552063296e-01 2.176312020373183387e+00 6.000000000000000000e+00 1.700000000000000000e+01 3.000000000000000000e+00 -2.316894193933853330e+03 1.346400000000006116e+02 1.559838712086581758e+01 -7.644005060384079009e+00 3.846651640682183793e+00
6.391080240992326189e-01 1.416415556025932609e+00 4.750507088729228222e+00 1.060760902966338293e+00 2.053445546698859481e+00 7.824149354886837937e-01 5.284320545213706533e-01 2.060802207212667270e+00 1.000000000000000000e+00 1.000000000000000000e+01 5.000000000000000000e+00 -2.252946385941220342e+03 1.861999999999937074e+02 9.990399121326456466e+00 -1.069904150994706316e-01 1.204491113279764908e-01
1.256456050365057031e+00 1.179354948463606112e+00 2.415047578833797726e+00 7.315069524487181951e+00 2.797330163635238343e+00 1.925740136851621154e+00 7.011438257392413886e-01 3.091735540058868636e+00 8.000000000000000000e+00 1.100000000000000000e+01 4.000000000000000000e+00 -2.281489296659365209e+03 6.401999999999972601e+01 1.559245604121033146e+01 -7.268047970595436169e+00 4.168444399509551701e+00
7.993210862877133671e-01 1.540065806536608517e-01 8.648653590245114486e+00 7.782816311922441166e+00 1.462120180891064880e+00 5.412116819570886861e-01 8.379406710163501693e-01 2.250406840345810178e+00 1.000000000000000000e+01 1.300000000000000000e+01 2.000000000000000000e+00 -2.356508413754151206e+03 2.164499999999952138e+02 1.551771335963459464e+01 -5.335387029835145789e+00 2.912767748421007497e+00
2.147148548481032648e+00 3.789531357628475039e-01 8.068237417998387784e+00 6.086395338796480203e+00 8.292585818149249555e-01 4.596059349760117652e-01 8.617057320152282651e-01 3.392455296400326947e+00 1.000000000000000000e+01 1.900000000000000000e+01 5.000000000000000000e+00 -2.227064984128224751e+03 1.181799999999990689e+02 1.049843650801410888e+01 -2.733022020767599258e+00 4.235711127038082613e-01
1.096777364448353609e+00 2.882418115249924528e-01 1.872612568496410779e+00 5.633749016488373229e+00 1.178313527045974585e+00 4.025483420060055328e-02 8.778583918542215425e-01 2.087166807108930655e+00 6.000000000000000000e+00 1.700000000000000000e+01 4.000000000000000000e+00 -5.263934116139865864e+02 5.101700000000154773e+02 1.695677572587367621e+01 -2.943265369488810013e-01 1.217817486054412895e-01
1.296322442448258005e+00 2.095409902005009428e+00 1.994439417503519607e+00 6.063262483718449225e+00 1.371768429099061049e+00 1.294315048001825341e-01 9.066923135332831674e-01 3.500032133855754957e+00 1.000000000000000000e+00 1.100000000000000000e+01 4.000000000000000000e+00 -2.275055613002769405e+03 5.103999999999979309e+01 1.559597581267307653e+01 -3.858333419789210073e+00 5.314601687056296875e+00
7.827911378616116966e-01 1.824930087477337537e+00 2.863756069470407173e+00 9.007423231408647979e+00 1.393631727220630445e+00 1.048943424722734052e+00 2.274379873431299215e-01 3.724542037394789062e+00 6.000000000000000000e+00 8.000000000000000000e+00 3.000000000000000000e+00 -2.252757882815984431e+03 2.295999999999986230e+01 1.507986767599904532e+01 -4.476631351911577461e+00 5.299024764405461774e+00
1.968313112678801158e+00 2.618419030676618853e+00 4.771056338026958166e+00 3.573461265050701385e+00 2.991515297736565326e+00 6.778232793127862976e-01 6.078863684732933592e-01 4.255440518145848117e+00 1.000000000000000000e+01 5.000000000000000000e+00 3.000000000000000000e+00 -2.258660785328999737e+03 2.670000000000024443e+01 1.533192408306248566e+01 -6.109692695819920472e-01 5.935440278368327327e+00
2.006984957058806085e+00 1.532854911820448862e+00 9.817147405487196110e+00 5.530890361074545680e+00 2.624328919721492959e+00 1.552671963789988840e+00 7.395575224856942853e-01 4.595022512854925800e+00 2.000000000000000000e+00 5.000000000000000000e+00 2.000000000000000000e+00 -2.270559295061247212e+03 2.275000000000018829e+01 1.619901844132796498e+01 -1.717290034013127853e+00 1.015231374868796443e+00
8.145772337395855711e-01 2.038343627800368374e+00 7.762643278646744527e+00 6.165827261409985383e+00 1.802416525989709140e+00 4.824818469694936995e-01 8.331484991895130587e-01 3.974051389243255628e+00 1.000000000000000000e+00 1.100000000000000000e+01 5.000000000000000000e+00 -2.268494135952989382e+03 3.783999999999986130e+01 1.559838349706184069e+01 -1.581012047933241238e+00 1.072839950595704250e+00
2.477772316614911041e+00 2.796771450362360412e+00 4.010759381152861458e+00 4.695182942758498790e+00 1.984794000327507746e+00 8.873432767060502879e-01 7.872423028272267365e-01 2.038107225135001865e+00 8.000000000000000000e+00 8.000000000000000000e+00 4.000000000000000000e+00 -2.142963324572223428e+03 1.124799999999979576e+02 5.420207785764047159e+00 -4.538203684413218975e-01 8.403512053630578238e-02
2.053943541228435254e+00 1.925290916050368395e-01 2.145418986744470846e+00 7.412360375688571423e+00 2.947245492560941482e-01 2.773258616195484749e-01 4.084856861555243857e-01 2.355431658779839399e+00 8.000000000000000000e+00 1.500000000000000000e+01 3.000000000000000000e+00 -2.159360295813741686e+03 1.413000000000024841e+02 5.544393488358807076e+00 -3.993148155909507779e-01 5.823861334677030932e+00
1.566731067891280471e+00 2.599346502286607463e-01 6.421590095919468055e+00 8.962808598542880034e+00 1.233045536320595215e+00 8.555048308590622597e-01 7.681867305374060484e-01 2.273814830609218962e+00 1.000000000000000000e+01 1.100000000000000000e+01 4.000000000000000000e+00 -1.648319719334429863e+02 1.833700000000062573e+02 -2.846452960457112463e-03 -3.015837156081798476e+00 3.557784844784329104e-01
