1.045064123474545692e+00 6.600801952717663124e-01 2.116095882087253521e+00 3.151256758539251468e+00 1.609911134210147088e+00 8.211410215900679654e-01 6.447672389444826235e-01 3.523001845433613166e+00 1.000000000000000000e+01 1.600000000000000000e+01 2.000000000000000000e+00 -2.299138713291782096e+03 1.017599999999985414e+02 1.551616958073642039e+01 -4.410811809481048229e+00 4.877490428381752174e+00
2.247335444784589686e+00 8.016188465016342857e-01 7.114728713938874627e+00 9.353113976706472599e+00 1.171673208450245030e+00 9.331280630753533423e-01 8.431645401736402867e-01 3.053484038190162675e+00 1.000000000000000000e+01 1.000000000000000000e+01 4.000000000000000000e+00 -2.127248397785544967e+03 8.429999999999948557e+01 5.318649861596595585e+00 -1.499256234323126380e+00 7.650147670939458910e-01
1.841365829583369695e+00 9.415089716308246981e-01 2.556728810012404818e+00 6.171346078349648323e+00 1.517104684427781347e+00 3.981169964985827869e-01 8.984783593036688165e-01 2.262368108890117746e+00 5.000000000000000000e+00 5.000000000000000000e+00 4.000000000000000000e+00 -1.811192862614902310e+02 1.500499999999998693e+02 6.630892891343143525e+00 -1.608821278713985781e-01 1.782014852136191985e-02
1.235401004252993706e+00 2.351175857024722315e+00 3.081708518397451968e+00 7.274635378229389104e+00 2.545784736700614559e+00 3.281567651211236836e-03 4.343433293918843585e-01 3.515583892759059026e+00 6.000000000000000000e+00 7.000000000000000000e+00 3.000000000000000000e+00 -2.283036504875748960e+03 8.693999999999800821e+01 1.497290655473437226e+01 -1.162866423763038393e+00 5.829859364012455636e+00
5.857355286808545447e-01 1.265551251174484193e+00 8.032575079288344355e+00 7.665819414842778734e+00 2.614746754412735630e-01 5.824544840901869636e-01 9.721595129749324160e-01 3.642391085340753065e+00 3.000000000000000000e+00 1.800000000000000000e+01 4.000000000000000000e+00 -2.093507326884743179e+03 9.702000000000116131e+01 2.812332930296395972e+00 -1.922660787088258516e+01 3.711572150790084734e+00
1.797906116383040764e+00 8.130006057409051579e-01 9.515615659995948050e+00 2.158087336502787945e+00 8.450648007617547197e-01 1.794547745141609862e+00 5.284505771752140424e-01 2.869682096857425702e+00 1.100000000000000000e+01 9.000000000000000000e+00 4.000000000000000000e+00 -2.197881381391682680e+03 6.021000000000102403e+01 1.048602383698013796e+01 -1.033937013912846759e+00 5.923847672437433154e+00
1.247060275384913819e+00 1.210748701194793941e+00 8.155896209471249492e+00 8.238461562370455127e+00 6.760892147685908515e-01 7.209771496649697298e-01 9.810404384551012491e-01 4.158337890565237949e+00 1.100000000000000000e+01 7.000000000000000000e+00 5.000000000000000000e+00 -2.185397865303720664e+03 3.220000000000010942e+01 1.058111658148252232e+01 -2.953749890045947790e+00 5.577257534561013586e+00
1.635588548565024558e+00 6.254861601958612294e-01 4.279609277062670358e+00 4.237011206180386402e+00 4.692227458852592514e-01 3.728506980925864744e-01 5.135568585769141325e-01 4.033112936996461784e+00 3.000000000000000000e+00 1.300000000000000000e+01 3.000000000000000000e+00 -2.188788328955627549e+03 4.407000000000015660e+01 1.042208305972670601e+01 -9.692446125769116350e+00 3.476484877967824350e+00
6.133372639377165925e-01 2.368983740006435301e+00 5.194046183937916616e+00 4.949909719904145078e+00 2.284262729886590737e+00 2.639249111759607302e-01 8.903465225241544712e-01 3.390286568983834403e+00 5.000000000000000000e+00 1.700000000000000000e+01 5.000000000000000000e+00 -2.478952752423494076e+03 4.671600000000114505e+02 1.533579702646802012e+01 -7.298592187723428104e+00 3.610173008283035667e+00
1.523783798302104753e+00 2.951121893053887391e+00 5.590133621000484609e+00 4.553653497340995671e+00 1.297869028064589036e+00 6.776042408479792112e-01 6.521158566958454861e-01 2.811496895655263728e+00 1.000000000000000000e+01 1.100000000000000000e+01 4.000000000000000000e+00 -2.295587970227474273e+02 1.765500000000054115e+02 1.635159387012289842e-02 -1.147965081486912009e+00 2.178048270095593597e-03
5.355323704856702616e-01 2.244017102960996546e+00 4.719835954175413129e+00 3.862900416295068418e+00 2.910127760447935863e+00 4.982005683018585485e-01 5.299793107164268990e-01 3.202340417943601025e+00 1.100000000000000000e+01 8.000000000000000000e+00 3.000000000000000000e+00 -2.263953324561952741e+03 3.159999999999967812e+01 1.550958278512205091e+01 -5.623473781095379431e-01 4.618473845579821324e-01
6.428981481852531488e-01 1.889136324599337557e-01 4.677488650181927277e+00 4.377327192686029989e+00 1.238578400622203368e+00 6.759172813427769544e-01 8.616899270049941384e-01 3.515181099055567415e+00 9.000000000000000000e+00 9.000000000000000000e+00 5.000000000000000000e+00 -2.120758388972453758e+03 6.075000000000104450e+01 5.648961810778314607e+00 -2.022772487990380785e+00 1.313269328187825824e+00
1.076684653859297569e+00 8.195392784785839879e-01 6.869300975306377843e+00 3.868945333731718783e+00 1.001293777272918906e+00 6.460451070574978472e-01 6.895794854017204267e-01 2.794425713881679929e+00 8.000000000000000000e+00 1.900000000000000000e+01 4.000000000000000000e+00 -2.447777797094973266e+03 4.083099999999956253e+02 1.522642481843599960e+01 -5.287569983324216238e+00 2.358847373863087515e+00
1.344668415194867350e+00 1.615715813957387059e+00 9.605772928081350415e+00 6.802828214666687856e+00 8.419199934527927809e-01 1.222539813675054710e+00 7.663382724183522843e-01 3.751288844459895522e+00 1.100000000000000000e+01 1.200000000000000000e+01 5.000000000000000000e+00 -2.269731278412352822e+03 4.835999999999973653e+01 1.534695490077206692e+01 -3.462555231375608500e+00 5.273944467969660543e+00
9.073542360981239341e-01 2.272793291831523455e+00 6.188623449562837386e+00 5.462333078861697722e+00 2.124194507042454383e+00 8.539387193932128639e-01 7.499636621462748565e-01 4.472028674131016679e+00 9.000000000000000000e+00 1.700000000000000000e+01 5.000000000000000000e+00 -2.311655321535581606e+03 1.246100000000010795e+02 1.558439509597381090e+01 -8.977281678618403760e+00 2.570836754151058390e+00
6.983555628496294077e-01 2.040009599969762721e+00 3.862005535006117540e+00 7.073486669392809567e+00 8.764436195890498160e-01 7.702381569997878152e-01 2.988771535441904215e-01 2.885594521553342506e+00 4.000000000000000000e+00 1.500000000000000000e+01 4.000000000000000000e+00 -2.255819425188367404e+03 1.822500000000040359e+02 1.029340157427285796e+01 -3.454577188623417783e+00 1.343552973605524059e+00
1.837260001764358996e+00 2.774465111966363029e+00 3.010826504628276723e+00 1.930473976493544352e+00 5.320524235519318301e-01 1.606109148823532395e-01 3.129616750364033750e-01 2.726891247198837576e+00 7.000000000000000000e+00 1.300000000000000000e+01 4.000000000000000000e+00 -2.148277057742427587e+03 1.219399999999985198e+02 5.456691108901774889e+00 -2.420897226225970089e-01 1.203760054067259944e-02
2.253966100364079850e-01 6.331388243610522881e-01 2.430923757469563018e+00 1.312046372844611675e+00 1.391190500084613202e+00 9.521186434923469832e-01 7.047647913255445928e-01 2.658501514586447900e+00 9.000000000000000000e+00 9.000000000000000000e+00 3.000000000000000000e+00 -2.261660679113253536e+03 3.996000000000025665e+01 1.510504244457832179e+01 -4.328035124636663511e+00 1.115289992293387877e+00
1.529269940279061490e+00 1.717686316403105984e+00 8.765106106135290176e+00 5.154020203812863521e+00 1.337620591730064312e-01 7.035644211165740236e-01 8.683940823262046305e-01 2.650776692869185158e+00 8.000000000000000000e+00 1.400000000000000000e+01 4.000000000000000000e+00 -2.275609292409448699e+03 5.544000000000018247e+01 1.549308077559052954e+01 -1.379003177784870804e+00 6.239914966284607623e+00
2.562637326988292941e+00 2.331498336889977097e+00 1.968425958407820309e+00 3.144737224131720410e+00 1.773227690724949568e+00 1.059790726961259644e+00 4.641339298456067519e-01 3.149510350787460666e+00 7.000000000000000000e+00 1.100000000000000000e+01 5.000000000000000000e+00 -2.263463071190391929e+03 3.992999999999985050e+01 1.521862944939951312e+01 -4.162433790284287838e+00 1.335012314138340539e+00
9.159316480411037187e-01 2.586564529186506256e+00 7.013606524327393288e+00 1.694535524876418231e+00 1.154604268826280533e+00 1.396282579390738965e+00 6.874166719902141676e-01 3.299157403253673237e+00 8.000000000000000000e+00 5.000000000000000000e+00 5.000000000000000000e+00 -2.258451643396612781e+03 2.170000000000017337e+01 1.547510271228827783e+01 -1.920669412905791740e+00 5.122349235592968952e+00
7.031314916416040450e-01 4.465786563621837457e-01 4.480511361016414007e+00 5.440265175735008008e+00 4.945717225880763568e-02 3.027056599327229147e-01 5.817264581365777509e-01 2.658878816680460222e+00 3.000000000000000000e+00 1.600000000000000000e+01 3.000000000000000000e+00 -2.277523065436577781e+03 5.983999999999942787e+01 1.547519158978613341e+01 -3.008956162340139073e+00 3.154862589506870485e-01
2.262200977019830361e-01 1.324220784958908492e+00 6.766256721858729506e+00 9.045975803550957650e+00 2.434945062995463871e+00 1.511126881297006230e+00 5.000182193748499149e-01 2.287869020945007215e+00 1.000000000000000000e+01 1.400000000000000000e+01 4.000000000000000000e+00 -4.862114544573215085e+02 4.201399999999720194e+02 1.725884090358346867e+01 3.694009515941320543e-01 6.198286125346514019e+00
6.999149757439833142e-01 1.766449580553042242e-02 4.816631755831208395e+00 8.888024062864252173e+00 3.419613994995285289e-01 8.772453712035273021e-01 8.688247895450538216e-01 3.866368923054781970e+00 8.000000000000000000e+00 5.000000000000000000e+00 3.000000000000000000e+00 -2.256270461172886371e+03 1.455000000000007176e+01 1.556221632330540494e+01 -3.384386655042506131e+00 3.594056645078884671e-01
1.710742564466168458e+00 1.370959796218728544e+00 4.952101022931612917e+00 7.689174367365951390e+00 2.549698652131608512e+00 1.419671286713083180e+00 4.048379618707145244e-01 3.235569342771225099e+00 5.000000000000000000e+00 1.000000000000000000e+01 5.000000000000000000e+00 -2.267552049441193503e+03 3.560000000000023590e+01 1.560950309007458969e+01 -8.440910210773724387e+00 2.052377260220365596e+00
8.366728784663566287e-01 1.809432975932316445e+00 4.592669894623822913e+00 4.845466213798994559e+00 6.395160308871606913e-01 7.765846687524183833e-01 7.719524282549441452e-01 3.279191033713277470e+00 4.000000000000000000e+00 1.200000000000000000e+01 3.000000000000000000e+00 -2.134202403217500887e+03 9.516000000000057923e+01 5.413900201093799325e+00 -5.697456113369244513e+00 4.936925795478677159e+00
6.554865934548913531e-01 1.999142035709262633e+00 8.849668010469125434e+00 3.612839615343346189e+00 2.037584243057978917e+00 1.496489373721051619e+00 7.819447846835264615e-01 3.078778959095132883e+00 2.000000000000000000e+00 1.700000000000000000e+01 5.000000000000000000e+00 -2.236857799851527488e+03 1.443299999999998988e+02 1.029329999072046675e+01 -1.193734297239767272e+01 4.444106830233902627e+00
6.657123372016022778e-01 2.635264783225764962e+00 7.789186193316575135e+00 1.446675162661339220e+00 1.439118652030006551e+00 9.349470992745533282e-01 5.431699174973804167e-01 4.479693445362453730e+00 1.000000000000000000e+01 9.000000000000000000e+00 4.000000000000000000e+00 -2.250117858961867569e+03 2.573999999999996646e+01 1.482799118511671033e+01 -2.840260604342173423e+00 5.802510924735294395e+00
2.963119801078848425e-01 1.029782479822654917e+00 6.660620181996438127e+00 9.489644987507665164e+00 1.643814407801936328e+00 1.124860474266616173e+00 5.586798202039287009e-01 2.165126326129290568e+00 9.000000000000000000e+00 1.100000000000000000e+01 4.000000000000000000e+00 -2.192899632515885969e+03 3.083300000000217551e+02 2.420914532242181227e+00 -2.417452752281981976e+00 4.432844192683428886e-01
2.541530610119679068e+00 9.259475658786345820e-01 6.356337707940267201e+00 2.168690690850365144e+00 1.511019024286588408e+00 2.012544330197948428e-01 9.397752966799960417e-01 2.031071040064274857e+00 3.000000000000000000e+00 1.200000000000000000e+01 5.000000000000000000e+00 -4.889250368632678487e+02 3.601200000000105774e+02 1.930406480395391000e+01 -1.025889984475251981e-02 5.929828889970064409e+00
7.756472191195661336e-01 7.533824383502281119e-01 2.756287019490846202e+00 2.611344606803428725e+00 2.482092611000600968e+00 8.653294464623438875e-01 7.197465133453553321e-01 3.396082168942463841e+00 1.000000000000000000e+01 1.600000000000000000e+01 5.000000000000000000e+00 -2.320627923739681592e+03 1.478399999999975591e+02 1.541924523373017841e+01 -6.691544926875081067e+00 3.527469313916818727e+00
1.664853916426971558e-01 1.823575026627565432e+00 4.541900897920277735e+00 8.730792167666420411e+00 8.291310889405814066e-01 2.471326029690165127e-01 4.138369364106909143e-01 4.167961266512315355e+00 3.000000000000000000e+00 6.000000000000000000e+00 2.000000000000000000e+00 -2.253627243291080049e+03 1.913999999999997570e+01 1.525357770569250704e+01 -3.271536443863845456e+00 6.104570690264532473e+00
1.109270727414376490e+00 1.825244011821855583e+00 7.112187257046915789e+00 1.325326538991364878e+00 5.077699072012569204e-01 9.109037895778666627e-01 4.686532479190360090e-01 3.652992830094092369e+00 6.000000000000000000e+00 1.900000000000000000e+01 5.000000000000000000e+00 -2.167667808761142169e+03 1.554199999999986233e+02 5.622363047571438344e+00 -1.502104501247137947e+01 8.084588008352215915e-01
1.272165193913213255e+00 1.819360444762541773e+00 4.454176745521661651e+00 4.290399654453504574e+00 2.111615054798060775e+00 6.417146870162282468e-02 3.354351831473411094e-01 2.278272955707029368e+00 9.000000000000000000e+00 1.100000000000000000e+01 4.000000000000000000e+00 -4.323668621061499380e+02 3.301100000000244563e+02 1.670699138163360686e+01 1.733425283059966127e-01 6.225516399994595496e+00
8.717644909090990213e-01 2.238606662374022616e+00 6.315778084602008846e+00 4.783712710444545380e+00 1.311093243359024552e+00 2.324101526299900411e-01 7.447148491529445025e-01 4.538461897984271687e+00 6.000000000000000000e+00 1.200000000000000000e+01 5.000000000000000000e+00 -2.281145199534978929e+03 6.707999999999951513e+01 1.547532497093621018e+01 -8.040349164867638621e+00 2.109003690256886721e+00
8.857511272225990773e-01 2.958529593734304797e+00 6.758602715183303467e+00 3.148386180694255465e+00 1.410202918321677990e+00 1.139904363181686087e+00 6.664540249223660506e-01 3.548227807088161434e+00 1.100000000000000000e+01 9.000000000000000000e+00 3.000000000000000000e+00 -2.199678649655568279e+03 5.913000000000098311e+01 1.063210310347299803e+01 -3.226702935998632338e+00 4.889982123905446620e+00
2.651371857454386527e-01 1.203688748725471713e+00 8.895521089273884741e+00 4.671323384010652724e+00 2.227420242859690536e+00 2.957402626326002815e-01 9.547396220565003144e-01 3.851545260563821405e+00 8.000000000000000000e+00 1.800000000000000000e+01 3.000000000000000000e+00 -2.282648675927858676e+03 6.533999999999996078e+01 1.562366724549118047e+01 -3.269982704812413044e+00 5.309607354626855624e+00
1.784611781960157240e+00 2.578313402765257667e-01 6.171603143934419222e+00 3.664537569233757175e+00 1.644757095792540369e+00 1.200418194036176667e+00 5.405799269705056087e-01 2.603375091032410271e+00 7.000000000000000000e+00 8.000000000000000000e+00 4.000000000000000000e+00 -2.197973826265425942e+03 7.255999999999880856e+01 1.010586414158916035e+01 -3.162945788932380431e+00 1.451986663170378444e-01
8.323917042412022349e-01 1.152975141434491091e+00 6.870188759806692858e+00 4.607036067552999548e+00 2.470371648744450699e+00 1.668973590777447780e-02 5.894434897872318224e-01 2.924577410224368457e+00 4.000000000000000000e+00 1.200000000000000000e+01 4.000000000000000000e+00 -2.208772075944679273e+03 9.168000000000044736e+01 1.018325474654243301e+01 -7.688243856960982114e+00 1.021060673730792345e+00
1.155256238175808914e+00 1.699451191619577362e+00 1.251281137937426013e+00 2.180005692867097444e+00 2.333121882830740401e-01 8.642149596071225792e-01 4.385353607278910104e-01 2.846897038874990571e+00 1.100000000000000000e+01 1.500000000000000000e+01 5.000000000000000000e+00 -2.277027769142971465e+03 5.669999999999964047e+01 1.554236057143572758e+01 -8.507897487287504612e-01 1.495742958972665904e-01
6.610697309527716614e-01 1.537335074189275286e+00 6.782391485085383920e+00 6.921678079755009705e+00 5.548897081933209519e-01 1.007503743593902490e+00 6.642910983466824293e-01 4.020078650121884145e+00 7.000000000000000000e+00 1.700000000000000000e+01 1.000000000000000000e+00 -2.270212679426048453e+03 4.318000000000026262e+01 1.553891746412800501e+01 -5.562990038754302091e+00 1.467967409473158069e+00
1.866313160479371902e+00 9.277625651399805662e-01 8.928030669700993016e+00 9.872341538676375094e+00 7.747868183847235191e-01 5.947338036973098818e-01 3.199585650281374094e-01 2.715971525573152690e+00 5.000000000000000000e+00 1.400000000000000000e+01 3.000000000000000000e+00 -2.278154276764280439e+03 5.824000000000019384e+01 1.556464229776750940e+01 -7.647988375759979363e+00 3.876130660756827773e+00
1.107388318580734055e+00 1.749462318663226768e+00 4.271876734259100417e+00 5.227454693932298113e+00 1.149695114267513585e+00 1.974872507347583017e+00 8.101047410976351948e-01 3.578864313759440474e+00 1.100000000000000000e+01 2.000000000000000000e+00 4.000000000000000000e+00 -2.252468461683055921e+03 6.719999999999944684e+00 1.556927885519101196e+01 -1.749791187458028530e+00 5.832223050979204793e+00
1.888170279219610226e+00 2.186453311769407826e+00 7.874353867438286692e+00 6.466003566362200417e+00 2.369490593596292882e+00 1.243825842014944172e+00 2.785319368763975456e-01 4.573674599694962595e+00 5.000000000000000000e+00 7.000000000000000000e+00 5.000000000000000000e+00 -2.250944356982396584e+03 3.108000000000010488e+01 1.471277231139978525e+01 -7.606153729703110322e+00 4.731660001234544666e+00
2.054113667665075305e+00 1.227809610853354549e-01 3.746818544503212056e+00 3.465760992983027311e+00 3.558553502409592673e-01 2.875133750000818944e-01 7.597198293956618498e-01 4.245905148465322299e+00 5.000000000000000000e+00 1.100000000000000000e+01 2.000000000000000000e+00 -2.265701907975322683e+03 3.343999999999988404e+01 1.556136924845766600e+01 -7.995501813319635387e-01 3.820321461225179016e-01
2.678279022592349179e-01 2.717060390629708166e+00 7.564514400570037544e+00 7.760214904024158145e+00 1.738084709611313450e+00 1.919644460976282385e+00 5.230062266036795693e-01 2.030909523352334212e+00 8.000000000000000000e+00 8.000000000000000000e+00 3.000000000000000000e+00 -2.152082989746341809e+03 1.291199999999977877e+02 5.470186859146413560e+00 -1.063667658300164121e+01 2.105717953750805282e-01
1.600089460597178714e+00 9.717549288112737882e-01 2.984131082839700522e+00 6.385344798799060584e+00 2.448351452418539687e+00 6.084442621551652275e-01 6.511869184041463310e-01 3.633083756389404506e+00 3.000000000000000000e+00 2.000000000000000000e+01 5.000000000000000000e+00 -2.205812013804706567e+03 8.460000000000066223e+01 1.021950086279415260e+01 -2.073164487941576084e+01 3.268029137935981154e+00
1.556467172590114467e+00 5.556536912653007310e-01 7.447889308730625046e+00 9.410726929604800617e+00 1.504660608394703392e+00 1.067574097355013851e+00 7.213095327251716204e-01 2.557119896544910453e+00 1.000000000000000000e+01 7.000000000000000000e+00 4.000000000000000000e+00 -1.162426038803087351e+02 1.090599999999958527e+02 2.233747849806803215e-02 -1.730241925235669775e+00 2.761915137951658772e-01
