1.482965097821676848e+00 9.177834195714495991e-02 5.641388953535885875e+00 7.559369462961911701e+00 1.714379191632994237e+00 9.326550710112635478e-01 9.075457338330380486e-01 3.596231128714212133e+00 9.000000000000000000e+00 1.300000000000000000e+01 3.000000000000000000e+00 -2.191364831450945530e+03 4.745000000000022311e+01 1.047748946568408357e+01 -1.052460768517217993e+01 6.159291278170361039e+00
6.320285345636189600e-01 4.442801877822066814e-01 7.121111824129769730e+00 9.256835286494776938e+00 1.259685907692715379e+00 1.037123815579870989e+00 7.661271078776689114e-01 3.320537727873623446e+00 1.000000000000000000e+01 1.200000000000000000e+01 3.000000000000000000e+00 -2.274593083648130687e+03 5.123999999999967514e+01 1.556081772800818364e+01 -4.744838858910059187e+00 1.754154452956983690e+00
1.499777905743088446e+00 1.059295644600143360e+00 9.142715383246159178e+00 7.944473610102843253e+00 2.572181513425848109e+00 1.899523139307107034e+00 8.671568369313622515e-01 4.065518061833006236e+00 7.000000000000000000e+00 1.300000000000000000e+01 4.000000000000000000e+00 -2.173968992343030095e+03 1.738099999999967054e+02 5.441499521439489229e+00 -6.568519926813839227e+00 6.082853901104734895e+00
1.506387657303226879e+00 6.567161608755992530e-01 7.621397570326482906e+00 9.117762737726765820e+00 2.442809188976040602e+00 1.078430381311278108e+00 1.242402212689678320e-01 2.043397579866358171e+00 1.100000000000000000e+01 1.700000000000000000e+01 2.000000000000000000e+00 -1.141175191102382087e+03 3.483300000000003251e+02 -3.854742587660545117e-02 -2.061597080341261190e+01 3.515406958272659477e+00
9.091324292242448646e-01 1.972190188930321497e+00 5.447552293982703908e+00 7.887659578495911816e+00 1.492837595604997292e+00 5.627731712514979501e-01 4.141434841979526604e-01 2.473740823159342295e+00 7.000000000000000000e+00 1.000000000000000000e+01 4.000000000000000000e+00 -2.233974505295663221e+03 1.282999999999969987e+02 1.061403158097903976e+01 -7.703935102321859851e+00 4.500324277752307367e+00
2.095926209671183038e+00 8.123190510901211470e-01 3.571724482477978135e+00 1.785643477151705349e+00 1.290708402347032324e+00 1.900859657294033944e+00 3.458441247846884004e-01 3.432370791440128688e+00 8.000000000000000000e+00 1.600000000000000000e+01 4.000000000000000000e+00 -2.282433854063875515e+03 6.575999999999930878e+01 1.559711587899225016e+01 -4.839168780051988250e+00 2.201259787446426586e+00
1.452973360290212845e+00 6.239251581040725636e-01 5.346577048306466295e+00 5.855875037058133614e+00 2.095308994328926477e+00 9.016468503194743356e-01 5.016004659405202126e-01 2.251817176714665525e+00 8.000000000000000000e+00 9.000000000000000000e+00 5.000000000000000000e+00 -2.202429601930837634e+03 8.010000000000177067e+01 1.014872512067730170e+01 -4.103022533634734237e-01 5.971861835249012707e+00
1.084458016280368309e+00 1.850458269934004196e+00 8.558133037139786126e+00 6.155348136672079029e+00 7.064713615627215004e-01 8.868703038548753081e-01 7.343801786468484583e-01 2.646481825407215105e+00 6.000000000000000000e+00 1.500000000000000000e+01 4.000000000000000000e+00 -3.296579215120908657e+02 4.501499999999774104e+02 6.536432594506385030e+00 4.945641840062661165e-01 6.263343127869223537e+00
4.277132171662161864e-01 1.713517240350363124e+00 6.261516563822117298e+00 8.940739418903348223e+00 1.941326549078541408e+00 4.679886249916902496e-01 8.406615857451205098e-01 3.093956597642366191e+00 8.000000000000000000e+00 1.200000000000000000e+01 3.000000000000000000e+00 -2.327849352893721516e+03 1.585200000000029661e+02 1.553683455585750650e+01 -2.453717712135976559e+00 8.438186533567944014e-01
3.809964051311902633e-01 2.251679088901548553e+00 1.146088180361566788e+00 5.423061128481604598e+00 9.457921209116288974e-01 7.488794189710206162e-01 4.389009654772829117e-01 2.568159273126441988e+00 7.000000000000000000e+00 1.600000000000000000e+01 4.000000000000000000e+00 -2.302616263689053540e+03 1.108799999999983470e+02 1.544851648056590676e+01 -1.193146163761707124e+00 4.953156156110712915e-01
2.142602594094335178e+00 1.799068617460137132e+00 2.029044867487108661e+00 6.487263487442212373e+00 3.373460824844749517e-01 2.208679034478121528e-01 7.763193238720074163e-01 3.399173708076632217e+00 7.000000000000000000e+00 1.400000000000000000e+01 4.000000000000000000e+00 -2.271942627535832798e+03 5.152000000000016655e+01 1.538641422098955580e+01 -3.320544108847153231e-01 1.441334033761263733e-01
9.143507384491103007e-01 2.258881936453606798e+00 7.132844142043150093e+00 2.785889377407647416e+00 8.807303764610429075e-01 5.203389356463086757e-02 7.031110362092723998e-01 3.762356050076528735e+00 9.000000000000000000e+00 8.000000000000000000e+00 5.000000000000000000e+00 -2.263637821175418139e+03 4.159999999999946851e+01 1.517736382346364543e+01 -8.981506565402618270e-01 1.300592438914337234e-01
2.324852378085993987e+00 1.308608815480236665e-01 5.974369388882902143e+00 5.543524863607641073e+00 1.664209572906905743e+00 7.144919200522522607e-01 9.019497124099224994e-01 2.402809719876701777e+00 1.100000000000000000e+01 9.000000000000000000e+00 1.000000000000000000e+00 -2.268048810421365943e+03 4.860000000000058407e+01 1.523430065133534406e+01 -2.047339283717352298e+00 1.185976129088651465e+00
2.429620476813306507e+00 1.490900744439942693e+00 5.527211024111604587e+00 3.809028236793941868e+00 2.166264957025496596e+00 2.758193864386891292e+00 3.995560744732867819e-01 3.894025938518693941e+00 8.000000000000000000e+00 8.000000000000000000e+00 1.000000000000000000e+00 -2.260749030917213076e+03 2.207999999999988106e+01 1.560681443232582488e+01 -6.843545598461711954e+00 1.700759141313080480e+00
6.708204530472725580e-01 1.258253574172292444e+00 9.533031949368456992e+00 7.940570285253830463e+00 7.509718675373793229e-01 1.532749372803288157e+00 7.904588953010507346e-01 2.013386366084677803e+00 7.000000000000000000e+00 6.000000000000000000e+00 4.000000000000000000e+00 -2.124914489927392424e+03 7.122000000000117836e+01 5.581530620461983005e+00 -1.507279678473274931e+00 4.632961849365951901e-01
1.298530906595983136e+00 1.204572291587894473e+00 4.456953677728385799e+00 6.253623654155004097e+00 1.246239030676503656e+00 1.643735313121004182e+00 6.576517024087893404e-01 3.312751872831940503e+00 8.000000000000000000e+00 1.200000000000000000e+01 5.000000000000000000e+00 -2.279475248638413632e+03 6.359999999999941167e+01 1.547970303990088148e+01 -4.796672682612173944e+00 2.492937440285742490e+00
4.241727706750295090e-01 1.729058709174304154e+00 3.114802324084966489e+00 4.074440043168019443e+00 1.769095547465882712e+00 2.397290467657874347e-01 6.964262196067334543e-01 4.001602685621775457e+00 1.100000000000000000e+01 1.800000000000000000e+01 4.000000000000000000e+00 -1.129617467180481754e+03 1.976400000000049602e+02 -1.574025551425670966e-01 -1.974000268892081777e+01 3.194926471783955613e+00
6.460278964105392596e-03 7.433341124624904817e-01 6.124092672027613204e+00 4.501973957616408839e+00 2.583073289668437411e+00 1.291300566803343375e-01 6.937164484279156884e-01 3.533555881531053711e+00 5.000000000000000000e+00 5.000000000000000000e+00 3.000000000000000000e+00 -2.252457386717305326e+03 1.670000000000010232e+01 1.525671166983156191e+01 -2.221899096674450291e+00 5.729092969177552064e+00
2.192776160387660767e+00 1.450833624249062037e+00 4.822472922548246999e+00 7.203778097628374510e+00 7.886631889886005498e-01 1.330856281143941500e+00 9.319537872821099800e-01 2.886803372628986786e+00 4.000000000000000000e+00 1.700000000000000000e+01 4.000000000000000000e+00 -2.230186051960568875e+03 8.041000000000063608e+01 1.187381574753554503e+01 2.652872262130022918e+00 5.956005610470219480e+00
1.162371312091978748e-01 8.361698611665926428e-01 8.449825099703524245e+00 9.701755888602589195e+00 1.362984564511933172e-01 1.383233691863311243e+00 6.937032921559124210e-01 2.562360845031125489e+00 1.000000000000000000e+01 5.000000000000000000e+00 3.000000000000000000e+00 -2.257927558527054316e+03 2.020000000000015206e+01 1.548922240794087202e+01 -1.291725926938191549e+00 6.109959896665547951e+00
1.515511271623049439e+00 3.477413574666963214e-01 5.856516462357287622e+00 5.064654802920807164e+00 1.664230310952802938e+00 3.250294575253276363e-01 8.075717213305269038e-01 2.016952021476291268e+00 7.000000000000000000e+00 1.400000000000000000e+01 3.000000000000000000e+00 -2.302499882743302805e+03 2.088799999999926058e+02 1.237874267145663865e+01 -7.394190637612390482e+00 1.667045290476613317e+00
1.358188251904927313e+00 1.668616396486056974e+00 1.120522303993184199e+00 3.063462520459959926e+00 1.895033067401624027e+00 1.069185055177750865e+00 7.781548641777250586e-01 2.046746267341549075e+00 9.000000000000000000e+00 1.300000000000000000e+01 3.000000000000000000e+00 -2.285696039309217213e+03 7.111000000000029786e+01 1.563381495682606115e+01 -2.110886751933159555e+00 4.221199618916341656e+00
1.192678390404164013e+00 2.124341480712578445e+00 5.799175075112974476e+00 5.832796873846637808e+00 9.395794008745785852e-01 4.446220008674601765e-01 5.380854421678747945e-01 2.394053799579733077e+00 1.100000000000000000e+01 1.500000000000000000e+01 5.000000000000000000e+00 -2.279544272009923134e+03 3.844499999999873694e+02 5.457454500620595894e+00 -3.720164112231562736e+00 1.500090076945536754e+00
1.369393330204342174e+00 1.077660345492083227e+00 9.764618108806113028e+00 7.495209358053123161e+00 1.044265897744661720e+00 4.514565004531710946e-01 4.433407160941752467e-01 2.572878404877267045e+00 7.000000000000000000e+00 3.000000000000000000e+00 4.000000000000000000e+00 -2.253192931924426375e+03 1.283999999999991815e+01 1.542330824527662969e+01 -1.930264609284182420e+00 6.224740449313076240e+00
1.414142798629260511e+00 7.087670135768833202e-01 1.659894211387066498e+00 6.199038516599320481e+00 8.046849555244797170e-01 8.188427138919938120e-01 4.627459761678009986e-01 2.285165458456471121e+00 6.000000000000000000e+00 1.400000000000000000e+01 4.000000000000000000e+00 -2.272239909487365821e+03 6.006000000000020123e+01 1.513811934296037265e+01 -3.620177832346447300e+00 3.143881551808770380e-01
1.843022672643130466e+00 1.095172540931896865e-01 3.526147362068051461e+00 6.372224960841318619e+00 1.218461447195169134e+00 1.057274618830497115e+00 8.085730201854858246e-01 3.479002758054939637e+00 9.000000000000000000e+00 1.900000000000000000e+01 5.000000000000000000e+00 -2.283453246140856663e+03 6.782999999999967145e+01 1.559614038380353840e+01 -4.898926417820335111e+00 1.592149594763084597e+00
8.051419859406043766e-01 1.146574807770510240e+00 3.183990337647595759e+00 7.089128923555183093e+00 1.245439608538614129e+00 6.411392564266050753e-01 7.405878945158841375e-01 3.482934480576752367e+00 2.000000000000000000e+00 1.000000000000000000e+01 4.000000000000000000e+00 -2.193367795151929840e+03 5.860000000000056275e+01 1.025423719699561076e+01 -5.792639197182921862e+00 5.070934002276684893e+00
4.285980481512314255e-01 1.611283007258006439e+00 6.534032589272046110e+00 7.227435220948282613e+00 2.419126330040708872e+00 8.769450934255411667e-01 3.814989955560225687e-01 4.025767328756033159e+00 8.000000000000000000e+00 1.400000000000000000e+01 2.000000000000000000e+00 -2.315977510555727349e+03 8.372000000000029729e+01 1.713234440973295847e+01 -4.460923868075674648e+00 4.029328093455990967e+00
1.239178127197016144e+00 1.855580346257210245e+00 3.052468240167578450e+00 6.324487281428491592e+00 5.153417884561142248e-01 1.059919956495711524e-01 5.331749341025514566e-01 3.530631825263429668e+00 7.000000000000000000e+00 7.000000000000000000e+00 2.000000000000000000e+00 -2.261232657377874602e+03 2.576000000000008328e+01 1.552204108611715050e+01 -1.807829494476860255e-01 7.731507793505497383e-02
1.224940976310521012e+00 1.332856396609213290e+00 2.768274698591273175e+00 1.466796621806157219e+00 2.793822936747310415e+00 1.912907186885166144e+00 7.226719100088412340e-01 3.127307273111235464e+00 8.000000000000000000e+00 1.100000000000000000e+01 4.000000000000000000e+00 -2.265389915901703716e+03 3.849999999999985789e+01 1.538374474385646806e+01 -2.855431725259366615e+00 1.132174163674633416e+00
2.240741572609350474e+00 1.499789135276191177e+00 1.494571502277696862e+00 6.958169360789922209e+00 1.157326875583975401e+00 6.315268796094273274e-01 8.796260049079479559e-01 2.554324514596956863e+00 1.000000000000000000e+01 1.000000000000000000e+01 5.000000000000000000e+00 -2.274599794825878234e+03 4.930000000000043059e+01 1.562186217661738752e+01 -1.907383721170338164e+00 1.214988598178554424e+00
7.013890502659516635e-01 1.661864983076033475e+00 8.116234913015501817e+00 8.997717766863212674e+00 6.050677746347923325e-01 2.359735932749131404e+00 8.331186306656963581e-01 2.904863176204402819e+00 1.000000000000000000e+01 8.000000000000000000e+00 3.000000000000000000e+00 -2.263767167077528484e+03 2.991999999999971394e+01 1.555044794234555283e+01 1.026927015695537460e+00 5.360687670791157267e+00
1.192024282840517424e+00 9.512813840685524491e-01 2.970849554314564767e+00 4.494315680980856875e+00 2.994677905347956415e+00 1.596771750193818562e+00 3.629581777993710068e-01 3.332748885357898594e+00 9.000000000000000000e+00 1.400000000000000000e+01 4.000000000000000000e+00 -2.219171563626708576e+03 5.334000000000017394e+01 1.203134772666928853e+01 -6.079191933421498995e+00 5.751047719875819197e+00
7.014787393145912597e-01 1.718497665654340478e+00 7.149596207824751914e+00 7.645058718395951303e+00 5.858456449422363432e-01 3.806712802237641191e-01 9.221606988580971498e-02 3.862136607955697798e+00 9.000000000000000000e+00 1.700000000000000000e+01 4.000000000000000000e+00 -2.223255272617347146e+03 1.247800000000010812e+02 1.005407953858414594e+01 -4.250447554010440498e+00 1.141058234046202102e+00
1.897344458928371114e-01 1.816654851050510500e+00 4.030767767621850517e+00 7.968002085418591562e+00 7.534546038187717176e-01 7.301121110324743091e-02 5.746781786756258725e-01 3.719090903965175610e+00 7.000000000000000000e+00 1.700000000000000000e+01 2.000000000000000000e+00 -2.466421019829511806e+03 3.881100000000040495e+02 1.702287623934436667e+01 -1.433153491186732076e+00 5.174575804057087502e+00
2.155875615776501331e+00 2.220640730937750718e-03 8.202990882756401092e+00 7.156297216275301132e+00 8.536426716924649938e-02 7.722213086911648983e-01 5.632285538252873591e-01 3.104173241831226893e+00 7.000000000000000000e+00 1.000000000000000000e+01 4.000000000000000000e+00 -2.263719818768845471e+03 3.170000000000018048e+01 1.549186367305283518e+01 -4.301607404905285037e+00 4.987769769139157594e-01
6.572803986270135956e-01 9.702845501122394634e-01 2.163329267096474773e+00 7.159617143128786942e+00 1.765675310913243701e+00 7.272077482946976978e-01 4.780075448471763355e-01 2.968129483014624093e+00 4.000000000000000000e+00 1.000000000000000000e+01 3.000000000000000000e+00 -2.265916484245592073e+03 3.860000000000027853e+01 1.541353026534950388e+01 -4.694192677772183409e+00 1.336750317507656716e+00
2.190507445029838962e+00 1.071769755304288863e+00 7.310846204231930656e+00 8.552986221225269858e+00 1.763353160323906099e-01 9.831563327068717495e-01 8.129516444202863346e-01 2.062992423805678044e+00 1.100000000000000000e+01 9.000000000000000000e+00 1.000000000000000000e+00 -2.269655534698123574e+03 4.257000000000035556e+01 1.552315841863270229e+01 -1.502205691946962185e+00 6.247747189917264521e+00
9.959506525507724195e-01 2.046087530033325885e-01 9.945573806899487224e+00 4.795120194037090222e+00 2.679996219595712770e+00 1.876913729811942488e+00 5.435933706900687445e-01 2.851756366881826654e+00 1.100000000000000000e+01 1.200000000000000000e+01 4.000000000000000000e+00 -2.341149581481572568e+03 1.822800000000038665e+02 1.562559884259818865e+01 -4.437747568529699649e+00 5.014459316303307546e+00
4.902317866540697455e-01 8.517391213992386856e-02 9.562107735493368565e+00 3.607034807905523888e+00 4.394547197598872024e-01 5.041837180054548062e-01 5.936114213361305403e-01 2.712934204485560219e+00 9.000000000000000000e+00 1.300000000000000000e+01 4.000000000000000000e+00 -2.193036462070134348e+03 7.254000000000024784e+01 9.797903879383380144e+00 -9.854171460809268979e+00 3.764488295239986737e+00
1.000815619380561516e+00 9.088548804018112826e-01 2.127252020186661596e+00 9.891018937111113019e+00 1.572408161158951323e+00 4.274970863895866668e-01 5.689422774614751876e-01 2.062972976379223944e+00 5.000000000000000000e+00 3.000000000000000000e+00 5.000000000000000000e+00 -2.100945471918462317e+03 3.171000000000044494e+01 5.318154494903889251e+00 -2.388294950087989310e+00 5.589066293329099544e+00
2.721475003481406141e+00 1.343497526228842442e+00 3.741599104032663714e+00 1.924970485344276394e+00 2.194185562511679066e+00 2.278090228665917927e+00 8.806187398173923597e-01 4.230445409683651903e+00 7.000000000000000000e+00 6.000000000000000000e+00 3.000000000000000000e+00 -2.106159986747833955e+03 3.275999999999972800e+01 5.611249171739618902e+00 -5.418059712975535902e+00 4.468095713394507840e+00
1.902496043861937824e+00 7.030519298760680158e-01 7.448217063506177738e+00 8.359312604178015249e+00 1.965461990501893297e+00 1.130204106038194212e+00 7.839458649190631512e-01 3.304014053959358765e+00 1.000000000000000000e+01 8.000000000000000000e+00 4.000000000000000000e+00 -2.255561907530984172e+03 2.783999999999975827e+01 1.510261922068653462e+01 -4.681442614443944272e+00 6.684638234290555259e-01
9.969244683608572410e-01 2.272445021671398724e-01 3.695369923710619453e+00 2.366799189445675911e+00 2.566975837923302084e+00 8.795121046403195919e-01 9.682542857709370843e-01 2.958303962972809398e+00 4.000000000000000000e+00 8.000000000000000000e+00 4.000000000000000000e+00 -2.186896218401077931e+03 1.502400000000010891e+02 6.986013650067337544e+00 -4.310763534316460088e+00 1.099697282835565781e+00
3.236667672360348247e-01 1.531554217444788257e+00 4.368492832357414812e+00 6.564688915644190992e+00 1.670719393024283628e+00 1.145798088226193556e+00 6.964335997207373730e-01 2.825027002599413972e+00 7.000000000000000000e+00 1.400000000000000000e+01 4.000000000000000000e+00 -2.133313923075711045e+03 2.091599999999925785e+02 1.795870192232174922e+00 -2.726770776500575977e+00 5.874100904338304119e+00
1.084148359375895154e+00 6.872702568859703209e-01 6.024256536203119516e+00 8.553622170528548452e+00 1.605956685420905750e+00 8.869555591623438096e-01 5.054218349518547759e-01 2.350712910745493378e+00 1.000000000000000000e+01 1.700000000000000000e+01 5.000000000000000000e+00 -2.304045399421933325e+03 7.735000000000060538e+01 1.658564996387080015e+01 -3.925464803044248496e-01 8.493416513653184730e-01
2.888417988772390643e+00 8.773538977613759560e-01 5.415872860176623504e+00 8.303188694096357736e+00 9.870693304431594761e-01 2.113636474205698335e+00 5.581827880498819727e-01 3.681611993110995407e+00 8.000000000000000000e+00 7.000000000000000000e+00 5.000000000000000000e+00 -2.261045000958232322e+03 2.296000000000007191e+01 1.559781255988953141e+01 -1.875880063052281610e+00 5.066187309030834029e+00
1.556467172590114467e+00 5.556536912653007310e-01 7.447889308730625046e+00 9.410726929604800617e+00 1.504660608394703392e+00 1.067574097355013851e+00 7.213095327251716204e-01 2.557119896544910453e+00 1.000000000000000000e+01 7.000000000000000000e+00 4.000000000000000000e+00 -1.162426038803087351e+02 1.090599999999958527e+02 2.233747849806803215e-02 -1.730241925235669775e+00 2.761915137951658772e-01
