7.534856211175859908e-01 1.642538196892518121e+00 3.949163338546448188e+00 6.046405334751523419e+00 1.598539219160405755e+00 1.698744401173923890e-02 4.294799860052164187e-01 3.334484373877810270e+00 7.000000000000000000e+00 1.400000000000000000e+01 4.000000000000000000e+00 -4.968511048300545667e+02 4.201399999999720194e+02 1.792381905187928481e+01 -1.463791720809854535e+00 3.620541200864968445e-01
6.748940520769560747e-01 6.255471142575909083e-01 4.988742536258355287e+00 6.653646155353408531e+00 2.119762566978102392e+00 1.100872296030410036e+00 2.348808932135739158e-01 3.384577205808084965e+00 1.000000000000000000e+01 4.000000000000000000e+00 3.000000000000000000e+00 -2.104053827710969472e+03 2.963999999999954582e+01 5.577114231935623501e+00 -3.164611569849642425e+00 5.313871865128381167e+00
1.047806725093136881e+00 6.276980031072251220e-01 9.024991853624696247e+00 5.263426271428177650e+00 9.810813172455745690e-01 4.872453379333936407e-01 7.783715861953964810e-01 2.195115621709823994e+00 1.000000000000000000e+01 4.000000000000000000e+00 4.000000000000000000e+00 -2.258979462848114963e+03 2.027999999999974534e+01 1.555246642800718604e+01 -4.098874096355992203e-01 6.038641169025371624e+00
1.813769893798052646e+00 4.145963704178764475e-01 4.291990338018409901e+00 9.117732592473792863e+00 2.774760490371459110e+00 1.222468118884139532e+00 3.750258838996896049e-01 2.574548913362111779e+00 9.000000000000000000e+00 9.000000000000000000e+00 3.000000000000000000e+00 -2.260344672356096453e+03 3.717000000000015092e+01 1.510997952225601715e+01 -5.036519610149828630e+00 1.550104241104947045e+00
2.084635463537127364e+00 1.341042193535899596e-01 2.752902686772491059e+00 4.035612979790679233e+00 1.968692003367242371e+00 2.376120965735653290e-01 5.463932659363206490e-01 3.361307904417481840e+00 1.100000000000000000e+01 1.900000000000000000e+01 5.000000000000000000e+00 -2.298357254992734397e+03 1.189399999999990598e+02 1.493045343704593186e+01 -4.914195626090875457e+00 1.773332677813779235e+00
1.539634250690853801e+00 1.037327826777882267e+00 6.010268950819677158e+00 2.254416558612803989e+00 2.585299666587554057e+00 1.362803072017100714e+00 5.991174299678958537e-01 3.503158874375607468e+00 5.000000000000000000e+00 1.300000000000000000e+01 5.000000000000000000e+00 -2.411887533823665308e+03 3.035499999999921670e+02 1.625703336397932475e+01 -1.925667526227877513e+00 2.075938413856267317e+00
1.300773551549781137e+00 2.071000508589058597e+00 7.394437176066826822e+00 7.889705796509939972e+00 1.323827588846832715e+00 2.253835545019178710e+00 8.271023468146008195e-01 3.399822771361967533e+00 7.000000000000000000e+00 1.100000000000000000e+01 5.000000000000000000e+00 -2.268044755820764749e+03 3.695999999999986585e+01 1.559779723879780455e+01 -7.450940314330672720e+00 1.726162191959297321e+00
2.953429270060876632e-01 1.225196411119937157e+00 5.448325843344618669e+00 3.985438048424985169e+00 2.510219191091623614e+00 1.419629104913096018e-01 5.754713306718317600e-02 3.577736602606307326e+00 8.000000000000000000e+00 1.600000000000000000e+01 3.000000000000000000e+00 -2.347548419398980059e+03 3.438400000000089562e+02 1.097677621243595780e+01 -3.331030732750393408e+00 1.026539324355728366e+00
1.055889458042278406e-01 1.014563181524320346e+00 5.541096862212947727e+00 5.628986610677210400e+00 2.488205208790080114e+00 9.793375357522332569e-02 4.773761407264411893e-01 2.123789539511145463e+00 4.000000000000000000e+00 9.000000000000000000e+00 4.000000000000000000e+00 -2.269585479038340509e+03 2.358000000000076568e+02 9.480342439896054074e+00 4.880381931267455120e-01 3.217257089379404328e-02
2.183932641722862833e+00 2.454180441737317420e+00 4.384899120240450365e+00 6.851625734983953109e+00 2.481384854809856932e+00 1.446905615661327138e+00 2.960576679665979927e-01 4.349739032373451053e+00 1.000000000000000000e+01 6.000000000000000000e+00 4.000000000000000000e+00 -2.177148641212631901e+03 3.119999999999971863e+01 1.009679007578951193e+01 -2.776902465491373206e+00 5.491061230757494194e+00
1.802676911169696528e+00 3.978214637345872662e-01 1.398162909528663844e+00 5.509055554048253533e+00 2.792816824099524808e+00 8.809123468153150505e-01 3.400358250210767652e-01 3.082485243376788642e+00 1.000000000000000000e+01 1.200000000000000000e+01 4.000000000000000000e+00 -2.151723787169596108e+03 1.392000000000022339e+02 5.132736698099683359e+00 -3.875465216417194103e+00 5.289941475789012859e-01
1.872186333615081022e+00 7.176593909380832859e-01 5.760232552711331167e+00 8.801023214731008792e+00 1.513555646522896536e+00 1.830649503749478102e+00 4.108072416662310600e-01 2.066680071751411774e+00 1.000000000000000000e+01 1.200000000000000000e+01 3.000000000000000000e+00 -2.163513709579214265e+03 1.574400000000029252e+02 5.299606848700798345e+00 -6.386737822805808484e+00 2.273034454772974833e+00
1.899719683291894778e+00 1.246460156450141188e+00 6.606657158963699317e+00 5.389779555560226143e+00 2.037549921790343888e+00 7.196355645093595044e-01 4.217263432952362834e-01 4.333033025190381693e+00 1.000000000000000000e+01 8.000000000000000000e+00 5.000000000000000000e+00 -2.262040340840979297e+03 2.383999999999984354e+01 1.563252130256121042e+01 -1.725886002638049588e+00 9.482143748497234848e-01
8.219693781594044069e-01 1.098609186661981596e+00 6.523077991457189917e+00 6.081376489130283503e+00 2.620057443032266065e+00 7.634848928303274995e-01 4.489806243969633459e-01 3.345010500358614802e+00 5.000000000000000000e+00 6.000000000000000000e+00 4.000000000000000000e+00 -2.259784253673483818e+03 2.069999999999994245e+01 1.558964085459275140e+01 -4.075112279027519158e+00 1.275648773323917018e+00
2.099004100276260054e+00 2.043691132906823249e+00 5.954163581286933571e+00 6.448410231208912435e+00 1.874091475176830057e+00 1.859289250930995729e+00 7.551008061888606626e-01 2.377434381467865343e+00 8.000000000000000000e+00 1.000000000000000000e+01 4.000000000000000000e+00 -2.172763620299637751e+03 1.881999999999935937e+02 4.916476268727531185e+00 -3.886706986290097365e+00 1.441403437209052729e+00
3.620466584211505801e-01 2.619219166726391101e+00 3.216185694717237809e+00 7.748827213660334223e+00 1.293170806608725965e+00 1.515759196156906574e+00 5.643092513583701786e-01 2.264481302838444954e+00 7.000000000000000000e+00 1.500000000000000000e+01 4.000000000000000000e+00 -2.420747880636440641e+03 3.434999999999935767e+02 1.556236753977772835e+01 -3.452427534194710379e+00 1.142731007562667989e+00
1.017137495720020324e+00 1.135539295726404330e+00 7.910047332012121402e+00 2.752898217083946442e+00 2.616367026289180497e+00 1.632717465542324664e+00 9.511639969889797985e-01 2.380942495520726787e+00 1.100000000000000000e+01 1.300000000000000000e+01 4.000000000000000000e+00 -4.825848104124180509e+02 3.901299999999891384e+02 1.796998815077646938e+01 -1.455868216788721581e+00 1.728906607584663746e+00
1.189192039335885909e+00 1.625271280210700331e+00 6.450288836975914819e+00 7.111767299361437367e+00 2.881029161917065817e+00 3.026173518815955532e-01 4.529779782628572393e-01 3.369719936364006241e+00 6.000000000000000000e+00 8.000000000000000000e+00 4.000000000000000000e+00 -2.123726005843947860e+03 7.527999999999875058e+01 5.380375365246766961e+00 -3.724594910373147272e+00 5.530543653031023688e+00
1.783547359305071245e+00 1.484699575526258197e+00 4.724061564250677137e+00 4.813196741013222812e+00 1.767990434037716163e+00 6.593934215405778954e-01 5.608879743380925653e-01 2.540538340456298894e+00 4.000000000000000000e+00 9.000000000000000000e+00 5.000000000000000000e+00 -2.261710660419223586e+03 4.140000000000031122e+01 1.506316627620146953e+01 -7.631210739212154204e-01 5.951590909043764199e+00
2.315717897361571520e+00 4.148343912288311452e-01 3.671776607753932886e+00 1.462625034274771529e+00 1.908798422030584252e+00 6.178034369284547411e-01 4.631761595059195047e-01 3.239448163900131128e+00 9.000000000000000000e+00 1.700000000000000000e+01 5.000000000000000000e+00 -2.392606174316198121e+03 3.037899999999961551e+02 1.504444839476250095e+01 -1.989600956820952504e+00 1.812789323436173050e-01
1.449409030278197230e+00 1.675973646389385729e+00 8.456826068293644028e+00 4.856635854539856467e+00 9.495337824253615722e-01 1.318892817135276507e+00 1.113107113243108626e-01 2.714154725211704644e+00 9.000000000000000000e+00 8.000000000000000000e+00 5.000000000000000000e+00 -2.125759628881459776e+03 7.743999999999870454e+01 5.439976805091273349e+00 -1.239874179626938577e+00 1.481014367941865806e-01
6.521263250948350354e-01 9.095887943060265712e-03 1.721012799588031772e+00 1.216152888820004385e+00 1.548121508923174128e+00 7.489474778943676636e-01 6.056840661942253234e-01 2.896365589967127008e+00 5.000000000000000000e+00 2.000000000000000000e+00 5.000000000000000000e+00 -2.251704562337025436e+03 7.059999999999937437e+00 1.551091014606408613e+01 -2.836707601005762136e+00 6.256984328315093435e+00
1.153598981594966766e+00 9.835935209180470817e-01 6.950223237685360544e+00 1.901672804286171914e+00 2.341113882974056981e+00 9.099221885188073511e-01 7.007256202560787628e-01 2.536344836080186571e+00 2.000000000000000000e+00 3.000000000000000000e+00 4.000000000000000000e+00 -2.169108378448468102e+03 2.901000000000034262e+01 9.662711153029221123e+00 -1.095424439542554529e+00 2.578698830589230551e-01
1.224314656236249244e+00 1.275036643015258875e+00 8.065746502467970203e+00 6.609432321029863111e+00 2.616674808239059402e+00 2.576470927074355100e+00 8.967845582166262819e-01 3.001073975264386462e+00 9.000000000000000000e+00 2.000000000000000000e+00 5.000000000000000000e+00 -2.251584981421868633e+03 6.819999999999942553e+00 1.551093633886678802e+01 -2.658640675447096591e+00 9.574263121247206243e-03
1.393027618664149481e+00 1.389393745124786639e+00 4.855584097147800371e+00 5.112878793696524760e+00 2.114992897757799639e+00 4.774210310812341818e-01 3.201705316551760050e-01 3.143828050802922380e+00 8.000000000000000000e+00 1.000000000000000000e+01 3.000000000000000000e+00 -2.174569378128747303e+03 1.941999999999932527e+02 4.841836133046896862e+00 -5.229018646651308444e+00 1.856389615502711088e+00
1.173985406303794443e+00 2.485631254679577573e+00 3.897615242244905964e+00 6.651619803689006183e+00 7.442681212865029927e-01 8.307734384721721099e-01 5.372321600382296003e-01 2.707787806318399326e+00 8.000000000000000000e+00 2.000000000000000000e+01 4.000000000000000000e+00 -2.184328440522405344e+03 2.877999999999922238e+02 2.526777532650589908e+00 -3.618403301330167743e+00 1.128919783789033682e+00
1.397561729054918933e+00 9.712624046351256979e-01 7.986961720210985050e+00 8.926922039452547253e+00 1.386238534737207262e+00 3.632819421152295725e-01 6.199205681182774486e-01 2.771198012352323214e+00 5.000000000000000000e+00 1.200000000000000000e+01 4.000000000000000000e+00 -4.561515132061249460e+02 3.601200000000105774e+02 1.725571957538247858e+01 -9.819143920089992705e-03 6.282910983531025728e+00
7.468844760095977309e-01 3.069778172049666964e-01 2.951063043604118086e+00 7.508157712922731264e+00 2.946594566251945047e+00 4.375630623399660024e-01 3.080310731598895901e-01 2.940271726178337985e+00 2.000000000000000000e+00 1.000000000000000000e+01 5.000000000000000000e+00 -2.267505561015702369e+03 4.320000000000034390e+01 1.536909756348138067e+01 -3.550486591662376235e+00 1.941665505017061144e-01
1.731801609176254697e+00 6.461916402787692970e-01 3.583554827832663214e+00 7.238087855516655900e+00 1.802770898094440355e+00 7.558800308079463015e-01 3.375324251401486952e-01 3.352514527109033082e+00 1.100000000000000000e+01 1.100000000000000000e+01 5.000000000000000000e+00 -2.280625549242165562e+03 7.039999999999969305e+01 1.533909682763535720e+01 -2.276267394326537019e+00 5.023517068744427050e+00
1.800808410180784414e+00 3.672529781262922066e-01 2.556491596004784483e+00 5.274712460652468238e+00 1.857419937095566631e+00 8.246938823420693065e-01 3.818177645648311302e-01 2.255044954161551818e+00 1.000000000000000000e+01 6.000000000000000000e+00 5.000000000000000000e+00 -2.264536538914614994e+03 3.347999999999975529e+01 1.548728368216344364e+01 -9.731215942715688572e-01 4.868676945946329160e-01
9.340819596983600537e-01 5.816662078575995931e-01 2.194993952623839562e+00 7.306445009143195612e+00 2.976954608866171803e+00 8.033796391480880761e-01 7.409221225244913001e-01 3.641070309760682022e+00 1.000000000000000000e+01 1.400000000000000000e+01 4.000000000000000000e+00 -2.313111692966473584e+03 9.002000000000032287e+01 1.675635581040457467e+01 -3.946188539630079983e+00 3.700182172210289444e+00
8.669949089072120918e-01 4.635681372557700630e-01 6.116127127362394944e+00 8.168763111514488529e+00 1.713445481786291191e+00 1.222183557878228743e+00 4.488368879362618080e-01 3.333456774649315335e+00 1.100000000000000000e+01 1.700000000000000000e+01 5.000000000000000000e+00 -2.318083396372597690e+03 1.390600000000002865e+02 1.553458727328733069e+01 -2.141080307206197464e+00 4.688141124785998315e-01
1.139156880250476567e+00 8.284324104826296109e-01 2.837599697130290810e+00 7.756484054299704667e+00 2.363517029980330975e+00 6.263480095073912235e-01 3.055900909000982546e-01 3.200191973269631340e+00 7.000000000000000000e+00 1.000000000000000000e+01 5.000000000000000000e+00 -2.228923413566312774e+03 1.259999999999971152e+02 1.037021334789464078e+01 -1.155752409674002834e+01 1.604541754171661339e+00
4.906471575136687191e-01 2.405966768609971718e-01 5.409688722487667079e+00 8.678288812066625724e+00 2.492118031377251963e+00 1.096611095127355107e+00 8.216411629800685068e-01 3.279684040108234111e+00 6.000000000000000000e+00 4.000000000000000000e+00 5.000000000000000000e+00 -2.182988826908903320e+03 2.559999999999963194e+01 1.063680168180648167e+01 -4.994288359552277790e+00 1.728461363275913376e+00
9.100749087215329602e-01 1.002371731764345242e+00 7.544120251422832268e+00 9.047023309066739571e+00 7.597967759592422210e-01 1.532438407922874113e+00 8.486379898898498420e-01 2.517590725345909775e+00 6.000000000000000000e+00 6.000000000000000000e+00 3.000000000000000000e+00 -2.111554833087351653e+03 5.406000000000053518e+01 5.282802067959457837e+00 -5.142300689238476608e+00 1.454536240041735207e+00
1.199331914870451543e+00 4.186112595332782682e-01 5.897637303045256019e+00 4.446781288179875169e+00 1.973425735100135414e+00 2.883682853143024527e+00 8.249436476896923054e-01 3.548243141183864413e+00 6.000000000000000000e+00 1.100000000000000000e+01 5.000000000000000000e+00 -2.272660795457143649e+03 5.026999999999979707e+01 1.547036221607148931e+01 -1.111977038276364738e+01 3.453768670596648604e+00
4.553895112531428646e-01 1.383522555732962900e+00 6.436152485599826001e+00 4.484352440179593557e+00 1.335393900489916685e+00 1.165215428515914198e+00 5.128857544286704595e-01 4.245769626474421798e+00 8.000000000000000000e+00 1.300000000000000000e+01 5.000000000000000000e+00 -2.182020828140502090e+03 4.485000000000017195e+01 9.974739258781356810e+00 -9.392081692171785789e+00 4.149634030475469082e+00
4.375650580971130466e-01 2.942377163311205024e-02 5.940356942905985704e+00 7.870654271306837479e+00 5.678232600015602483e-01 3.733001618110864950e-01 3.303755011520955742e-01 2.673455434365729300e+00 6.000000000000000000e+00 1.000000000000000000e+01 3.000000000000000000e+00 -2.210476989364229667e+03 8.829999999999925819e+01 1.039543683526438755e+01 -8.711156948554757307e+00 4.506672364841361578e+00
1.976174581475238057e+00 2.083124381307049244e+00 9.674037170890217752e+00 8.674049269667158057e+00 2.375849763288042205e+00 1.700034915594090368e+00 3.285759853704684486e-01 3.378753706574436855e+00 0.000000000000000000e+00 1.900000000000000000e+01 4.000000000000000000e+00 -2.227184759894697436e+03 1.147599999999991098e+02 1.061279749341864331e+01 -6.387033204284542798e+00 2.341778049075220913e+00
7.936867876826094736e-01 1.477458648913093864e+00 8.446245855590586160e+00 1.311681999917247543e+00 2.849744243833193913e+00 7.363647772129262581e-01 4.440707307335222120e-01 2.305209739808176117e+00 6.000000000000000000e+00 1.400000000000000000e+01 5.000000000000000000e+00 -2.365797303123576512e+03 2.330999999999902457e+02 1.557795644522382972e+01 -7.101975684675886136e+00 4.937819543233217701e+00
1.819802350877036901e+00 4.233788159100414505e-01 6.887796235896167296e+00 9.865316034949891844e+00 2.350486806845857313e+00 7.333671322429891060e-02 9.278643202106653387e-01 3.180411693291352648e+00 3.000000000000000000e+00 2.000000000000000000e+00 5.000000000000000000e+00 -2.251996043848178033e+03 6.799999999999942979e+00 1.553725274051114624e+01 -2.216146752479057902e+00 7.333715826110187574e-01
5.412818580331046903e-02 1.627461777624549022e+00 1.661500890835125865e+00 8.545312007614967342e+00 8.169648788953560725e-01 7.300615239814933766e-02 7.178149639457195308e-01 2.383443716751139085e+00 1.100000000000000000e+01 5.000000000000000000e+00 5.000000000000000000e+00 -2.178768644880513875e+03 2.730000000000025295e+01 1.031991530503210797e+01 -1.411873917936847533e+01 2.694139684593219286e+00
1.641356563672371260e+00 3.645155526749908059e-01 3.700586455127969909e+00 4.686455607269164325e+00 1.861440093544873164e+00 7.944504824201648052e-01 1.499068431441279436e-01 3.822833201029590011e+00 3.000000000000000000e+00 7.000000000000000000e+00 4.000000000000000000e+00 -2.179989351825617632e+03 2.674000000000008725e+01 1.041370948910108218e+01 -7.435467690150263209e+00 4.642222075728462016e+00
1.538267916620826625e+00 4.253004417837656925e-01 9.236649328983704166e+00 9.509072597087845580e+00 1.535650238111766264e+00 2.669070725048611203e-01 8.368444693686433178e-01 2.317708097371229403e+00 1.000000000000000000e+01 1.600000000000000000e+01 4.000000000000000000e+00 -5.212446661232339693e+02 4.801600000000302657e+02 1.757279163270117905e+01 2.900262857391281424e-01 6.083203893404340867e+00
2.038500754754399402e+00 1.170203769003690386e+00 2.865890420506713721e+00 6.622652196086443510e+00 2.722243027405645055e+00 1.263286684586111264e+00 4.231133785657413826e-01 2.625771023435810481e+00 9.000000000000000000e+00 1.600000000000000000e+01 4.000000000000000000e+00 -2.301057522557831817e+03 1.049599999999984732e+02 1.553609515986453715e+01 -1.566681415684487710e+00 4.952223533014802115e+00
9.351406851887710259e-01 7.412572957271750251e-01 3.742887182665995738e+00 4.921448599695441573e+00 1.393380635001257861e+00 4.637847559969029976e-01 4.191392955156841293e-01 2.406420834278524268e+00 4.000000000000000000e+00 1.200000000000000000e+01 4.000000000000000000e+00 -4.546998526660752873e+02 3.601200000000105774e+02 1.716499079162937491e+01 1.973328232365835211e-01 6.258261504033076683e+00
1.461318205827287775e+00 1.604316074028959704e-01 8.041132064817398728e+00 3.737983581342554373e+00 1.359220834335626238e+00 8.549787402928510360e-01 3.232281225028274529e-01 3.815736305063055056e+00 1.100000000000000000e+01 1.200000000000000000e+01 3.000000000000000000e+00 -2.271410171737016299e+03 4.631999999999978002e+01 1.551563573356354020e+01 -4.844065047424514603e+00 3.040060632039421229e+00
1.556467172590114467e+00 5.556536912653007310e-01 7.447889308730625046e+00 9.410726929604800617e+00 1.504660608394703392e+00 1.067574097355013851e+00 7.213095327251716204e-01 2.557119896544910453e+00 1.000000000000000000e+01 7.000000000000000000e+00 4.000000000000000000e+00 -1.162426038803087351e+02 1.090599999999958527e+02 2.233747849806803215e-02 -1.730241925235669775e+00 2.761915137951658772e-01
