1.651729528264802571e+00 1.479161759732948056e+00 1.302314515609150458e+00 3.031786274988143681e+00 9.277185797508571419e-01 2.235986868199081101e+00 6.929419076997980209e-01 2.717958065781293175e+00 9.000000000000000000e+00 1.000000000000000000e+01 3.000000000000000000e+00 -2.122923921987641734e+03 6.920000000000034390e+01 5.520245124227607825e+00 -2.703943120987492676e+00 1.078493470659856734e-01
1.205417535374632809e+00 1.124726949345352223e+00 3.451059220853947451e+00 7.565778465358492966e+00 1.805795465060413996e+00 3.911823398154399278e-01 6.358677847357282475e-01 2.161628755051595352e+00 7.000000000000000000e+00 3.000000000000000000e+00 4.000000000000000000e+00 -2.253729581418366251e+03 1.454999999999988169e+01 1.540341133864787615e+01 -1.940672000644761974e+00 4.131799795659032437e-01
1.403884575980173910e+00 9.565183529978440458e-01 7.557661195831018475e+00 2.966144190867349817e+00 1.695360070243985273e+00 9.610092629672604136e-01 3.785314865498876080e-01 2.749720171592082263e+00 9.000000000000000000e+00 1.000000000000000000e+01 2.000000000000000000e+00 -2.268292938669595515e+03 2.031999999999927411e+02 1.041830866684992962e+01 -2.233105774196858295e+00 6.039182380334628952e+00
1.534693958055054264e+00 1.947490966073228691e-02 7.548228304402602618e+00 7.281883432687665803e+00 1.499102254826164327e+00 5.738815772642240631e-01 5.389386641651835452e-01 2.972617860071785412e+00 1.100000000000000000e+01 1.100000000000000000e+01 5.000000000000000000e+00 -2.273599563453058636e+03 5.719999999999976126e+01 1.531247271581617220e+01 -5.678893512487814377e+00 2.940297286527774112e+00
1.579700850184418526e+00 1.219822443580421245e+00 7.114696057355706316e+00 6.466141554624700305e+00 2.374195029377575761e+00 2.408560410895356885e+00 4.472463391008379419e-01 2.686205318027886868e+00 6.000000000000000000e+00 1.700000000000000000e+01 3.000000000000000000e+00 -2.291842616282590825e+03 9.758000000000080831e+01 1.519078851766191285e+01 -1.114579773697845688e+01 3.459501391660971148e+00
1.380511709220827665e+00 1.046744896493354560e-01 4.898487873799124870e+00 6.317007121441688078e+00 2.513211053355413949e+00 9.316350182960844162e-01 5.459348751544326195e-01 2.324510590310890024e+00 1.100000000000000000e+01 9.000000000000000000e+00 5.000000000000000000e+00 -2.199110067449327744e+03 7.146000000000144325e+01 1.021125421558295265e+01 -1.737475900646418125e+01 3.447915999275700027e+00
2.257850970980710414e+00 1.153012580597727155e+00 4.002594584614883821e+00 8.666255232593318425e+00 1.482529792946909009e+00 8.732663063715487839e-01 4.241240691049299461e-01 2.292814936702670892e+00 9.000000000000000000e+00 1.300000000000000000e+01 2.000000000000000000e+00 -2.309382420573761010e+03 1.234999999999984652e+02 1.547702628586011997e+01 -5.473899368429128998e-02 1.524389199949392204e-01
2.268686435071119334e+00 4.550314774127257600e-01 6.935726167576248713e+00 4.726865496879138817e+00 3.069983543367496015e-01 6.860967245591511610e-01 8.795668704862140697e-01 3.072171673172802819e+00 4.000000000000000000e+00 1.700000000000000000e+01 4.000000000000000000e+00 -2.219033824596427166e+03 1.150900000000009840e+02 1.009305153727665427e+01 -3.023913753598886700e+00 2.330113739008373153e-01
1.454873374724141577e-01 1.502713030469705835e+00 3.458841423499430690e+00 8.445187699073359866e+00 2.302798312944484671e+00 4.481047443028466915e-01 4.403340633004095839e-01 4.446122366488324928e+00 9.000000000000000000e+00 8.000000000000000000e+00 3.000000000000000000e+00 -2.261699702903198158e+03 2.359999999999984865e+01 1.561873143144988241e+01 -6.036260450322087578e+00 1.935400972071432024e+00
1.604423807484195663e+00 8.809875000443223581e-01 6.873695759210546541e+00 6.533378424332682677e+00 1.107248145383945781e+00 1.013301350160136227e+00 9.340036593428978628e-01 4.036559303136762367e+00 8.000000000000000000e+00 1.000000000000000000e+01 4.000000000000000000e+00 -2.119071931832623250e+03 5.900000000000056843e+01 5.598245739538930899e+00 -3.556418712743607990e+00 1.245687702227133764e+00
1.338332383246882085e+00 1.413293995891947930e+00 3.307816478439948860e+00 1.486767026794287183e+00 9.976831284696844326e-01 1.581966775966239247e+00 5.496065824996726468e-01 3.810602284048520971e+00 8.000000000000000000e+00 7.000000000000000000e+00 4.000000000000000000e+00 -2.107046586310990733e+03 4.249000000000015120e+01 5.362599144436915211e+00 -2.540862662487934021e+00 3.184529626262266322e-01
8.191310914015611511e-01 1.520734566674799337e+00 7.226874539153117283e+00 7.468460522858292094e+00 7.466182996516141923e-01 1.309691573756542216e+00 1.524078565054924062e-01 2.687199825886071203e+00 4.000000000000000000e+00 1.800000000000000000e+01 2.000000000000000000e+00 -2.328085631148564971e+03 1.819800000000043667e+02 1.481847694678514316e+01 -5.750380378778028323e+00 2.564091524427060342e+00
1.392840534528563268e+00 1.010191557965890219e+00 3.782442620604239636e+00 5.100837859458151158e+00 2.743586968714258667e+00 8.844798203064341280e-02 3.452103623107898311e-01 3.759493414571608572e+00 9.000000000000000000e+00 1.700000000000000000e+01 5.000000000000000000e+00 -2.118109657044822598e+03 7.361000000000056787e+01 5.081541065301387050e+00 -1.643472219842176330e+01 1.116048742162900620e+00
2.448339336608056804e+00 1.159735247983840978e+00 6.046179163700315939e+00 5.503175244885149198e+00 7.722475040515619504e-01 1.677817290788883087e+00 6.942169501517039265e-01 3.029203442398787693e+00 1.100000000000000000e+01 6.000000000000000000e+00 5.000000000000000000e+00 -2.110313517223426970e+03 4.200000000000007816e+01 5.582094826464188309e+00 -2.837297418049181452e+00 5.012479728409409141e+00
2.478843621006167730e+00 1.222414258762595018e+00 9.432909192584054026e+00 6.106664518683896148e+00 2.422349732013167944e+00 9.083612000054981372e-01 6.787011756684505626e-01 3.310852145844365602e+00 1.100000000000000000e+01 1.300000000000000000e+01 3.000000000000000000e+00 -2.267453010222578996e+03 3.757000000000002871e+01 1.554175063891119635e+01 -1.127967931807872937e+01 1.685258698817469813e+00
1.229425561403382883e+00 7.953264983191024040e-01 5.706741420283798938e+00 9.480457265195703087e+00 2.772005734726947779e+00 2.123942599030922196e+00 8.220003910052490204e-01 2.743664365550074535e+00 8.000000000000000000e+00 1.300000000000000000e+01 3.000000000000000000e+00 -2.270890966691165886e+03 5.044000000000028194e+01 1.535443541819785906e+01 -9.821551925719125720e+00 1.808961899493136016e+00
2.250217488625653850e+00 8.916037660604141379e-01 6.389383643052417128e+00 8.106347079057426797e+00 1.123394268742744062e+00 6.110156824629142669e-01 4.824554319516473067e-01 2.366132759324702572e+00 1.100000000000000000e+01 6.000000000000000000e+00 3.000000000000000000e+00 -2.192976189331982823e+03 4.956000000000036465e+01 1.051226183324890329e+01 -1.378196860387487899e+00 1.877554641531931634e-01
1.395012199182822377e-01 6.148363726411687491e-01 4.183114142395193191e+00 6.678680609545046387e+00 2.466410546312791219e+00 7.888189741152711321e-01 8.332144375718614215e-01 2.233211608428018913e+00 9.000000000000000000e+00 8.000000000000000000e+00 5.000000000000000000e+00 -2.127139654343060101e+03 8.047999999999863974e+01 5.431228396441309059e+00 -8.575475396479619761e+00 2.866635875261083655e+00
2.621371248755584915e+00 9.320171680018773941e-01 8.705013144919730550e+00 4.580284079660101426e+00 1.017419851219544924e+00 1.513709372134053766e+00 7.461536518828026932e-01 3.378830976858337998e+00 6.000000000000000000e+00 1.200000000000000000e+01 2.000000000000000000e+00 -2.278500136134529384e+03 5.723999999999954724e+01 1.561750850840809868e+01 -7.235877407893912538e-01 9.345719651340741452e-01
5.840177170213249891e-01 5.332842782552362770e-01 4.039602297021333221e+00 4.113929835424062098e+00 2.474607427079054567e+00 1.896663747812449952e+00 8.195746002414703302e-01 3.347884478187582502e+00 7.000000000000000000e+00 6.000000000000000000e+00 5.000000000000000000e+00 -2.257763674469927537e+03 2.159999999999992326e+01 1.543522965437046857e+01 -3.169139930920837234e+00 7.558550007633498824e-01
9.901819728647095475e-01 1.636206844012556783e+00 9.161798670040957049e+00 6.256423038293219108e+00 2.001680437358134501e+00 1.467536124068370418e+00 7.277315710740357435e-01 3.384853008826275822e+00 6.000000000000000000e+00 1.100000000000000000e+01 3.000000000000000000e+00 -2.254599393368356232e+03 3.706999999999986528e+01 1.475402458552225582e+01 -1.007363513623253404e+01 4.453425883602247559e+00
1.614785691870316953e+00 1.099283864468154182e+00 4.642913365010931770e+00 9.558215684681274027e+00 2.199793498976548634e+00 1.301647813980254531e+00 7.184778774453314254e-01 3.204964233683716746e+00 8.000000000000000000e+00 9.000000000000000000e+00 5.000000000000000000e+00 -2.182147673652223148e+03 4.545000000000046469e+01 9.963917103263929320e+00 -1.138672074949525914e+01 3.155495655317890780e+00
1.668516502960128545e+00 1.321764493276719632e+00 5.449403074474583164e+00 8.455744406934471158e+00 1.228246696009918537e+00 2.627076707035566061e-01 8.054119617342389015e-01 3.358969719717953328e+00 1.000000000000000000e+01 4.000000000000000000e+00 4.000000000000000000e+00 -2.252092354942136353e+03 1.291999999999990045e+01 1.535202218388353224e+01 -1.382027184678928267e+00 6.269763255013019787e+00
8.740641898343702865e-01 9.298001929896532181e-01 4.416215666483153335e+00 6.681603622308863955e+00 2.156103983707399419e+00 3.589397567730912009e-02 4.522679787327814616e-01 2.340573353160837033e+00 5.000000000000000000e+00 1.300000000000000000e+01 3.000000000000000000e+00 -2.290574391968109921e+03 2.294499999999947590e+02 1.099058699800703565e+01 -1.344989157424812065e+00 5.732520399576660708e+00
1.244158318473653768e+00 4.214498606329035724e-01 9.750594874717105398e+00 6.564053260807837020e+00 1.508768394751555553e+00 4.397528379869779513e-01 9.103316699642860499e-01 2.713107316442809225e+00 9.000000000000000000e+00 5.000000000000000000e+00 4.000000000000000000e+00 -2.118693418482075685e+03 6.359999999999852349e+01 5.430838655129772263e+00 -7.811031567841992818e-01 5.047776764944565953e-01
8.788981114519489601e-02 1.452067145294153150e+00 4.589252401705920192e+00 7.659355521121782751e+00 1.250018126885507508e+00 1.724444376386093936e-01 4.922587384312395731e-01 2.896384626126343065e+00 7.000000000000000000e+00 1.400000000000000000e+01 4.000000000000000000e+00 -4.868930896198275491e+02 4.201399999999720194e+02 1.730144310124009621e+01 2.396339849831060909e-01 2.000620232800473242e-01
1.975056808066227632e+00 8.452558337836025837e-01 3.831164547020076583e+00 6.980011322224783932e+00 2.369683878694453405e+00 1.945279745935468707e-02 1.956385479781493353e-01 4.880536749215105274e+00 5.000000000000000000e+00 1.000000000000000000e+01 2.000000000000000000e+00 -2.280389663981995000e+03 6.260000000000061959e+01 1.556810399887468144e+01 -7.265602206714090183e-01 1.012239307163144586e+00
2.239801844339996073e+00 1.840219459402634428e+00 4.798699900327528134e+00 7.725333510069509302e+00 1.536252179387967098e+00 9.044535953558940911e-01 7.626244466968261637e-01 2.000334253851928423e+00 1.000000000000000000e+01 4.000000000000000000e+00 5.000000000000000000e+00 -2.259469504262645842e+03 2.363999999999967372e+01 1.547809401641539395e+01 -1.308514483601765699e+00 2.703292048942044778e-01
8.060331906716382555e-01 1.680280999621602267e-01 9.235707806674726683e+00 8.411173882439861416e+00 1.453987551702597969e-01 4.644396126738905561e-01 6.870051327470414471e-01 3.184911756619439593e+00 1.000000000000000000e+01 7.000000000000000000e+00 3.000000000000000000e+00 -2.111101775525986341e+03 4.494000000000016115e+01 5.539485970374132151e+00 -3.147300906750665206e+00 3.479804450168617613e-01
8.908971968589933788e-01 1.179407529984473291e+00 6.391056464968052353e+00 5.471477283427177873e+00 1.616378812426451095e+00 7.579552795354210781e-01 6.283707648862960626e-01 2.103572812235695366e+00 4.000000000000000000e+00 8.000000000000000000e+00 3.000000000000000000e+00 -2.262579407224297029e+03 4.495999999999939689e+01 1.500621295151859158e+01 -3.050285202244314764e+00 5.377064313069058521e+00
8.849083978600628120e-01 1.372535010242205589e+00 7.786264273055626184e+00 9.050788146623878205e+00 1.145974497121940106e+00 1.317906136591511235e-01 9.548907659343924825e-01 2.831553915075528671e+00 1.000000000000000000e+01 1.100000000000000000e+01 4.000000000000000000e+00 -2.716621725495047031e+02 3.301100000000244563e+02 6.662948284343280569e+00 8.877527482424388272e-03 1.162471562530976860e-01
2.391555472443075203e+00 2.047245333162804215e+00 6.541809457799367067e+00 9.063402103394405884e+00 2.839956177536320236e+00 1.062496230760482607e+00 7.605443813051129265e-01 2.666692536721264162e+00 7.000000000000000000e+00 1.000000000000000000e+01 3.000000000000000000e+00 -2.289814617418276612e+03 8.769999999999929230e+01 1.537278858864229392e+01 -5.082912792560457582e+00 3.753130330834539397e+00
1.064743843665725942e+00 4.259570857192624960e-01 6.225561559063907069e+00 8.359637940142562229e+00 1.346524327924428777e+00 1.022708543531778203e+00 2.771045124922427716e-01 2.617109521120092097e+00 1.000000000000000000e+01 4.000000000000000000e+00 3.000000000000000000e+00 -2.103662129159765300e+03 3.291999999999947590e+01 5.450133072485353836e+00 -2.307184189119238393e+00 6.006274733949433120e+00
1.501233209106238808e+00 2.972752282987434214e-03 8.323669485257891409e+00 3.427577573854827087e+00 1.912423570882275214e+00 2.440741793375426627e-01 4.927732662918066775e-01 2.343990048810493665e+00 9.000000000000000000e+00 5.000000000000000000e+00 4.000000000000000000e+00 -2.115768245064642542e+03 5.454999999999903793e+01 5.530827816540192288e+00 -1.141240648135748215e+00 1.689021215219020933e-01
1.049463104662835988e+00 1.220043586492654430e+00 3.190632720893561647e+00 5.713240721829628832e+00 1.369317966989070268e+00 1.877526735502199617e-01 9.169087611140920302e-01 2.619789839313835689e+00 1.000000000000000000e+01 1.400000000000000000e+01 4.000000000000000000e+00 -3.351637775701771602e+02 3.883599999999751162e+02 1.994265138789285199e-02 -1.168503805808722706e+00 2.312294051775160009e-04
2.031366925462835038e+00 1.818115569878042015e+00 1.522414157510285193e+00 1.213165901696830140e+00 2.307877662606380831e+00 2.040560672112977869e+00 4.576885082216886613e-01 4.357540246482531465e+00 7.000000000000000000e+00 1.000000000000000000e+01 3.000000000000000000e+00 -2.189880846866314187e+03 4.000000000000029843e+01 1.061755292914464199e+01 -3.258252990527802595e+00 4.988190607986068059e+00
1.863581421288543538e+00 7.685870865185364664e-01 8.291574739705687591e+00 8.316413156459024236e+00 7.840701391162053779e-01 1.505091588299359184e+00 4.154342635595460465e-01 2.554928950543924326e+00 9.000000000000000000e+00 4.000000000000000000e+00 5.000000000000000000e+00 -2.105696326545955344e+03 3.363999999999946056e+01 5.554770409122238739e+00 -1.885465157062265806e+00 2.407991221558372086e-01
8.875156628371319023e-01 7.507613660810614764e-01 6.130403561076006369e+00 7.957694998491373184e+00 1.272713091578707267e+00 1.853535266454643171e+00 2.862948985235319044e-01 3.938121698665317361e+00 2.000000000000000000e+00 9.000000000000000000e+00 3.000000000000000000e+00 -2.233012637132507734e+03 2.582999999999996632e+01 1.375610232078174100e+01 -8.099453096375098582e+00 3.435657363079968274e+00
3.870149194075784838e-01 9.419597424039563016e-01 6.789203038752139818e+00 6.271028314350065358e+00 1.265684412491069333e+00 2.275989206058165237e+00 3.982404296486089512e-01 3.769901735469808557e+00 1.000000000000000000e+01 1.300000000000000000e+01 3.000000000000000000e+00 -2.261990046310757862e+03 4.602000000000019497e+01 1.493625289442235804e+01 -1.065777928478464887e+01 3.321612709957660226e+00
1.954118358437400893e+00 5.435279529879141203e-01 6.064699236093451518e+00 5.425696420975827827e+00 2.137137363596276263e+00 1.636018041537582457e+00 2.728108518402982963e-01 3.237828610810168151e+00 1.000000000000000000e+01 1.800000000000000000e+01 5.000000000000000000e+00 -2.304090628035381997e+03 1.175400000000019389e+02 1.533253925221132263e+01 -8.101465876426871660e+00 2.378683993748542669e+00
1.048612841174493049e+00 2.654106730683843729e+00 2.427479829598907735e+00 7.854658475564278319e+00 1.108149714799964380e+00 1.992756965754396425e-01 7.533543497173619818e-02 4.028334695191541748e+00 6.000000000000000000e+00 9.000000000000000000e+00 5.000000000000000000e+00 -2.128514788099346788e+03 1.753200000000053649e+02 2.553424256209017251e+00 -5.044291831503868728e+00 4.002536213579531932e+00
4.326767449818832434e-01 1.550216814592825898e+00 3.780266008983892867e+00 2.015518247731594492e+00 1.868187934395493022e+00 1.099801030292848036e+00 3.119310117315300390e-01 2.759293368930280543e+00 5.000000000000000000e+00 6.000000000000000000e+00 3.000000000000000000e+00 -2.261957615322457059e+03 2.411999999999986954e+01 1.561860095765356071e+01 -5.101703912230656890e+00 1.920651285419975318e+00
2.306520415881959440e+00 2.889400572923687793e+00 6.108074911939512575e+00 4.674109426363645348e+00 1.016775998863961528e+00 2.247732406241667924e+00 4.478301863926152926e-01 3.213371070556875875e+00 1.100000000000000000e+01 1.100000000000000000e+01 4.000000000000000000e+00 -2.120827436418625439e+03 6.896999999999970044e+01 5.396402276164106837e+00 -6.530265444557649346e+00 1.373539382204892023e+00
2.037831369073324517e+00 6.415633138660634671e-01 4.962543852796404309e+00 6.257806939417858594e+00 2.509418130029324789e+00 1.094724363366595954e-01 3.255150056982795137e-01 4.164940214092118786e+00 1.100000000000000000e+01 1.600000000000000000e+01 4.000000000000000000e+00 -2.294355572729059531e+03 9.295999999999872898e+01 1.549222329556624977e+01 -3.033912551781347000e-01 2.223250402061561007e-02
2.244542330347853554e+00 1.320930433003557614e+00 4.449836932657747823e+00 1.833568204950118075e+00 1.304278806736141272e+00 2.205776929325589109e-01 5.578153985624871858e-01 3.847058080259794455e+00 7.000000000000000000e+00 1.900000000000000000e+01 1.000000000000000000e+00 -2.369177469425365871e+03 3.999499999999957254e+02 1.057515433908552538e+01 -1.764677860097806361e+00 1.019535854303428080e+00
2.941827317486258586e+00 1.527017480251841919e+00 1.938561919395192401e+00 2.970833243974247750e+00 1.047745417293918457e+00 5.628843328991186556e-01 1.881893337842932556e-02 4.105194263177285308e+00 7.000000000000000000e+00 1.000000000000000000e+01 3.000000000000000000e+00 -2.263118552573087527e+03 3.130000000000017479e+01 1.546678453581795942e+01 8.676359958929959204e-02 5.555545896063949662e+00
2.789098335140888008e+00 6.020266060164751742e-01 8.905373747107061533e+00 8.346783011493947413e+00 1.052332607084404792e+00 6.858481068531598890e-01 8.977447305747822126e-01 3.867632853006707894e+00 8.000000000000000000e+00 6.000000000000000000e+00 3.000000000000000000e+00 -2.107504244004512202e+03 3.677999999999988034e+01 5.569640250282031246e+00 -9.762885663859791618e-01 5.257972427908394586e+00
1.556467172590114467e+00 5.556536912653007310e-01 7.447889308730625046e+00 9.410726929604800617e+00 1.504660608394703392e+00 1.067574097355013851e+00 7.213095327251716204e-01 2.557119896544910453e+00 1.000000000000000000e+01 7.000000000000000000e+00 4.000000000000000000e+00 -1.162426038803087351e+02 1.090599999999958527e+02 2.233747849806803215e-02 -1.730241925235669775e+00 2.761915137951658772e-01
