1.973155150284252368e+00 1.010950784966505811e+00 3.474606977172732591e+00 4.542322646492677585e+00 1.283548793483920702e+00 8.752666971338102231e-01 8.949816811594129007e-01 2.540675823503715236e+00 8.000000000000000000e+00 1.500000000000000000e+01 1.000000000000000000e+00 -2.377815153021070273e+03 2.146500000000052637e+02 1.690563456381672935e+01 1.741397087486384887e+00 5.480044890215629572e+00
5.842225572472037332e-01 1.312699289464251962e+00 6.032252679397711148e+00 3.395322407143444465e+00 7.153936884408489405e-01 2.585762235553657806e+00 3.055209988659643994e-01 2.202893547616462833e+00 6.000000000000000000e+00 1.800000000000000000e+01 3.000000000000000000e+00 -2.328102591094426771e+03 1.627200000000036368e+02 1.542141194340155863e+01 -3.590259315090372993e+00 1.749129798272202940e+00
1.525476789358886531e+00 1.233914563379197693e+00 1.931884444971156967e+00 6.273086708857957383e+00 2.507266833903823766e+00 2.435394078999022938e+00 8.939790617074888646e-02 3.069393222466370474e+00 4.000000000000000000e+00 1.600000000000000000e+01 2.000000000000000000e+00 -2.307398640853864435e+03 1.185599999999981833e+02 1.550741505336658932e+01 -1.660961300553223330e+00 4.840745463635312551e-01
1.478660158002303771e+00 2.381656202044259985e+00 3.778112847443736655e+00 4.481184690199102150e+00 2.972702357665566897e+00 2.093150128608008309e+00 3.852880871590701473e-01 4.827262123198038601e+00 1.000000000000000000e+00 1.900000000000000000e+01 4.000000000000000000e+00 -2.328389657082040230e+03 6.136999999999974165e+01 1.860654106762750715e+01 -3.881355118650262170e+00 1.967109801273207115e+00
2.026954513713747463e+00 1.414355758261732765e+00 8.019197921797896811e+00 4.825058263665832570e+00 1.310982164618929025e-01 2.446921133403526127e+00 5.737939751104996766e-01 3.871512299085706488e+00 2.000000000000000000e+00 1.500000000000000000e+01 4.000000000000000000e+00 -2.268198196723839828e+03 4.199999999999977973e+01 1.544988729523998039e+01 -1.397835021733208727e+00 6.016814354480649385e+00
1.851570769104526892e-01 1.149680389151914728e+00 4.334718606393454188e+00 2.199241714842702144e+00 2.478030695156739238e+00 1.929764231926317519e+00 2.487428581354627632e-01 4.166181363513673297e+00 5.000000000000000000e+00 1.700000000000000000e+01 3.000000000000000000e+00 -2.204329934542222873e+03 5.814000000000041268e+01 1.095374590888891930e+01 -6.277765186537070718e+00 6.928856557778123593e-01
2.377029618679962653e+00 1.196513697353625005e+00 3.979495879026518246e+00 8.536240974778019464e+00 2.299249948913243635e+00 1.938929536188023883e+00 3.508808738241971370e-01 4.503444060905453128e+00 4.000000000000000000e+00 1.100000000000000000e+01 4.000000000000000000e+00 -2.120954175193545780e+03 4.454999999999982663e+01 6.167448449596609095e+00 -1.226876997236027478e+01 5.560900834100661605e+00
1.421507745922758748e+00 2.227221610976608090e+00 1.301906445825821379e+00 4.291756531449491874e+00 1.733908788267429113e+00 1.917992232447761403e+00 1.662256358251641419e-01 3.952560531332808047e+00 4.000000000000000000e+00 9.000000000000000000e+00 1.000000000000000000e+00 -2.258970800243791018e+03 2.267999999999997129e+01 1.547692501523693842e+01 -2.246624839855711819e+00 8.310244291716795129e-01
2.637487065666936026e+00 1.764386940321054587e+00 1.920630053625313360e+00 5.815919751307726315e+00 2.690371134561223343e+00 9.118342275557245191e-03 6.052143882439144917e-01 2.184573219597558236e+00 7.000000000000000000e+00 6.000000000000000000e+00 4.000000000000000000e+00 -2.114546253583864200e+03 6.534000000000095554e+01 5.117265848991482180e+00 -1.757110169555905488e+00 2.390864954362460493e-01
6.863575581310150664e-01 4.603596080858094464e-01 1.686222687433507561e+00 6.178715934170338819e+00 1.384849022228265891e+00 1.549155848295904025e+00 3.393164186544859184e-01 4.067681827632635638e+00 2.000000000000000000e+00 1.200000000000000000e+01 3.000000000000000000e+00 -2.264036674196139757e+03 3.072000000000007702e+01 1.554229213725873215e+01 -7.222404388579001244e-01 5.828407571302784085e+00
7.807580812877096266e-01 1.054724978876376618e+00 3.220882390123660954e+00 7.525887277211622539e+00 3.392558531864703353e-02 1.731134581783246862e+00 5.838961665149580149e-01 3.801274992815263154e+00 1.000000000000000000e+01 1.500000000000000000e+01 3.000000000000000000e+00 -2.266212019111995232e+03 3.989999999999979963e+01 1.539137619449970984e+01 -9.044017206810917031e+00 2.964669378712117442e+00
7.005761239354405534e-01 8.793372030967959718e-01 2.054753744705207996e+00 3.794800929822843560e+00 6.079262281532998857e-01 5.027547540566672524e-01 5.894131224367508137e-01 2.542543032927360613e+00 5.000000000000000000e+00 1.400000000000000000e+01 1.000000000000000000e+00 -2.297655132561312257e+03 1.101800000000004047e+02 1.516032078508201941e+01 -3.566111666605988328e-01 1.068265336562213008e-02
8.884251044252093887e-01 7.874374816207405647e-01 2.907318049956996830e+00 6.345120797674441704e+00 2.355366770085931094e+00 1.518806591071051315e-01 6.561458654404730417e-01 2.634084768849144886e+00 0.000000000000000000e+00 7.000000000000000000e+00 1.000000000000000000e+00 -2.260560975188979683e+03 3.423000000000011767e+01 1.521537344931121005e+01 -5.237142742332656198e+00 5.504856072652104082e+00
2.670596683210388456e+00 1.657386799037692704e+00 8.488276230537909584e+00 7.196108331804602187e+00 1.671823140966373300e+00 1.821705560188909834e+00 9.456394329667017207e-01 2.197687497627308417e+00 1.000000000000000000e+01 1.400000000000000000e+01 3.000000000000000000e+00 -2.299644550245835944e+03 9.884000000000035868e+01 1.563903439036471887e+01 -4.480157275367171010e+00 1.154457387986164596e+00
2.952414515413955165e+00 2.548110279277973511e+00 3.395361858400937294e+00 8.043862983486501861e+00 2.164881379765711156e+00 5.811631326078043891e-01 9.318528750888768197e-01 2.885239945608234269e+00 7.000000000000000000e+00 1.800000000000000000e+01 4.000000000000000000e+00 -2.254364622669664186e+03 3.351600000000101431e+02 5.424038916853679559e+00 -4.062784781796436206e+00 1.056764916167829416e+00
2.696226242531758910e+00 1.177510998797758557e+00 4.144780884132464926e+00 9.557196993640783234e+00 4.940487603813141226e-01 1.848654660373066250e+00 7.853199011632465698e-01 3.479974488946471656e+00 2.000000000000000000e+00 8.000000000000000000e+00 3.000000000000000000e+00 -2.184631931340441042e+03 3.367999999999963734e+01 1.048699570877759690e+01 -7.852459973047240638e+00 3.190192368887908358e+00
1.948834653659106131e+00 1.419150029277352010e+00 2.283981264603558881e+00 2.351219383451231604e+00 1.671478380151948384e+00 8.869632236385365243e-01 6.433782124271214542e-01 4.121842048436142214e+00 1.000000000000000000e+00 4.000000000000000000e+00 3.000000000000000000e+00 -2.176150434424730975e+03 1.391999999999987914e+01 1.057440215154571028e+01 -6.043204510575562516e+00 4.849112216935688835e+00
2.842673734242561867e+00 2.859113027436936516e+00 2.599569154353556399e+00 3.920282822164445236e+00 2.194211557228864518e-01 6.374292390820798238e-01 3.687362237710902768e-01 3.948358401566735676e+00 8.000000000000000000e+00 8.000000000000000000e+00 4.000000000000000000e+00 -2.256774239152377959e+03 2.127999999999989811e+01 1.538338994702361795e+01 -3.096624283927428056e+00 6.016546181744912403e+00
2.123572714677478324e+00 1.837902428617195882e+00 2.905076322001759248e+00 7.887708100857428128e+00 1.656279376176455820e+00 2.459147146900104719e+00 7.627023545495259516e-01 2.997302844735597827e+00 1.100000000000000000e+01 8.000000000000000000e+00 5.000000000000000000e+00 -2.272080682097273893e+03 4.431999999999941053e+01 1.562004263107963453e+01 -3.102305428500378159e+00 4.771762722827365799e+00
2.420149691388643998e+00 1.673952075957385155e+00 6.292751072951127789e+00 4.929429360385154446e+00 1.661263452399844853e+00 1.033700908467160451e+00 8.810909368342011438e-01 2.174603760653481377e+00 1.100000000000000000e+01 8.000000000000000000e+00 2.000000000000000000e+00 -2.202528993594599342e+03 9.967999999999823046e+01 9.543062099662515507e+00 -1.482524962954278935e+00 2.139780496238834484e-01
1.950688044334042193e+00 2.311390421048177046e+00 4.774316899423149962e+00 1.823081635485686025e+00 2.704020801203256053e+00 9.094127758704397824e-01 8.918810366144789281e-01 3.191049805881485568e+00 3.000000000000000000e+00 6.000000000000000000e+00 5.000000000000000000e+00 -2.300594341664102558e+03 1.014000000000023221e+02 1.561839635400632709e+01 -7.695052649989685634e+00 1.325247927961105576e+00
2.015661930880757513e+00 1.961530972248734628e+00 6.225533656382421732e+00 8.434888288450352434e+00 5.075839694737034336e-01 2.217887430479633437e+00 4.531292801690489092e-01 3.504443677118845191e+00 4.000000000000000000e+00 1.100000000000000000e+01 5.000000000000000000e+00 -2.270461182044954512e+03 4.102999999999984482e+01 1.562163637780964542e+01 -3.251172379708425986e+00 1.500792409614355893e+00
2.127763641302550468e+00 2.029130023507067726e+00 3.859162547624491513e+00 6.473150356453888143e+00 2.772345121612446839e+00 3.683909034439275532e-02 9.325801583418991125e-01 2.702079050820541450e+00 1.000000000000000000e+01 8.000000000000000000e+00 5.000000000000000000e+00 -2.190250305108942484e+03 7.103999999999884096e+01 9.670644069308952595e+00 -4.159093366700539640e+00 1.503944628338675260e+00
5.004280895233050863e-01 2.337959367331234439e+00 4.158330215051502243e+00 2.811523306959857749e+00 8.097519907964221275e-01 3.882901234427611481e-01 2.387424677378628957e-01 4.883329897852797252e+00 6.000000000000000000e+00 2.000000000000000000e+00 2.000000000000000000e+00 -2.248255436561370971e+03 4.499999999999992006e+00 1.537533978508568389e+01 -4.991719541231564250e+00 6.263827106784097154e+00
1.798448114130225761e+00 1.373017059785986982e+00 1.110116616364926756e+00 5.004459542622233137e+00 2.039082111207022763e+00 3.832859614006693949e-01 8.088269605120698147e-01 2.120514121215363534e+00 1.000000000000000000e+01 1.400000000000000000e+01 4.000000000000000000e+00 -2.255425527891422348e+02 2.097199999999925240e+02 1.689836031380496234e-02 -1.281153884586381242e+00 6.688937117305898683e-02
3.238446920712514387e-01 2.550112770819555674e+00 3.190049965450088898e+00 2.427787409105659044e+00 2.115828920844458949e+00 1.176540056409975055e+00 6.651857506317069291e-01 3.516387004887430390e+00 9.000000000000000000e+00 7.000000000000000000e+00 3.000000000000000000e+00 -2.260043444480234029e+03 2.289000000000007162e+01 1.553740278001461128e+01 -6.427383522889603684e-01 4.200661359847516207e-01
7.656458650881274863e-01 1.441239633214457472e+00 5.628475359198899852e+00 1.613149119645677976e+00 1.992037467300348252e+00 1.417799136816846328e-01 4.799903620616111644e-01 4.766131289117431891e+00 6.000000000000000000e+00 4.000000000000000000e+00 3.000000000000000000e+00 -2.099902068795278865e+03 2.051999999999974023e+01 5.602629299704942945e+00 -2.553375678201551313e+00 5.273656474000904204e+00
1.295225520327036417e+00 5.483233817183159609e-01 6.622279371152703931e+00 8.216809527997943619e+00 2.150371596296906773e+00 1.744346337614862241e+00 7.062649024594720437e-01 4.347322501011232632e+00 7.000000000000000000e+00 8.000000000000000000e+00 5.000000000000000000e+00 -2.178543341600150143e+03 3.127999999999968495e+01 1.018145885000940432e+01 -1.580445951489880407e+01 2.429726130423307318e+00
1.960421714847979890e+00 1.431272663122926225e+00 6.598067905934865252e+00 2.045165321309170281e+00 1.909879803072583204e+00 2.434325025450722713e+00 6.733117633999801122e-01 3.704235448543359066e+00 1.000000000000000000e+01 4.000000000000000000e+00 3.000000000000000000e+00 -2.255898328431371738e+03 1.191999999999992177e+01 1.562114552696074199e+01 -2.699815986070063900e+00 4.932808217987497912e+00
5.167570790155706639e-01 2.592265272687586553e+00 5.155778082835747789e+00 7.472270416775695701e+00 2.863205362757122341e+00 1.080040237567567729e+00 5.576386980632745682e-02 2.348705817484984415e+00 3.000000000000000000e+00 5.000000000000000000e+00 1.000000000000000000e+00 -8.287671727499870258e+02 6.164999999999863434e+01 -9.586657214635710411e-02 -1.938254965061521418e+01 3.914946966782698379e+00
1.604304274960149046e+00 2.109649221064338498e+00 4.687021884678294725e+00 4.740462126132793053e+00 2.237246824467274298e+00 3.161610316990161040e-01 7.432346334313041369e-01 2.541804621859800939e+00 9.000000000000000000e+00 9.000000000000000000e+00 4.000000000000000000e+00 -2.476771292873785626e+02 2.700900000000045225e+02 7.039508080461018835e+00 -2.199495029429692217e-01 6.233807333528447181e+00
2.698218106345900313e+00 8.009165295133326978e-01 4.084355635438053689e+00 6.160342111287819833e+00 1.769520478093913329e+00 1.017718777621186677e+00 5.383630108434968031e-01 2.011138975382749994e+00 7.000000000000000000e+00 8.000000000000000000e+00 5.000000000000000000e+00 -2.196625747459384002e+03 1.048799999999981196e+02 9.011609216211553530e+00 -5.866688568376217106e+00 1.943248524365709828e+00
7.900017258691448552e-01 2.243981375205016171e+00 5.438484852378559609e+00 5.022475559974445503e+00 6.585863623694359070e-01 2.092367936569145659e+00 5.925338349966823293e-01 4.010189142477494251e+00 7.000000000000000000e+00 1.100000000000000000e+01 2.000000000000000000e+00 -2.267129128513341584e+03 4.223999999999983856e+01 1.537557053208386115e+01 -3.471842669772636114e+00 5.413636375072026219e+00
2.962769686173230888e+00 2.758895388640223434e+00 7.113376631637464698e+00 9.070852886546063587e+00 3.248144225641989014e-01 1.060041532994666635e+00 9.527436874075799755e-01 2.039730954632432702e+00 1.100000000000000000e+01 1.100000000000000000e+01 4.000000000000000000e+00 -2.274180636231209519e+03 5.609999999999976694e+01 1.538316476445059955e+01 -1.462635356903478900e+00 6.253727444043426509e+00
2.986764884339455417e+00 2.024490430338172331e+00 5.187643428336448537e+00 2.102081150277259614e+00 1.926604947802476930e+00 1.233750556505160301e+00 8.312451275068888368e-01 2.624758902059139309e+00 7.000000000000000000e+00 1.400000000000000000e+01 5.000000000000000000e+00 -2.160571974909967139e+03 1.429399999999990314e+02 5.568873431872967572e+00 -4.997562800999967969e+00 4.163078694027307236e+00
2.781198382956314497e+00 9.308129960412051540e-01 6.392540180336150790e+00 6.148587639958706497e+00 1.177005538763273407e+00 1.670780074142692584e-01 8.649839126546728929e-01 2.876998287328042636e+00 9.000000000000000000e+00 1.500000000000000000e+01 5.000000000000000000e+00 -2.712012111096693161e+02 4.501499999999774104e+02 2.882888194355036404e+00 -1.117922424438087120e-01 7.667736853864937085e-02
4.231105371996767839e-01 2.385161670371759968e+00 4.189336354647639205e+00 5.493673495680681640e+00 1.113064198597480292e+00 1.953542217758440946e+00 8.004197171795408572e-01 4.356951304293767535e+00 3.000000000000000000e+00 1.400000000000000000e+01 2.000000000000000000e+00 -2.296895022513865115e+03 9.828000000000035641e+01 1.548468890711656343e+01 -4.464416517702635367e+00 5.886780509945717554e+00
9.662470693571859615e-01 1.984512885618733513e+00 4.018621129070590214e+00 7.067242914411521859e+00 1.617747493253953284e+00 1.352324788808143552e+00 9.149440856357639040e-01 4.231316456477336452e+00 7.000000000000000000e+00 1.100000000000000000e+01 3.000000000000000000e+00 -2.270225116404002620e+03 4.498999999999982435e+01 1.548313227525016522e+01 -5.836262283631191039e+00 3.080522760366215529e+00
1.793914644797303337e+00 1.953369366393225670e+00 9.177485627271817492e+00 4.104250019434188879e+00 2.139546698583045803e+00 1.570420904153423391e+00 8.894042594580160443e-01 3.328963268646600859e+00 2.000000000000000000e+00 1.000000000000000000e+01 5.000000000000000000e+00 -2.266906593964105468e+03 3.820000000000027285e+01 1.548791212275658502e+01 -1.310221983231351928e+01 1.826534676739495877e+00
9.234527835141655983e-01 2.342028857817615162e+00 3.685109444264634604e+00 3.428930529908688740e+00 1.764789527982344230e+00 6.161939018708135762e-01 6.507532632994632582e-01 4.963223680753633182e+00 3.000000000000000000e+00 7.000000000000000000e+00 2.000000000000000000e+00 -2.270333479611776056e+03 4.564000000000016399e+01 1.546959247573599150e+01 -2.073875322473443639e+00 6.193822120156023736e+00
2.098600558619656553e+00 1.717062909450503883e+00 1.453509460492097727e+00 5.261436631567164568e+00 1.408207065658158008e-01 4.981175370523456269e-01 9.555300809638818116e-01 3.038418118374973886e+00 1.000000000000000000e+01 1.500000000000000000e+01 4.000000000000000000e+00 -2.270501479359011682e+03 5.054999999999969873e+01 1.532665495993822802e+01 -2.050313581749511282e+00 1.464003631033673203e-01
3.413659781842172669e-01 1.411981013301750298e+00 6.347120442748423130e+00 2.054128895830501289e+00 1.479590679597423630e+00 6.373085225939731924e-01 2.352511597988732606e-01 3.509468605308701861e+00 7.000000000000000000e+00 7.000000000000000000e+00 4.000000000000000000e+00 -2.256311790444179678e+03 3.122000000000010544e+01 1.504386190276121660e+01 -3.081178106697004537e+00 8.058812924484932694e-01
2.709003750900277563e+00 1.757014674941277832e+00 6.565099443296620763e+00 6.904463423712511982e+00 2.349904131747245550e+00 2.114239525202042724e+00 6.097825506450342825e-01 3.805511960564607943e+00 3.000000000000000000e+00 1.300000000000000000e+01 5.000000000000000000e+00 -2.261598533790202509e+03 3.184999999999992326e+01 1.535459586188766323e+01 -1.374741869696935836e+01 2.028487330838896874e+00
9.596806423157070443e-01 1.860395580042574437e+00 6.618596125668132046e+00 8.867603086535398305e+00 1.264025797406862939e+00 2.821936860644759015e+00 4.147773457013154141e-01 3.634933840676652039e+00 1.000000000000000000e+00 2.000000000000000000e+00 3.000000000000000000e+00 -2.093513146227900052e+03 1.245999999999982322e+01 5.455196639243757417e+00 -5.972740173182437218e+00 1.101520875785610976e+00
2.885002600019569652e+00 1.535813463827374381e+00 5.576145005277785671e+00 6.850950800115990447e+00 5.451289529163177994e-01 2.771346593333823716e+00 7.826624990880008959e-01 3.716097688075321148e+00 9.000000000000000000e+00 1.600000000000000000e+01 4.000000000000000000e+00 -2.265181400289636258e+03 4.447999999999975529e+01 1.518383751810228155e+01 -6.367699400031040291e+00 1.170075768767707025e+00
8.459420854385257815e-02 2.677725454945502293e+00 9.585298583879955814e+00 7.062738465692266487e+00 2.544932406281886106e+00 6.168776898758037142e-01 4.513289362362856716e-01 2.870235727959483896e+00 8.000000000000000000e+00 1.400000000000000000e+01 1.000000000000000000e+00 -2.369117159526976593e+03 5.530000000000018190e+01 2.134169747043602428e+01 1.653158513751090464e+00 8.001421055466330090e-01
2.876445634871013457e+00 1.052705915014573446e+00 3.274840342610370936e+00 3.026988547596334733e+00 2.537266870065060687e+00 6.604723934947946962e-01 6.013069973166157434e-01 2.168145138734691280e+00 1.000000000000000000e+01 2.000000000000000000e+00 2.000000000000000000e+00 -2.251833069646379499e+03 9.079999999999895266e+00 1.545581685289871210e+01 -2.113173106025064918e+00 1.559566158952730916e-02
2.455554223941212477e+00 1.442235559890116869e+00 3.842137952617996177e+00 5.330965476131774849e+00 2.114007402422727999e+00 1.710027886073698378e-01 9.750995631442352929e-01 2.068596689758162022e+00 1.100000000000000000e+01 1.300000000000000000e+01 4.000000000000000000e+00 -3.068485747509843122e+02 3.901299999999891384e+02 6.986473421936860717e+00 -5.169818155898711076e-01 8.727575189858849392e-02
