1.724630008995449160e+00 9.181976444358990186e-01 6.654949684729887238e+00 9.684588063133732661e+00 1.899544233086334577e+00 1.843400210618398871e-01 6.541888228708946373e-01 2.980539251446934657e+00 8.000000000000000000e+00 1.000000000000000000e+01 3.000000000000000000e+00 -3.803952036290871774e+02 2.216999999999916895e+02 -8.580821854152348438e-03 -1.222208558334660999e+01 9.269212702618024879e-01
1.856325287157874815e+00 1.406856453419200736e+00 6.382604799895449155e+00 8.263684164013660904e+00 1.760995677133561754e+00 3.295067356946965176e-01 9.500800894591666657e-01 2.276104031341987799e+00 9.000000000000000000e+00 8.000000000000000000e+00 5.000000000000000000e+00 -2.116219130172576570e+03 5.687999999999914280e+01 5.486195635786059732e+00 -2.072203758786175598e+01 3.846386809137359641e+00
1.136350494630142816e+00 6.298269597783974216e-01 4.910614816425174389e+00 8.086242896513269329e+00 9.327065058235880501e-01 2.606349002382456703e+00 6.144021061940767581e-01 4.066469949067059275e+00 8.000000000000000000e+00 1.300000000000000000e+01 3.000000000000000000e+00 -2.266146928991713139e+03 3.379999999999995453e+01 1.557793306198207262e+01 -6.684888757193055753e+00 4.981221491878713437e+00
2.317354666018928810e+00 1.314681120448927487e+00 1.934779107398240328e+00 8.537715535039085424e+00 1.626985299675639762e+00 7.533175636050506441e-01 4.058603981633953639e-01 2.203729200111948394e+00 3.000000000000000000e+00 1.600000000000000000e+01 4.000000000000000000e+00 -2.091615629243299281e+03 1.124799999999983129e+02 2.210976827706252923e+00 -2.352018208497014840e+01 3.803560776234264917e+00
2.182515856792699882e+00 2.356797989653519387e+00 7.975248852100653707e+00 4.834385199495919494e+00 1.118194345053035832e+00 2.091599399982668750e-01 8.355534363818615251e-01 2.398665762771760690e+00 0.000000000000000000e+00 5.000000000000000000e+00 5.000000000000000000e+00 -2.189970273144433122e+03 4.924999999999933920e+01 1.033407957152709322e+01 -2.711160048437357251e+00 4.300980723587652932e-01
1.149702597748598176e+00 1.477775083252043764e+00 7.528340276103072881e+00 4.003060140103676723e+00 2.248466379551333993e+00 4.215137470010277276e-02 2.594708936449762748e-01 2.509577444277986569e+00 1.000000000000000000e+00 9.000000000000000000e+00 4.000000000000000000e+00 -4.323097716730937918e+02 2.700900000000045225e+02 1.857904822956822244e+01 -2.790567226332881789e-01 6.169049001887220995e-02
2.334156454532335445e+00 2.150466455250451325e+00 4.529295113723254218e+00 2.983688072282709935e+00 1.696239294242607887e+00 6.302645403976394611e-01 3.718229004426090167e-01 2.294849372243104479e+00 4.000000000000000000e+00 1.100000000000000000e+01 4.000000000000000000e+00 -3.006405169090508025e+02 3.301100000000244563e+02 8.474094806814912673e+00 -1.971818677117549989e-01 7.321788751446084431e-02
1.040272730676526258e+00 3.302604508144220685e-01 7.074162229660541534e+00 5.061667315251781929e+00 1.630563848764996937e+00 2.217207807416206045e+00 1.893361744333940389e-01 2.326823006012948003e+00 2.000000000000000000e+00 1.500000000000000000e+01 3.000000000000000000e+00 -2.317650561522716089e+03 1.431000000000025523e+02 1.538128509516967846e+01 -1.416763104370582838e+01 3.202731360082408330e+00
3.390219889542722687e-01 2.114059601673138999e+00 4.452459989494808923e+00 7.799905222739529798e+00 8.996808468966208672e-01 1.081333727530749966e-01 8.866522122321218724e-01 4.018845437657203590e+00 3.000000000000000000e+00 1.000000000000000000e+01 4.000000000000000000e+00 -2.227807958426943514e+03 1.228999999999972914e+02 1.039737240168404675e+01 -4.380981185179404491e+00 2.052675724284055203e+00
2.590127372296573860e+00 1.813209335574943237e+00 4.599019207592832892e+00 6.361722240643456594e+00 9.119130443123646401e-02 1.495337462141587803e+00 2.454050073131708032e-01 2.008921280025458778e+00 1.000000000000000000e+01 8.000000000000000000e+00 3.000000000000000000e+00 -2.268921800417426311e+03 4.031999999999949580e+01 1.554761252608918198e+01 -2.495094261473651098e+00 4.459664006383472490e-01
1.792679943539696064e+00 2.485939085787549629e+00 8.501937196356060156e+00 7.151721517855595067e+00 1.253756223249724577e+00 1.261349633037273321e+00 5.059103279394796537e-01 2.651666786493132921e+00 4.000000000000000000e+00 6.000000000000000000e+00 5.000000000000000000e+00 -2.254533887371335368e+03 3.611999999999985533e+01 1.477961796070844969e+01 -1.479791797977556556e+00 6.209386497614680422e+00
2.071103467198674775e+00 6.030630033242498911e-01 3.505613331304464175e+00 6.895182928220416230e+00 6.315378082822620254e-01 1.623986377849147678e+00 4.145740514545716016e-01 2.841869417543829268e+00 1.000000000000000000e+01 1.100000000000000000e+01 3.000000000000000000e+00 -2.130190046214814174e+03 8.051999999999964075e+01 5.620627888425883789e+00 -5.738469881509892900e+00 1.758452231436087976e+00
1.874891979347969695e+00 2.390118893457469973e+00 5.332292924166344150e+00 8.421641897268346000e+00 1.740064633618677803e+00 1.266160925807082727e+00 4.267943027473911632e-01 2.494146909109519861e+00 4.000000000000000000e+00 2.000000000000000000e+01 4.000000000000000000e+00 -2.369028074710508463e+03 2.423999999999947761e+02 1.548925466940697149e+01 -1.379204101601994736e+01 3.486302771956017565e+00
1.732747006436281545e+00 1.514274103590773635e+00 5.593753383086279563e+00 5.043333908684312306e+00 1.998582400946781190e+00 1.784762413323019103e+00 5.344316104009430024e-01 3.013006956012930004e+00 9.000000000000000000e+00 4.000000000000000000e+00 5.000000000000000000e+00 -2.177703612899488689e+03 1.955999999999976069e+01 1.049522580621805723e+01 -1.355684593397153925e+01 2.838025667575312827e+00
1.957899840894004706e+00 2.814317384463298488e+00 2.824137010121957836e+00 6.260086479040517737e+00 9.424462926097573190e-01 8.650851982105717264e-02 4.431812238208022725e-01 2.842345205876901648e+00 2.000000000000000000e+00 1.100000000000000000e+01 4.000000000000000000e+00 -2.859381497224458712e+02 3.301100000000244563e+02 7.555196857652103581e+00 3.065154444728323407e-02 6.269616001128627936e+00
2.310568370718425690e+00 9.408149109143595368e-01 7.572093941142104434e+00 9.455882582444942841e+00 9.824713332979181368e-01 1.378330474384874993e+00 2.158010636985177033e-01 3.227346393571507654e+00 9.000000000000000000e+00 1.100000000000000000e+01 3.000000000000000000e+00 -2.263705971719228728e+03 4.861999999999980560e+01 1.496224823245181312e+01 -4.423763466821231560e+00 2.143442825450258660e+00
1.294518277865188471e+00 1.911310030166757934e-01 4.500712113681977655e+00 5.848766286559799354e+00 5.893139093395534100e-01 1.973854615927275624e+00 9.965112150801873625e-01 3.421307172813868647e+00 7.000000000000000000e+00 6.000000000000000000e+00 4.000000000000000000e+00 -2.177176382730307523e+03 2.759999999999979536e+01 1.021102392064421771e+01 -4.202951529761980609e+00 6.839048091811013030e-01
7.408954219051177015e-01 8.722253518774352177e-01 5.166067866959580535e+00 5.737460661571377685e+00 1.589363431189987796e+00 1.131452914152450528e+00 2.615897341564512590e-01 3.600575797022113722e+00 4.000000000000000000e+00 8.000000000000000000e+00 5.000000000000000000e+00 -2.264070116557541496e+03 3.279999999999965610e+01 1.547938228484634671e+01 -1.007054582772040163e+01 2.729954111099242464e+00
2.564663310879103264e+00 1.278937483314477874e-01 6.975756484875121899e+00 8.005713166130313141e+00 1.817604470185052445e+00 8.956301640707571288e-01 6.905512173013003130e-01 2.425065799434257041e+00 1.000000000000000000e+01 8.000000000000000000e+00 4.000000000000000000e+00 -2.138146034863479144e+03 9.743999999999827821e+01 5.589127178967527421e+00 -1.125606789618454062e+00 7.958232173248848129e-01
1.361234296895769802e+00 1.422402181348912054e+00 4.821013093831278518e+00 7.387157583495721269e+00 1.065766209319519930e+00 9.221715072212238740e-01 7.119600589767225429e-01 2.581509718711664014e+00 9.000000000000000000e+00 4.000000000000000000e+00 2.000000000000000000e+00 -2.255810317144975215e+03 1.855999999999978201e+01 1.540814482156096510e+01 -7.320751659089544949e-01 4.484957586995393930e-01
1.146827239833556611e+00 5.697671688822119052e-01 7.353261005907584469e+00 1.617573298802768456e+00 1.380936271434402229e+00 7.021321975538100668e-01 4.817042691814866773e-01 3.042348297668670654e+00 7.000000000000000000e+00 9.000000000000000000e+00 4.000000000000000000e+00 -2.196908881390063470e+03 6.597000000000123521e+01 1.024524258687892164e+01 -2.891262849023178205e+00 5.668668166126966668e-02
4.714188437657726993e-01 1.304616549531135705e+00 6.975920405177290284e+00 7.119716873420972370e+00 1.403573278939594937e+00 2.424594757625742059e-03 7.564913878113893597e-01 3.400265472647917786e+00 1.000000000000000000e+01 8.000000000000000000e+00 3.000000000000000000e+00 -2.112332870576252844e+03 6.111999999999905242e+01 5.110804411015834603e+00 -2.246153871290258230e+00 1.244492397458944799e+00
6.376561033633927345e-01 6.278291596018301668e-01 2.354539937382743808e+00 9.847595345622476515e+00 1.395630998137927126e+00 1.657005798633532034e+00 6.056889175047810436e-01 2.053970663093100057e+00 9.000000000000000000e+00 8.000000000000000000e+00 3.000000000000000000e+00 -2.196933086955357794e+03 5.647999999999915133e+01 1.054331793470990064e+01 -4.646395635885268938e+00 2.877038064686942009e-01
2.048286931451139381e+00 5.211380424282126000e-01 6.405229957855199885e+00 6.496535381251460350e+00 1.425394478614651517e+00 2.402781440967605153e-01 3.696443023288223384e-02 2.852486335166566356e+00 7.000000000000000000e+00 1.800000000000000000e+01 5.000000000000000000e+00 -2.310533995406408394e+03 2.863800000000082946e+02 1.045899971290025832e+01 -8.847090827046317330e+00 4.207574641922592562e+00
1.360664381310374926e+00 9.880975842937043119e-01 8.379918265934797716e+00 7.613031179573615859e+00 1.769636367856989523e+00 2.566543764857960319e+00 3.561216710622558956e-01 2.009545879252803591e+00 1.000000000000000000e+01 1.500000000000000000e+01 4.000000000000000000e+00 -2.258880351146689918e+03 1.921500000000044110e+02 1.017533444666798026e+01 -3.407702540144264880e+00 1.235180077594866477e+00
1.193188556587577498e+00 1.742000713159439051e+00 9.028813102698395099e+00 7.681446055024874653e+00 9.085395606937564095e-01 1.224671322519524264e+00 3.299416940613452143e-01 2.418729046586316045e+00 7.000000000000000000e+00 1.500000000000000000e+01 5.000000000000000000e+00 -2.347227302279125524e+03 1.960500000000045588e+02 1.557514389244522945e+01 -4.242147477295238112e+00 1.614001350302177507e+00
2.583267025167630404e-01 1.578803848191092429e+00 9.182063689164397857e+00 9.960484850177142135e+00 1.049397107851971489e+00 9.956559977652701399e-01 4.669316458619762189e-01 2.546370755845420053e+00 1.000000000000000000e+00 1.500000000000000000e+01 3.000000000000000000e+00 -2.241562951433993931e+03 6.644999999999966178e+01 1.302112196462462812e+01 -2.937699133049022304e+00 1.141628413041224782e-01
7.174213602239953858e-01 2.576482840160704946e+00 5.974239946083503838e+00 7.717905696109307101e+00 1.953405345359108480e+00 7.407416930978819591e-01 5.910372349265711200e-01 2.754303984327790111e+00 1.100000000000000000e+01 1.900000000000000000e+01 3.000000000000000000e+00 -2.291194096205099868e+03 2.734099999999972397e+02 9.655568512818833327e+00 -1.318420739208363912e+01 2.441699670827544466e+00
7.910193666423880332e-01 1.452724835356548949e+00 7.656862538409829000e+00 5.491952348512871396e+00 1.486925393324612932e+00 6.862150483703249870e-01 4.560466692096851737e-01 3.237190703594129637e+00 9.000000000000000000e+00 1.400000000000000000e+01 2.000000000000000000e+00 -2.263550219095630382e+03 1.763999999999957708e+02 1.095938869347701328e+01 -3.389225343528024847e+00 3.215726018644336381e+00
2.452104391927549809e-01 1.246239768035197759e+00 7.100659483439848429e+00 4.226370660148329961e+00 2.195911833943789304e+00 1.182176994600444786e+00 6.147204051917549705e-01 2.656522735705193039e+00 2.000000000000000000e+00 1.600000000000000000e+01 3.000000000000000000e+00 -2.408111651577070461e+03 3.172800000000048044e+02 1.559197822356678209e+01 -4.878803929817298268e+00 5.755964551413370600e+00
6.981875133084325391e-01 2.098162391297234475e+00 4.361133053154391703e+00 4.707339637306782620e+00 1.230607623835582753e+00 2.116895099596153074e+00 2.854038173505117348e-01 2.516870991591439566e+00 1.000000000000000000e+00 7.000000000000000000e+00 5.000000000000000000e+00 -2.266794050844951016e+03 3.556000000000012307e+01 1.556337817780943489e+01 -8.185287372917557036e+00 2.162639171151008899e+00
2.303889291380585291e+00 1.459108728163519109e+00 7.962134114334241453e+00 6.487787880430962772e+00 6.810553762695606972e-01 1.164666906438189375e+00 6.162542937948994881e-01 2.340952388216113178e+00 5.000000000000000000e+00 1.200000000000000000e+01 4.000000000000000000e+00 -2.149884258579993457e+03 1.237200000000016615e+02 5.501516161249553782e+00 -3.334106910043821870e+00 3.945825552154705873e-01
1.790244775785360343e+00 8.408575448408411868e-02 8.399054157780147634e+00 5.832852265419722571e+00 1.345426988871859075e+00 2.342798539556257609e+00 4.261738933971720988e-01 2.140796250615255580e+00 8.000000000000000000e+00 1.200000000000000000e+01 3.000000000000000000e+00 -2.273429709155775527e+03 4.859999999999973141e+01 1.557060682223598924e+01 -9.530085240551882109e+00 2.098695982070346133e+00
1.330396585187341163e+00 1.349193329876331227e+00 5.739659630456202422e+00 8.767387372137099177e+00 2.292867510590268054e+00 5.684980817522360397e-01 5.704992015924346127e-01 2.212209249040261394e+00 8.000000000000000000e+00 6.000000000000000000e+00 4.000000000000000000e+00 -2.257084929202773765e+03 3.629999999999986215e+01 1.493343307517336171e+01 -8.658748421583699617e-01 6.198693935128357424e+00
8.935260433626340815e-01 1.097279012699643896e+00 9.770018646680370011e+00 6.950504947087085661e+00 2.114179870043512821e+00 1.675655370220379581e+00 2.264607996574293514e-01 2.035059178015485415e+00 8.000000000000000000e+00 1.200000000000000000e+01 3.000000000000000000e+00 -2.275521647209942330e+03 6.311999999999942190e+01 1.524760295062141857e+01 -1.233247793975236561e+01 3.183781919597190146e+00
1.030654112112971532e+00 2.126558544425403596e+00 4.318082170765963568e+00 7.766646403477095006e+00 1.393769141590191385e+00 1.569620027255369088e+00 2.251621222699574654e-01 3.748881663293744726e+00 8.000000000000000000e+00 7.000000000000000000e+00 3.000000000000000000e+00 -2.256906229249380885e+03 1.981000000000005912e+01 1.543757682808629283e+01 -3.918582669201864821e+00 1.028021737107978950e+00
8.319189561105958530e-01 1.103046394395012175e+00 6.347913958666088874e+00 9.896805317224488974e+00 1.373211851821936946e+00 1.027216401348803876e+00 9.693529848143269678e-01 3.462381115056651026e+00 1.000000000000000000e+01 2.000000000000000000e+00 3.000000000000000000e+00 -2.248814795219531788e+03 6.019999999999959606e+00 1.536279970122074978e+01 -3.457465329204953530e+00 6.230028789018168034e+00
9.127301508171333788e-01 1.799435792341955276e+00 9.425097308070606417e+00 9.648241915574676142e+00 2.042490593848353075e+00 2.854111350559276339e-01 1.659811395751613072e-01 3.183993478424221646e+00 5.000000000000000000e+00 1.400000000000000000e+01 1.000000000000000000e+00 -2.278238836920479116e+03 4.480000000000013927e+01 1.598992730752993374e+01 -5.940565545694759919e+00 1.497903319756233698e+00
1.494272452848338206e+00 1.686372846344994292e+00 4.448084185340183794e+00 9.396777781433987897e+00 5.624980027183923426e-03 1.253060983433197162e+00 9.413896759617381704e-01 2.755988777861172245e+00 4.000000000000000000e+00 1.500000000000000000e+01 5.000000000000000000e+00 -2.130549138854774810e+03 8.955000000000053717e+01 5.360883678423400411e+00 -1.003704423347936547e+01 1.829589163691403231e+00
1.150088696515534581e+00 3.584499023489262637e-02 6.171025343663935736e+00 8.679657781491902924e+00 2.519342073241508828e+00 1.736686218942586679e+00 3.731449751045012309e-01 3.160802789586482753e+00 9.000000000000000000e+00 7.000000000000000000e+00 3.000000000000000000e+00 -2.260381401328806533e+03 3.360000000000011511e+01 1.522383758305038270e+01 -8.066162094643619440e+00 4.434755782117426826e+00
3.917521916734221232e-01 9.950911988270048081e-01 5.853812514592116933e+00 7.062525437239154158e+00 2.840734096989694368e+00 2.434361356855857306e+00 6.053127119730410399e-01 2.279865115862687919e+00 3.000000000000000000e+00 1.400000000000000000e+01 4.000000000000000000e+00 -2.281447550931886326e+03 7.140000000000024727e+01 1.535922193324288720e+01 -1.569216147244859449e+01 3.087926941219651056e+00
1.567984359022123186e+00 2.176564292568442749e+00 3.550108594777004356e+00 7.951939651348201465e+00 1.074595077981471469e+00 1.373765658085954744e+00 8.669849745320908907e-01 3.144447870104557730e+00 1.000000000000000000e+00 7.000000000000000000e+00 5.000000000000000000e+00 -2.262354110256041622e+03 2.674000000000008725e+01 1.556150689100259576e+01 -3.669572032146367846e+00 5.707175413333802183e+00
2.310111012028964961e+00 2.135758977840438000e+00 3.384098812882894158e+00 3.705683040502129710e+00 1.288020443584609875e+00 1.639814277192192638e+00 1.765297187552820057e-01 4.492563562293895529e+00 0.000000000000000000e+00 1.500000000000000000e+01 4.000000000000000000e+00 -2.242035179417518975e+03 5.324999999999967315e+01 1.346313621359495016e+01 -6.822056491615555274e+00 4.035991360345980716e+00
8.230295354677241715e-01 1.850729617916788472e+00 6.876570969516510701e+00 8.385265887742678004e+00 5.324075203936572409e-01 3.338182247154809490e-01 4.020856354924712828e-01 2.472318796025394505e+00 9.000000000000000000e+00 1.500000000000000000e+01 3.000000000000000000e+00 -3.234291219388341005e+02 4.501499999999774104e+02 6.147132621177837208e+00 -3.641115669295968971e-01 6.263341819877624062e+00
1.345795822834086497e+00 2.974733390730756710e+00 9.550029951734130051e+00 7.496405825580445992e+00 8.866366500826660113e-01 2.739478952319688076e+00 9.236493866052979396e-01 2.416819878328451132e+00 4.000000000000000000e+00 5.000000000000000000e+00 3.000000000000000000e+00 -2.182594941116304653e+03 3.280000000000027427e+01 1.038718381976900673e+01 -7.060330190838189246e+00 7.997900809412956669e-01
2.597113541626447031e+00 8.736469962326445238e-01 8.189376637912641144e+00 5.942609795240256787e+00 1.527423428303138708e+00 2.876254062347471496e+00 4.642572122656883349e-01 4.712268903995334490e+00 1.100000000000000000e+01 1.200000000000000000e+01 5.000000000000000000e+00 -2.253473402437051391e+03 2.772000000000005215e+01 1.497583765231572883e+01 -1.287599104934491123e+01 3.902046125494746498e+00
2.261148405291785402e+00 8.601527040781649092e-01 8.740442716600039574e+00 7.494235975702475017e+00 9.551536340559338978e-01 7.465076286647520654e-01 5.561533168592743825e-01 3.812990702432569101e+00 5.000000000000000000e+00 4.000000000000000000e+00 3.000000000000000000e+00 -2.255471025831800034e+03 1.327999999999989278e+01 1.555193911448750832e+01 -2.009230228860623857e+00 3.374970387915003922e-01
1.556467172590114467e+00 5.556536912653007310e-01 7.447889308730625046e+00 9.410726929604800617e+00 1.504660608394703392e+00 1.067574097355013851e+00 7.213095327251716204e-01 2.557119896544910453e+00 1.000000000000000000e+01 7.000000000000000000e+00 4.000000000000000000e+00 -1.162426038803087351e+02 1.090599999999958527e+02 2.233747849806803215e-02 -1.730241925235669775e+00 2.761915137951658772e-01
