1.413284701582574243e+00 2.508974515744197387e+00 4.868508853629441191e+00 9.497508099304035056e+00 1.415347826077364868e+00 1.616420268667626114e+00 5.476747687209689852e-01 3.070402143223995406e+00 6.000000000000000000e+00 2.000000000000000000e+00 2.000000000000000000e+00 -2.251244110219876347e+03 6.559999999999948095e+00 1.549775688874228585e+01 -3.063864380703458679e+00 6.269231656864912239e+00
2.720009503959424535e+00 1.078997652676523478e+00 5.594510658527694247e+00 5.639165492426398529e+00 1.023190320240889184e+00 2.381454111932473250e+00 2.138429647356154817e-01 2.447159507696252678e+00 9.000000000000000000e+00 7.000000000000000000e+00 4.000000000000000000e+00 -2.117028222210620697e+03 5.964000000000022084e+01 5.450513888163794896e+00 -2.291339845861497526e+00 2.942515008237118201e-01
1.819031737601740861e+00 6.687686928252786212e-01 6.971099129979263509e+00 9.900590811121247725e+00 2.879859486109710431e+00 9.372976846833237508e-01 8.659021559530516443e-01 2.663841340382864242e+00 1.000000000000000000e+01 6.000000000000000000e+00 4.000000000000000000e+00 -2.193604439023837585e+03 5.418000000000053973e+01 1.040715243898983289e+01 -2.773997410919518902e+00 9.525801344514772673e-01
2.555161500050936230e+00 1.125230644683054892e+00 1.188912100829406349e+00 1.302119643738403276e+00 1.793711128795393517e+00 1.619106215777085467e+00 6.032484873288828098e-01 4.962636116495572125e+00 1.000000000000000000e+00 1.900000000000000000e+01 2.000000000000000000e+00 -2.268897507629608754e+03 4.635999999999992127e+01 1.535734422685054135e+01 -7.833707335078695655e-01 5.652817451110585090e+00
1.315686461321004641e+00 9.392394994775822292e-01 9.018469564618678547e+00 5.759768072098414571e+00 1.708992193877957755e+00 1.047461039080570977e+00 4.354177278238453574e-01 2.517670914245019542e+00 7.000000000000000000e+00 4.000000000000000000e+00 4.000000000000000000e+00 -2.109143931384526695e+03 4.423999999999923460e+01 5.438995711532927047e+00 -1.581977494836142473e+00 4.248340056009012322e-01
2.061801384637316659e+00 1.878150203944109364e+00 4.506374819089195682e+00 6.578607965154184001e+00 2.273593391379987505e+00 5.580712224139006139e-01 1.518464162513184224e-01 2.928225449368591082e+00 2.000000000000000000e+00 1.100000000000000000e+01 5.000000000000000000e+00 -2.261469104330376467e+03 4.751999999999981128e+01 1.485681902064854398e+01 -3.493526472827438667e+00 6.153042852805953977e+00
2.052247760368315355e+00 1.828909869980595015e-01 8.636508060802817965e+00 5.930642339446324129e+00 9.010495191889167366e-01 1.000848134586350691e+00 1.315820128495503449e-01 2.764328366397036607e+00 6.000000000000000000e+00 1.200000000000000000e+01 1.000000000000000000e+00 -2.273195374464939960e+03 4.583999999999979025e+01 1.564221090405875181e+01 -4.424188705403259370e+00 1.702245365973161784e+00
1.491705948533636583e+00 9.378451533731080314e-01 4.408311605941389821e+00 2.187644548579560588e+00 1.603646737082230267e+00 8.607007327726453605e-01 2.242009146796101748e-01 2.466225595777755686e+00 5.000000000000000000e+00 3.000000000000000000e+00 3.000000000000000000e+00 -2.254326058065254983e+03 1.676999999999987878e+01 1.537131612907844058e+01 -9.754661488439410055e-01 4.490752669609622272e-01
2.500787538426552992e+00 1.594047967994767667e+00 9.361903643596550140e+00 7.793721655696254302e+00 1.523923560161210888e+00 1.000724791838017769e+00 6.326926451824737008e-01 3.055361018308902832e+00 8.000000000000000000e+00 1.100000000000000000e+01 5.000000000000000000e+00 -2.282710603093067675e+03 6.797999999999970555e+01 1.554503769331673269e+01 -6.147281518341369377e+00 1.644636386416723717e+00
2.013030657671214030e+00 3.744246278823393226e-01 4.825951150624161023e+00 3.735560372190270151e+00 2.903233846899730075e+00 6.396823981260968406e-01 1.098005500042015248e-01 3.809514051313164895e+00 1.000000000000000000e+00 1.600000000000000000e+01 3.000000000000000000e+00 -2.141031270432729343e+03 1.092799999999983811e+02 5.399454402045652301e+00 -1.016841480695471311e+01 3.715029612613488741e+00
1.620633277047301091e+00 1.354014166823556797e+00 8.113364761770389677e+00 8.661975796394614235e+00 1.924224272214003717e+00 1.852692169072648998e+00 9.155249468489393694e-01 3.420780588144983980e+00 5.000000000000000000e+00 6.000000000000000000e+00 4.000000000000000000e+00 -2.273292017845370992e+03 4.860000000000032827e+01 1.556200111533567743e+01 -4.891540043058507869e+00 4.220736026287246645e+00
2.431730608855402487e+00 1.489250182401214984e+00 4.650029080377450441e+00 6.328744955017912233e+00 5.080491981691683812e-01 6.679470845682822233e-01 6.696887959032226112e-01 3.728450757218894740e+00 8.000000000000000000e+00 1.600000000000000000e+01 3.000000000000000000e+00 -2.214113163269777942e+03 8.831999999999882789e+01 1.062207270436116602e+01 -3.423516202158386701e+00 4.766244512140623613e+00
2.100070230955701778e-01 7.343233395253496720e-01 9.491846716846227494e+00 8.558183219707350631e+00 1.805945859528850228e+00 8.392372758998001281e-01 4.291574766334514957e-01 3.103272876236700561e+00 9.000000000000000000e+00 3.000000000000000000e+00 2.000000000000000000e+00 -2.169038652690973322e+03 2.304000000000011639e+01 9.844915793185828434e+00 -3.142459315687778254e+00 3.428355385466518301e-01
2.570459260856624795e+00 1.648687208734528120e+00 6.791319614280961758e+00 2.454648447239152542e+00 1.140875663937606532e+00 1.066226023616171359e+00 9.175370078691522102e-02 3.596525715306034598e+00 1.000000000000000000e+00 1.700000000000000000e+01 3.000000000000000000e+00 -2.373948702070863874e+03 2.522799999999919578e+02 1.548804387942923633e+01 -4.535676988733319703e+00 6.080179661366531541e+00
1.852307627327889339e+00 8.823647874919360312e-01 9.616792132766425638e+00 9.729700378293291152e+00 1.376032631126252515e+00 1.646269757633999964e+00 4.658799171197695599e-01 2.421066896680641012e+00 9.000000000000000000e+00 7.000000000000000000e+00 2.000000000000000000e+00 -2.267827851420770003e+03 3.745000000000013074e+01 1.556892821379811664e+01 1.513670786273265123e-01 3.253427040913414170e-01
2.079838498153725901e+00 1.834278865846899143e+00 8.107296816343064094e+00 7.560753372295744512e+00 3.894054608967896236e-01 1.650477120727843250e+00 2.583157073838123208e-01 2.126493562453547703e+00 1.100000000000000000e+01 1.100000000000000000e+01 3.000000000000000000e+00 -2.145381079764390506e+03 1.118699999999994787e+02 5.590379985274446462e+00 -1.317507266757786066e+00 5.670609064150642808e+00
9.428558964830822120e-01 1.096921099003417277e+00 2.490995262159372281e+00 3.711717514391285277e+00 1.979358960931613121e+00 1.279604081855357789e+00 4.261957481657339952e-02 3.247388509895512421e+00 3.000000000000000000e+00 1.500000000000000000e+01 4.000000000000000000e+00 -2.288413677614904373e+03 8.100000000000021316e+01 1.549460485093151263e+01 -8.592608672067566289e+00 3.850991405933381628e+00
2.183659715253762901e+00 2.404767045252196311e+00 4.669247632590490582e+00 5.571455248123355020e+00 2.461452003117938769e-01 1.006882231240854519e+00 4.396686767041186883e-01 3.499602597760444134e+00 2.000000000000000000e+00 3.000000000000000000e+00 3.000000000000000000e+00 -2.250881393111056695e+03 9.119999999999997442e+00 1.539508706944102556e+01 -2.676657947009870142e+00 5.877101028408231898e+00
2.684804770069282309e+00 1.224125451781262974e+00 4.786529324545466757e+00 4.195528353045608227e+00 1.638513052452113872e+00 1.120813012498439454e-01 3.272237248122758513e-01 3.676736024828596072e+00 4.000000000000000000e+00 1.400000000000000000e+01 1.000000000000000000e+00 -2.280785721553328131e+03 6.944000000000023931e+01 1.537910759708300645e+01 -5.696743978564882127e-01 4.371057115286470229e-01
2.776383356132307245e+00 7.922336149406951078e-01 5.446864939444453491e+00 6.684291598507384968e+00 1.284890451925775334e+00 2.196562237744002832e+00 8.600375571005713926e-01 2.197222281820479850e+00 4.000000000000000000e+00 6.000000000000000000e+00 5.000000000000000000e+00 -2.179912864883754082e+03 3.965999999999998948e+01 1.000517905523464712e+01 -1.689958401382564901e+01 3.231291580057025659e+00
1.795302869468363482e+00 2.830861771041653929e-01 4.073722455852769819e+00 5.786299684017322420e+00 1.062976688679177828e+00 2.425354948406436506e+00 4.766354831358161626e-01 2.951243898814186473e+00 3.000000000000000000e+00 1.400000000000000000e+01 2.000000000000000000e+00 -2.285824709502000587e+03 8.050000000000028422e+01 1.534841934387503670e+01 -4.072086912347441690e+00 7.624274413048599541e-01
1.765477516398366253e+00 1.765564834911258263e+00 3.180968405040085933e+00 2.469728431491990062e+00 1.632214792999892694e+00 8.332353788681464701e-01 3.106248184997642547e-01 3.335336080280689064e+00 8.000000000000000000e+00 1.000000000000000000e+01 4.000000000000000000e+00 -3.900987467658312084e+02 1.461999999999959812e+02 6.073049660215809609e-03 -3.924810005525952050e+00 1.338316306465921590e+00
2.541895688620032345e+00 6.731785704393067338e-01 3.821524845139937288e+00 1.979574405632737122e+00 1.388601518470385709e+00 1.539048717153265855e+00 4.495588959074956481e-01 3.341948283265044228e+00 1.000000000000000000e+00 1.800000000000000000e+01 2.000000000000000000e+00 -2.313007918965827685e+03 1.153800000000018571e+02 1.595736993536417181e+01 -2.026033941127943550e+00 2.488137479111165451e-01
1.858939106422378584e+00 1.063470585831076232e+00 5.841511384133792895e+00 4.175290378822053228e+00 2.370478068918827619e-01 2.241838726439263851e+00 6.291532548524885193e-01 3.169009905642260261e+00 1.000000000000000000e+01 1.000000000000000000e+01 2.000000000000000000e+00 -2.265375171058395154e+03 3.400000000000021316e+01 1.552344819114968466e+01 -2.037024759081570657e+00 2.077804843319329964e-01
2.978453125319902028e+00 2.456702481550222750e+00 4.421620097089888013e+00 7.491818239121364797e+00 1.372447197584002243e+00 2.784871226852208448e+00 3.314804372497558438e-01 2.397879799365648434e+00 4.000000000000000000e+00 4.000000000000000000e+00 5.000000000000000000e+00 -2.170122620808449938e+03 2.511999999999964217e+01 9.847663800528124511e+00 -5.028582198908043033e+00 1.126136157868280030e+00
2.967715612921988821e+00 2.338188441332744283e+00 5.891546686993767601e+00 5.412427610042715997e+00 2.322283915755370964e-01 4.379557361987948538e-01 3.241819178730115381e-01 2.093688586948975860e+00 2.000000000000000000e+00 1.300000000000000000e+01 4.000000000000000000e+00 -2.281224306964936204e+03 6.929000000000036152e+01 1.541120668530849613e+01 -1.103677910045224975e+00 2.688540799682778148e-01
2.097121128659400924e+00 7.565655209891812838e-01 9.689167390464376695e+00 8.072633787435883335e+00 1.575376587524649707e+00 1.643268384658264303e+00 4.258314395881683256e-01 2.876306818209221738e+00 6.000000000000000000e+00 7.000000000000000000e+00 5.000000000000000000e+00 -2.254801567934736795e+03 2.198000000000006793e+01 1.523822299592104734e+01 -8.167773060773097171e+00 1.544270334970687220e+00
2.883681355080515374e+00 1.026715932242045604e+00 8.052123458572012282e+00 4.077556932290125502e+00 1.360330939628129343e-01 5.527085875256898539e-01 2.530423266134762539e-02 2.950306735300340488e+00 7.000000000000000000e+00 1.400000000000000000e+01 5.000000000000000000e+00 -2.272389143807746223e+03 5.054000000000016257e+01 1.544494648798414005e+01 -1.905805139712585916e+00 6.200680188752934363e+00
1.702217456197622880e+00 8.718540836025734375e-01 7.435929526739498030e+00 2.600959228582903293e+00 2.317511965094564808e+00 5.167893935700277330e-01 4.532721396308066475e-01 3.094549174908588274e+00 7.000000000000000000e+00 1.000000000000000000e+01 5.000000000000000000e+00 -2.316265153714833559e+03 2.924999999999980105e+02 1.062594710717716495e+01 -3.534636506916789767e+00 1.250816202409901434e+00
2.114687883160125459e+00 4.600338858476484827e-01 4.829042405822038475e+00 1.357417197127852360e+00 1.593522318433941987e+00 8.426942129495690326e-01 5.636230313686818594e-01 4.563345304743188890e+00 8.000000000000000000e+00 1.600000000000000000e+01 4.000000000000000000e+00 -2.272186355221821486e+03 4.527999999999973824e+01 1.559664720136384908e+01 -4.131707257014111789e+00 1.323649692311043458e+00
2.658497198431723163e+00 4.708133955485094280e-02 8.658509123907480287e+00 9.743306505949824725e+00 1.281898263381598291e+00 7.467994695914581538e-01 1.328464644217384749e-01 2.634509254319146621e+00 4.000000000000000000e+00 1.000000000000000000e+01 4.000000000000000000e+00 -2.220792544757281576e+03 1.028999999999984283e+02 1.058390904733013294e+01 -5.908547431125767524e+00 1.600200981482596152e+00
7.103939719272036601e-01 3.131565478889195564e-01 8.831461466835158092e+00 7.288348809460832634e+00 8.301869640066927847e-01 8.981533417798590602e-01 4.549073059764039417e-01 3.845894697546320185e+00 6.000000000000000000e+00 8.000000000000000000e+00 4.000000000000000000e+00 -2.259793779866081877e+03 2.895999999999973440e+01 1.533211124163013217e+01 -3.258723221409684623e+00 6.222493972262019835e-01
1.926214772782310014e+00 2.222995808120279193e+00 4.357030916918130714e+00 5.475201997368421836e+00 1.019642534447282145e+00 1.110354105100936906e+00 6.730668548520438721e-01 3.215066147872900348e+00 3.000000000000000000e+00 1.300000000000000000e+01 5.000000000000000000e+00 -2.189085861652183667e+03 4.589000000000019241e+01 1.038380385326147604e+01 -1.779964493365249822e+01 2.812135112758574085e+00
2.003545037726957911e+00 1.647140134147223156e+00 7.879757836776709823e+00 5.954897217957440425e+00 1.494111723962459060e+00 8.598329433502879260e-01 5.774780498297005238e-01 2.746716169204525215e+00 7.000000000000000000e+00 5.000000000000000000e+00 3.000000000000000000e+00 -2.185896872674542465e+03 3.440000000000018332e+01 1.054355454215888876e+01 -1.852996856898506683e+00 5.698950764139655512e+00
1.363419853564637796e+00 8.847230283880226365e-01 8.556884714320361240e+00 8.407647096727794533e+00 1.493424579754937698e+00 1.476767857914537352e+00 7.552832421735272694e-01 2.715704473946286779e+00 8.000000000000000000e+00 4.000000000000000000e+00 4.000000000000000000e+00 -2.255970911869161682e+03 1.687999999999981782e+01 1.547068199182261239e+01 -1.019256955854037860e+00 1.594568927277133785e-01
1.493196491883219679e+00 4.928498520269133931e-01 9.111139256450323742e+00 5.979998198157141509e+00 2.064273318901110432e+00 1.002379199574639168e+00 9.932336316780531194e-01 2.570641593089677990e+00 6.000000000000000000e+00 7.000000000000000000e+00 4.000000000000000000e+00 -2.112383190718954665e+03 4.837000000000017508e+01 5.512386919934652241e+00 -1.566510505644326123e+01 4.247912247990785595e+00
8.181625208379725844e-01 1.787702488528694955e+00 2.965828006993091570e+00 6.680177384474163205e+00 1.526315886265877442e+00 5.409829118472957443e-01 4.766468171264148235e-01 2.979746795213941812e+00 1.000000000000000000e+01 6.000000000000000000e+00 4.000000000000000000e+00 -1.939427345163701375e+02 1.042800000000024312e+02 2.278008989040286245e-02 -1.314670704499085518e+00 6.281118669173948454e+00
1.362838659112221462e+00 2.172384255228622330e+00 1.959679255497831729e+00 5.194465882251359190e+00 2.283031593357039313e+00 2.253329509388370511e+00 8.485376503958659278e-01 3.169603806167989646e+00 6.000000000000000000e+00 5.000000000000000000e+00 4.000000000000000000e+00 -2.252573129183289439e+03 1.680000000000010374e+01 1.526082057395557534e+01 -3.377723803090129984e+00 3.157747580478814098e-01
2.148481026371327651e+00 2.976484752145761359e+00 2.162103023767316223e+00 2.501643933390144348e+00 1.262035218934267622e+00 4.570622715843196682e-01 1.066769319482953338e-01 3.108057657122108797e+00 7.000000000000000000e+00 1.900000000000000000e+01 3.000000000000000000e+00 -2.268072548146571989e+03 6.744999999999967599e+01 1.464672175916076569e+01 -4.590546746232135433e+00 1.076825522212457198e+00
1.433872092620349648e+00 2.548699285089611521e+00 5.545014994331132208e+00 5.667648110583628274e+00 1.615435686526386583e+00 9.382765492464175683e-01 5.820720623206399047e-01 2.078960565970939811e+00 6.000000000000000000e+00 5.000000000000000000e+00 4.000000000000000000e+00 -2.076490057174109097e+03 7.289999999999800195e+01 2.502503573381864133e+00 -1.652076572948304678e+00 2.792898475881559484e-01
2.059670329211229056e+00 9.148886008553690496e-01 7.712533991409793011e+00 3.100093871010319191e+00 1.442039531294720400e-01 2.947650586241390425e-01 5.270441914987362697e-01 2.952370504168788212e+00 8.000000000000000000e+00 6.000000000000000000e+00 4.000000000000000000e+00 -2.257343732996125709e+03 2.027999999999995140e+01 1.545023331225785590e+01 -2.464869976958241615e+00 9.904684776605924071e-03
2.314634706834145739e+00 1.175573571656930216e+00 3.190822113525665138e+00 3.721816193349275714e+00 3.465981811737136042e-01 8.609461178078238186e-01 5.975613461909632385e-01 2.775296448863141308e+00 9.000000000000000000e+00 1.600000000000000000e+01 5.000000000000000000e+00 -2.155426045364349648e+03 1.311999999999979138e+02 5.614127835271914613e+00 -8.118004208587059622e-01 5.516835815893560202e+00
1.375831241575776520e+00 1.941623761434561057e+00 7.864522448359469564e+00 2.911542832962940253e+00 2.162702476033002696e-01 1.830062961165896951e+00 5.916359485608912311e-02 2.328589919862666946e+00 7.000000000000000000e+00 9.000000000000000000e+00 4.000000000000000000e+00 -2.266667409757649239e+03 3.960000000000024301e+01 1.542921310985306249e+01 -1.905718797550721488e+00 1.988012315977465416e-01
2.149201244642561903e+00 2.029955193395555746e+00 5.450333882919823125e+00 3.971063162583812645e+00 1.444234963154395368e+00 2.155598077190290507e-01 7.172002591442929731e-01 4.287708532664131766e+00 5.000000000000000000e+00 1.700000000000000000e+01 4.000000000000000000e+00 -8.552991865809095771e+02 2.990299999999957095e+02 -4.345909616515548912e-02 -1.094332674561116114e+01 3.963157436329189487e+00
1.483038983778603548e+00 3.144361836857680337e-01 9.829610132611213302e+00 5.459952991310034420e+00 1.597514604037534314e+00 6.643922041041987470e-01 7.136692124576404783e-01 3.387346535385240109e+00 3.000000000000000000e+00 5.000000000000000000e+00 4.000000000000000000e+00 -2.187770890880807201e+03 4.619999999999951257e+01 1.029193068005046463e+01 -3.702332398772024469e+00 2.162100779642239790e+00
2.715028174549113160e+00 8.888631319534545661e-01 5.300996385332230609e+00 5.363856362496218111e+00 9.972951260364033566e-01 5.616360960987303308e-01 2.110434214017291032e-01 2.740752155134416057e+00 1.000000000000000000e+01 6.000000000000000000e+00 3.000000000000000000e+00 -2.260600671446649358e+03 2.447999999999986187e+01 1.552254196541557718e+01 -1.299181514171789287e+00 6.281094662034876208e+00
2.526176698611937610e+00 1.788797933725385869e+00 7.908195471380542685e+00 6.723100301596317330e+00 3.129552706259841055e-01 2.940898961009439816e+00 2.871317658800583983e-01 3.250078380523319765e+00 1.100000000000000000e+01 1.000000000000000000e+01 1.000000000000000000e+00 -2.263745691236078983e+03 3.070000000000016627e+01 1.552473070225492791e+01 -1.726872209362360744e+00 2.022073430255620086e-01
1.556467172590114467e+00 5.556536912653007310e-01 7.447889308730625046e+00 9.410726929604800617e+00 1.504660608394703392e+00 1.067574097355013851e+00 7.213095327251716204e-01 2.557119896544910453e+00 1.000000000000000000e+01 7.000000000000000000e+00 4.000000000000000000e+00 -1.162426038803087351e+02 1.090599999999958527e+02 2.233747849806803215e-02 -1.730241925235669775e+00 2.761915137951658772e-01
