1.361327070438998366e+00 2.267214280661015824e+00 1.130750345947013624e+00 8.186925484172373757e+00 2.871889124722926567e+00 7.440132893353555987e-01 9.687170404432813298e-01 2.611460600149586142e+00 5.000000000000000000e+00 2.000000000000000000e+00 4.000000000000000000e+00 -2.251681780136803809e+03 7.399999999999930189e+00 1.549886125855024055e+01 -2.730954439860215022e+00 6.254973560116034115e+00
2.173087706228187255e+00 8.439104311925818003e-01 7.512495824396138389e+00 4.163664381075992793e+00 2.435639972223175853e+00 1.722564409130008745e+00 3.916195721900318505e-01 2.770492637123438406e+00 8.000000000000000000e+00 7.000000000000000000e+00 5.000000000000000000e+00 -2.273144921780246932e+03 5.089000000000018531e+01 1.548124511126542124e+01 -4.744861806079235578e+00 3.627288619303595141e+00
2.320340904187502495e+00 2.472486010457767946e+00 3.273539661870770612e+00 8.325664245925821660e+00 2.683243688230206203e+00 3.842846507869003281e-01 9.898240599491178182e-01 2.411019192182906501e+00 1.000000000000000000e+01 3.000000000000000000e+00 4.000000000000000000e+00 -2.262478150114193340e+03 3.360000000000051301e+01 1.535488438213705109e+01 -2.468767865059851907e+00 6.161575829776618995e+00
2.248455704450295300e+00 2.896454873816078024e+00 3.691863179421585706e+00 6.394530794383898709e+00 2.880762582483579859e+00 8.956215861778037413e-01 9.969864853905749946e-01 2.810229088466891234e+00 1.000000000000000000e+01 1.100000000000000000e+01 3.000000000000000000e+00 -2.261511273443470145e+03 4.498999999999982435e+01 1.493851709021688379e+01 -5.946191958886593021e-01 5.952334696070168185e+00
1.838642792163964979e+00 2.421030984504671579e+00 2.752527695446494338e+00 9.683642124026759390e+00 1.331595224054773041e+00 1.073666534524460703e+00 7.852776467539566152e-01 2.427482065068784500e+00 1.100000000000000000e+01 6.000000000000000000e+00 2.000000000000000000e+00 -2.191396254461318222e+03 5.244000000000047379e+01 1.032351590383237649e+01 -1.161157807318953017e+00 9.392241339044847814e-01
2.178629684930422528e+00 9.429215963477753926e-01 7.271361765602572191e+00 4.601047989942999017e+00 2.102933058270275435e+00 1.070908704247264920e+00 7.666242865147165908e-01 2.601995405729046862e+00 1.100000000000000000e+01 1.000000000000000000e+01 4.000000000000000000e+00 -2.290074202217199399e+03 9.319999999999897966e+01 1.521713763857500012e+01 -2.668146123264707459e+00 3.177476272241647748e-01
2.412705544231630750e+00 2.026727772789209236e+00 1.884781550243501469e+00 6.113404095015520845e+00 2.076760557807002527e+00 1.612504480878967916e-02 8.352132844701202208e-01 3.225970946341687462e+00 8.000000000000000000e+00 6.000000000000000000e+00 3.000000000000000000e+00 -2.114455397616117352e+03 5.544000000000058748e+01 5.420962351007314162e+00 -6.007357581816693548e-01 2.097163920230254996e-01
2.731080141983070142e+00 1.688906507472463181e+00 5.387518265750601998e+00 6.317730034152957863e+00 1.365056553729816713e+00 6.809749665423014964e-01 6.557117594245455150e-01 2.701292384433918503e+00 6.000000000000000000e+00 7.000000000000000000e+00 4.000000000000000000e+00 -2.125199875020064155e+03 7.475999999999919510e+01 5.488742188754040185e+00 -7.080456779281193436e-01 6.495972779165504196e-02
2.397181663887088199e+00 2.371342566820442421e+00 3.758003987773798737e+00 2.560402639596014218e+00 2.248366574057733214e+00 2.787364953000311729e+00 4.747800300654415606e-01 2.252903400822328095e+00 3.000000000000000000e+00 1.300000000000000000e+01 4.000000000000000000e+00 -2.325174497233729653e+03 3.767399999999896067e+02 8.550281077108435213e+00 -4.254736100729579640e+00 1.696932538734092555e+00
1.291447689701254120e+00 2.401457580355542021e+00 3.764618275861773000e+00 9.894501107041714150e+00 2.656305335074061968e+00 1.220596463190090297e+00 8.328375526420066510e-01 2.317508729687163260e+00 9.000000000000000000e+00 1.400000000000000000e+01 3.000000000000000000e+00 -2.278035938802129294e+03 5.964000000000019952e+01 1.551349617513309020e+01 -6.564650297570944204e+00 4.871021218967226396e+00
2.736117186006524094e+00 1.993546409678087716e+00 5.106205178662602151e+00 6.418085113157927069e+00 6.427042967808476170e-01 7.005264513012816607e-01 7.968351199378289618e-01 4.567796740276172329e+00 1.000000000000000000e+01 8.000000000000000000e+00 4.000000000000000000e+00 -2.257859605302878208e+03 2.015999999999992198e+01 1.548622533142988367e+01 -2.762529366862513491e+00 7.470275867313122542e-02
1.936186117803030404e+00 8.538519714553164386e-01 2.642302834662086930e+00 4.945193449087902593e+00 8.703990897547855266e-01 9.591851773619122778e-02 6.174688936016936580e-01 2.102029880375300586e+00 8.000000000000000000e+00 1.700000000000000000e+01 3.000000000000000000e+00 -3.644228926341729675e+02 5.101700000000154773e+02 6.833618289635328580e+00 -2.305786774277043538e-01 2.434241053189365456e-01
2.359945205509484278e+00 1.629226875906085503e+00 1.609452826743175358e+00 2.696515708012849899e+00 2.585501408980146909e+00 1.459938903763890461e-01 5.440313654565482882e-01 3.854760297981676409e+00 3.000000000000000000e+00 1.500000000000000000e+01 4.000000000000000000e+00 -2.269693408394658945e+03 4.034999999999979536e+01 1.559490052466619225e+01 -3.551828699962760627e+00 5.587869698239094518e+00
2.211377873234736668e+00 1.490757915010312962e+00 3.167058357940091717e+00 7.506392305356146544e+00 2.025098171649498457e+00 1.447022818363083996e+00 8.466578572022853688e-01 2.565025544884051545e+00 8.000000000000000000e+00 1.300000000000000000e+01 5.000000000000000000e+00 -2.282880951481471129e+03 7.267000000000024329e+01 1.540912196759191488e+01 -7.820453560986186048e+00 2.826955774426129775e+00
2.417172301143167612e+00 1.757526529382643865e+00 2.161980210612077791e+00 5.119939052555210424e+00 2.621551214393771811e+00 1.252035165248034820e+00 9.593623405901718915e-01 3.410326388515844798e+00 1.000000000000000000e+01 6.000000000000000000e+00 5.000000000000000000e+00 -2.258930562638423453e+03 2.273999999999989896e+01 1.547253516490147263e+01 -4.252828868791619144e+00 2.077609640139464808e+00
1.375370792866906111e+00 2.172813339983544534e+00 1.985550023552788090e+00 5.804283600040576196e+00 2.328483076512323890e+00 1.700888751269407084e+00 8.339736982874357274e-01 3.909344947765287070e+00 9.000000000000000000e+00 1.400000000000000000e+01 5.000000000000000000e+00 -2.275178228412371482e+03 5.152000000000016655e+01 1.558863927577320929e+01 -3.676814383604517733e+00 1.421289607655162657e+00
2.363418610966458111e+00 8.066585961953882666e-01 4.365264439373948591e+00 4.897311844640915623e+00 1.744229318535926110e+00 7.301262789389766361e-01 6.574662997003407616e-01 2.149335042634148873e+00 6.000000000000000000e+00 1.700000000000000000e+01 5.000000000000000000e+00 -2.269678603589955401e+03 3.694100000000022987e+02 5.310850224372139827e+00 -8.038553664618911299e+00 4.790726388635606625e-01
2.684518199114747539e+00 2.708666203081182555e+00 2.728070129699766699e+00 5.053365569024762749e+00 2.774889466450384035e+00 4.750266469967668326e-01 8.473215703283651923e-01 2.164863926552359708e+00 8.000000000000000000e+00 1.300000000000000000e+01 5.000000000000000000e+00 -2.204361444698652576e+03 2.319199999999946726e+02 5.525090293665946284e+00 -7.549416658636987520e+00 2.298901174504279776e+00
1.390930867100700130e+00 2.645153998306094323e+00 3.449118489659563469e+00 4.712793678214318049e+00 2.407497547565665919e+00 2.759321686816114116e-01 3.816388542056476929e-01 2.335740833563805907e+00 8.000000000000000000e+00 2.000000000000000000e+01 5.000000000000000000e+00 -5.866465773315394472e+02 6.001999999999994770e+02 1.790916108322122824e+01 2.427489495745067394e-01 1.510073429139976997e-01
1.950826425380963070e+00 2.812458152755744845e+00 6.284540563555187198e+00 4.915705779817570509e+00 2.044798472174752746e+00 1.369813275816747167e+00 8.056815270924572170e-01 2.912723342402664617e+00 7.000000000000000000e+00 1.300000000000000000e+01 5.000000000000000000e+00 -2.272220048715634675e+03 4.641000000000020265e+01 1.556344054472715577e+01 -4.676471080505889333e+00 5.053268904092649727e+00
1.249077724382473775e+00 1.150001756048683710e+00 3.939208926219609275e+00 2.732882014535424453e+00 2.556096672625830735e+00 2.713645602419867409e-02 3.999807210477637209e-01 2.575366369924974919e+00 5.000000000000000000e+00 8.000000000000000000e+00 3.000000000000000000e+00 -2.167558079568276753e+03 1.992000000000087425e+02 4.247379973017006982e+00 -3.089763015159955994e+00 1.116807182992821668e+00
2.712545086678157524e+00 1.822117668786963574e+00 4.635749746397587856e+00 4.939308301972033632e+00 1.542855746875806622e+00 9.965103662164556120e-01 8.660440432658178533e-01 3.143345947224832848e+00 8.000000000000000000e+00 9.000000000000000000e+00 4.000000000000000000e+00 -2.146060895082282514e+03 1.165500000000031520e+02 5.486618442642558158e+00 -2.292223699322109010e+00 5.300709281277616869e-01
1.705811395104147588e+00 1.935206626458144896e+00 2.956208461274044907e+00 5.342896321228766787e+00 1.189361675046770372e+00 7.946321022653908273e-01 5.645073879135606987e-01 3.181009841184599285e+00 9.000000000000000000e+00 1.100000000000000000e+01 2.000000000000000000e+00 -2.270717293600587254e+03 4.509999999999982379e+01 1.551045585003671157e+01 -1.383328017044786140e+00 6.280478574325648822e+00
1.351368490418703328e+00 2.248698086903378801e+00 1.173046967740038582e+00 6.412223203420729156e+00 2.021026732171411489e+00 5.570128987029171475e-01 7.832475815509495343e-01 3.296356318751497039e+00 9.000000000000000000e+00 1.000000000000000000e+01 3.000000000000000000e+00 -2.265257104481468559e+03 3.150000000000017764e+01 1.559419403009179206e+01 -3.445768772652807233e+00 4.459444629187280462e+00
2.187894923711873219e+00 2.421225729805692950e+00 2.729469122829967453e+00 7.949649414304314377e+00 2.367932160367806738e+00 1.250876058337435648e+00 5.695226225208638304e-01 3.068026117192218294e+00 1.100000000000000000e+01 1.300000000000000000e+01 5.000000000000000000e+00 -2.284894486761294502e+03 8.553999999999979309e+01 1.513278042258091993e+01 -3.215097513482744418e+00 5.374104524805176197e+00
2.005334941153101624e+00 1.345158524482662710e+00 6.044013121268804412e+00 4.969544178112949240e+00 2.783856054272699332e+00 1.462749552410788301e+00 4.138226637437754651e-01 2.255270585316517806e+00 5.000000000000000000e+00 1.900000000000000000e+01 5.000000000000000000e+00 -6.099571255972316521e+02 5.701900000000110822e+02 2.030388284982663549e+01 8.924128763226907290e-02 2.785379062619820073e-02
9.802111075790400641e-01 1.781519116318120322e+00 5.668625553338007883e+00 1.590427231273967568e+00 1.370029455719021128e+00 3.255481624344609970e-01 6.431203761636188343e-01 4.416651523371408317e+00 1.100000000000000000e+01 1.700000000000000000e+01 5.000000000000000000e+00 -2.269270756689558311e+03 4.726000000000030354e+01 1.535254729309738408e+01 -5.801197388244053954e+00 4.047357165661161105e+00
1.791450843503013868e+00 1.829255635261895607e+00 1.605867518758750556e+00 9.552222669465006533e+00 1.210184174383492239e+00 1.345014454529123160e-01 5.832800617244079389e-01 3.812220580195945452e+00 6.000000000000000000e+00 9.000000000000000000e+00 5.000000000000000000e+00 -2.113723667454357383e+03 5.418000000000079552e+01 5.414604215897298900e+00 -1.805599144620435803e+00 1.360285912242173989e+00
1.537332034580039419e+00 1.789591397661530525e+00 1.481654745940523821e+00 7.188412736000743486e+00 1.290350368759744182e+00 6.281714947231398227e-01 2.370968069585138172e-01 3.278115733635774909e+00 7.000000000000000000e+00 8.000000000000000000e+00 4.000000000000000000e+00 -2.113887417810628449e+03 4.847999999999932186e+01 5.602963613164305023e+00 -3.321316157403956471e+00 5.163957949189046381e+00
1.706786568307504526e+00 1.696397865686086748e+00 3.275738040090796499e+00 1.797091276550523808e+00 2.489025129248132018e+00 4.219501920720221122e-01 9.377953174457764884e-01 2.146421406219736205e+00 6.000000000000000000e+00 1.500000000000000000e+01 5.000000000000000000e+00 -2.256494877670942969e+03 1.741500000000037289e+02 1.058874235443383327e+01 -1.188560375219295473e+00 4.073230024879984645e-01
9.561145810559272817e-01 6.814872530033808662e-01 5.465950820561178425e+00 7.804135818432740734e+00 2.102871218585967927e+00 1.009947145790241363e+00 9.760447988883236281e-01 2.238351245805703993e+00 1.000000000000000000e+01 1.700000000000000000e+01 4.000000000000000000e+00 -5.528092800631617365e+02 5.101700000000154773e+02 1.860776750394712664e+01 4.295477815946375788e-01 5.270929252455952563e-02
2.111920542096609399e+00 5.211659976732598842e-01 3.710998484620982918e+00 5.839094361418665002e+00 2.470407053434737765e+00 1.025155705143652840e+00 3.613370494646065412e-01 3.481297736623935712e+00 8.000000000000000000e+00 1.400000000000000000e+01 4.000000000000000000e+00 -2.270622264995830392e+03 4.396000000000013586e+01 1.554014156223939480e+01 -4.357266682654667100e+00 1.576409238158281267e+00
1.882111377201482361e+00 1.175345067723846393e+00 5.027781841107826999e+00 5.580141279334906557e+00 2.132828428676243782e+00 1.393556143146452930e+00 6.818237751033109362e-01 3.537028045106546337e+00 7.000000000000000000e+00 1.200000000000000000e+01 3.000000000000000000e+00 -2.273844825445312836e+03 4.955999999999971095e+01 1.556655159033206282e+01 -6.640741271355196318e+00 4.084926574700423529e+00
2.103881098219278822e+00 9.419607543670347471e-01 4.434613991440470748e+00 4.314559678775236051e+00 2.401882878712002345e+00 2.723323671329950235e-01 8.767420035670938638e-01 2.488878762082056717e+00 7.000000000000000000e+00 8.000000000000000000e+00 4.000000000000000000e+00 -2.229343219898421012e+03 1.447200000000002262e+02 9.811451243651301724e+00 -4.167924603177518783e+00 1.017362013647359564e+00
2.645993614524646542e+00 2.537974086294994436e+00 2.211173317343666511e+00 6.816000273104084073e+00 2.236319232141398494e+00 7.124485456824847240e-02 3.353908606259262681e-01 2.460847488001904448e+00 6.000000000000000000e+00 1.500000000000000000e+01 3.000000000000000000e+00 -2.278115361289232169e+03 6.449999999999958789e+01 1.536658508057702299e+01 -9.950568939706981864e-01 6.228368823588629866e+00
2.900987514521486066e+00 4.872039490445077003e-01 3.666949983863189821e+00 5.962781915928980325e+00 1.917794819390415073e+00 8.259515632776924798e-01 9.325940061150448379e-01 2.499308169403150703e+00 8.000000000000000000e+00 1.200000000000000000e+01 5.000000000000000000e+00 -2.233339774892755486e+03 1.267200000000017752e+02 1.062373593079714951e+01 -3.275336315228807749e+00 1.230108679342267974e+00
2.427678532865923611e+00 2.803131552580693686e+00 4.443728040785725142e+00 5.963286934204913514e+00 1.862586700630253222e+00 5.070361880893377027e-01 8.835640227564053317e-01 3.293200125010040225e+00 7.000000000000000000e+00 1.400000000000000000e+01 5.000000000000000000e+00 -2.136823005111255497e+03 9.800000000000035527e+01 5.488937819453440170e+00 -8.152240367844227009e+00 2.558887796290035155e+00
2.543646221777431826e+00 1.859873079496447756e+00 6.298200784541680974e+00 2.447903686218975139e+00 1.362531026154813585e+00 6.796223950119539836e-01 8.445584619149542061e-01 2.312652369327101720e+00 1.100000000000000000e+01 1.400000000000000000e+01 3.000000000000000000e+00 -3.043089339472197139e+02 3.502799999999788270e+02 2.308315145943991981e-02 -3.687176984630931020e-01 3.916435400413005585e-02
7.327979272889398876e-01 1.627898278624413830e+00 3.516136385726397418e+00 5.767128122566408166e+00 2.458806621236413470e-01 8.920857075078481024e-01 7.792741455479352819e-01 2.798926847760307091e+00 6.000000000000000000e+00 1.400000000000000000e+01 3.000000000000000000e+00 -2.144603349122244708e+03 1.101800000000004047e+02 5.594584320140280731e+00 -1.210590863674271933e+00 5.605785339352542529e-01
2.895343261066706919e+00 1.716676728909155347e+00 4.254859858310503284e+00 5.617895880871047964e+00 1.949298383491586684e+00 1.123769346072720499e+00 9.414297041416578304e-01 3.498174949795209265e+00 1.100000000000000000e+01 1.400000000000000000e+01 4.000000000000000000e+00 -2.298487024800902873e+03 1.122800000000004133e+02 1.514668905005639488e+01 -4.353331820543093755e+00 7.245224596395242189e-01
9.094706424574695580e-01 1.375042011705124079e+00 5.862179884160752863e+00 6.574053755310893088e+00 2.584687113432337036e+00 5.986534724867759172e-02 9.573869514835224859e-01 3.027075472505331710e+00 7.000000000000000000e+00 1.300000000000000000e+01 5.000000000000000000e+00 -2.277546400642492699e+03 3.413799999999908437e+02 6.678525040156086945e+00 -1.485433470332174188e+01 6.117396011137518741e+00
2.284192634681562417e+00 1.201847128357747208e+00 7.053235476897985023e+00 6.135332551812481938e+00 6.117223956003907670e-01 8.036408330906661401e-01 7.809701210492914214e-01 3.704557066712982127e+00 1.000000000000000000e+01 4.000000000000000000e+00 2.000000000000000000e+00 -2.254196611338364164e+03 1.159999999999992859e+01 1.552478820864776843e+01 -2.411314751653606425e+00 1.831151271275077985e-01
1.818187180276261916e+00 1.577964470693601573e+00 3.388921700899877987e+00 4.906273005906229834e+00 2.323833039816912915e+00 1.303558332211317561e+00 7.573436997133017323e-01 2.125313730419065017e+00 8.000000000000000000e+00 7.000000000000000000e+00 5.000000000000000000e+00 -2.278900447213733969e+03 6.412000000000023192e+01 1.542752795085835338e+01 -3.496234615232858278e+00 1.472727106588537449e+00
2.678001206423894054e+00 1.897544370130690661e+00 8.087259269169500442e+00 4.167051393159972861e+00 2.560764623497745696e+00 9.036232917282112087e-01 7.534610535953996102e-01 2.941549002308890604e+00 7.000000000000000000e+00 1.500000000000000000e+01 3.000000000000000000e+00 -2.312158038696720268e+03 1.299000000000020520e+02 1.545050241854496598e+01 -5.357892110255455975e+00 4.475074263801920083e+00
1.853338948105430761e+00 1.828579969213414369e+00 6.343160872821530738e+00 5.158189240735923775e+00 2.512334782389517684e+00 1.520302708290158566e+00 7.717418645193752091e-01 3.106749558808466816e+00 1.000000000000000000e+01 1.900000000000000000e+01 4.000000000000000000e+00 -2.464629327154490056e+03 4.333899999999953252e+02 1.549589544715577993e+01 -4.016891203240306574e+00 1.392024646291666112e+00
1.181909253289705308e+00 8.848146808794727924e-01 3.321416717480454306e+00 6.943207121889304112e+00 2.702604809611109271e+00 5.170218330350195846e-01 5.895098334539102813e-01 2.447460418184737918e+00 1.000000000000000000e+01 5.000000000000000000e+00 2.000000000000000000e+00 -2.255712760476771564e+03 4.074999999999982236e+01 1.470861002979823340e+01 -1.366779510851112933e+00 4.192766403029198063e-02
1.696843235638172409e+00 1.490476323107063017e+00 7.812331504158009921e+00 3.976524444595507912e+00 1.414969732904586053e+00 1.106957632266154290e+00 7.137868653014372011e-01 3.133213783766449545e+00 8.000000000000000000e+00 1.000000000000000000e+01 3.000000000000000000e+00 -2.204400591940231607e+03 6.920000000000034390e+01 1.061253699626445623e+01 -3.293701381034892073e+00 1.070420716149669049e+00
2.541720369474341101e+00 8.590435938796029403e-01 2.456732628280344333e+00 4.331694168768673414e+00 1.767346230810340479e+00 3.993016492828289077e-01 7.477131478127404529e-01 2.547085383961065208e+00 7.000000000000000000e+00 9.000000000000000000e+00 5.000000000000000000e+00 -2.004801680257411931e+02 1.360800000000038779e+02 2.357414652210199774e-02 -1.153228019650281322e+00 6.256402051020586441e+00
