2.578694335535753890e-01 9.520686209507496223e-01 7.295899146803984436e+00 5.733360923094794614e+00 2.758308336783747983e+00 1.031213345024594608e+00 6.343659524706674047e-02 4.388645252561125254e+00 3.000000000000000000e+00 1.900000000000000000e+01 3.000000000000000000e+00 -2.263238938138816138e+03 4.806999999999990081e+01 1.495024613367600885e+01 -5.990010630946883019e+00 6.228230221315143922e+00
1.163121924573731869e+00 1.380256552993107011e+00 5.150817169391546990e+00 5.407060208117118627e+00 1.332839563073192624e+00 2.113278404309292258e-01 8.088296831188632741e-01 3.179255991513540103e+00 1.000000000000000000e+00 1.900000000000000000e+01 4.000000000000000000e+00 -2.203264585526559586e+03 7.770999999999955321e+01 1.027559909540998007e+01 -1.242193899682255243e+01 3.816690868858165331e+00
1.243520504159645101e+00 9.089612514254844511e-01 7.417790320915103486e+00 6.145329908765663873e+00 1.371711239228609491e+00 1.388084274822128261e+00 9.980199782596563818e-01 3.229426653543617576e+00 1.000000000000000000e+01 1.700000000000000000e+01 4.000000000000000000e+00 -2.207448473527437272e+03 8.330000000000066507e+01 1.036240459546479897e+01 -1.387394577549352803e+01 3.414722017427681777e+00
1.155248772874755137e-01 2.030886708622159365e-01 3.077992626470201554e+00 8.308967447038371645e+00 1.302364498484010369e+00 1.919600536850507799e+00 9.040541123281354841e-01 2.869606595988203779e+00 1.100000000000000000e+01 1.000000000000000000e+01 5.000000000000000000e+00 -2.275498419780837139e+03 5.180000000000046612e+01 1.559990123630232439e+01 -3.051049773848510061e+00 1.381858993833895655e+00
2.086980500379678638e+00 9.640217779851668611e-01 6.039357869669682799e+00 3.770766539575716170e+00 1.764524897289779792e+00 2.045288997505620543e+00 4.599528434448708070e-01 4.225219900871728385e+00 7.000000000000000000e+00 5.000000000000000000e+00 4.000000000000000000e+00 -2.100463052599001458e+03 2.460000000000021458e+01 5.510190787437565518e+00 -4.693360114176407194e+00 1.215737453912894228e+00
1.700975244235558792e+00 1.217919207222651679e+00 7.383370108859772074e+00 9.094540882959304184e+00 3.037873044132808342e-01 7.074557962225768160e-01 7.447357709511458479e-01 2.573139932019941067e+00 6.000000000000000000e+00 7.000000000000000000e+00 5.000000000000000000e+00 -2.263316426507248252e+03 3.101000000000010459e+01 1.548821415670301604e+01 -1.212017211959704133e+00 6.268566524762975156e+00
2.124578314927892286e+00 1.322246412143199268e-01 7.697576377078224397e+00 5.345432222456976135e+00 1.521825704412688385e+00 1.016760755417707607e+00 1.520861309415773022e-01 2.400561398727241613e+00 1.100000000000000000e+01 1.300000000000000000e+01 3.000000000000000000e+00 -2.299796624407876152e+03 1.050399999999991110e+02 1.545478902549229261e+01 -5.611267676643503677e+00 4.451012721107508341e+00
2.041317948797131354e+00 2.523472290269753060e+00 5.266442925723723967e+00 6.574206146257386862e+00 1.287317687107345954e+00 6.358256074698303006e-01 2.518826986807235491e-01 2.331426000675566712e+00 1.100000000000000000e+01 1.200000000000000000e+01 4.000000000000000000e+00 -2.164299369652672340e+03 1.520400000000027205e+02 5.517460603291928223e+00 -3.333621428373931828e-01 2.732233186923686136e-02
1.790785396585921063e+00 1.407769597966442188e+00 8.564592611696451030e+00 5.683338965157701317e+00 1.340720745212756526e+00 1.054625882490242139e-01 6.788337925605079093e-01 2.546103410140680978e+00 8.000000000000000000e+00 3.000000000000000000e+00 4.000000000000000000e+00 -2.252702118343897837e+03 1.313999999999991175e+01 1.538325739649359392e+01 -2.853526915664555297e+00 1.832070895560122814e-01
1.035935042556243468e+00 2.854110131299054665e+00 2.201095294155654969e+00 8.135905978755817003e+00 1.747943837860764571e+00 4.794307808357241019e-01 4.231448827306242277e-01 2.490362618019062779e+00 6.000000000000000000e+00 1.600000000000000000e+01 4.000000000000000000e+00 -2.141528662181196069e+03 1.071999999999984254e+02 5.495541386324816813e+00 -1.465157232426630429e+01 3.121526479448478497e+00
1.241813037797618868e+00 9.090593287838129033e-01 9.727027600718804123e+00 7.620740647958404779e+00 8.058551471571773206e-01 1.149161016164506055e+00 6.297794828453425753e-01 3.264694873032774503e+00 7.000000000000000000e+00 2.000000000000000000e+01 5.000000000000000000e+00 -2.180994752854533999e+03 1.869999999999979252e+02 5.468422053408426464e+00 -8.607037107447309765e+00 3.782804974748390059e+00
6.027281470925094364e-02 1.871291141903218325e+00 5.410367377162955016e+00 4.871418372114132644e+00 2.086267602712731151e+00 1.309358819471423185e+00 1.583714620108594706e-01 2.667936802583498856e+00 1.000000000000000000e+01 6.000000000000000000e+00 4.000000000000000000e+00 -1.534115687170070998e+02 1.109400000000026836e+02 2.342013616628340483e-02 -1.423627648651450084e+00 1.441057341924226465e-01
1.599055823751268646e-01 1.250398339212444920e+00 6.554134713725758843e+00 8.381445142421984684e+00 7.514017788118971808e-01 1.306023956090043070e+00 7.693351160464740879e-01 3.956410319365523343e+00 5.000000000000000000e+00 8.000000000000000000e+00 5.000000000000000000e+00 -2.189039088278977033e+03 3.863999999999953161e+01 1.060744301743608631e+01 -1.072825486143327822e+01 5.409629414575959139e+00
2.157992797246603978e+00 1.759630630603267853e+00 4.765762500246971456e+00 7.532502727200666826e+00 1.888644566207316355e+00 1.640037206516562707e+00 1.704695226620296378e-01 4.058950189608776071e+00 1.100000000000000000e+01 1.000000000000000000e+01 3.000000000000000000e+00 -2.262227738130080070e+03 3.050000000000016342e+01 1.543610863312999193e+01 -5.695910457292105988e+00 3.362790577211408838e+00
2.719438646901447765e+00 2.405354895807362503e+00 8.130995032658915989e+00 1.358335679637450166e+00 1.452266003039499820e+00 1.519166490173873285e+00 8.150560105644327757e-01 2.270335346450176761e+00 5.000000000000000000e+00 2.000000000000000000e+01 5.000000000000000000e+00 -2.335601391751864412e+03 1.719999999999987779e+02 1.560008698449159326e+01 -6.702128628571575319e+00 4.279359571241002413e+00
2.551885219760513746e+00 1.273292094994953549e+00 6.443263873064749347e+00 5.333426932141652976e+00 7.387694849126874574e-01 9.761259869654482779e-01 1.374788146664062127e-01 2.380133875674084631e+00 5.000000000000000000e+00 1.000000000000000000e+01 2.000000000000000000e+00 -2.209282311486181243e+03 8.429999999999948557e+01 1.044576946788636462e+01 -2.728723575654170563e+00 1.127311467475809792e+00
1.953289788172331898e+00 2.230689125763438696e+00 8.980696834147449792e+00 1.701541654259203007e+00 2.883192943632480798e+00 1.758440482973274044e+00 7.208212641534557097e-01 3.292623699142895433e+00 1.000000000000000000e+01 9.000000000000000000e+00 5.000000000000000000e+00 -2.304909895162526482e+03 1.214100000000033361e+02 1.526280594765778353e+01 -2.993818402327134809e+00 2.488887475304766284e+00
1.475722930519214104e+00 3.607248413114247931e-01 6.715292030003924495e+00 8.683452480981063815e+00 6.395514389445139392e-01 5.146086902262931861e-01 1.420958096133607684e-01 2.518730850138768851e+00 5.000000000000000000e+00 9.000000000000000000e+00 3.000000000000000000e+00 -2.277132194908754627e+03 5.679000000000089443e+01 1.554607468179714758e+01 -1.885157769715155140e+00 1.834183466838456900e+00
6.459997129733426879e-01 1.824693165447609289e+00 6.723955208484357016e+00 9.242715865804452591e+00 1.046336033734391657e+00 1.575421623750887123e+00 9.096645668299967458e-01 2.756065073547449007e+00 6.000000000000000000e+00 9.000000000000000000e+00 4.000000000000000000e+00 -2.273677609467096318e+03 4.788000000000055678e+01 1.560860059169349690e+01 -2.897240631257282484e+00 1.019883693671852276e+00
9.963237254887373773e-01 7.640121765221463690e-01 8.975204166321855581e+00 7.967667539556805067e+00 1.299392219858816588e+00 1.762024198585515844e+00 2.958549849253422903e-01 2.367951448097207034e+00 5.000000000000000000e+00 1.100000000000000000e+01 2.000000000000000000e+00 -2.277424454881844667e+03 6.973999999999969646e+01 1.515965343011530742e+01 -8.876814209194852978e+00 2.355963955197595272e+00
1.267202762861362242e+00 2.834971007952754585e-01 9.711248971550787701e+00 9.895626868971351797e+00 2.043360091827576497e+00 1.296834893240559339e+00 6.226819036779162042e-01 2.841347265355926854e+00 1.100000000000000000e+01 5.000000000000000000e+00 5.000000000000000000e+00 -2.180100377421586927e+03 3.700000000000003553e+01 1.010002358884917051e+01 -3.830577548860205184e+00 2.827728889712914917e-01
1.692718801603326106e+00 3.610192285354401065e-01 8.130163354045233604e+00 5.914776574773035200e+00 1.544779393049353633e+00 2.764282339023536039e+00 3.473635734062207048e-01 2.308167209112753859e+00 7.000000000000000000e+00 7.000000000000000000e+00 3.000000000000000000e+00 -2.266230532335117914e+03 3.479000000000011994e+01 1.555222077094486899e+01 -5.490748446104896097e-01 5.557722238027576367e+00
8.573097074865925205e-01 1.565565782945671502e-01 6.183091832734153748e+00 5.643723727054285710e+00 2.347097404848515811e+00 1.750089312394741636e+00 4.483447535396674066e-01 3.341674652907848486e+00 4.000000000000000000e+00 1.200000000000000000e+01 4.000000000000000000e+00 -2.221995161294040372e+03 4.847999999999973397e+01 1.235969758087752801e+01 -4.874941330003627726e+00 1.206152515264890868e+00
1.351486986080442820e+00 2.189136849765181747e+00 8.751867321560954593e+00 3.671117929617183417e+00 2.834639393331569224e+00 9.606138902911208755e-01 5.346821478493916091e-01 2.662721423861852177e+00 4.000000000000000000e+00 2.000000000000000000e+01 3.000000000000000000e+00 -2.400470012481242520e+03 3.023999999999913939e+02 1.557937578007791046e+01 -2.557853621492443885e+00 5.847716592625088694e+00
7.753396502508413946e-02 2.862703489459295980e+00 6.679686873457560736e+00 6.092562958036197962e+00 2.077242985547519183e+00 1.316631120206545269e+00 9.165012851815093065e-01 2.333956484939818221e+00 8.000000000000000000e+00 9.000000000000000000e+00 3.000000000000000000e+00 -2.280068600832351422e+03 6.471000000000118746e+01 1.548210005202191830e+01 -4.003092957167837085e+00 6.149316549178827529e+00
1.266382040690096300e+00 5.151399429747062220e-01 9.039669715748983592e+00 7.881935131733822431e+00 7.271193719820759904e-01 1.303593250114996493e+00 1.332581413705169471e-01 2.981550123666170116e+00 9.000000000000000000e+00 2.000000000000000000e+00 1.000000000000000000e+00 -2.251382615504150635e+03 6.339999999999952784e+00 1.551328846900941194e+01 -3.028816420115886920e+00 4.190789714376166181e-03
2.469780410463176423e+00 2.191490304054610316e+00 6.306486536791875430e+00 2.275845002854701260e+00 1.951117854127668139e+00 1.704097253455133743e+00 6.308890207134272288e-01 3.046158961171718804e+00 1.000000000000000000e+00 1.600000000000000000e+01 5.000000000000000000e+00 -2.278557363044267731e+03 6.719999999999927809e+01 1.530983519026675843e+01 -4.580266564490600878e+00 1.220914998972236098e+00
1.142974971577039200e+00 1.209435263389504023e+00 6.700853076172702316e+00 7.280673931412993127e+00 6.289734246952121133e-01 7.804671483803193865e-01 2.423661178526242688e-01 3.267363528868235889e+00 8.000000000000000000e+00 2.000000000000000000e+00 1.000000000000000000e+00 -2.250495406777101834e+03 5.839999999999963443e+00 1.547346292356886366e+01 -3.156331037002720219e+00 1.263488209528448591e-01
2.104326184490854956e+00 1.802570286279874923e+00 8.118309661056137827e+00 7.260421893578779873e+00 1.520993452236000687e+00 5.476963824993672514e-01 8.053001845981050399e-01 2.432848212735740923e+00 1.000000000000000000e+01 8.000000000000000000e+00 4.000000000000000000e+00 -2.172880433054261857e+02 2.400800000000151329e+02 6.078002706588664594e+00 -2.157002348557582605e-01 6.264736656326978625e+00
1.097282957724146746e+00 7.788732003949702110e-01 7.260063305652111332e+00 7.134901508525237190e+00 1.605927512781139876e+00 3.220415495322601629e-01 7.496715647719671693e-01 2.303159583863080062e+00 1.000000000000000000e+01 1.200000000000000000e+01 5.000000000000000000e+00 -4.510201304542900402e+02 3.601200000000105774e+02 1.693500815339279697e+01 -1.820842172022826833e-01 3.068360415542256137e-01
5.188444089489976374e-01 2.576727710536663274e+00 5.699954046133673735e+00 9.612935761227056730e+00 7.422326722947504285e-01 1.741523306340774235e+00 4.917479653373304505e-01 3.359647393598259590e+00 7.000000000000000000e+00 1.300000000000000000e+01 4.000000000000000000e+00 -2.119565152233250501e+03 6.643000000000046157e+01 5.396884514578123238e+00 -5.745238883746051961e+00 5.881076593773797434e+00
5.911229882149396930e-01 5.178131571007457135e-01 4.513378481975555800e+00 9.198197610323495255e+00 1.833623145178049585e+00 2.632043756614899088e-01 3.619191624528931839e-01 2.993468692673570963e+00 8.000000000000000000e+00 1.700000000000000000e+01 3.000000000000000000e+00 -2.268724856334589731e+03 6.171000000000044849e+01 1.486686602091183573e+01 -6.021441720380063423e+00 4.564675604762589600e+00
9.783090283633737450e-01 1.064874307045416302e+00 6.963078471659818192e+00 3.905507691962984751e+00 1.994911640291132660e-01 1.553758499037790397e+00 5.029196612345951944e-01 3.244448268232561716e+00 8.000000000000000000e+00 1.200000000000000000e+01 4.000000000000000000e+00 -2.267317567224137292e+03 3.971999999999992070e+01 1.546609795150857636e+01 -1.843728090568075295e+00 1.816530234215185946e-01
9.160249341202701956e-01 3.162212139736682026e-01 8.906458914495971158e+00 5.558223714732416276e+00 1.004316450536802297e+00 3.581989231093662962e-01 1.117376953710987886e-01 2.046264931958583944e+00 5.000000000000000000e+00 4.000000000000000000e+00 2.000000000000000000e+00 -2.266361147559535766e+03 3.531999999999942474e+01 1.554382172247101934e+01 -3.114372878409500944e-01 6.084582630630281486e+00
1.355303037348672135e-01 2.104289644507113977e+00 6.660285152201276482e+00 3.359651085023081407e+00 2.283099297804572991e+00 1.777677945108323776e+00 9.107882638912938589e-01 3.279678027996723699e+00 1.100000000000000000e+01 1.600000000000000000e+01 4.000000000000000000e+00 -2.256773043180550758e+03 3.411200000000085311e+02 5.388315198784182414e+00 -1.351468043613576775e+01 5.960328509157035271e+00
1.223227299453605310e+00 2.091770283421820142e+00 8.711030272946219455e+00 6.033271879703021590e+00 3.698615266223845288e-01 1.438487221322269916e+00 5.249236713942053711e-01 3.760727863240163504e+00 5.000000000000000000e+00 1.000000000000000000e+01 4.000000000000000000e+00 -2.189708025210218238e+03 4.520000000000037232e+01 1.044425157563863493e+01 -7.394322155433972199e+00 1.518547185806259137e+00
2.270096304888846728e+00 1.115848162720007419e+00 9.369491182880416602e+00 9.637786792755910881e+00 2.247897503094811622e+00 9.308887916013880437e-01 2.931811020380126198e-01 2.453005029734287135e+00 7.000000000000000000e+00 3.000000000000000000e+00 1.000000000000000000e+00 -2.256899404439407590e+03 1.616999999999985604e+01 1.555090027746297210e+01 -7.931649701186778145e-01 2.143996590294646176e-01
7.869365311917063677e-01 7.995854988079789116e-01 4.354331205020534057e+00 8.083063765402624057e+00 1.585591762992879072e+00 4.591002787580517053e-02 7.201088028943880559e-01 2.730094203592177138e+00 2.000000000000000000e+00 1.000000000000000000e+01 2.000000000000000000e+00 -2.192825866463113925e+03 6.540000000000055991e+01 1.000786665394461217e+01 -1.373241933267613923e+01 2.343184163195530800e+00
1.302931361715689018e+00 6.877026321111665563e-01 3.604958067966099744e+00 4.380870600200942988e+00 1.905410025907626093e+00 1.912441501044161773e+00 5.866066853551396010e-01 3.054021580084981480e+00 8.000000000000000000e+00 5.000000000000000000e+00 4.000000000000000000e+00 -2.246936978996448488e+03 2.225000000000018119e+01 1.473824868727802695e+01 -1.945725255423987665e+00 3.919650709172849967e-01
1.459990961599088699e+00 1.039394558470566388e+00 8.967224700839047102e+00 5.637490371846960002e+00 1.964304737625273134e+00 4.665533020254731822e-01 3.409960281957157835e-01 2.998110603846857458e+00 5.000000000000000000e+00 8.000000000000000000e+00 3.000000000000000000e+00 -2.305431395156416329e+03 1.127199999999979525e+02 1.556696219727609787e+01 -3.727554226945260840e+00 1.421200945349919920e+00
1.926826462540228935e+00 1.079039883743289963e+00 5.680980586995810100e+00 4.857930270342254886e+00 1.511625201506490435e-01 1.670547775838424176e+00 9.756254431745821354e-02 4.918778383685895150e+00 4.000000000000000000e+00 5.000000000000000000e+00 5.000000000000000000e+00 -2.253640842086142129e+03 1.120000000000002416e+01 1.550255263038387810e+01 -4.750664196664973637e+00 1.800647841444156239e-01
1.290169802381419872e+00 1.810628747700298691e+00 8.773585753520553254e+00 3.743021809286601442e+00 1.251623893713097457e-01 1.968510463694824963e+00 3.341473172704933492e-01 4.454346417441555239e+00 3.000000000000000000e+00 1.100000000000000000e+01 3.000000000000000000e+00 -2.259888985072651394e+03 2.969999999999989981e+01 1.531493656704070538e+01 -4.181702832928971603e+00 3.324508221906567473e-01
5.986280898512842397e-01 1.493443599695318591e+00 5.183279006614410989e+00 3.659653439514823248e+00 5.244272060462484841e-01 1.349186229910185553e+00 5.168325048578312764e-01 2.453130257183176788e+00 7.000000000000000000e+00 1.300000000000000000e+01 4.000000000000000000e+00 -4.593529944098580131e+02 2.202199999999950819e+02 2.332233421424292213e-02 -3.677866022922693823e+00 1.444340506246699407e+00
8.601720873460790839e-01 2.006095905205480978e+00 3.711495745354930431e+00 6.589436921265278357e+00 2.049340246462202586e+00 4.999057630013952758e-01 5.389710641111638001e-01 3.219075547536388804e+00 9.000000000000000000e+00 1.200000000000000000e+01 2.000000000000000000e+00 -2.311516688757014435e+03 8.136000000000005627e+01 1.692729304731340889e+01 -3.248821881363107011e-01 5.934487585084132100e+00
9.035781852778967949e-01 2.081504048220317316e-01 6.494211802139775891e+00 8.262093943113674399e+00 2.147586938005289880e+00 2.927214876930968490e+00 8.654612240822754377e-01 2.435838198243221342e+00 8.000000000000000000e+00 6.000000000000000000e+00 4.000000000000000000e+00 -2.213107496762353549e+03 4.902000000000034419e+01 1.178734354764707426e+01 -4.878195931686191145e+00 3.119387696854333480e+00
1.492148189964433769e+00 6.408204830155947440e-02 9.245640615651375072e+00 5.179861788665811595e+00 1.100981767301636660e+00 6.609344678433881626e-02 8.730044509121639429e-01 3.230375132803819938e+00 7.000000000000000000e+00 1.100000000000000000e+01 1.000000000000000000e+00 -2.267838569457464928e+03 4.740999999999981185e+01 1.525834809109156431e+01 -1.620586315772561070e+00 6.261307196185003754e+00
1.751038363509943352e+00 2.113488811918025956e+00 9.807408335440531033e+00 3.598406223232216483e+00 1.044808460242281356e+00 1.435674986245557339e+00 6.159752058332537139e-01 3.543768441625388732e+00 9.000000000000000000e+00 1.300000000000000000e+01 5.000000000000000000e+00 -2.270301296705863024e+03 5.512000000000037403e+01 1.517133104411641931e+01 -3.681423579462075324e-01 3.351066685773518294e-01
1.556467172590114467e+00 5.556536912653007310e-01 7.447889308730625046e+00 9.410726929604800617e+00 1.504660608394703392e+00 1.067574097355013851e+00 7.213095327251716204e-01 2.557119896544910453e+00 1.000000000000000000e+01 7.000000000000000000e+00 4.000000000000000000e+00 -1.162426038803087351e+02 1.090599999999958527e+02 2.233747849806803215e-02 -1.730241925235669775e+00 2.761915137951658772e-01
