1.901963680148163860e+00 1.302091647551792963e+00 8.122946861510392580e+00 8.409566658481740120e+00 2.451885983230019050e+00 1.881727771928723758e+00 7.351995098271643103e-01 2.943529601968442488e+00 1.000000000000000000e+01 8.000000000000000000e+00 5.000000000000000000e+00 -2.222665799993554174e+03 1.109599999999979900e+02 1.044911249959719868e+01 -1.424151570940899614e+00 2.469191433756417198e-01
5.314100853733032537e-01 2.107378982363234954e+00 7.289273074427673471e+00 6.427616444336656798e+00 1.790925699428845386e+00 6.744758441387033177e-01 6.719696454853845147e-01 2.783587533163776939e+00 8.000000000000000000e+00 1.600000000000000000e+01 3.000000000000000000e+00 -2.298231593196903759e+03 1.179199999999981969e+02 1.495447457480653419e+01 -3.683767576465694304e+00 5.469040830486782134e+00
2.535050646346463044e+00 1.661072611211346306e+00 8.917948250771376095e+00 3.073102448270161435e+00 9.659889608910565695e-01 4.323637485188928098e-01 8.883883651329399500e-01 2.716618199003921319e+00 7.000000000000000000e+00 4.000000000000000000e+00 1.000000000000000000e+00 -2.178955869652203091e+03 2.431999999999965922e+01 1.042474185326269698e+01 -1.188707417089203133e+00 3.303620888388392185e-01
2.073426879491924613e+00 1.366485789706276321e+00 5.648930328964851810e+00 9.533535219516430459e+00 1.203302218706274074e+00 1.321485353459540324e+00 8.220308019716061620e-01 4.159688810972657080e+00 7.000000000000000000e+00 7.000000000000000000e+00 3.000000000000000000e+00 -2.253207336119745378e+03 1.757000000000005002e+01 1.527639600748409165e+01 -8.668583447480381565e+00 1.785980211319308175e+00
9.865730576580918898e-01 1.835614768341714109e+00 8.100293048254568973e+00 5.550192552250269529e+00 1.409211711271215473e+00 1.065516984936952793e+00 5.059183904812620813e-01 2.205678746496536391e+00 8.000000000000000000e+00 3.000000000000000000e+00 3.000000000000000000e+00 -2.178169257752259455e+03 2.613000000000023348e+01 1.031901610951619297e+01 -5.380124405871683502e-01 5.372969934732512165e+00
7.558966419404673509e-01 9.619014801155229000e-01 6.643061977336675916e+00 1.056364773008581448e+00 2.689841040944922046e+00 8.989116093467233171e-01 6.067695403464083981e-01 3.367329275738922156e+00 1.000000000000000000e+01 5.000000000000000000e+00 3.000000000000000000e+00 -2.260386830894140076e+03 2.055000000000015703e+01 1.563198943088376147e+01 -4.059548040919506384e+00 1.587505499767018158e+00
1.847591216644532741e+00 2.179253447301372493e+00 6.771610623555242015e+00 7.338595383056119914e+00 2.695153588855314197e+00 4.014412581545623304e-01 3.668074883719497636e-01 3.349080815893744845e+00 6.000000000000000000e+00 6.000000000000000000e+00 5.000000000000000000e+00 -2.328989675467681991e+03 1.784400000000052273e+02 1.498560471672993977e+01 -2.611576712930997690e+00 2.203273741832916688e+00
8.175216203594859454e-01 2.063555020666905992e+00 6.177689001209544450e+00 6.709015583372790914e+00 1.444450228985632023e+00 1.277883754858101018e+00 1.645727367846226696e-01 2.067822037294924975e+00 7.000000000000000000e+00 1.000000000000000000e+01 3.000000000000000000e+00 -2.129584335647162789e+03 1.757999999999942986e+02 2.605270977947837352e+00 -5.313873664152388265e+00 4.473043353346930040e+00
2.378067219457919101e+00 1.837326274327246711e+00 9.278153551993037595e+00 9.775558740630122756e+00 2.606013512210717309e+00 2.033550120116977666e+00 9.195973601742928327e-01 2.560015045336326622e+00 5.000000000000000000e+00 6.000000000000000000e+00 3.000000000000000000e+00 -2.260346946069983460e+03 2.075999999999994117e+01 1.562293412937397541e+01 -4.776249199490505859e+00 5.130736943834121710e+00
9.901764951606437659e-01 4.319852294031789608e-01 6.752699530660145832e+00 5.086814064971064475e+00 2.196835150284400573e+00 4.094291080660749094e-01 6.777270825849076585e-01 3.669304806370416117e+00 9.000000000000000000e+00 6.000000000000000000e+00 4.000000000000000000e+00 -2.121055434010981173e+02 1.696800000000048954e+02 1.438210350625656643e-02 -1.084190446435206789e+00 3.999118768314971484e-02
1.254327980789547770e+00 7.388315442924954235e-01 6.725740813395034934e+00 5.129231558747304298e+00 2.305326021990250496e+00 1.308162956774198360e+00 5.232145961122406375e-01 3.127736993001730692e+00 7.000000000000000000e+00 1.200000000000000000e+01 5.000000000000000000e+00 -2.196049806975882802e+03 5.663999999999956003e+01 1.048311293599269867e+01 -1.853305490704351044e+01 3.449995969901680670e+00
1.076344664233697790e+00 1.883724002511641960e+00 8.383187362380880359e+00 5.232313678335907881e+00 2.064142490959294474e+00 8.002147105592447573e-01 2.923632209410277905e-01 2.769138448425335408e+00 8.000000000000000000e+00 1.000000000000000000e+01 5.000000000000000000e+00 -2.197888235977748991e+03 2.882999999999970555e+02 3.358639748609393294e+00 -1.824068819370155126e+01 3.983166446303370023e+00
1.723858233116421612e+00 9.402074831683689959e-01 6.511695990581603866e+00 5.063928958550203419e+00 9.412344600824467111e-01 7.232341776039411529e-01 4.826967535920298480e-01 3.160754475432752564e+00 7.000000000000000000e+00 1.200000000000000000e+01 3.000000000000000000e+00 -2.210678163943880918e+03 8.796000000000030639e+01 1.041863524649254735e+01 -7.808098864987606191e+00 1.656053261077188976e+00
7.264958997738808488e-01 2.061376514019913619e-01 6.653825027070866760e+00 7.164423116990398022e+00 8.716622028780185438e-01 1.290212468951080105e+00 4.562884581819673935e-01 3.439743829731593205e+00 7.000000000000000000e+00 4.000000000000000000e+00 3.000000000000000000e+00 -2.256310314234985981e+03 1.331999999999989193e+01 1.560314463968664001e+01 -1.611632662404514305e+00 5.607055458480875387e+00
5.262543778810089279e-01 4.414998661270764790e-01 7.981532744333004636e+00 6.298978887074316191e+00 1.298408759594428918e+00 1.380728035112207763e+00 6.906351664745142838e-01 2.918019440739399339e+00 8.000000000000000000e+00 8.000000000000000000e+00 2.000000000000000000e+00 -2.267862554609973358e+03 3.615999999999958447e+01 1.561140966312335365e+01 -5.218497498738416951e+00 2.350372241134549345e+00
1.878731211982545002e-01 1.033468356499313678e+00 7.723480569585325917e+00 8.510125298610706324e+00 2.197929894041268373e+00 2.210448000355297538e+00 7.460386881820842975e-01 3.389584474251177593e+00 8.000000000000000000e+00 8.000000000000000000e+00 4.000000000000000000e+00 -2.280290738131143826e+03 6.039999999999906777e+01 1.563067113319652357e+01 -2.769753594318528300e+00 1.559684202858460988e+00
3.020774185216084096e-01 1.767566078238632432e+00 6.152549261021466265e+00 7.969996021264426744e+00 1.738275488751716225e+00 2.308888091939318876e+00 5.697425074351978314e-01 3.042255288864945229e+00 8.000000000000000000e+00 8.000000000000000000e+00 4.000000000000000000e+00 -2.269288676549799220e+03 4.687999999999935596e+01 1.536554228436247449e+01 -3.667817911414801735e+00 1.084294060497364764e+00
4.850003146140031696e-01 2.278124822070819899e+00 5.268474018049860597e+00 6.036320313462268494e+00 2.844113046122095589e+00 1.781904697140546667e-01 7.005018055257213883e-01 2.902646912542228286e+00 6.000000000000000000e+00 7.000000000000000000e+00 2.000000000000000000e+00 -2.277978779940566255e+03 2.842000000000009408e+01 1.648554874628538869e+01 -2.157670676967727630e+00 8.096966244050420869e-01
2.282825155362634195e+00 2.727170804423980854e+00 7.398674266748463069e+00 6.896440300278458224e+00 1.570981579389856941e+00 1.557526254292841861e+00 9.495903197862257672e-01 2.655898118305406452e+00 5.000000000000000000e+00 6.000000000000000000e+00 3.000000000000000000e+00 -2.184400169309582452e+03 3.785999999999992127e+01 1.034188558184891171e+01 -4.222074278096926925e+00 1.765823994720890910e+00
1.539946230436036512e+00 1.587764079762408187e+00 6.483239591793916290e+00 7.416311364045643728e+00 5.140814390183516824e-01 1.758304155452128370e+00 4.507098555720180366e-01 2.740627531588038401e+00 7.000000000000000000e+00 1.000000000000000000e+01 4.000000000000000000e+00 -2.271148277367934952e+03 4.390000000000035385e+01 1.557489233549593877e+01 -2.231246249340396837e+00 7.242307424264211591e-01
4.084898712269680043e-01 1.462482634020338734e+00 5.653049067715778975e+00 2.318275412704513094e+00 2.711008327024824194e+00 8.974364066965357933e-01 8.970480718935737452e-02 2.375333794339940852e+00 3.000000000000000000e+00 7.000000000000000000e+00 5.000000000000000000e+00 -2.112462843411281483e+03 5.467000000000020066e+01 5.320490213205078867e+00 -1.630722905637206921e+01 3.113784028158079753e+00
2.074812279177700614e+00 4.823388842140954313e-01 8.887481877004113073e+00 3.845556848599228417e+00 9.276681694358098751e-01 6.191390700289229887e-01 6.007242598728012029e-01 2.294708704826520673e+00 3.000000000000000000e+00 4.000000000000000000e+00 4.000000000000000000e+00 -2.110636622307979906e+03 4.895999999999913399e+01 5.384788894248781155e+00 -2.239672429725495739e+00 5.807725494274588174e-01
1.760758285392455713e+00 6.929753481525107173e-01 5.051326017213670916e+00 3.549270277579459787e+00 2.113981657566348371e+00 6.303067866641024475e-01 6.092655827169426441e-01 2.407320508616891175e+00 7.000000000000000000e+00 5.000000000000000000e+00 5.000000000000000000e+00 -1.699125654515885628e+02 9.569999999999670592e+01 2.342417207706359167e-02 -1.395049976874068953e+00 6.667480114180551753e-02
1.267592178781822065e+00 2.282251917693253418e+00 7.309254760219379143e+00 3.870965320361317463e+00 8.212050962681833877e-01 1.122396894492674324e+00 4.249487290451535726e-01 3.347878280755300473e+00 7.000000000000000000e+00 6.000000000000000000e+00 2.000000000000000000e+00 -2.250325347082675762e+03 2.207999999999991303e+01 1.495533419266723385e+01 -3.267255855812338350e+00 5.950686408373207392e+00
9.944758211520032809e-02 6.239208721685418624e-02 6.299470345225833157e+00 8.040845168119574282e+00 1.498187691965860768e+00 1.430684446050845438e+00 3.787518073287174381e-01 3.219253014958037173e+00 7.000000000000000000e+00 1.000000000000000000e+01 5.000000000000000000e+00 -2.266612646139102708e+03 3.610000000000024301e+01 1.553516538369389721e+01 -7.041531599280222764e+00 1.625303016315091442e+00
1.309772846237630350e+00 7.051807908520023593e-01 2.572036675060561883e+00 4.531891707736561692e+00 2.875578780083285046e+00 2.810070422813754076e-01 3.593680466083610803e-01 3.583836412981066921e+00 1.100000000000000000e+01 1.300000000000000000e+01 4.000000000000000000e+00 -3.026068486840943024e+02 3.901299999999891384e+02 6.721365542756231548e+00 -9.453533258636857839e-02 1.558736087576570728e-01
1.777755966380413000e+00 1.306299098557981653e+00 5.271982312282259997e+00 4.476671233398121785e+00 1.571914473346063046e+00 1.033084461914067109e+00 5.428789265585649559e-01 3.672616245359571430e+00 7.000000000000000000e+00 1.400000000000000000e+01 5.000000000000000000e+00 -2.214530307850526242e+03 1.125600000000004144e+02 9.890644240657890052e+00 -9.916577812562593408e+00 1.165311563389667793e+00
1.254739978734238370e+00 7.444989478126606830e-02 7.756026427605008600e+00 4.994650393828644397e+00 1.338828167686664461e+00 9.257273950381983418e-02 6.358618795976945792e-01 3.281572558921962646e+00 1.000000000000000000e+01 1.200000000000000000e+01 5.000000000000000000e+00 -7.983322176326805675e+02 2.344800000000058446e+02 -8.182117736262131680e-02 -1.095191903569290126e+01 2.150940646619086571e+00
2.018610440659743599e+00 1.872764334032851696e+00 8.308865359654122429e+00 1.895314115331356852e+00 1.090256685754579236e+00 1.221654964229652585e+00 7.944341202829249826e-02 2.622201094684861289e+00 4.000000000000000000e+00 1.400000000000000000e+01 4.000000000000000000e+00 -2.243948994441932427e+03 3.116399999999825923e+02 5.508062152621296725e+00 -4.103936108577236119e+00 2.525117019887790359e+00
1.489067299413011636e+00 3.845461410130823765e-01 1.964350119925581062e+00 3.004674599591845130e+00 7.587554592533343190e-01 1.305383881985420214e-01 8.662784857101220037e-01 3.575062917170528376e+00 9.000000000000000000e+00 1.200000000000000000e+01 1.000000000000000000e+00 -2.266705697208998117e+03 3.348000000000005372e+01 1.562285607556239242e+01 -3.109968662490180336e+00 1.207295153190032888e+00
4.150158845001190588e-01 6.349019520851851839e-01 8.764728187668200832e+00 4.345669721987917455e+00 9.955337411660103442e-02 2.872758516760598457e-01 3.103814702977185647e-01 3.573284653149513268e+00 1.100000000000000000e+01 2.000000000000000000e+00 4.000000000000000000e+00 -2.248861162641770989e+03 5.779999999999964722e+00 1.537319766511070007e+01 -3.453475749139417683e+00 1.221905008433723933e-01
1.421551521048391331e+00 5.015113582020982452e-01 1.862981613495104494e+00 4.192295437417758563e+00 2.614896708518501089e+00 1.287385556490511895e+00 2.812890810459385826e-01 3.410250655016404231e+00 7.000000000000000000e+00 2.000000000000000000e+00 3.000000000000000000e+00 -2.249754987737186184e+03 6.119999999999957474e+00 1.541843673357414524e+01 -2.963028305651965510e+00 1.393720078781743588e-01
4.181056024748379674e-01 2.296336098808946513e-01 6.889324562140322072e+00 7.799508097945571095e+00 1.621661770170209405e+00 1.179775083647180312e+00 1.447884220360268204e-01 2.785016476750752812e+00 4.000000000000000000e+00 3.000000000000000000e+00 3.000000000000000000e+00 -2.096723796669121839e+03 2.490000000000018687e+01 5.267112291820088998e+00 -2.749675628176369901e+00 5.572443264467733526e-01
2.776131461339705453e+00 7.650071636998034830e-01 8.964010617697784511e+00 3.100499584311267043e+00 1.523254062417988441e+00 3.385528171282584098e-01 5.141084001403639636e-01 3.458506809472537302e+00 9.000000000000000000e+00 1.000000000000000000e+01 4.000000000000000000e+00 -2.260262934220563693e+03 3.550000000000023448e+01 1.515705838878522549e+01 -3.566314085969045422e+00 4.255830026826024626e-01
5.898944241655658116e-01 5.214546431095670176e-01 5.962477404622081423e+00 5.208218123827482060e+00 1.587321521555813186e+00 6.596092026504730699e-01 1.647692545850649171e-01 2.306059765371920367e+00 5.000000000000000000e+00 1.200000000000000000e+01 5.000000000000000000e+00 -2.158600465749760588e+03 1.411200000000023067e+02 5.502529109359959314e+00 -3.408657499000294688e+00 1.410943075001552804e+00
1.600277920846830737e+00 1.348486298305823894e+00 9.996495399848036811e+00 7.596198237717231017e+00 1.870514745280341007e+00 1.470809618720805290e+00 6.257653115340886529e-01 3.950368042842754335e+00 4.000000000000000000e+00 1.500000000000000000e+01 4.000000000000000000e+00 -2.204541822558956937e+03 8.565000000000038938e+01 1.010730140993479509e+01 -1.889912211631712324e+01 2.586231079694417456e+00
2.933650709993009364e+00 1.474267585788895163e+00 3.338970940292087519e+00 4.540888564438558817e+00 2.767784029656776834e+00 8.549655585965847404e-01 2.851743247561480121e-01 2.933170232527572363e+00 1.100000000000000000e+01 6.000000000000000000e+00 5.000000000000000000e+00 -2.072531022978490000e+03 6.216000000000084214e+01 2.590688936155605582e+00 -8.723163625606984439e+00 3.849624527689551101e+00
1.302289594986544952e+00 1.044071335656040489e+00 3.348550219761565749e+00 8.801513722981866295e+00 1.652535973513092671e+00 1.422834046551774811e+00 2.203691138007970451e-01 2.805553523847958086e+00 6.000000000000000000e+00 6.000000000000000000e+00 5.000000000000000000e+00 -2.184756476560526153e+03 4.200000000000007816e+01 1.023477978503287211e+01 -3.811635374176950197e+00 7.957645519558020908e-01
2.503043779918526113e+00 1.608326789505165610e+00 9.411745273527801103e+00 6.844662511167439511e+00 2.290474402127017584e+00 1.432039962798044019e+00 2.426797383933939345e-01 3.337343162705969757e+00 6.000000000000000000e+00 1.200000000000000000e+01 4.000000000000000000e+00 -2.250612857435628484e+03 1.669200000000032844e+02 1.044705358972669096e+01 -1.575302069237251779e+01 4.126977745407534925e+00
3.304234540481982840e-01 6.944301065623222913e-01 3.108593649365795741e+00 5.904969519168893122e+00 2.050271951070952170e+00 1.603740002890729766e-01 2.439338985499896473e-01 2.721580444223941075e+00 2.000000000000000000e+00 1.300000000000000000e+01 4.000000000000000000e+00 -4.840110355820411314e+02 3.901299999999891384e+02 1.805912722387791192e+01 7.615447635890611189e-02 8.459914485134843731e-02
5.924483376487507114e-01 1.271926502068905673e+00 4.075058193041372512e+00 9.562282829074973733e+00 9.713831943070914132e-01 1.223773995777188039e+00 9.509350835243204347e-01 2.364477525447048478e+00 9.000000000000000000e+00 4.000000000000000000e+00 4.000000000000000000e+00 -1.681968394384971930e+02 4.783999999999915786e+01 1.899476282767183222e-02 -1.356611292023659265e+00 6.283113637881728941e+00
2.075297605128257672e+00 1.983326364483203763e+00 7.757288855701667707e+00 7.390147805000031767e+00 1.070012713447702213e+00 6.048027944409893886e-01 9.751875099118811896e-01 2.169687851582105864e+00 7.000000000000000000e+00 4.000000000000000000e+00 5.000000000000000000e+00 -2.111461285394195784e+03 4.607999999999919538e+01 5.526330337137277837e+00 -1.298552941865449006e-01 6.272191963517462554e+00
1.947964473549064213e+00 6.350361333638916417e-01 2.393744633258577004e+00 7.133593658508476487e+00 2.336467895497539082e+00 6.436669886820400865e-02 7.211829022891791396e-01 3.886929453067420326e+00 9.000000000000000000e+00 8.000000000000000000e+00 5.000000000000000000e+00 -2.175774839448560670e+03 3.095999999999969177e+01 1.001842746553504959e+01 -9.702788691122666620e+00 6.253799394118967570e+00
1.317162506940799727e+00 1.831080016656633669e+00 5.312738246956144827e+00 4.875273019483707060e+00 2.592788824370483969e+00 2.849147150682161955e-01 3.594128934154898203e-01 2.517399985031407716e+00 3.000000000000000000e+00 1.300000000000000000e+01 3.000000000000000000e+00 -5.141226114970830849e+02 3.901299999999891384e+02 1.994110071856803046e+01 3.193366597829940812e-01 2.000125372355101433e-02
2.108143773061424309e+00 6.620361912121862646e-01 1.810655721652388195e+00 3.063234806003990673e+00 2.923346984605695198e+00 1.685919154878788850e-01 4.600890537336104202e-01 3.714294338934529982e+00 7.000000000000000000e+00 6.000000000000000000e+00 3.000000000000000000e+00 -2.108853031136552090e+03 4.410000000000015774e+01 5.425189446034520024e+00 -1.331293680787159817e+00 6.358252827878527746e-01
2.844587942658665991e+00 8.708854567711687977e-01 8.124388439687340480e+00 1.131320326984441849e+00 2.939038837196706222e+00 8.909057928131298709e-01 2.885370500603802804e-02 3.799082405881144098e+00 9.000000000000000000e+00 1.300000000000000000e+01 1.000000000000000000e+00 -2.267581363043133479e+03 3.887000000000005429e+01 1.550914769019583161e+01 -6.347078393824151732e+00 1.762741276260768375e+00
1.599265270949424833e+00 1.800546676635563337e+00 4.872933125390838782e+00 8.519545213199920752e+00 1.203680142257942176e+00 1.630757469796829673e+00 8.737821946087791503e-01 2.762806796929177633e+00 8.000000000000000000e+00 3.000000000000000000e+00 5.000000000000000000e+00 -2.240981375966876840e+03 1.430999999999988681e+01 1.461414849792980064e+01 -2.339857680576073129e+00 6.882402456882202868e-01
1.556467172590114467e+00 5.556536912653007310e-01 7.447889308730625046e+00 9.410726929604800617e+00 1.504660608394703392e+00 1.067574097355013851e+00 7.213095327251716204e-01 2.557119896544910453e+00 1.000000000000000000e+01 7.000000000000000000e+00 4.000000000000000000e+00 -1.162426038803087351e+02 1.090599999999958527e+02 2.233747849806803215e-02 -1.730241925235669775e+00 2.761915137951658772e-01
