2.014979972867443792e+00 5.261348284107814077e-01 8.845151969530824942e+00 6.681529328343145835e+00 2.109396872293621161e+00 4.709130112336049612e-01 6.658578912835242392e-01 3.600157834488081576e+00 7.000000000000000000e+00 7.000000000000000000e+00 5.000000000000000000e+00 -2.265654104889455539e+03 3.318000000000011340e+01 1.556650655559095853e+01 -2.605481156578850044e+00 1.313324525190806114e+00
2.153329857263988956e+00 4.295748229466310741e-01 7.669250361324585263e+00 9.391512805288755317e+00 1.117952873998990571e+00 1.220443789429170423e+00 9.505319289260795168e-01 3.816107291158257198e+00 7.000000000000000000e+00 1.600000000000000000e+01 5.000000000000000000e+00 -2.277242195243971764e+03 5.759999999999947562e+01 1.552763720274826298e+01 -9.915600702848603731e+00 4.046915520853319848e+00
1.390467440300524826e+00 6.653897939010804397e-01 7.648470952561131853e+00 8.418514284289569716e+00 1.440801623145875565e+00 1.631781970251801495e+00 5.850304966075906554e-01 2.123750718038557750e+00 8.000000000000000000e+00 1.700000000000000000e+01 3.000000000000000000e+00 -2.154620814695903391e+03 1.388900000000002990e+02 5.323488418493955265e+00 -1.806835036849206233e+01 3.103454264127812223e+00
2.101975731900738609e+00 1.038555987335582520e+00 8.128073550855233975e+00 6.423909707266661329e+00 1.132285661263255250e+00 4.374767007936565255e-01 9.235813622831597902e-01 2.064811963848644183e+00 1.100000000000000000e+01 9.000000000000000000e+00 3.000000000000000000e+00 -2.177766538454284728e+03 1.825200000000056377e+02 5.406658653392599767e+00 -3.949603577977220503e+00 9.313735828668522343e-01
5.168824028790535152e-01 5.784475550635563845e-01 3.290966753281066914e+00 2.173094422505927437e+00 1.700051681925781821e+00 1.136201369601912425e-01 5.484955725075546518e-01 3.366948796875457006e+00 1.100000000000000000e+01 1.700000000000000000e+01 4.000000000000000000e+00 -9.747988913701898355e+02 5.081300000000152863e+02 -2.840295561678178593e-02 -1.243276216562673397e+01 2.342272855044619018e+00
1.463187973260192010e+00 1.235582383069717460e+00 7.709164595062748759e+00 9.366274233590047515e+00 1.009502528777375785e+00 6.110090998171291421e-01 4.396902965865246982e-01 3.253370589564509530e+00 8.000000000000000000e+00 1.800000000000000000e+01 4.000000000000000000e+00 -2.210836062302880691e+03 2.530800000000070611e+02 5.268503893929809223e+00 -8.650503147020115691e+00 4.119800319167908675e+00
2.348172835197589237e+00 6.267042256517502130e-01 7.555912211366859310e+00 5.303922379612543203e+00 6.093306547572320264e-01 5.269689307909986020e-01 5.719845113061740038e-01 3.790061435406115287e+00 5.000000000000000000e+00 1.100000000000000000e+01 4.000000000000000000e+00 -2.132967416152161150e+03 9.195999999999958163e+01 5.436713509510086695e+00 -1.648556037253269935e+00 5.642815833767184763e+00
1.432169946342811029e+00 2.192328468257028984e+00 5.294245322941080190e+00 1.362284140714561165e+00 1.099918448345633903e+00 2.272113459978543637e-01 1.848809672704097018e-01 2.698034659295950988e+00 3.000000000000000000e+00 1.100000000000000000e+01 3.000000000000000000e+00 -2.973497602649097189e+02 3.301100000000244563e+02 8.268422516556091395e+00 1.489526175717204859e-01 9.478647751071486716e-02
1.708231211118058201e+00 1.556205336284199436e+00 5.106097323041043801e+00 5.299213672059972069e+00 1.634979425237883532e-01 2.079964041485816928e+00 7.918307100844429458e-01 2.385929454180875542e+00 1.100000000000000000e+01 1.300000000000000000e+01 5.000000000000000000e+00 -2.276108087392701236e+03 5.720000000000041496e+01 1.546925546204380986e+01 -2.086824691406020449e+00 3.576886897840341750e-01
2.061868804189949778e+00 3.609646482646837740e-01 5.422651423992741471e+00 6.641214717353217445e+00 1.554428736308206105e+00 1.178811675010012161e+00 6.295993964785138175e-01 3.658021309800330467e+00 1.100000000000000000e+01 1.100000000000000000e+01 5.000000000000000000e+00 -2.185562233477094196e+03 5.268999999999978456e+01 9.951077092318373118e+00 -3.877870573583967140e+00 5.328454803924130623e+00
1.451385320483934649e+00 6.095244207261130143e-01 8.584379988515671300e+00 3.385277998027123481e+00 1.808818946764400915e+00 1.463953897982124497e+00 9.522429826414047227e-01 2.774240676949734752e+00 7.000000000000000000e+00 4.000000000000000000e+00 3.000000000000000000e+00 -2.110491526510280437e+03 4.315999999999925762e+01 5.556970406892547842e+00 -1.703455086202429802e+00 4.825029708534847028e-01
1.863780270667314776e+00 5.782215203790854741e-01 5.579031865852878802e+00 3.271195565812139883e+00 1.457737647677058046e+00 2.038820978362910097e+00 8.488741524889252821e-01 2.393676851973690400e+00 1.000000000000000000e+01 1.400000000000000000e+01 3.000000000000000000e+00 -2.283580677691017627e+03 6.930000000000023874e+01 1.555816735568861020e+01 -4.364141158598886960e+00 1.271595224294784776e+00
1.760780074476814505e+00 2.107681143465829354e-01 7.334322543314086396e+00 8.718909020493832429e+00 2.747435337514362974e+00 2.586157700193641995e-01 1.297449438609568073e-01 3.435626753552157631e+00 3.000000000000000000e+00 1.000000000000000000e+01 5.000000000000000000e+00 -2.347102592011310207e+03 2.001999999999929116e+02 1.543766200070710504e+01 -5.978136394826878863e+00 8.050405133661607537e-02
1.233624896720221464e+00 9.599664388818122118e-01 8.585410604839557536e+00 7.904365129462030737e+00 1.913639014202770383e+00 2.597796539448969932e-01 8.342648175407901823e-01 2.280187647720151034e+00 8.000000000000000000e+00 1.700000000000000000e+01 4.000000000000000000e+00 -2.357848248803986735e+03 2.602699999999920806e+02 1.423207805024940953e+01 -5.382045097358689745e-02 3.859405063350806131e+00
1.773089282987075910e-01 1.377535571740951537e-01 4.349638854439699998e+00 4.674597161170531479e+00 1.810924914407618491e+00 1.091689846946532150e+00 2.320518736706601304e-01 2.941070650660812191e+00 5.000000000000000000e+00 5.000000000000000000e+00 2.000000000000000000e+00 -2.274937037071867962e+03 6.069999999999868834e+01 1.528668981699176754e+01 -2.443006714898168230e+00 7.096255253590613155e-01
9.472695633445253893e-01 4.829247828494231953e-01 4.710779298744892429e+00 7.120460208090115373e+00 1.391875936400011282e+00 6.009738136053570656e-01 3.386158091757275335e-01 3.070024200904115652e+00 7.000000000000000000e+00 8.000000000000000000e+00 4.000000000000000000e+00 -2.181548445222514601e+03 3.735999999999955890e+01 1.017927782640718171e+01 -8.187189237619580950e+00 1.750692298609725084e+00
7.950501986116478292e-01 5.898384581932559767e-01 5.104666956047008597e+00 4.435445762566613936e+00 9.809437797893884037e-01 6.685504120660996641e-01 5.006518906547323677e-01 4.123276703629265683e+00 3.000000000000000000e+00 1.400000000000000000e+01 3.000000000000000000e+00 -2.267620540276610882e+03 3.780000000000011084e+01 1.554503376728818864e+01 -9.836346928095665021e+00 2.828933926641784780e+00
2.329505517209615739e+00 1.429252286504758995e+00 1.535585073548974222e+00 7.422678541022220244e+00 3.674464337606124786e-01 3.395025813239370693e-01 1.561034430030705522e-01 2.686562007792136608e+00 1.000000000000000000e+01 7.000000000000000000e+00 3.000000000000000000e+00 -2.261378765113372538e+03 2.639000000000008583e+01 1.551148531958577159e+01 -1.899560965958701164e+00 6.224294162897122895e+00
1.236374458885193706e+00 2.807069272404462135e-01 3.766105045132575047e+00 5.160099011363128874e+00 2.883496946791742843e+00 1.147937810777995171e+00 9.863591026350815305e-03 2.264579021315843654e+00 4.000000000000000000e+00 4.000000000000000000e+00 4.000000000000000000e+00 -2.066321229357174161e+03 5.035999999999910415e+01 2.571326834823398411e+00 -3.153984246002607073e+00 1.061037242390335589e+00
9.643670100251089394e-01 2.225540917774929905e+00 1.768310860373976112e+00 4.824304766854004889e+00 1.222576371842825527e+00 1.139234613655908834e+00 2.934523483107278619e-01 2.388661807797461734e+00 2.000000000000000000e+00 1.700000000000000000e+01 4.000000000000000000e+00 -2.280090360309703556e+03 8.653000000000069747e+01 1.480158501935646420e+01 -4.552275760938716331e+00 5.971396348742695537e+00
1.576504065041745006e+00 4.154366205436422765e-01 9.245934149753438192e+00 7.148473193147971472e+00 1.257783508037567000e+00 6.696136025201879782e-01 7.367736505109316880e-01 2.929237178115383866e+00 1.100000000000000000e+01 5.000000000000000000e+00 4.000000000000000000e+00 -2.064046233304038651e+03 4.864999999999937330e+01 2.482577081502433725e+00 -2.174039853404400979e+00 6.189848813880646006e+00
1.282505654125377426e+00 5.792840189305155096e-01 4.542008004163895052e+00 5.500421739462798776e+00 2.495293454759073271e+00 5.760773714606928220e-01 7.054836274274465246e-01 3.620080947138646366e+00 8.000000000000000000e+00 2.000000000000000000e+01 4.000000000000000000e+00 -2.213016149485272308e+03 1.058000000000009635e+02 1.000725934282947627e+01 -7.111607803805479300e+00 2.566399837446494914e+00
2.667609322456053533e+00 8.621031382361271644e-01 6.342528748397059601e+00 5.948236249094447814e+00 8.671731867981269382e-01 8.924887530961626014e-01 4.615769170297123747e-01 2.773573935133932800e+00 8.000000000000000000e+00 1.100000000000000000e+01 4.000000000000000000e+00 -1.891280849959237287e+02 1.481700000000018917e+02 1.300233522551607832e-02 -1.877629742708780913e+00 7.561447125726282747e-01
1.753347849309918827e+00 1.179633291704622611e-01 3.912994576585477891e+00 3.294955657382281355e+00 2.630872200658604942e-01 1.696191477147872551e+00 3.482438971186269661e-01 2.048907504976931193e+00 7.000000000000000000e+00 8.000000000000000000e+00 4.000000000000000000e+00 -2.264616278181879352e+03 3.927999999999951797e+01 1.531101738636749587e+01 -1.709111845860563861e+00 5.547472267232461896e+00
2.142174801957562380e+00 1.419927873149189335e+00 8.912547946143391187e+00 7.400627018232263765e+00 1.964333924673584031e+00 7.349550991396789357e-01 5.811108028229023947e-01 2.352106023573504956e+00 7.000000000000000000e+00 1.800000000000000000e+01 5.000000000000000000e+00 -2.315950748972941710e+03 8.982000000000088846e+01 1.694004681080881980e+01 -4.884585119980396684e+00 1.396302450844032705e+00
1.170792796821904291e+00 1.592686197925317071e-01 5.574683086107310004e+00 3.990913851045980287e+00 2.029305511801301698e+00 1.163730849326463090e+00 5.063340199910029149e-01 2.354370405508076747e+00 5.000000000000000000e+00 1.100000000000000000e+01 4.000000000000000000e+00 -2.184989152132480740e+03 3.054700000000214004e+02 2.015884508279384590e+00 -8.431784922947000993e+00 1.467063099067088539e+00
7.510929908279655454e-01 8.147230336943802609e-01 5.718588007992746469e+00 2.691458498915214381e+00 2.019654957871174883e+00 1.492831482832113199e+00 2.339062856290799186e-01 3.649285525225898219e+00 1.000000000000000000e+01 8.000000000000000000e+00 3.000000000000000000e+00 -2.258575901110764789e+03 2.471999999999982478e+01 1.538849381942281802e+01 -5.423297103920009299e+00 1.971143076153848206e+00
2.875393241656840626e-01 1.809450800727671282e+00 2.543612039656488299e+00 3.428317079785938137e+00 2.976813925317018494e+00 1.141937913189022824e-02 7.175722721038416685e-01 3.908782490511025109e+00 6.000000000000000000e+00 9.000000000000000000e+00 3.000000000000000000e+00 -2.248954427630107148e+03 2.726999999999996405e+01 1.470746422688170263e+01 -2.097080118061363407e+00 5.367547321159106488e+00
2.672716154754181339e+00 1.763694606551033495e+00 7.984797423649435899e+00 9.483123933847608100e+00 1.870585729859322477e+00 9.812004694869426169e-01 5.552443754971676526e-01 3.221150564757340629e+00 1.000000000000000000e+01 6.000000000000000000e+00 4.000000000000000000e+00 -2.185491594449765671e+03 3.443999999999979167e+01 1.051697465311037760e+01 -6.513640642008884374e-01 6.059922664811115744e+00
8.307155858532633275e-01 8.644851823703738614e-01 2.503664229920281592e+00 4.812869407005091027e+00 2.496955162705496889e+00 8.248615159303996913e-01 4.748647917534297158e-01 3.200328694363937299e+00 6.000000000000000000e+00 5.000000000000000000e+00 3.000000000000000000e+00 -2.243616722294739702e+03 1.690000000000010516e+01 1.469792014342123387e+01 -3.970536092470367873e+00 4.417216393554546094e-01
1.083234306692688165e+00 2.960164009022927978e+00 9.260838359499990347e+00 3.404496796097185474e+00 1.500420966147540280e+00 7.533494579173758421e-01 8.398860379593450221e-01 3.302444764227820073e+00 1.100000000000000000e+01 6.000000000000000000e+00 4.000000000000000000e+00 -2.263226015501316397e+03 3.929999999999997584e+01 1.522350096883228510e+01 -1.489862618260153759e+00 6.164031240970227365e+00
1.241429449962961673e+00 1.907240690085711066e+00 2.759581827652402009e+00 5.040387870958665140e+00 4.300957725502903006e-01 3.861885930449018844e-03 6.593832160193479064e-01 2.674126509743451230e+00 9.000000000000000000e+00 1.800000000000000000e+01 5.000000000000000000e+00 -2.347724873171083345e+03 2.039400000000051989e+02 1.535967957319254396e+01 -3.646575361719454067e-01 6.261032793504344163e+00
1.062884979563058385e+00 8.338248155919780746e-01 1.790872575702947556e+00 2.812399358551694206e+00 1.968500447961693434e+00 1.318200415483602450e-01 2.749001843936685896e-01 3.683570961434440960e+00 1.100000000000000000e+01 1.400000000000000000e+01 5.000000000000000000e+00 -2.225003399174426704e+03 1.248800000000004644e+02 1.016021244840162296e+01 -1.324133516885664497e+00 5.562790568045787865e+00
4.749623944960618682e-01 5.123550686959528200e-01 4.345167226502575808e+00 2.870720708276385036e+00 1.107326907170456121e+00 5.168356105783492582e-01 7.554771714309350683e-01 3.177935569066011823e+00 7.000000000000000000e+00 1.200000000000000000e+01 5.000000000000000000e+00 -2.311428109525546006e+03 1.333200000000020111e+02 1.529800684534656874e+01 -4.643597717943592329e+00 1.420900643878171943e+00
1.024579891652492636e+00 1.415929259015872521e+00 2.284216657252817306e+00 3.939646145391825005e+00 2.422257712282473552e+00 5.192722560223284045e-02 5.616138036861920702e-01 2.969556359025261383e+00 1.000000000000000000e+01 1.300000000000000000e+01 4.000000000000000000e+00 -2.272322538855670700e+03 5.096000000000029218e+01 1.542765867847940164e+01 -9.807825990640696157e-01 5.217240262459216238e-01
5.640120285371530429e-03 1.851817881184765868e+00 6.630585549527568290e+00 8.502398332170445272e+00 1.490032643951289426e+00 7.495775858148954196e-01 8.958594877821367541e-01 2.780663299184809034e+00 1.100000000000000000e+01 1.000000000000000000e+01 4.000000000000000000e+00 -4.232829971345838658e+02 3.000999999999997385e+02 1.707706232091149801e+01 2.293370708562439408e-01 6.163284925687243287e+00
3.632966343131228126e-01 6.507614749832726364e-01 5.932366882953895804e+00 5.515461824552303050e+00 1.277685497448782792e+00 2.801991579479103933e+00 4.037153221297824501e-01 3.806227609959603519e+00 5.000000000000000000e+00 1.200000000000000000e+01 3.000000000000000000e+00 -2.263604862387614958e+03 3.024000000000007304e+01 1.553030389922593990e+01 -7.281904531365340105e+00 3.662543860059160217e+00
1.179265786712640596e+00 1.043678214548940386e-01 9.858562797754613527e+00 6.975843488983975327e+00 5.418902538087082554e-01 3.313794636382733638e-01 4.942876448005826817e-01 3.204424174831658867e+00 1.000000000000000000e+01 1.900000000000000000e+01 3.000000000000000000e+00 -2.182518973007466229e+03 1.877199999999982367e+02 5.541185812966710422e+00 -3.272115581015702546e+00 2.885541876835235886e+00
8.918533777636976634e-01 1.643426252537826482e+00 7.348993045659406143e+00 6.641472503345517531e+00 6.475149396176251848e-01 4.752483898979975585e-01 5.410678069454557537e-01 4.182366174671971137e+00 7.000000000000000000e+00 8.000000000000000000e+00 4.000000000000000000e+00 -2.185347449754762238e+03 3.695999999999956742e+01 1.042921560967265648e+01 -2.868282804826940424e+00 4.845500500638401320e+00
2.316454554091146534e+00 2.301713838053339956e+00 5.160202594529360809e+00 5.130140209672434892e+00 1.623148947416723109e+00 8.411734798112147082e-01 5.303315628442998309e-01 2.369032873727730415e+00 9.000000000000000000e+00 8.000000000000000000e+00 4.000000000000000000e+00 -2.141949668940203537e+03 1.095199999999980207e+02 5.449354308762798915e+00 -1.153830131552715521e+00 6.223611319699259958e+00
1.684327768409079606e-01 2.604228335879599232e-02 7.977923098376054512e+00 9.054939960100872653e+00 1.083196571789521556e+00 1.088825639539908074e+00 4.939057442205588844e-01 3.519462930346761720e+00 1.100000000000000000e+01 8.000000000000000000e+00 4.000000000000000000e+00 -2.260005273712352846e+03 3.431999999999962370e+01 1.517782960702207085e+01 -3.782983169393170808e+00 4.239825669978323219e-01
2.265331056843143287e+00 2.839348178452376636e+00 7.327369785656899559e+00 4.165578787397899774e+00 1.352627228091205502e+00 1.062252990079608495e+00 1.251780560385450380e-01 2.359954352604741512e+00 5.000000000000000000e+00 8.000000000000000000e+00 4.000000000000000000e+00 -2.287510239392226481e+02 1.765600000000052034e+02 1.742286771711766200e-02 -9.860201669069749153e-01 1.255519934547290328e-03
6.033396818005321016e-02 7.335760471392684945e-01 4.136410036710016058e+00 9.262111270952221531e+00 2.194064276573454375e+00 1.079784201274466504e+00 3.562900624328599331e-01 3.793649608125938322e+00 3.000000000000000000e+00 1.600000000000000000e+01 5.000000000000000000e+00 -2.198912908042404069e+03 5.791999999999946880e+01 1.062205675265028759e+01 -1.389216423234644715e+01 9.984391438785084061e-01
7.815134130619854069e-01 4.164013417630660352e-01 3.183332453530936856e+00 4.289173300769478558e+00 2.762037574572040466e+00 1.507949338520500504e+00 8.785777293960090883e-01 3.766959778423807137e+00 1.000000000000000000e+01 1.600000000000000000e+01 3.000000000000000000e+00 -2.273337476649870041e+03 5.199999999999959499e+01 1.545859229061689888e+01 -6.043520828438579073e+00 2.938399232867174415e+00
2.542779977951752812e+00 2.645272671421816213e+00 2.160594622185288749e+00 3.795310498087945295e+00 2.058662581662805025e+00 1.845881093817657970e+00 9.366203761642188930e-01 3.633794119672656642e+00 6.000000000000000000e+00 1.100000000000000000e+01 3.000000000000000000e+00 -2.260898471218190480e+03 3.321999999999988518e+01 1.526802945113691301e+01 -3.370007100860021865e+00 6.248760732036998000e+00
1.445409159601774629e+00 4.126907393515588662e-02 2.600396706568245619e+00 6.149758510107844245e+00 1.470254559098724823e+00 5.175458212225736432e-02 2.392613716958367776e-01 4.333088529268708022e+00 1.000000000000000000e+00 1.400000000000000000e+01 4.000000000000000000e+00 -2.198431506841027840e+03 6.412000000000021771e+01 1.039821917756423986e+01 -2.285800271129589500e+00 1.929979655828440999e-01
1.220476364364456057e+00 1.324413181108021309e+00 7.183969047361989269e+00 7.310194345843683550e+00 4.893852845041632427e-01 7.633221481406752273e-01 5.071540896882140714e-01 2.919323785671966043e+00 5.000000000000000000e+00 1.300000000000000000e+01 3.000000000000000000e+00 -2.193997159293088771e+03 7.111000000000029786e+01 9.902634955818037099e+00 -1.136245130610245191e+01 3.915062590354903893e+00
1.556467172590114467e+00 5.556536912653007310e-01 7.447889308730625046e+00 9.410726929604800617e+00 1.504660608394703392e+00 1.067574097355013851e+00 7.213095327251716204e-01 2.557119896544910453e+00 1.000000000000000000e+01 7.000000000000000000e+00 4.000000000000000000e+00 -1.162426038803087351e+02 1.090599999999958527e+02 2.233747849806803215e-02 -1.730241925235669775e+00 2.761915137951658772e-01
