2.476811996639649571e-01 1.373814590009667436e+00 3.265109831786620731e+00 1.484723354506096715e+00 6.215920364612957938e-01 4.447109367208585962e-01 7.395391938842514890e-01 3.222931141372793906e+00 1.000000000000000000e+00 1.500000000000000000e+01 5.000000000000000000e+00 -2.274491390572613454e+03 5.894999999999961915e+01 1.531352441078833948e+01 1.287062935751957793e-01 6.187961741962797468e+00
1.685462798702648479e+00 1.384239369217723725e+00 1.908731726755569014e+00 8.180610282768023822e+00 1.517340963795363429e+00 9.215258966492101411e-01 6.745826549432745178e-01 2.949994531466918257e+00 8.000000000000000000e+00 1.700000000000000000e+01 4.000000000000000000e+00 -2.237696260557251662e+03 1.397400000000002365e+02 1.048914128482820018e+01 -1.931199283853075821e+00 6.347137193953950041e-02
1.285830960981417137e+00 1.760909244797623785e+00 1.044259725765611435e+00 5.465010729168826131e+00 1.103851030446161952e+00 1.231218345346913434e+00 6.945563422548303167e-01 2.866878723599559198e+00 5.000000000000000000e+00 1.200000000000000000e+01 4.000000000000000000e+00 -2.202970903620485842e+03 7.043999999999964245e+01 1.048443147628037231e+01 -6.490901375290996533e+00 3.531915959306386910e+00
2.700090949077260660e-02 3.110071265924219119e-03 4.908415948374852178e+00 9.266541926532033457e+00 4.533072974641843000e-01 1.465137854661310857e-02 7.567394492886735380e-01 2.317482885023616213e+00 7.000000000000000000e+00 1.300000000000000000e+01 4.000000000000000000e+00 -3.011591371123890895e+02 3.901299999999891384e+02 6.630883569524659293e+00 -3.246743130267187860e-01 1.711008078892947148e-01
2.556691953714684828e+00 2.036929242695037168e+00 6.520934839170201336e+00 9.606762252928284340e+00 1.007053662130936056e+00 1.098854175887560514e+00 9.918689547881509583e-01 4.377272382709058718e+00 1.100000000000000000e+01 3.000000000000000000e+00 3.000000000000000000e+00 -2.253292590812082835e+03 7.500000000000017764e+00 1.559641192575518609e+01 -3.303365069154014844e+00 5.643805371100781620e+00
5.471733046539466461e-01 1.053623599260518295e+00 8.495372146394592150e+00 6.916541430118723355e+00 1.386396725930392759e-01 4.293238682756360669e-01 8.400419283860406372e-01 4.582573417576579544e+00 5.000000000000000000e+00 1.600000000000000000e+01 5.000000000000000000e+00 -2.274814720408243829e+03 5.071999999999962228e+01 1.559092002551525624e+01 -1.863433338417620933e+00 5.385530604387851028e+00
1.860733801731740078e+00 1.803496575887176379e+00 6.543228654937339073e+00 3.517899212111815554e+00 1.966568241323618516e+00 4.946092628100150490e-01 3.617691849764487211e-01 2.817164842191544505e+00 0.000000000000000000e+00 1.500000000000000000e+01 4.000000000000000000e+00 -5.727122589960999903e+02 4.501499999999774104e+02 2.172732868725695354e+01 -1.732516885382371918e-01 4.706044284381012688e-02
2.136443652267982607e+00 1.022512508145816401e+00 9.269254270300939069e+00 8.496654609316617979e+00 1.155696100371050861e+00 4.881011607459625479e-01 2.953727039591059200e-01 2.283127308908658115e+00 7.000000000000000000e+00 9.000000000000000000e+00 4.000000000000000000e+00 -2.295898525212652203e+03 9.675000000000240163e+01 1.547022032579067030e+01 -3.921554085962250524e-01 1.805114377341006937e-01
1.130487034347711361e+00 1.750696776102948160e+00 4.256768650890371042e+00 3.220221491555174786e+00 1.835338497503831157e+00 1.431517641343526881e+00 5.249402290298674778e-01 2.799826958662494647e+00 2.000000000000000000e+00 1.400000000000000000e+01 5.000000000000000000e+00 -2.242410609682813629e+03 6.720000000000023022e+01 1.305066310517585393e+01 -3.085138306774562800e+00 1.005733095188922954e+00
1.442748180704851002e+00 2.348902659210075683e+00 5.038204575685290010e+00 3.413554492551035935e+00 4.898887626555417096e-01 1.549584590179499344e+00 8.331504004871466140e-01 4.200296313396990833e+00 6.000000000000000000e+00 1.800000000000000000e+01 4.000000000000000000e+00 -2.266481282759321857e+03 5.579999999999992610e+01 1.491133017245762815e+01 -6.301902119206111763e+00 1.323524311157903588e+00
2.293101442704125859e+00 1.697662294946739703e+00 5.693845638837748524e+00 5.876603708231715295e+00 2.616932246631110459e+00 8.409969881530731106e-01 8.512914999089273849e-01 3.633087086923213693e+00 4.000000000000000000e+00 1.300000000000000000e+01 2.000000000000000000e+00 -2.273693556569509838e+03 4.953000000000026404e+01 1.555803478559435327e+01 -1.030223899507122454e+01 5.685883090097101800e+00
2.378322377714666036e+00 1.374086328745302232e+00 5.333961809919620656e+00 8.286606598070676455e+00 9.118797033788261786e-02 1.122455055517542100e+00 4.234477996658975174e-01 3.375336486181811591e+00 1.100000000000000000e+01 1.600000000000000000e+01 4.000000000000000000e+00 -2.271462975288297912e+03 4.671999999999970754e+01 1.550643595551863640e+01 -3.667145423551446903e+00 4.540843149318225525e-01
1.964160448404862702e+00 1.873783513920239896e+00 4.580727783203868420e+00 2.937571646403753789e+00 4.970677272074723874e-01 2.901402567531474186e-01 5.684367553250169181e-01 3.513362342876737987e+00 4.000000000000000000e+00 9.000000000000000000e+00 5.000000000000000000e+00 -2.126147396761018172e+03 7.317000000000150806e+01 5.597649797563588159e+00 -1.699911320546380278e+00 6.197770859645923558e-01
2.181020572938945357e-01 1.712713246534973477e+00 7.098054804757754965e+00 8.755503795855451799e+00 8.837361390494639091e-01 6.722797504461749396e-01 8.561691539661873129e-01 3.095593226774241202e+00 4.000000000000000000e+00 1.500000000000000000e+01 2.000000000000000000e+00 -2.291895027337084684e+03 8.925000000000052580e+01 1.545437670856777146e+01 -8.570566323787511820e+00 3.248102500246021762e+00
1.245104335302145815e+00 2.459530358593480237e+00 8.082510789930349659e+00 2.924255202255436004e+00 1.278658588930376094e+00 1.175894964183933133e+00 2.140765323064040548e-01 2.962203050514573555e+00 2.000000000000000000e+00 1.600000000000000000e+01 4.000000000000000000e+00 -2.218547478843001045e+03 1.188799999999981765e+02 9.944217427687613409e+00 -3.523098168417755360e+00 7.890553261439556820e-01
5.283851841911970659e-01 8.682073157869701907e-01 7.755159691941247324e+00 7.239218204783620436e+00 2.761238900127540141e+00 1.101733910273114514e+00 6.189439276097329357e-01 2.523220573308674997e+00 8.000000000000000000e+00 8.000000000000000000e+00 3.000000000000000000e+00 -2.206396235388527657e+03 8.247999999999859710e+01 1.032226471178300820e+01 -1.285666708620158794e+01 1.478921225852042332e+00
1.683216989541178377e+00 1.060565738982475636e+00 2.620006637848295128e+00 8.512005455921787700e+00 5.890036438516573769e-01 6.919324279076797257e-01 6.006691451442257579e-01 2.957234467296433689e+00 1.000000000000000000e+00 1.100000000000000000e+01 3.000000000000000000e+00 -2.125700010572490100e+03 7.622999999999966292e+01 5.474063160780636927e+00 -2.541093671911528240e+00 6.021555645675888968e+00
1.797225581187136267e+00 6.656163872093706635e-01 8.737638756134495921e+00 6.194970487992959463e+00 1.208689413298504878e+00 2.361696401497081155e+00 6.581695368313177363e-01 2.125482689171659612e+00 9.000000000000000000e+00 5.000000000000000000e+00 4.000000000000000000e+00 -2.189867894726147824e+03 4.239999999999972857e+01 1.054174342038422907e+01 -1.039147194658042395e+00 5.945508227215468011e+00
1.568135563860265203e+00 7.870259886994657172e-01 6.956067331363442463e+00 6.030962472768637284e+00 1.709607203179366319e+00 1.044649835930208104e+00 7.469547935438843878e-01 2.210344831479104766e+00 1.000000000000000000e+01 1.100000000000000000e+01 4.000000000000000000e+00 -2.299206699474997095e+03 1.135199999999994702e+02 1.515291871718734562e+01 -1.707407941550869834e+00 8.931842312039676157e-01
1.516639197936062944e+00 2.420425549044798785e+00 7.018016395417703279e+00 8.181698354908878201e+00 1.146282160350690527e+00 3.740284064341871662e-01 8.508859083897343245e-01 2.944473879204872357e+00 5.000000000000000000e+00 2.000000000000000000e+01 4.000000000000000000e+00 -2.174296534346645785e+03 1.735999999999986869e+02 5.468533396665407054e+00 -1.334144939962854082e+01 2.005790561868963540e+00
1.055538111292930958e+00 8.317136004038920838e-01 4.963926533788141526e+00 9.381791562974289178e+00 1.785014298508780239e+00 7.747334047231433374e-01 5.969063579899291927e-01 2.450901185850803188e+00 8.000000000000000000e+00 1.000000000000000000e+01 3.000000000000000000e+00 -2.270827420031846486e+03 4.160000000000032117e+01 1.562671375199039581e+01 -6.590565454464837991e+00 1.483481247025477012e+00
4.180353488915505844e-01 1.404213516475661727e+00 4.713953282573611681e+00 8.111413088871922028e+00 1.245275139162525413e+00 4.290340373382772743e-02 4.871619702318993328e-01 2.609732812495206833e+00 9.000000000000000000e+00 6.000000000000000000e+00 4.000000000000000000e+00 -2.176597275488604282e+03 1.760400000000051364e+02 5.536079718037600905e+00 -3.306522441840566429e-01 1.220246761483777531e-01
1.737080253685339803e+00 7.779447094790774564e-01 7.887114805209715307e+00 5.521926054109076887e+00 8.447208843480931151e-01 9.116864723806504811e-01 5.230092842529898700e-02 3.202834096049370416e+00 9.000000000000000000e+00 7.000000000000000000e+00 4.000000000000000000e+00 -2.262354034529433648e+03 2.716000000000008896e+01 1.554837715808959331e+01 -8.446932541754273993e-01 6.037941220299824607e+00
1.354302581531204863e+00 1.770840230588108355e+00 5.415894918691927629e+00 3.522455329601505536e+00 1.620736753848011968e+00 3.038968571887946668e-01 4.619545893323097618e-01 2.777540506508739515e+00 5.000000000000000000e+00 1.700000000000000000e+01 3.000000000000000000e+00 -5.755800250288967845e+02 5.101700000000154773e+02 2.003093906430556714e+01 -5.656528514757751258e-02 6.254984406005758224e+00
2.755813970808835833e+00 2.653652093607428153e+00 2.070411261426656324e+00 4.842008829985132934e+00 2.313769188712199387e+00 5.716186375296673505e-01 8.398425718620334823e-01 2.211007085279327100e+00 0.000000000000000000e+00 1.300000000000000000e+01 5.000000000000000000e+00 -2.284591333819826104e+03 7.514000000000015689e+01 1.543883336373912485e+01 -2.282100917756910263e+00 5.056560055704797385e+00
2.368072284475716494e+00 2.471751989895782042e+00 3.972623578853105020e+00 9.421774060766725967e+00 1.911433863907707087e+00 9.603350544119437782e-01 2.571059011846655307e-01 2.318281476423839749e+00 4.000000000000000000e+00 1.400000000000000000e+01 3.000000000000000000e+00 -2.148295292619550310e+03 1.211000000000004491e+02 5.484080788721887423e+00 -7.674021208994302512e+00 1.267147988720360718e+00
1.151662390785483936e+00 2.180056659565472899e+00 1.105768801700676374e+00 2.828291582322119524e+00 2.522758973100685864e+00 1.088193468616702297e+00 7.332615485125525412e-01 3.137574283010746257e+00 2.000000000000000000e+00 8.000000000000000000e+00 5.000000000000000000e+00 -2.260651042608075386e+03 3.127999999999968495e+01 1.531319016300472491e+01 -1.710126270179070040e+00 4.775517441572735500e+00
7.982398141923996437e-01 1.375532361511631718e+00 9.690712916711721192e+00 3.530337811880204679e+00 1.203524662547055257e+00 1.089553338688636241e+00 2.883638061206948988e-01 2.892390309967682427e+00 1.000000000000000000e+00 1.700000000000000000e+01 5.000000000000000000e+00 -2.265347584668991658e+03 4.012000000000023192e+01 1.533047404181196427e+01 -1.452434237458116684e+01 1.493055507473013854e+00
5.482714213837112105e-01 5.836456705973136483e-01 3.230441468718921794e+00 7.344613708292969001e+00 6.419194227917131013e-01 9.360511591321505342e-01 4.558521326764194970e-01 2.765055688433559755e+00 8.000000000000000000e+00 1.100000000000000000e+01 4.000000000000000000e+00 -2.259889462804703271e+03 4.652999999999981640e+01 1.478902892529396773e+01 -1.837572755069127650e+00 5.274471739318966623e-01
2.115129979450661502e+00 1.579751259999664370e+00 4.927883326670551511e+00 2.731471454405582477e+00 1.011622147403641314e+00 1.367563792291410341e+00 6.346399239711011386e-01 2.797354000987616551e+00 0.000000000000000000e+00 1.900000000000000000e+01 5.000000000000000000e+00 -2.289183264627105928e+03 8.834999999999942588e+01 1.531301653919412864e+01 -9.303595185569127679e+00 1.281109497219173887e-01
8.652057010610182397e-01 1.374183327164787194e+00 9.613037022223190675e+00 3.358978643799078512e+00 1.153623904902398856e-01 5.121189466749505037e-01 7.651526920247167518e-02 3.766649440601556709e+00 6.000000000000000000e+00 1.100000000000000000e+01 5.000000000000000000e+00 -2.265504304214969125e+03 3.244999999999988916e+01 1.557995651343556709e+01 -1.512622783157820505e+00 5.844594451679941294e+00
9.691218639087944009e-01 1.995626693943804320e+00 3.789680682816074508e+00 2.373884913354269877e+00 5.575125002647880468e-01 6.290554648431853080e-01 3.180791637562104257e-01 3.059954011312461031e+00 0.000000000000000000e+00 1.700000000000000000e+01 5.000000000000000000e+00 -2.278732072529936431e+03 6.392000000000047066e+01 1.542325453312100692e+01 -5.694157434539010687e+00 1.082995374564710289e-02
1.247034579124129072e+00 1.425374016326667936e+00 7.857555185300175715e+00 3.004804152258313099e+00 2.007698358038366937e+00 1.146689967157668022e-01 4.386935853403493013e-01 3.064427364738615545e+00 4.000000000000000000e+00 1.700000000000000000e+01 4.000000000000000000e+00 -6.012951616530463070e+02 5.101700000000154773e+02 2.163813510331490875e+01 -1.117166378465618143e-01 6.279083613674459663e+00
5.844371350832880951e-01 2.485415252803979236e+00 5.859875935450423512e+00 7.006138488087289673e+00 4.356119255062209650e-01 1.697914020239399413e+00 2.191916615529422852e-01 3.065219389790089899e+00 1.000000000000000000e+01 8.000000000000000000e+00 4.000000000000000000e+00 -2.116530150587688695e+03 5.583999999999916497e+01 5.538134411730566420e+00 -1.584731300887056049e+00 3.545019618892336632e-01
1.791430179610976614e+00 2.253140585008594599e+00 2.913298387931611444e+00 1.987695634076894535e+00 1.054976256169895210e+00 7.205141186752730409e-01 4.842325456556661467e-01 4.202245835915616290e+00 1.000000000000000000e+00 1.500000000000000000e+01 4.000000000000000000e+00 -2.130235717919207673e+03 8.280000000000028137e+01 5.552232369950487190e+00 -5.018442974891257791e+00 1.474177210228071466e+00
1.928365080898374329e+00 2.898844252587947423e+00 3.993417448949805770e+00 8.651077604309088898e+00 2.156885581594945034e+00 3.737020065463488860e-01 4.989617607114532061e-01 3.858079766813368838e+00 4.000000000000000000e+00 1.000000000000000000e+01 5.000000000000000000e+00 -8.733545176403312098e+02 8.529999999999942872e+01 -1.416301375907523530e-01 -1.956441411130593977e+01 2.457843572277825572e+00
1.014616408580762297e+00 1.242288266510539030e+00 9.565645403341097364e+00 5.429652228168021288e+00 1.213240923812401340e+00 1.381053552606284818e+00 7.865890415273537606e-01 2.693857356372465706e+00 1.000000000000000000e+00 1.300000000000000000e+01 3.000000000000000000e+00 -2.216596318499387053e+03 5.954000000000046100e+01 1.167664490621168838e+01 -3.577617484988596441e+00 3.454222386745087192e-03
1.347985678386454778e+00 7.351411629808192183e-01 9.267931893010038280e+00 7.441993599107952662e+00 2.279977588750553785e+00 7.189795168913888368e-01 7.589394598671000969e-01 3.304565043036686411e+00 7.000000000000000000e+00 7.000000000000000000e+00 3.000000000000000000e+00 -2.261536131170891167e+03 2.394000000000007589e+01 1.559788319818069091e+01 -6.463215937981724224e+00 3.953535469030353244e+00
1.692035826209447702e+00 5.105505426870091679e-01 5.298606224821502231e+00 9.604096136229367531e+00 8.613052103349505551e-01 7.871518782043163132e-01 1.596531049212507325e-01 3.117880792802253165e+00 1.100000000000000000e+01 9.000000000000000000e+00 4.000000000000000000e+00 -2.121309607009757201e+03 6.714000000000127955e+01 5.483725438109774863e+00 -8.124914389266408854e-01 5.967387536749279242e+00
7.821025011777325009e-01 2.001856098278159468e+00 3.873090591996121379e+00 9.809432545377175572e+00 1.029122538570289791e+00 1.132306118175514520e+00 4.483267571483908753e-01 2.052247747228001629e+00 1.100000000000000000e+01 4.000000000000000000e+00 2.000000000000000000e+00 -2.260123846717953711e+03 2.995999999999953900e+01 1.532149041987211646e+01 -2.081599311661764595e+00 6.211184353757844612e+00
1.896576287424917462e+00 1.928747843803032325e+00 5.908283067994758220e+00 2.679946160461804006e+00 1.539509464354545054e+00 3.040249973889946888e-01 3.767078975357396331e-02 3.012860520334860848e+00 2.000000000000000000e+00 1.900000000000000000e+01 3.000000000000000000e+00 -5.969756228957905932e+02 5.701900000000110822e+02 1.949253893098656576e+01 3.130785558682002701e-01 2.383169134611229367e-03
1.250075515353012756e+00 8.841105304825231936e-01 4.358555212483499197e+00 7.727570220969831816e+00 1.933510790594672235e+00 1.677707924229692171e+00 3.021108520626275551e-01 3.423372002474333264e+00 4.000000000000000000e+00 1.400000000000000000e+01 3.000000000000000000e+00 -2.233611864198998774e+03 4.452000000000013813e+01 1.320949151243741149e+01 -7.836079942925995745e+00 6.224676197648401299e+00
1.322172818440970898e+00 1.898509881679359745e+00 2.109332391217459524e+00 7.365864289702699352e+00 2.528169889800452319e-01 9.196936297580563524e-01 2.807944039425822602e-01 2.207503286196922598e+00 9.000000000000000000e+00 2.000000000000000000e+01 5.000000000000000000e+00 -2.184909432110645866e+03 1.915999999999976637e+02 5.569339506915440552e+00 -8.471911746780959040e-01 5.090125344554065068e-01
1.761116913504256365e+00 1.391314567825902015e+00 8.966123469140264035e+00 8.678845964602144747e+00 1.672221894568491907e+00 3.645936596442456157e-01 6.166319266506778973e-01 2.067643531017722580e+00 6.000000000000000000e+00 7.000000000000000000e+00 3.000000000000000000e+00 -2.235231829971856769e+03 1.394399999999928923e+02 1.034448937324129680e+01 -1.029205205211237040e+00 9.228597184341709447e-02
2.952555064634235116e+00 1.720152567363008478e+00 8.677014757662952604e+00 6.120429655925114787e+00 6.967402316723392275e-02 1.942235146755431074e+00 6.817025120696322826e-01 2.737395821950686425e+00 6.000000000000000000e+00 7.000000000000000000e+00 4.000000000000000000e+00 -2.261663739932099816e+03 2.506000000000008043e+01 1.557085874575621709e+01 -2.565564596441578527e+00 4.550209900917159267e-01
4.429630467086553836e-01 2.604986328143509944e+00 7.092949273764573626e+00 7.318855720435943901e+00 4.304236385578484314e-01 3.824816341066892278e-01 5.927841809936696960e-01 2.653294039411095095e+00 1.000000000000000000e+01 1.800000000000000000e+01 4.000000000000000000e+00 -2.311074791599796754e+03 4.521600000000145769e+02 5.312174474986856687e+00 -8.813847461360939661e-01 1.777928136402563974e-01
2.212820043971944095e+00 2.456742417268673595e+00 6.714796016706839232e+00 8.465275253647108755e+00 1.902997985015419502e+00 1.196748457867505389e+00 4.765086865809110561e-01 4.081898078180655531e+00 9.000000000000000000e+00 1.100000000000000000e+01 4.000000000000000000e+00 -2.199558594800709216e+03 6.962999999999969702e+01 1.029647467504433855e+01 -2.174784394449221114e+00 1.072036136945362789e-01
1.556467172590114467e+00 5.556536912653007310e-01 7.447889308730625046e+00 9.410726929604800617e+00 1.504660608394703392e+00 1.067574097355013851e+00 7.213095327251716204e-01 2.557119896544910453e+00 1.000000000000000000e+01 7.000000000000000000e+00 4.000000000000000000e+00 -1.162426038803087351e+02 1.090599999999958527e+02 2.233747849806803215e-02 -1.730241925235669775e+00 2.761915137951658772e-01
