1.661989691842701289e+00 1.466814103053941665e+00 4.822072735495799733e+00 8.707358994307334399e+00 7.060799232293697436e-01 1.670333984903435098e+00 7.015790913947418384e-01 3.714712629562823665e+00 9.000000000000000000e+00 7.000000000000000000e+00 4.000000000000000000e+00 -2.261679233648134414e+03 2.555000000000008242e+01 1.555651460300840405e+01 -4.225257622323602136e-01 5.937859736577323133e+00
1.800606689615537048e-01 4.577425386543002572e-01 4.909246125140202643e+00 4.507880396020636837e+00 1.034647162531550313e+00 1.640043831976257527e-01 7.460413409614805591e-01 3.896625922625100102e+00 4.000000000000000000e+00 1.800000000000000000e+01 4.000000000000000000e+00 -2.160691931916114754e+03 1.495800000000031389e+02 5.368870744757074043e+00 -1.733101647906009646e+01 3.330922987439890459e+00
2.032938743578432739e+00 2.300341111576852615e+00 8.851480747835021035e+00 2.729128261553447565e+00 1.928255058727747162e+00 1.472398058345040006e+00 5.156556438672772469e-01 3.454605690004456608e+00 4.000000000000000000e+00 1.900000000000000000e+01 4.000000000000000000e+00 -6.569058130893259886e+02 5.701900000000110822e+02 2.323817581808252797e+01 1.295846789383839903e-01 7.703792210638660265e-03
4.464265749508543046e-01 9.908184768801253650e-01 4.427773836503901883e+00 5.591156558800153498e+00 1.435918760730745980e+00 4.193427459739709207e-01 7.462665896253996012e-01 2.347280118001729754e+00 6.000000000000000000e+00 1.000000000000000000e+01 5.000000000000000000e+00 -2.120229971857368582e+03 1.591999999999952422e+02 2.539373241085684185e+00 -2.455576687741764186e+00 5.053939338328443220e+00
1.003688953443189202e+00 8.417106925086985658e-01 4.988700842983728734e+00 6.887012063711634546e+00 1.112128370182924986e+00 3.350044328583181574e-01 5.545039172803164496e-01 2.094238262646149984e+00 3.000000000000000000e+00 1.500000000000000000e+01 5.000000000000000000e+00 -2.247573858544786162e+03 3.247499999999964189e+02 5.324928659049245283e+00 -6.451735098584949313e+00 7.558446232303146495e-01
2.301435635887824294e+00 1.743757831842851935e+00 4.514092865606910365e+00 7.131441650791759734e+00 1.382369091583149689e+00 2.165611408230920798e-01 7.957956686768492549e-01 2.845136608773454423e+00 6.000000000000000000e+00 6.000000000000000000e+00 4.000000000000000000e+00 -1.799406577114391155e+02 1.800600000000052887e+02 5.619416106964779445e+00 3.577541314307755016e-01 5.504465663132034753e-02
2.184354804774473191e+00 6.953650618212103840e-01 7.542237071901710443e+00 7.813792090793624467e+00 1.130434861009156133e+00 9.512635663489658056e-01 3.661988872139136930e-01 2.145725569923221610e+00 7.000000000000000000e+00 1.300000000000000000e+01 3.000000000000000000e+00 -2.249449770116600121e+03 1.696499999999968509e+02 1.028904813228760062e+01 -4.145582502343307496e+00 2.112496147563901250e+00
1.602132382048350623e+00 1.864960454615670837e+00 3.920085934812993944e+00 6.598693120447438609e+00 1.673408256151830420e+00 1.495007542322541294e+00 4.671324228598622841e-01 2.079237734439412844e+00 9.000000000000000000e+00 5.000000000000000000e+00 3.000000000000000000e+00 -2.118246081817725099e+03 6.194999999999861728e+01 5.454442613607849211e+00 -2.990265251156458137e-01 6.207645097410068757e+00
2.374490535432798310e+00 4.100601004257005133e-01 6.773162440463418754e+00 3.949873518128322658e+00 1.486499430787039611e+00 8.856163840302618828e-01 3.958418684930040676e-01 3.172083577497361695e+00 4.000000000000000000e+00 1.300000000000000000e+01 2.000000000000000000e+00 -2.209747623592367745e+03 8.332999999999987040e+01 1.050516397452298456e+01 -3.968562667507087749e+00 1.473977939119095026e+00
1.838076901041670208e+00 1.756985356320700298e+00 3.148780272588027618e+00 1.761480953377580150e+00 2.429109812550059644e+00 7.961395532023379795e-03 6.869541226236484111e-01 4.752393643719548422e+00 5.000000000000000000e+00 1.800000000000000000e+01 1.000000000000000000e+00 -2.268543424885758213e+03 4.229999999999994742e+01 1.546208905535988620e+01 -4.625982682577958194e+00 1.017484174198427516e+00
1.058585782666104258e+00 5.570921195072682242e-01 4.823226276511228150e+00 4.524713103143536586e+00 9.434244679824033142e-01 7.018173306205336415e-01 4.140621195820696210e-01 2.146295026331604738e+00 6.000000000000000000e+00 7.000000000000000000e+00 4.000000000000000000e+00 -2.169847616565551562e+03 1.612099999999907709e+02 5.577663535347290313e+00 -3.386261237218720632e-01 4.384411740147652892e-01
1.002366656731181749e+00 1.429386588304536021e+00 8.769304822348425787e+00 8.910401690427683263e+00 1.496889219062854881e+00 7.592600128611503019e-01 2.415621656243027715e-01 2.584784352498418869e+00 6.000000000000000000e+00 1.300000000000000000e+01 5.000000000000000000e+00 -2.162822712416139893e+03 1.497599999999975466e+02 5.496419526008835099e+00 -6.941381228240299350e+00 4.947703888211429923e-01
1.065954586720301966e+00 1.141960966260303634e+00 3.343753111366931208e+00 5.200343742870284558e+00 4.169335049126863257e-01 1.732911245449735849e-01 3.483159132958798532e-01 3.192819820794907670e+00 4.000000000000000000e+00 1.900000000000000000e+01 3.000000000000000000e+00 -2.258545009425478838e+03 3.380099999999964666e+02 5.596250589092558236e+00 -3.717235282910364091e+00 2.339661323928159398e+00
1.505225018755825594e+00 1.543987419008715056e+00 6.059439986679853618e+00 4.193413605277100942e+00 1.488933190374961413e+00 6.892919728189458306e-01 2.320762055311043071e-01 2.136373778484498054e+00 1.000000000000000000e+00 1.600000000000000000e+01 4.000000000000000000e+00 -2.235699415021410459e+03 1.411199999999977024e+02 1.032121343883823350e+01 -1.453444695485292648e+00 3.982879795141310297e-01
1.070778568470461600e+00 1.352522729025013692e+00 5.396224991641764390e+00 6.642150101255815287e+00 5.282103434575695644e-01 7.624814722950583323e-02 1.985159689076661516e-01 2.154885256744511146e+00 5.000000000000000000e+00 3.000000000000000000e+00 5.000000000000000000e+00 -2.255779399700452814e+03 1.484999999999987530e+01 1.552214998127830548e+01 -1.199170561735069640e+00 6.244507550767873560e+00
2.481192887069185282e+00 2.605223766609854330e+00 4.257666034286115675e+00 3.701872680982389419e+00 2.285490947255092831e+00 4.505440879699937895e-01 1.454407533692036458e-01 2.031863598311146824e+00 3.000000000000000000e+00 1.800000000000000000e+01 4.000000000000000000e+00 -5.578218186005965435e+02 5.401800000000090449e+02 1.798323866253700132e+01 1.506589007456933804e-01 5.296249696433596998e-02
1.225699886203449607e-01 1.342353011374178839e-01 5.577827220601368374e+00 7.603603263274925084e+00 9.459779778532264594e-01 7.698503494991503215e-01 5.500377769222023483e-01 3.033220842124333405e+00 5.000000000000000000e+00 1.400000000000000000e+01 3.000000000000000000e+00 -2.298510246272848235e+03 9.940000000000036096e+01 1.555064039205298343e+01 -4.044656353603345522e+00 3.698865676238315192e+00
5.900452054796432311e-01 1.537388278007622011e+00 1.208989753344417828e+00 4.341760936967450135e+00 2.160373732988586148e+00 7.636327442644414987e-01 6.683700474384017820e-01 2.964188802903490849e+00 2.000000000000000000e+00 1.300000000000000000e+01 5.000000000000000000e+00 -2.272482889150291612e+03 4.459000000000016684e+01 1.563674307189321588e+01 -3.146041652822401335e+00 5.264548110346200183e+00
6.140463402532745363e-01 1.306387438227120334e+00 6.265771975852133302e+00 5.840026670020328048e+00 2.227241194566261129e+00 2.369192056002807689e+00 2.632476328171879376e-01 2.046452098000538733e+00 6.000000000000000000e+00 1.400000000000000000e+01 3.000000000000000000e+00 -2.390121325019404139e+03 2.823799999999854435e+02 1.555820781371319583e+01 -1.216479352052775242e+00 4.388074314120308017e+00
1.899339914422198072e+00 1.735955607119295641e+00 7.846625363598783487e+00 8.673094232295357031e+00 1.322404891495633894e+00 1.240983165109662112e+00 2.216985427927856134e-01 2.445496158777613616e+00 5.000000000000000000e+00 7.000000000000000000e+00 4.000000000000000000e+00 -2.050606314722538173e+02 1.430099999999925444e+02 2.163047838656468463e-02 -8.948554974195791489e-01 6.265159707458390237e+00
2.311876068821678842e-01 1.109939951806009129e+00 9.231384410165908605e+00 9.460881052011790970e+00 1.264028836587490323e+00 1.188761161027921620e+00 6.258156085244772626e-01 2.753347273428088382e+00 1.000000000000000000e+01 7.000000000000000000e+00 3.000000000000000000e+00 -2.130566306085126143e+03 8.784999999999791953e+01 5.415081630320444539e+00 -2.061329083046885557e+00 9.979018590865103011e-01
1.032752254059822183e+00 9.083694173401667127e-02 3.657931054372957735e+00 4.818601094983734789e+00 1.015763166953936869e+00 5.032904155273214553e-01 7.897975004421213807e-01 2.654923036140002246e+00 4.000000000000000000e+00 1.500000000000000000e+01 4.000000000000000000e+00 -2.277470553632083011e+03 5.549999999999965183e+01 1.560753460200519349e+01 -5.886588588309128234e+00 1.638032071379240673e+00
2.120042073411615657e+00 2.868580152046153575e+00 1.419411396503007516e+00 9.023143765855877518e+00 1.960810594610348012e+00 6.913443607249885048e-01 5.571293695057344397e-01 4.868336143470089361e+00 5.000000000000000000e+00 1.000000000000000000e+01 5.000000000000000000e+00 -2.260068160897029884e+03 2.260000000000005116e+01 1.554801005606437769e+01 -4.384294505596727731e+00 1.390103797675169783e+00
1.887267991529005817e+00 1.948592489050593901e+00 3.539655434758772756e+00 7.172833070867012495e+00 1.741909152406294403e+00 8.306759117696373984e-01 4.921482848896845397e-01 4.693269198716873092e+00 7.000000000000000000e+00 1.200000000000000000e+01 3.000000000000000000e+00 -2.264356999570466996e+03 3.372000000000004860e+01 1.546856247315420596e+01 -5.305978869592236968e+00 3.338860484569505349e+00
1.469388358965641128e+00 1.030462947951789721e+00 9.060067160693218824e+00 5.414615016030134065e+00 1.487542241321867742e+00 9.117166898263625585e-01 5.966545286915363455e-01 2.974751452347101477e+00 4.000000000000000000e+00 1.800000000000000000e+01 3.000000000000000000e+00 -2.283621704052289260e+03 6.750000000000004263e+01 1.561698150326808054e+01 -1.010391010457155225e+01 4.029023791399134247e+00
1.902452697659725800e+00 1.860169997424852673e+00 5.040019438499445670e+00 9.190486944928304425e+00 1.225969608821460222e+00 5.915073501791915378e-01 6.694164923936498646e-01 3.316029047824350595e+00 6.000000000000000000e+00 5.000000000000000000e+00 4.000000000000000000e+00 -2.258302571855203496e+03 2.135000000000016840e+01 1.547672324095021779e+01 -6.512188627090557125e-01 6.240091443428732454e+00
1.126485035905170795e+00 1.440762548288665013e+00 6.286068673421723929e+00 6.106392165988746790e+00 1.257366537361081171e+00 2.127073558374069862e+00 7.510204984003014950e-01 3.203321473708536704e+00 1.000000000000000000e+01 1.200000000000000000e+01 4.000000000000000000e+00 -2.123530916673879801e+03 6.959999999999961062e+01 5.545682292117509071e+00 -1.552180978929182587e+01 8.659515479872954558e-01
2.693061283517512283e+00 2.097742096159023184e+00 9.441131289303410057e+00 3.270061540159794333e+00 4.694298526051987608e-01 1.206812109859438653e+00 3.106448906972835711e-01 2.442169616446431046e+00 5.000000000000000000e+00 1.300000000000000000e+01 3.000000000000000000e+00 -2.201645622628962883e+03 7.189000000000027057e+01 1.035628891431016996e+01 -1.544504550833781842e+01 1.376127486996357341e+00
2.611166125635112856e+00 2.404521948868886261e-01 5.560154344708406526e+00 4.658768456984359929e+00 8.102021983358739243e-01 6.602135198050284037e-01 2.908007993034280592e-01 4.250864522935598799e+00 4.000000000000000000e+00 1.700000000000000000e+01 4.000000000000000000e+00 -2.268953073835983560e+03 4.471000000000027796e+01 1.541237961474896956e+01 -4.556741772648575051e+00 5.903500383599453727e+00
2.399961155974346561e+00 7.368247273616056470e-01 5.984353147253420602e+00 7.868986241658950220e+00 2.599763984166011621e+00 7.779361613941873088e-01 6.530706025299903850e-01 3.308499235045710751e+00 0.000000000000000000e+00 1.900000000000000000e+01 2.000000000000000000e+00 -2.383111279145384287e+03 1.035499999999992440e+02 2.070851744658653359e+01 5.131135746884983584e-02 8.055975103803403314e-01
6.827927184542486039e-01 1.132227878021816014e+00 6.582476715372653331e+00 4.905036991664561086e+00 1.813335917748970072e+00 1.179592819728245479e+00 6.208210517066268253e-01 2.781738416619189636e+00 8.000000000000000000e+00 1.800000000000000000e+01 5.000000000000000000e+00 -2.369223437954833571e+03 1.576800000000034458e+02 1.814896487217701448e+01 -3.910198140206446737e+00 1.903046201005175408e+00
6.057107610966017130e-01 3.565273983291304960e-01 7.640148746306040906e+00 7.308801350960913545e+00 1.031538691712664768e+00 2.219965947949499530e+00 9.297018973743866876e-01 3.260969542123071996e+00 9.000000000000000000e+00 1.000000000000000000e+01 4.000000000000000000e+00 -2.272999579181535864e+03 6.480000000000059401e+01 1.503747369884596452e+01 -4.754071300127773014e+00 2.086052383743403293e+00
1.131033784657286656e+00 1.557515645589490294e+00 7.988734765898070300e+00 2.674209817440980519e+00 1.522254272625268579e+00 1.246935432002095112e+00 7.693809432057372444e-01 2.554981395919257547e+00 9.000000000000000000e+00 1.000000000000000000e+01 3.000000000000000000e+00 -2.207323765587796061e+03 8.199999999999961631e+01 1.039523534923727333e+01 -1.308827652183497747e+01 1.730425351356959851e+00
2.758218456530044715e+00 1.697522679395207845e+00 5.273914693243026974e+00 3.255707796782632890e+00 1.404549934390300070e+00 1.023300714085445540e+00 9.921156674818659704e-03 2.190115196090407501e+00 1.000000000000000000e+00 1.800000000000000000e+01 4.000000000000000000e+00 -2.282275405819815205e+03 2.322000000000062698e+02 1.038596286373825706e+01 -9.276761880841199570e+00 2.232697384514397587e+00
1.396383678638032810e+00 1.869133175578481021e+00 7.603699311827905483e+00 2.384057309130175994e+00 2.204999608825195523e+00 3.979346757284879521e-01 4.149692825241088623e-01 3.440153066985613961e+00 2.000000000000000000e+00 1.700000000000000000e+01 5.000000000000000000e+00 -6.195352354947299318e+02 5.101700000000154773e+02 2.277813971842013885e+01 -2.854775187260886748e-01 3.144712009134001951e-01
8.886889980243881659e-01 1.117478726395866317e+00 5.949595410483914826e+00 8.987206791908267434e+00 9.384219324086278124e-01 1.060736798143357529e+00 5.643212257224264894e-01 3.013067075200453360e+00 1.100000000000000000e+01 8.000000000000000000e+00 4.000000000000000000e+00 -2.119879190812953766e+03 6.239999999999902514e+01 5.542449425809656383e+00 -1.581599892940563912e+00 1.525691270826791401e-01
1.620608480615767233e+00 1.999298607042040654e+00 5.657224099296434439e+00 3.592618607293192046e+00 2.181071586634345749e+00 6.809927699413335089e-01 2.453606237490615558e-02 3.837973396540131699e+00 7.000000000000000000e+00 2.000000000000000000e+01 2.000000000000000000e+00 -2.290538233795401538e+03 8.060000000000060538e+01 1.563988961221258478e+01 -3.572107753878740244e+00 1.564508152040962496e+00
1.970948187006525298e+00 2.034564473222027381e+00 6.475798454432113438e+00 3.762764156879340405e+00 2.258040512272736056e+00 5.819167145646597650e-01 4.232866307227818869e-01 2.034752021554794510e+00 0.000000000000000000e+00 1.400000000000000000e+01 3.000000000000000000e+00 -2.145573433227385067e+03 1.176000000000004349e+02 5.423339576711553534e+00 -2.132551950534736562e+01 2.899711474995543270e+00
9.860813051478788394e-01 7.122937470949418648e-01 6.721789739071605041e+00 8.609755415528891120e+00 1.894147341057442535e+00 2.094748297075654797e-01 4.302210563536959520e-01 2.130441611094586740e+00 1.000000000000000000e+01 9.000000000000000000e+00 4.000000000000000000e+00 -2.476670498665776279e+02 2.700900000000045225e+02 7.038878116660960416e+00 -2.366999035535193030e-01 3.039430497690084887e-02
5.433862057369805987e-01 3.059698984058008553e-01 4.105648416326753036e+00 8.699306138414586442e+00 9.776903698038175161e-01 1.186799833513538571e+00 6.669195401479326435e-01 2.454557518784706183e+00 3.000000000000000000e+00 7.000000000000000000e+00 5.000000000000000000e+00 -2.273787226436790661e+03 4.823000000000017451e+01 1.560451415229941574e+01 -6.129756389924357229e+00 4.517880042830156206e+00
3.181229238413049165e-01 2.171658208978721749e+00 2.161319161541801037e+00 8.765647281456477202e+00 2.225907715716030300e+00 1.193739091769041361e+00 5.027451695188130953e-01 4.083334567434494744e+00 5.000000000000000000e+00 2.000000000000000000e+01 5.000000000000000000e+00 -2.279433490281701324e+03 8.120000000000061391e+01 1.492709314260630649e+01 -6.124709385567270736e+00 8.287517404633402140e-01
2.135017027338919071e-01 1.746630383325682878e+00 9.952726057583573649e+00 6.378181640149221288e+00 2.170672886559675607e+00 7.281091716903909106e-01 3.572394125932600861e-01 3.576884230777790830e+00 1.000000000000000000e+00 1.100000000000000000e+01 3.000000000000000000e+00 -2.261948495448142694e+03 3.717999999999986471e+01 1.520990596550891816e+01 -5.006316303469461104e+00 2.191692162418678702e+00
9.126558846164201100e-01 2.114016648669243992e+00 5.083844352440268111e+00 1.170181538094550611e+00 1.163790754562843865e+00 1.086515275880734488e-01 7.307464926037297026e-01 2.396933379833185551e+00 8.000000000000000000e+00 1.500000000000000000e+01 4.000000000000000000e+00 -4.945232722839559756e+02 4.501499999999774104e+02 1.684051701774795262e+01 3.991292589347448239e-01 1.277138903935920999e-01
2.308908508192641040e+00 2.353116325812277587e+00 6.855377814119264279e+00 6.387884957163187494e+00 2.684744161515814298e+00 1.075541208572447172e+00 3.536215279798006206e-01 3.631463369934278429e+00 5.000000000000000000e+00 1.000000000000000000e+01 4.000000000000000000e+00 -2.311060674556053527e+03 2.857999999999964871e+02 1.051004215975344458e+01 -1.171115418484896331e+01 2.595969741571737543e+00
4.352323217624134433e-01 1.555282460954624302e+00 2.231430782366123022e+00 7.084491197324998879e+00 1.397709319591038613e+00 8.660780275412278684e-01 6.425126872885882356e-01 3.499049894381431880e+00 1.000000000000000000e+01 2.000000000000000000e+01 4.000000000000000000e+00 -2.212699227727585821e+03 9.300000000000078160e+01 1.038745173297411029e+01 -9.150581742771334959e+00 3.616770690884444139e+00
1.761153949948043085e+00 2.591172491464233119e+00 2.954491291981784507e+00 9.402043850562760596e+00 1.596791518150221245e+00 2.886920393743880320e-01 9.675491236399746953e-01 3.920164668157546828e+00 5.000000000000000000e+00 1.400000000000000000e+01 4.000000000000000000e+00 -2.271917673043356899e+03 4.746000000000015007e+01 1.551172956520981749e+01 -6.826381911808161451e-01 6.064750412682137437e+00
2.809744447956687985e+00 6.340004576112454604e-01 6.180424997154189803e+00 5.916013417350406201e+00 7.434342008291597859e-01 3.554523923971436572e-01 5.575488053289915369e-01 4.348407145765428083e+00 4.000000000000000000e+00 6.000000000000000000e+00 5.000000000000000000e+00 -2.105705556802703995e+03 3.401999999999977575e+01 5.543472300169002942e+00 -2.965308314809468104e+00 1.110032789376325990e+00
1.556467172590114467e+00 5.556536912653007310e-01 7.447889308730625046e+00 9.410726929604800617e+00 1.504660608394703392e+00 1.067574097355013851e+00 7.213095327251716204e-01 2.557119896544910453e+00 1.000000000000000000e+01 7.000000000000000000e+00 4.000000000000000000e+00 -1.162426038803087351e+02 1.090599999999958527e+02 2.233747849806803215e-02 -1.730241925235669775e+00 2.761915137951658772e-01
