1.697280293549840335e+00 6.388714687055895292e-01 6.842939201277272510e+00 9.152968798943375006e+00 1.812933092740856011e+00 8.646377421051714141e-01 6.503816739659359358e-01 2.111323751764865975e+00 7.000000000000000000e+00 1.300000000000000000e+01 2.000000000000000000e+00 -2.213933632938894334e+03 9.320999999999952479e+01 1.045803955868089652e+01 -1.668405112413070057e+01 2.642378835810062832e+00
1.467910952368641331e+00 2.610607898441694719e-01 5.395303693668454414e+00 2.652404398813604125e+00 1.683868516542528226e+00 3.152459499799784015e-01 5.021757514212111806e-01 2.441294341822520142e+00 7.000000000000000000e+00 1.400000000000000000e+01 4.000000000000000000e+00 -4.719937458399546699e+02 4.201399999999720194e+02 1.637023411499804126e+01 -3.235404633690543985e-01 6.088350269544517523e+00
9.980653818061002713e-02 1.687700838286282590e+00 4.858515746969649385e+00 7.309337541880359446e+00 1.311890339508041903e+00 1.348293582358681686e-01 9.942293698918681644e-01 3.340973897049625663e+00 1.000000000000000000e+01 9.000000000000000000e+00 4.000000000000000000e+00 -2.545054663023844910e+02 2.459700000000080422e+02 2.338906551654102578e-02 -1.170118650616418288e+00 6.251740538108255585e+00
1.837230114601852149e-01 4.564198326208558365e-01 7.596245764207897544e+00 7.715071442586630468e+00 2.654700084027834528e+00 2.006033487831011541e-01 7.533173221083826476e-01 2.464047693116034221e+00 1.000000000000000000e+01 9.000000000000000000e+00 5.000000000000000000e+00 -2.292213155829959760e+03 8.676000000000202306e+01 1.555207223937243199e+01 -7.045308589811761557e+00 6.995492155028141257e-01
1.992516956448949994e+00 2.704351724830716286e+00 6.019142331856096817e+00 1.907033262893381931e+00 2.218240301778813262e+00 1.140279070181542953e-01 3.936836809997882325e-01 2.117727407383827032e+00 1.000000000000000000e+01 1.000000000000000000e+01 4.000000000000000000e+00 -2.229591807759499261e+03 1.219999999999973426e+02 1.053698798496878197e+01 -5.614311983633260006e-01 1.066378569389910547e-01
1.231291281964344453e+00 2.707862706972189670e+00 4.357654316191022836e+00 3.305006373826075983e+00 2.349130163722921605e+00 1.371509573260486503e+00 3.663311302384670287e-01 2.111637836348983832e+00 8.000000000000000000e+00 1.500000000000000000e+01 5.000000000000000000e+00 -2.178626999419786443e+03 1.822500000000040359e+02 5.468874963736525707e+00 -7.700687804578377538e+00 1.103357509303367401e+00
5.218658546132363130e-01 8.572125126989116328e-01 1.235914712540685967e+00 4.617166944603772194e+00 2.618601513962625749e+00 4.183664672744282775e-01 9.357634384753878987e-01 3.064878608278672534e+00 9.000000000000000000e+00 9.000000000000000000e+00 4.000000000000000000e+00 -2.255609522233641201e+03 3.330000000000000426e+01 1.493497013960257647e+01 -3.606222045664502218e+00 3.637781800165661994e-01
3.748656666681404737e-01 1.432232436550345378e+00 6.157633592854936389e+00 9.541095038968677500e+00 1.152292369448331133e+00 1.158836720665793463e-01 7.106379016669619464e-01 2.959101976556271829e+00 7.000000000000000000e+00 1.100000000000000000e+01 4.000000000000000000e+00 -2.150004113616492759e+03 1.241899999999994151e+02 5.494319601030840161e+00 -7.060988964926950828e-01 5.838198368798923621e-01
7.249702149197354561e-01 5.837664112710796438e-01 8.053235131303040362e+00 5.636412732135105408e+00 1.936391952772196667e+00 8.523657729388841586e-01 7.279808735938213538e-01 2.985656745017618352e+00 1.100000000000000000e+01 1.600000000000000000e+01 3.000000000000000000e+00 -2.380128863853128223e+03 2.665599999999968759e+02 1.542805399082061513e+01 -8.422526966667604142e+00 2.339546867122911600e+00
1.505800131246388895e+00 1.372115121165295548e+00 8.489417679045008214e+00 4.914416753829673468e+00 2.334765105991353895e+00 1.300212492849991630e+00 7.666888202840376199e-01 2.451680784130103596e+00 1.000000000000000000e+01 9.000000000000000000e+00 3.000000000000000000e+00 -2.256499492198449843e+03 1.795500000000055252e+02 1.042028076240292656e+01 -5.024500294662052724e+00 4.396514912778562767e+00
2.380431399272818993e+00 1.139208780518624842e+00 4.007641230011326883e+00 7.938140203280983798e+00 1.249636863075027637e+00 1.840933583237247095e+00 3.343858886985372481e-01 3.361379141010041760e+00 1.000000000000000000e+01 1.200000000000000000e+01 5.000000000000000000e+00 -2.123965528813494984e+03 7.007999999999962881e+01 5.557845550843453886e+00 -5.342477407188988892e+00 5.095147969833861978e+00
1.083467134347629202e+00 1.792904216744794166e+00 2.082419640138223116e+00 5.189590956234472863e+00 2.978845583706787536e+00 1.674883892600745217e+00 3.998193261399472509e-01 2.973375143105517537e+00 9.000000000000000000e+00 7.000000000000000000e+00 3.000000000000000000e+00 -2.183354958608700599e+03 4.781000000000017280e+01 9.965622413043764283e+00 -3.421733968711349938e+00 3.623728704318328608e-01
1.132486394575599187e+00 4.182635870855933025e-01 8.929778998514354527e+00 6.902834041014417998e+00 4.567944164841515331e-01 3.160354478818547808e-01 4.719816925356529191e-01 2.420253393290688670e+00 1.000000000000000000e+01 1.500000000000000000e+01 2.000000000000000000e+00 -2.926824465839083587e+02 2.386500000000061732e+02 1.695639444778723054e-02 -1.011253703762244660e+00 5.308251536771499524e+00
1.597128187878836147e+00 2.268077897861212833e+00 2.710695267850541157e+00 9.866298638802177834e+00 1.254341732751317107e+00 4.895075327697087086e-01 6.373595515914086684e-01 2.625242831902934615e+00 1.000000000000000000e+01 7.000000000000000000e+00 5.000000000000000000e+00 -2.189089901036301853e+03 2.035599999999866441e+02 5.456868814769291198e+00 5.590616973004580714e-02 6.247034542305948790e+00
4.620137622160725988e-01 2.526952652521053722e+00 5.250679877838673626e+00 5.322740379603164484e+00 1.492520310302630548e+00 9.300379761627876052e-01 7.230816092261522776e-01 2.490063110127308299e+00 1.100000000000000000e+01 1.200000000000000000e+01 3.000000000000000000e+00 -2.311235032811957808e+03 1.462800000000025022e+02 1.488093955074729458e+01 -3.531585031435074296e+00 6.916578335948351253e-01
7.137038556898942510e-01 1.384879790209754269e+00 6.363166937052260330e+00 9.394997912237871063e+00 1.431953220253189052e+00 5.466573910412342308e-01 3.579133866782711060e-01 3.663627729503866171e+00 1.100000000000000000e+01 7.000000000000000000e+00 5.000000000000000000e+00 -2.176835937924709924e+03 3.787000000000013245e+01 9.868808620294347023e+00 -7.887890703700622730e+00 3.903357004211265746e+00
6.095083455988818955e-01 1.729946803280227430e+00 9.036179511301497769e+00 7.695577841590350410e+00 1.470202286614943343e+00 2.073812564238911305e-01 6.824598910940021801e-01 2.700572871242813200e+00 9.000000000000000000e+00 6.000000000000000000e+00 4.000000000000000000e+00 -2.151258022208395744e+02 1.696200000000048931e+02 2.092639544805154073e-02 -1.237236776420340911e+00 6.247663958580022658e+00
4.625672192134380745e-02 1.930566346031082237e+00 7.226438048684533655e+00 5.927124784608821528e+00 3.242342507672228979e-01 2.993970395303998000e+00 1.754007789608044710e-01 3.137217185594280089e+00 9.000000000000000000e+00 1.000000000000000000e+01 5.000000000000000000e+00 -2.262450079177396219e+03 3.190000000000018332e+01 1.540625494858727329e+01 -5.758292775288413878e+00 1.684130770851228309e+00
2.430860673172646536e+00 1.567454820303649132e+00 5.185491842150788955e+00 3.949641120128863925e+00 2.462848149684101706e+00 7.873036244720932331e-01 1.563783224392409910e-01 2.607872608053714902e+00 7.000000000000000000e+00 8.000000000000000000e+00 5.000000000000000000e+00 -2.158326498133505993e+03 1.431199999999999761e+02 5.422906133344121749e+00 -8.382820578619475382e-01 4.378151432761165918e-01
6.384709831099739663e-01 1.607905374457208270e+00 6.700927003626695466e+00 7.675669711492771441e+00 1.991991780384527733e+00 9.952219421340767758e-01 4.689811094103594202e-01 2.472809340244927601e+00 1.000000000000000000e+01 6.000000000000000000e+00 2.000000000000000000e+00 -2.270047761667597115e+03 3.365999999999976211e+01 1.582611010422482423e+01 -3.830878853107015369e-01 1.895022768727080420e-01
6.904841007452355850e-02 7.317971249300918579e-01 5.420710527535242740e+00 9.477203662161212350e+00 1.196771012356088848e+00 1.868903048166046243e+00 6.357809083711019049e-01 2.755334012701353696e+00 9.000000000000000000e+00 9.000000000000000000e+00 4.000000000000000000e+00 -2.265412602340691592e+03 3.113999999999995794e+01 1.561516264629321959e+01 -2.791268837546563297e+00 1.457099841280809605e+00
1.339593164619059751e+00 9.447408198591333850e-02 9.702807935577181908e+00 2.518513088327542171e+00 2.825754042764613061e+00 2.068105834569770707e+00 4.070649360690630769e-01 2.711750208483000968e+00 9.000000000000000000e+00 4.000000000000000000e+00 4.000000000000000000e+00 -2.256993474484998842e+03 1.967999999999975813e+01 1.544709215531241853e+01 -1.517134108039071005e+00 4.191879396699044191e-01
6.521770767654581080e-01 1.380111776130858114e+00 8.674035891853225877e+00 5.030232513357607793e+00 6.641942234715820792e-01 1.390782757391298086e+00 9.333848801439006415e-01 2.248530640756687404e+00 9.000000000000000000e+00 1.400000000000000000e+01 5.000000000000000000e+00 -2.311755125031715579e+03 1.314600000000001501e+02 1.537657031448222966e+01 -4.457614574761236348e+00 1.671876793780583181e+00
1.192995059414605041e+00 1.148433785805807350e+00 6.780926560487445798e+00 9.433789754559697371e+00 1.386151486103274877e+00 1.805977797537476004e+00 7.959822436522311362e-01 2.075265373880958997e+00 8.000000000000000000e+00 2.000000000000000000e+00 3.000000000000000000e+00 -2.251820967277434193e+03 9.599999999999884182e+00 1.543881045483964520e+01 -1.892181328739130031e+00 6.244378660745775633e+00
4.682690785475761563e-01 2.423811100438249433e+00 5.316295160921999496e+00 6.512648098850785772e+00 4.338279692683864042e-01 1.275226779496785978e+00 5.279027781536487218e-01 3.038500698376329634e+00 8.000000000000000000e+00 4.000000000000000000e+00 4.000000000000000000e+00 -2.255145428197422007e+03 1.415999999999987402e+01 1.550408926233886575e+01 -4.667809838792386090e-01 6.154563181553733386e+00
2.357680649975322673e+00 2.806094917439168501e+00 8.887756646177258801e+00 7.460071463051674456e+00 2.888016139731451215e+00 5.875866657569359663e-01 2.566774603765951124e-01 3.693308931015883978e+00 8.000000000000000000e+00 1.000000000000000000e+01 2.000000000000000000e+00 -2.259641535115589249e+03 4.220000000000032969e+01 1.490884594472430535e+01 -3.631548972110928641e+00 6.803789720974668942e-01
1.181935964489993385e+00 5.262347890323479938e-01 7.655413226207048005e+00 4.389557178382705871e+00 1.023462396655234308e+00 1.258120610721103594e+00 8.037724745544652105e-01 3.171269330686287802e+00 1.100000000000000000e+01 9.000000000000000000e+00 3.000000000000000000e+00 -2.127104382861605700e+03 7.749000000000167176e+01 5.522461428850310661e+00 -8.539245812304643302e-01 6.089895683669264592e+00
2.076671627065397985e+00 1.527082481908671685e+00 3.231757781107708727e+00 7.484101837500272580e+00 1.404814518043652871e+00 1.506551427779170282e+00 1.545337639927386597e-01 3.922375534893108640e+00 1.100000000000000000e+01 8.000000000000000000e+00 4.000000000000000000e+00 -2.177795126663955671e+03 3.407999999999962881e+01 1.004719541649724057e+01 -1.695765504494856302e+00 6.026155218414545267e+00
6.725355650860644907e-01 5.457126808865451206e-01 4.964338263401115725e+00 7.900930699933789825e+00 2.430281554557539359e+00 1.860141126090787189e+00 4.073710318428827581e-01 2.495755585318816472e+00 9.000000000000000000e+00 9.000000000000000000e+00 4.000000000000000000e+00 -2.262523581118814946e+03 3.176999999999995694e+01 1.541491131992592400e+01 -8.684050880023921337e+00 2.044998601418888562e+00
1.228469012129998372e+00 2.623614419754273897e+00 3.273534872205150936e+00 7.718804137102946328e+00 2.860025820502317906e+00 1.166741699439637792e+00 6.598061014384632994e-01 2.719661827281290023e+00 3.000000000000000000e+00 8.000000000000000000e+00 5.000000000000000000e+00 -2.133307191927656731e+03 8.823999999999847432e+01 5.574199495478605826e+00 -1.781517231539817914e+01 2.498099588093935619e+00
1.219847293828151713e+00 1.170503192951989124e+00 2.823267539641368451e+00 6.978198253334643830e+00 9.282463884410145916e-01 5.817955858509304967e-01 5.571737918159176406e-01 2.040805143406944744e+00 1.000000000000000000e+01 1.200000000000000000e+01 5.000000000000000000e+00 -2.308161846372463515e+03 1.207200000000015478e+02 1.548761539827892975e+01 -3.082475073248867048e+00 1.311399941492721322e+00
1.334193352154265710e+00 8.872801425814148546e-01 9.883669014963610167e+00 8.088984245800276085e+00 2.307589418182658836e+00 1.532999955442248874e+00 7.113126394546737119e-01 2.997743289096769459e+00 9.000000000000000000e+00 6.000000000000000000e+00 5.000000000000000000e+00 -2.261563290700102698e+03 2.765999999999979408e+01 1.548333066875641784e+01 -3.962048176155338552e+00 1.958253895441975478e+00
1.873637351759375624e+00 1.399616718707419549e+00 6.549305434371785140e+00 2.286263321008492611e+00 2.547968138972094732e+00 2.040928660649155013e+00 6.194883756417549625e-01 2.398147884159719023e+00 9.000000000000000000e+00 1.100000000000000000e+01 3.000000000000000000e+00 -2.236641085938707874e+03 3.027200000000210593e+02 5.330067871168613358e+00 -8.222537003803086719e+00 1.323910394281751390e+00
7.116272168548930521e-01 1.826066029681508551e+00 9.771683256146589613e+00 6.271537274281311802e+00 5.093441464127084206e-01 1.331806079286427913e+00 6.524253368474592918e-01 2.442153690740745731e+00 1.000000000000000000e+01 1.600000000000000000e+01 4.000000000000000000e+00 -2.176016981852743356e+03 1.780799999999969145e+02 5.436061365796539313e+00 -4.808385952131158270e+00 4.984053500960444083e+00
1.041627680200772232e+00 1.510191334600975432e+00 7.371743212533232281e+00 5.703851470161342974e+00 1.891482650648102837e+00 1.106502497065206425e+00 2.158892771675614553e-01 2.052637639128367830e+00 1.000000000000000000e+01 6.000000000000000000e+00 5.000000000000000000e+00 -2.130797040458579886e+03 1.171800000000029200e+02 4.512940028661158287e+00 -3.453754131484874645e-01 6.224674885460990126e+00
2.265503409584399996e+00 2.069821815822459943e+00 9.707486065613908366e+00 6.817429260337930508e+00 1.819718367537243697e+00 3.776921915222034576e-01 4.331832143308647076e-01 2.795916885173015842e+00 1.100000000000000000e+01 4.000000000000000000e+00 4.000000000000000000e+00 -2.257645377698887387e+03 1.831999999999978712e+01 1.553033610618047256e+01 -7.752740988110682352e-01 6.126786489210940267e+00
4.994831759697000440e-01 9.602726232798077799e-01 1.147339955752226803e+00 9.484359804410653183e+00 2.901518229382225478e+00 5.450712620343134418e-01 6.292336049838530565e-01 2.337783754221568699e+00 7.000000000000000000e+00 8.000000000000000000e+00 4.000000000000000000e+00 -2.303410278529780953e+03 1.222399999999977496e+02 1.514314240811137857e+01 -6.160858751594807670e-01 6.146987311970588230e+00
6.553758282152402082e-01 2.243212803372732544e+00 9.315687814780254428e+00 6.221142243898918345e+00 1.505077800680805433e+00 1.665581440371189492e+00 5.621589548066912023e-01 3.277315951824948836e+00 1.100000000000000000e+01 7.000000000000000000e+00 3.000000000000000000e+00 -2.103663746992945107e+03 3.073000000000010346e+01 5.518671687059045539e+00 -2.285267455449952934e+01 3.301298607686918629e+00
1.450215677823518678e+00 6.073389312985748578e-01 4.354973926640357540e+00 4.247767720395673408e+00 2.956640093620748200e-01 3.818790795574384944e-01 7.513622075460278937e-01 2.996677407648531855e+00 8.000000000000000000e+00 1.700000000000000000e+01 5.000000000000000000e+00 -2.282240758695221302e+03 7.225000000000055422e+01 1.538223491845131363e+01 -2.838437290339017594e+00 1.515686057900488493e+00
9.867633003063827069e-01 1.001748642367179087e+00 9.112894444236289360e+00 6.147524380744378902e+00 1.595374700818610103e+00 4.563113120613482288e-02 9.037417217172349915e-01 2.170187801713137965e+00 9.000000000000000000e+00 1.500000000000000000e+01 4.000000000000000000e+00 -2.327625922474080653e+03 4.039499999999844135e+02 7.853182654630542103e+00 -3.209586137202780076e+00 6.780522696879406341e-01
1.820481162327331592e+00 8.658803921089873734e-01 7.420636673943371342e+00 5.543159991455945068e+00 2.164111800113214912e+00 2.443366595303019029e+00 6.604954313279247646e-01 3.038032059604121038e+00 5.000000000000000000e+00 8.000000000000000000e+00 4.000000000000000000e+00 -2.268355317144742912e+03 3.935999999999951626e+01 1.554220732154642803e+01 -6.433585922996520878e+00 1.984303876845310510e+00
1.849923312572326228e+00 6.261409189704152389e-01 6.434357817403371094e+00 6.581827935163893528e+00 3.763204240184987448e-01 2.172590571664064107e+00 4.482219525167869256e-01 2.869889155981589557e+00 5.000000000000000000e+00 3.000000000000000000e+00 4.000000000000000000e+00 -2.252271561831029885e+03 1.055999999999996675e+01 1.543697261443936952e+01 -2.750646743630509317e+00 1.247668801226641810e-01
6.436369627450723163e-01 1.646780756207516738e+00 5.550271334533972478e+00 6.221984912430592374e+00 2.503613817927953011e+00 4.710440882927089401e-01 7.000820203971753752e-01 3.871016177961524640e+00 1.100000000000000000e+01 3.000000000000000000e+00 4.000000000000000000e+00 -2.254279378145132796e+03 8.580000000000008953e+00 1.562433613407078248e+01 -2.216202456140340171e+00 9.032467618364067308e-01
2.438195271448118540e+00 9.225673354710094420e-01 9.642552286936997064e+00 7.803021849427418388e+00 1.113105452678796237e+00 1.179127875985632512e+00 6.733407810832430229e-01 2.012927135906113385e+00 9.000000000000000000e+00 5.000000000000000000e+00 5.000000000000000000e+00 -2.262911506004377770e+03 3.245000000000029416e+01 1.541790662527360567e+01 -7.880563491744122517e-01 1.460922383886767983e-01
1.024679302602441222e+00 7.520607667039439503e-01 7.385649718098456162e+00 6.300604056868878367e+00 2.367541104791512918e+00 1.428045676255012886e+00 8.066712320252208412e-01 2.236685228315755225e+00 9.000000000000000000e+00 1.400000000000000000e+01 2.000000000000000000e+00 -2.325391057400784121e+03 1.029000000000003752e+02 1.712131608754898693e+01 -3.538019477270288871e+00 2.291407414439888601e+00
2.981437094978462987e+00 6.376315666139307226e-01 4.901426861182015315e+00 9.256300918519295706e+00 1.877070961921679437e+00 6.329964907878705693e-01 8.937886424476946257e-01 3.606034932681826177e+00 2.000000000000000000e+00 6.000000000000000000e+00 2.000000000000000000e+00 -2.272080511134932294e+03 3.161999999999970967e+01 1.601690694593328246e+01 -4.400853234233564670e+00 5.060581959836092381e+00
1.223590375968290234e+00 2.192535975246859614e+00 2.099049243536342590e+00 1.726358507866149861e+00 1.375216593989446512e+00 1.323636347253775991e+00 6.062119553925062743e-01 4.005954298559359472e+00 9.000000000000000000e+00 1.000000000000000000e+01 1.000000000000000000e+00 -2.270340159889246479e+03 4.360000000000034959e+01 1.553375999307790067e+01 -5.943866002998737796e-01 1.440911290734056549e-01
1.556467172590114467e+00 5.556536912653007310e-01 7.447889308730625046e+00 9.410726929604800617e+00 1.504660608394703392e+00 1.067574097355013851e+00 7.213095327251716204e-01 2.557119896544910453e+00 1.000000000000000000e+01 7.000000000000000000e+00 4.000000000000000000e+00 -1.162426038803087351e+02 1.090599999999958527e+02 2.233747849806803215e-02 -1.730241925235669775e+00 2.761915137951658772e-01
