1.435922066305484357e+00 7.471875832902261649e-01 7.012041576822797495e+00 5.745372648265830051e+00 1.667519828353153155e+00 1.091236579086388492e+00 4.060053120043521369e-01 2.794453813564034217e+00 8.000000000000000000e+00 3.000000000000000000e+00 3.000000000000000000e+00 -2.252627550459258600e+03 1.589999999999985292e+01 1.529234690370366323e+01 -3.683189039069287851e+00 1.140077854002881308e+00
1.289272188509613226e+00 1.413365019936098754e+00 5.193433169929203785e+00 6.598961509096053391e+00 9.646997584209406895e-01 2.013589718948984419e+00 3.326757628060320049e-01 2.310776914167064877e+00 9.000000000000000000e+00 1.500000000000000000e+01 4.000000000000000000e+00 -2.289399656695153681e+03 9.930000000000090665e+01 1.498435354344711001e+01 -4.073424164195541763e+00 6.042557042577635373e-01
9.914235956338353084e-01 1.236206513454016109e+00 7.276032573072277465e+00 6.163018805770576591e+00 1.242599928599969372e+00 6.952296599406669886e-01 8.242687650363225149e-01 2.265619802743315425e+00 1.100000000000000000e+01 2.000000000000000000e+00 2.000000000000000000e+00 -2.176883342571104549e+03 1.689999999999972857e+01 1.052708391069405280e+01 -1.848450519016302529e+00 6.198046304122454053e+00
9.054231706096913523e-01 1.769395382488134327e+00 5.749058024620149254e+00 6.977096505409748239e+00 2.723532577239025976e+00 2.084247822190068433e-01 1.703463415431314687e-01 2.836362780699633213e+00 1.000000000000000000e+01 1.000000000000000000e+01 3.000000000000000000e+00 -2.745864921146255710e+02 2.671999999999922579e+02 1.575671061979622839e-02 -1.278043069166216128e+00 6.279661051427093632e+00
2.246784739253510743e+00 1.285571174977901077e+00 6.827923514899176816e+00 3.828385179733841071e+00 1.292002487050943005e+00 7.382255901987543334e-01 3.700930700159090758e-01 2.470049943076184640e+00 9.000000000000000000e+00 1.300000000000000000e+01 3.000000000000000000e+00 -2.228806521512397921e+03 1.175199999999986744e+02 1.062790759452490619e+01 -2.668785941640400949e+00 9.550436214041592153e-01
9.722658898962496798e-02 1.818714382376900307e+00 7.811951375397927499e+00 5.612820263712889890e+00 5.582419901561591624e-01 5.252756969981593471e-01 3.123170150589932303e-01 2.578855689209373026e+00 9.000000000000000000e+00 1.300000000000000000e+01 4.000000000000000000e+00 -2.935154307730005030e+02 3.901299999999891384e+02 6.153151923312871752e+00 -1.935088104026748412e-01 8.180474527455369391e-03
1.225009560218663029e+00 2.672843841760662809e+00 8.986023018324361900e+00 7.305338075738484704e+00 8.088808285224041716e-01 5.763826276413248628e-01 9.350906404606693645e-01 2.035966775375207316e+00 1.000000000000000000e+01 1.100000000000000000e+01 5.000000000000000000e+00 -2.712160062395018940e+02 3.301100000000244563e+02 6.635062889968104116e+00 -1.348146092051501765e-01 6.132766556803355584e+00
1.031796564122842375e+00 7.229179270205725594e-01 7.723581218937125570e+00 7.709875577976296412e+00 2.732690781095681753e+00 1.735426597890783018e+00 3.897299573928326710e-01 3.162251489670028004e+00 3.000000000000000000e+00 1.400000000000000000e+01 1.000000000000000000e+00 -2.278656713664230665e+03 5.810000000000019327e+01 1.560041960401441230e+01 -7.345636005052607942e+00 2.015867160135395686e+00
1.061595220294607733e+00 2.703055752991821770e+00 3.277887888116985060e+00 8.254021252508586315e+00 1.474602943507421049e+00 2.229804761936150292e+00 3.497044399529005698e-01 3.206907270392699960e+00 1.000000000000000000e+01 1.300000000000000000e+01 4.000000000000000000e+00 -2.192630361310871649e+03 5.356000000000034333e+01 1.036564758192946734e+01 -1.228851059706707183e+01 2.194403076141416165e+00
1.126372222224111708e+00 1.831859698044222995e+00 2.843471013951174964e+00 5.312653463850344870e+00 2.751843902322498980e+00 1.930799687504913820e+00 7.569754582244339058e-01 2.690939644153433896e+00 7.000000000000000000e+00 1.700000000000000000e+01 5.000000000000000000e+00 -2.244365715703176647e+03 7.344000000000056616e+01 1.297785723144851033e+01 -1.105950414630260425e+01 4.256091843087116189e+00
3.550598828655199268e-01 5.522232875142261133e-01 1.452171864465505280e+00 8.275902704188007775e+00 1.758196083237618224e+00 2.580127019506512354e-01 6.172269207215885789e-01 2.376090766002304289e+00 7.000000000000000000e+00 1.800000000000000000e+01 4.000000000000000000e+00 -2.169676974646657072e+03 1.648800000000037187e+02 5.452310915415941928e+00 -5.461205987920929594e-01 1.038217623506445531e+00
9.597763338555712620e-01 2.804042116631397796e+00 4.061207684456813460e+00 7.924111078879009007e+00 5.455847708645629179e-01 4.379188374808601347e-01 1.357379441261667985e-01 2.334901780281412265e+00 6.000000000000000000e+00 1.900000000000000000e+01 2.000000000000000000e+00 -2.347443181092725354e+03 3.636599999999961597e+02 1.035082381829549014e+01 -4.370052009064994136e-01 8.117485775683077609e-01
2.371059698143956895e-01 2.953313882675895341e-01 3.706295385958304323e+00 7.070727642910232369e+00 1.099759668565033266e+00 2.242650024676897225e+00 3.135694105651708474e-01 2.208028537662196200e+00 7.000000000000000000e+00 1.900000000000000000e+01 3.000000000000000000e+00 -2.294519937713082527e+03 9.100999999999939405e+01 1.556343360706768486e+01 -8.979220914518762697e+00 2.040520124808228530e+00
1.182933460217230781e+00 2.714314844151677342e-01 7.286739396358970389e+00 6.163943239510327743e+00 1.338183363046172136e+00 1.800639119966249257e+00 1.972699689667842815e-01 3.067695524089224524e+00 5.000000000000000000e+00 9.000000000000000000e+00 4.000000000000000000e+00 -2.265508348292774372e+03 3.906000000000022254e+01 1.537364676829838395e+01 -6.090519899171509266e+00 2.315289335264781645e+00
1.424402149435763043e+00 6.416735077652966357e-01 7.554207497597965393e+00 8.462717043280306939e+00 1.816694621850299285e+00 1.008659698039327202e+00 4.592758759900721355e-01 2.083382236284260891e+00 4.000000000000000000e+00 1.300000000000000000e+01 3.000000000000000000e+00 -2.376998639906611515e+03 3.305899999999912211e+02 1.323147749416351182e+01 -9.468097093606791859e+00 3.119748793289796929e+00
1.631572147306564080e+00 5.003958012708410452e-01 7.853223698816467646e+00 5.054280440238273719e+00 2.763038474882965723e+00 1.044857654185025631e+00 6.304352122131935410e-01 3.371332271804891700e+00 9.000000000000000000e+00 7.000000000000000000e+00 4.000000000000000000e+00 -2.260844017488250302e+03 4.060000000000014353e+01 1.503400109301564136e+01 -3.127366430414871612e+00 5.700038047838907884e-01
1.308366189718442429e+00 1.893938951466108689e-01 9.415664658072124382e+00 7.293259045358770898e+00 1.129132413668673784e+00 3.348606087879223425e-01 3.496602028794637551e-01 2.624900577239314803e+00 9.000000000000000000e+00 7.000000000000000000e+00 2.000000000000000000e+00 -2.199673553145838468e+03 7.237999999999942702e+01 1.021772207161491153e+01 -8.725363973574222776e-01 1.400023351514602665e-01
5.202036107052954161e-02 1.735099291055861581e+00 6.414159081832996101e+00 4.764428735881567789e+00 1.708679322155883806e+00 1.837936238921753063e+00 3.064334828573372915e-02 4.037532215535141411e+00 6.000000000000000000e+00 1.100000000000000000e+01 4.000000000000000000e+00 -2.264831246502294107e+03 3.255999999999988859e+01 1.553445290639339582e+01 -6.713725635148750648e+00 2.044431508999733804e+00
6.145650330238232595e-01 1.760599325307009133e+00 9.909135374285421349e+00 9.269530215232746784e+00 1.406342091884211776e+00 7.903014314774794435e-01 2.862923843278816216e-01 2.810261055350009141e+00 7.000000000000000000e+00 4.000000000000000000e+00 5.000000000000000000e+00 -2.097326629836499251e+03 3.911999999999934374e+01 4.860414364781214580e+00 -2.245585831716790270e+00 6.119333214511642360e+00
1.612202824921398880e+00 2.237417906222873842e+00 7.044296557661349212e+00 8.051713581623682003e+00 1.324091619351710047e+00 8.717304120538056367e-01 8.599130709731528377e-01 2.759882241661732127e+00 5.000000000000000000e+00 1.000000000000000000e+01 4.000000000000000000e+00 -2.133218068642857816e+03 8.779999999999928662e+01 5.582379290178627329e+00 -1.522010168400677710e+00 5.103417778383189329e+00
1.174238935276372242e+00 1.618856024887332934e+00 6.711398576539484573e+00 3.506024118787634425e+00 2.956002568177540368e-02 1.369424454193612917e+00 5.614634479872854245e-01 2.152838764292446250e+00 1.100000000000000000e+01 1.500000000000000000e+01 3.000000000000000000e+00 -2.282966686667205522e+03 6.974999999999978684e+01 1.550573041670034513e+01 -1.874969411277350506e+00 1.928189872334115929e-01
1.736974284280843328e+00 1.850483706864252786e+00 7.047380424684495992e+00 7.935856450219024083e+00 1.716950687002850362e+00 5.998715548259611063e-01 1.027313068100788040e-02 2.669822981532777195e+00 7.000000000000000000e+00 8.000000000000000000e+00 3.000000000000000000e+00 -2.262280221210899526e+03 3.295999999999965269e+01 1.536251382568123347e+01 -1.732420252659428339e+00 5.670417235985225624e+00
1.329685010047708449e+00 1.444195094546705249e+00 9.189755400283640796e+00 7.958443484795433065e+00 2.697864282351093657e+00 8.354991849063728715e-01 4.770471338707081288e-01 2.862055965893903320e+00 5.000000000000000000e+00 1.300000000000000000e+01 3.000000000000000000e+00 -2.272539331258966286e+03 4.550000000000018474e+01 1.561183320368536798e+01 -5.275002291580488389e+00 4.936555594411831116e+00
2.336788133465886208e+00 1.834696443327572979e+00 8.240409824007926431e+00 4.963476147260525551e+00 5.696272297338229595e-01 6.664597252795518845e-01 5.704048663260911090e-01 4.301379005029326130e+00 2.000000000000000000e+00 1.600000000000000000e+01 5.000000000000000000e+00 -2.273073634171142658e+03 5.295999999999957453e+01 1.541210213569641851e+01 -3.295362077690066727e+00 5.099161743249924328e+00
1.239961170145838232e-01 1.055944047387215479e+00 9.819780295770847545e+00 5.473811534418213220e+00 7.159672064384287049e-01 9.841507611361532959e-01 4.977219545305216486e-01 2.598899180179975676e+00 8.000000000000000000e+00 1.800000000000000000e+01 3.000000000000000000e+00 -2.289546103337814202e+03 7.974000000000050647e+01 1.560475645861338911e+01 -2.955750340021607858e+00 8.952291636970123312e-01
1.022830762750851719e+00 2.382016013931399501e-01 9.311403082669793108e+00 8.190692893367879535e+00 1.610094991786590546e+00 3.160248395061531212e-01 3.000438413090210643e-01 2.025444835215612915e+00 4.000000000000000000e+00 6.000000000000000000e+00 2.000000000000000000e+00 -3.630269212968254919e+02 1.800600000000052887e+02 1.706230758105142797e+01 3.893549403060161951e-02 2.698216625615451961e-02
1.447994195692815733e+00 2.046189791184994888e+00 4.833497624644881085e+00 5.990601832197614662e+00 1.864196797231465474e+00 2.014603338582949821e+00 2.451934126741687203e-01 2.077245410168277129e+00 1.000000000000000000e+01 1.600000000000000000e+01 4.000000000000000000e+00 -2.307567554252684658e+03 2.828799999999994270e+02 1.038297214079281616e+01 -1.829112966147594110e-01 5.717032191638981020e-01
1.328814193315895009e+00 1.202976780124733303e+00 9.434975607615607274e+00 9.728580206915861339e+00 7.628574323285812753e-01 6.333869718154280237e-01 8.913474312075353456e-01 2.489483302418132649e+00 5.000000000000000000e+00 1.700000000000000000e+01 3.000000000000000000e+00 -2.294572700248721958e+03 9.061000000000073840e+01 1.557923126554509352e+01 -3.607657064103201972e+00 5.644429703318546210e+00
1.089839585868647820e+00 2.495126709603384119e-01 4.934250219634386703e+00 6.887768297392366179e+00 2.195961997743401284e+00 2.732118861868199078e-02 6.793403358416348903e-01 2.893355755383768990e+00 3.000000000000000000e+00 1.500000000000000000e+01 4.000000000000000000e+00 -5.457963972553973235e+02 4.501499999999774104e+02 2.004508732846304042e+01 3.672850495887436395e-01 1.003560652456706448e-01
1.172490357386114734e+00 2.080990537312310984e+00 7.229580763915457453e+00 8.942931808923370696e+00 1.457189061978323430e+00 8.244105185238680411e-01 2.910793349398021479e-01 2.435989195077499225e+00 8.000000000000000000e+00 1.400000000000000000e+01 3.000000000000000000e+00 -2.378077767917398432e+03 2.650199999999871352e+02 1.534798549483777386e+01 -2.386869681710540370e+00 3.026082047990552581e-02
4.053573401564102285e-01 1.769514205166250687e+00 9.376883330971285346e+00 6.375416893654888284e+00 2.128788374366882064e+00 1.272348790860678980e+00 3.561329285858356730e-01 2.845228874824057730e+00 3.000000000000000000e+00 8.000000000000000000e+00 5.000000000000000000e+00 -2.260084244502332695e+03 2.631999999999979067e+01 1.543276528139578829e+01 -5.548163470130910824e+00 5.319028980113908567e+00
2.078394964620911001e+00 1.501967367188768776e+00 1.567013075974428737e+00 3.641472361051382833e+00 6.876372198901888888e-01 6.740155723735039572e-01 3.692217809549520613e-01 2.290062952565863785e+00 5.000000000000000000e+00 1.400000000000000000e+01 4.000000000000000000e+00 -2.239970420061108598e+03 1.451799999999988131e+02 1.046127625381929604e+01 -5.251459989355891089e-01 6.778842635426136631e-01
1.501763800488014056e+00 1.545083155804653829e+00 9.538949150998540460e+00 6.247801156318468330e+00 8.654372914761152558e-01 1.579654237981355180e+00 3.322759756008031862e-01 2.523714858964451579e+00 7.000000000000000000e+00 7.000000000000000000e+00 3.000000000000000000e+00 -2.121327180938346373e+03 6.789999999999986358e+01 5.461073808646640160e+00 -1.317916874553090034e+00 1.642229689856102848e-01
6.376032611674381512e-01 1.456003472199343785e+00 7.991222865797089625e+00 6.308218727170783247e+00 1.105047912586084591e+00 1.065837138935703532e+00 4.695535344085534635e-01 2.623871830891616685e+00 1.100000000000000000e+01 1.700000000000000000e+01 3.000000000000000000e+00 -2.298844591401963044e+03 1.031900000000008646e+02 1.545309946262267964e+01 -7.355736025615734697e+00 2.737195712440500195e+00
4.599824460618103794e-01 1.356276826145661474e+00 4.734729091277652735e+00 8.708913800842561059e+00 2.240181372914535007e+00 1.146829261464478611e+00 1.829293197153608053e-01 2.315866672006836602e+00 6.000000000000000000e+00 1.000000000000000000e+01 5.000000000000000000e+00 -2.199646470820392551e+03 6.640000000000050306e+01 1.040290442627450496e+01 -1.648270609371547124e+01 2.475595106713041282e+00
1.460486082784506756e+00 1.356010910221013610e+00 7.325887200468931937e+00 5.051020669463135881e+00 1.720108157014956785e+00 1.730434428951400871e+00 4.821288896133592017e-01 2.916532619563745321e+00 4.000000000000000000e+00 9.000000000000000000e+00 3.000000000000000000e+00 -2.265182468204816360e+03 3.555000000000008953e+01 1.546296676280100435e+01 -8.638815875689196844e+00 2.968219829812358768e+00
6.030387931181977468e-01 5.583630471872540468e-01 5.254160252738772741e+00 1.604165147591691376e+00 1.132229280360943724e+00 1.509614795026704037e+00 4.063193208879735119e-01 3.077241984367721006e+00 2.000000000000000000e+00 9.000000000000000000e+00 4.000000000000000000e+00 -2.250659531582245108e+03 1.692000000000051330e+02 1.037872072389016509e+01 -3.304551829191157086e+00 5.121211734113021441e-01
1.087587051439084185e+00 4.034804935205177912e-01 7.229415834136109886e+00 8.985477656843201544e+00 1.372384776035077580e+00 2.324494672945167650e+00 6.099771852921935800e-01 3.342785191634576325e+00 1.100000000000000000e+01 3.000000000000000000e+00 4.000000000000000000e+00 -2.253188551819877830e+03 9.029999999999999361e+00 1.554209698874236345e+01 -2.797689733545576374e+00 2.979350693448766796e-01
1.076675201805672888e+00 1.682192339016520100e+00 5.179591112932943275e+00 3.445299290092196376e+00 2.533306229079142824e+00 6.310263738514090281e-01 7.063594455825039642e-01 4.647042129105019015e+00 5.000000000000000000e+00 1.800000000000000000e+01 2.000000000000000000e+00 -2.491080024712473460e+03 4.834800000000157638e+02 1.558375154452909150e+01 -3.049130543102872348e+00 6.149937051884284411e-01
1.776970683088417102e+00 2.056396155212875776e+00 8.363908124316811410e+00 2.028244891952815099e+00 1.672719314308418248e+00 7.705891752006817086e-01 5.009671176660470682e-01 2.102983295821997611e+00 3.000000000000000000e+00 1.500000000000000000e+01 4.000000000000000000e+00 -5.880449220047280505e+02 4.501499999999774104e+02 2.268562012529621086e+01 4.445097200276027505e-01 1.728629403457038194e-02
1.197241314405574464e+00 1.081909844850604596e+00 9.141123223064516523e+00 3.446913159686697981e+00 7.847661615186984907e-02 2.918655517005722899e+00 5.765306967446537367e-03 4.581031543891181279e+00 6.000000000000000000e+00 1.200000000000000000e+01 5.000000000000000000e+00 -2.262350423471036265e+03 2.856000000000005912e+01 1.550440146693976828e+01 -4.691024283710101273e+00 4.088655081169931815e-01
8.111387999386258929e-02 2.727948824332249167e+00 9.920996242032551038e+00 4.226024583451416738e+00 4.135047901465726539e-01 2.589139219151767701e+00 3.576172973503843333e-01 2.405528288025220895e+00 1.100000000000000000e+01 9.000000000000000000e+00 4.000000000000000000e+00 -2.130459497052890129e+03 8.064000000000179114e+01 5.633718565805571288e+00 -1.044242466895654031e+00 5.052166194545433697e+00
2.617838719134563785e+00 1.802400035833936487e+00 2.599292988756886302e+00 3.662316048152724157e+00 2.273703053906381832e+00 1.373986463885768616e+00 4.797019865067290167e-01 2.248023653345339490e+00 9.000000000000000000e+00 1.400000000000000000e+01 5.000000000000000000e+00 -2.332404722119832968e+03 1.444799999999988813e+02 1.626029513248959901e+01 -6.713395987428149247e+00 2.398008328595357508e+00
1.252279096817943138e+00 2.390483372895875203e+00 9.877131557987290478e+00 6.186055788310421910e+00 1.051663584397974915e+00 1.814635549712123819e+00 7.621904686371215598e-04 2.694917346555592452e+00 6.000000000000000000e+00 5.000000000000000000e+00 3.000000000000000000e+00 -2.109317687726268559e+03 3.984999999999987352e+01 5.587042982891801124e+00 -3.255908168098714750e+00 5.148235323047677170e+00
1.278566912686800228e+00 5.884505179571273281e-01 4.146395299271434354e+00 6.036333408983120208e+00 1.969287473311384318e+00 3.787100315501218395e-01 4.225288001711905439e-01 3.121317558370365397e+00 2.000000000000000000e+00 1.000000000000000000e+01 4.000000000000000000e+00 -2.199224762424984419e+03 6.390000000000063807e+01 1.045467265156151271e+01 -1.295160477669845811e+01 3.697040477614948362e+00
1.825036036040643017e+00 5.069031466316238355e-01 7.766197475039335885e+00 1.957136606633320230e+00 1.707945854755584358e+00 1.716358805587822278e+00 4.157092822527015952e-01 3.189747777648883620e+00 9.000000000000000000e+00 2.000000000000000000e+01 2.000000000000000000e+00 -2.280462513071335707e+03 6.380000000000036664e+01 1.553515706695848664e+01 -1.195512088391467387e+01 4.247496271720648586e+00
1.028322328024638077e+00 2.180654343111723126e-01 8.502033874189175222e+00 7.312216907078750161e+00 1.293292389197451708e+00 4.090221981439235988e-01 8.805901280497704930e-02 3.263397681675323625e+00 1.100000000000000000e+01 7.000000000000000000e+00 2.000000000000000000e+00 -2.260009393872310739e+03 3.220000000000010942e+01 1.524433711701940375e+01 -1.560509818631810264e+00 2.020286464684159788e-01
1.556467172590114467e+00 5.556536912653007310e-01 7.447889308730625046e+00 9.410726929604800617e+00 1.504660608394703392e+00 1.067574097355013851e+00 7.213095327251716204e-01 2.557119896544910453e+00 1.000000000000000000e+01 7.000000000000000000e+00 4.000000000000000000e+00 -1.162426038803087351e+02 1.090599999999958527e+02 2.233747849806803215e-02 -1.730241925235669775e+00 2.761915137951658772e-01
