1.720375480376097332e+00 1.707599150173796376e+00 6.871244574361375257e+00 4.096441378158904634e+00 1.251613412189122920e+00 4.761592911993625110e-01 5.632745421463636326e-01 2.235245520793184504e+00 5.000000000000000000e+00 8.000000000000000000e+00 3.000000000000000000e+00 -2.778784699682665291e+02 2.400800000000151329e+02 9.864904373016186057e+00 -1.379250396150319746e+00 6.271781648002977327e+00
2.898867706834198366e-01 1.333976311581368090e+00 6.931721449587070261e+00 4.557245821242392303e+00 2.734832259099730045e+00 9.872274436823905708e-01 6.645817121814648898e-01 2.094660040451340244e+00 4.000000000000000000e+00 1.600000000000000000e+01 4.000000000000000000e+00 -6.926898830437635297e+02 4.801600000000302657e+02 2.828811769023427303e+01 -1.191227208182452230e-01 1.126811105734114304e-02
7.951988557922914369e-01 1.960352042526100735e+00 5.571901166359431556e+00 7.027894153023471979e+00 1.840833119461903422e+00 2.543299175074118512e-01 5.456608698155887005e-01 3.537845163766363488e+00 0.000000000000000000e+00 1.000000000000000000e+01 5.000000000000000000e+00 -2.258396312937290531e+03 1.205999999999974222e+02 1.238101955858074099e+01 -3.259541864435472558e+00 4.712491969288378435e+00
4.884437855314880395e-01 1.768721032103534707e+00 9.112011172256130109e+00 1.797512676394961151e+00 2.598324818941946113e+00 1.005150434495283962e+00 5.535421345557698380e-01 2.891193413064164552e+00 7.000000000000000000e+00 1.200000000000000000e+01 3.000000000000000000e+00 -5.948558876770682673e+02 3.601200000000105774e+02 2.592474297981643971e+01 2.403191512468090540e-02 5.538371638324182666e-02
1.539640462754046535e+00 1.091201363881067143e+00 4.908510602456622962e+00 2.500912089551542206e+00 2.151882895421548980e+00 4.302223707714396550e-01 5.684390042215641259e-01 3.095924860005907497e+00 2.000000000000000000e+00 2.000000000000000000e+01 2.000000000000000000e+00 -7.452987093735644066e+02 6.001999999999994770e+02 2.782491933584779531e+01 5.446177116268101637e-01 7.796137875060066801e-03
1.328996239824609349e+00 1.987595853079662911e+00 3.981365881833133891e+00 2.422743485788604545e+00 8.621515157573388377e-01 2.164507645602563812e+00 6.845396796125927663e-01 2.764103092414837093e+00 5.000000000000000000e+00 1.200000000000000000e+01 1.000000000000000000e+00 -2.289994046992293988e+03 7.715999999999989711e+01 1.571337793701837704e+01 -5.400249863282890139e+00 1.312742063043556451e+00
1.114452336513513053e+00 2.139887222172192516e+00 8.724870400495291278e+00 6.125058124432821494e+00 2.251165785371710637e+00 1.593675789388231179e+00 3.749174989534366231e-01 2.549864227050275378e+00 6.000000000000000000e+00 5.000000000000000000e+00 4.000000000000000000e+00 -2.078975996904855208e+02 1.380999999999971521e+02 2.357964952109247586e-02 -9.959570986928436565e-01 1.551809745891076682e-03
2.041084341048664985e+00 2.172925446679033978e+00 6.534264671328029017e+00 3.650377221686171403e+00 2.332719153132278844e+00 1.480862332654425240e+00 4.443821854494750534e-01 3.135861382499143701e+00 2.000000000000000000e+00 1.400000000000000000e+01 5.000000000000000000e+00 -2.357733059035945644e+03 2.098599999999925103e+02 1.580019118974684567e+01 -1.202969039919276639e+01 1.777119336663057325e+00
9.730284885070927814e-01 2.401129333948064826e+00 2.045858319372661605e+00 1.936657647476221600e+00 2.328049736705109840e+00 1.046473652076799654e+00 9.451959554542687103e-01 2.319997088472630864e+00 3.000000000000000000e+00 1.400000000000000000e+01 2.000000000000000000e+00 -5.973227119078097758e+02 4.201399999999720194e+02 2.420329449423898538e+01 -2.284871507318931627e+00 6.882503760668565174e-02
1.109193201220362468e+00 2.564556572447725724e+00 7.778106671564116503e+00 5.425125800241300311e+00 2.751129655468364632e+00 2.000091071048782698e+00 4.290219932766023425e-01 4.274366014615913478e+00 6.000000000000000000e+00 6.000000000000000000e+00 4.000000000000000000e+00 -2.371236091616138765e+03 5.430000000000054428e+01 2.150538072600865647e+01 -3.392685361627114649e+00 5.666000137715382579e+00
1.239227929621324442e+00 2.254431701293219348e+00 9.182879582560513398e+00 2.822987733750841777e+00 1.711195079866266511e+00 2.313221903386809775e+00 7.324989592433566177e-01 2.756494087392068248e+00 8.000000000000000000e+00 1.400000000000000000e+01 5.000000000000000000e+00 -2.357576245202426435e+03 2.301599999999905322e+02 1.515601532515193384e+01 -2.641399762843651633e+00 5.842534188267505257e+00
8.736971005083045139e-01 2.371195015124233141e+00 5.347506611274743804e+00 4.397371913458075099e+00 1.949290090835445133e+00 1.244212002485191260e+00 4.022259813721585364e-01 2.778243183119715631e+00 4.000000000000000000e+00 1.100000000000000000e+01 2.000000000000000000e+00 -5.661130309901307101e+02 3.301100000000244563e+02 2.506612693688240867e+01 -1.454182149706790272e-01 6.280613272990533957e+00
1.179330774408828386e+00 1.131930115490078492e+00 6.666333248946652468e+00 4.315291099531571639e+00 1.558252427071350477e+00 1.259835350866145287e+00 8.824056958271686568e-01 2.567914223131739337e+00 7.000000000000000000e+00 5.000000000000000000e+00 4.000000000000000000e+00 -2.323964176677390697e+03 2.905000000000027782e+01 1.933994854233690219e+01 -2.926923107594701534e+00 4.273650449374553628e-01
1.524844280894917858e+00 2.919694660126244123e+00 7.175734788019625832e+00 5.897105316839776457e+00 2.687983507150665474e+00 1.993829366168204942e+00 8.281687131905792754e-01 3.359677863237453987e+00 5.000000000000000000e+00 8.000000000000000000e+00 4.000000000000000000e+00 -2.164909370213697002e+03 1.043999999999981299e+02 7.044335638356133522e+00 -1.446610227537311211e+01 2.731458525144267568e+00
8.567896138480951551e-01 1.967148611706336592e+00 7.420232667801846205e+00 4.198065955485724032e+00 6.865169315313593978e-01 1.796995597619915008e+00 5.789533249168405948e-01 3.221534161905727167e+00 5.000000000000000000e+00 1.600000000000000000e+01 2.000000000000000000e+00 -2.349463999728825911e+03 1.852799999999967611e+02 1.605149998305170911e+01 -2.997265996381060393e+00 5.163117550913778331e+00
1.868759768222550743e+00 1.552590245180875961e+00 5.856928056788811787e+00 3.730500690993665991e+00 2.965449828192764592e+00 1.265480777368154897e+00 9.083086523544523505e-01 3.652481050024891651e+00 1.000000000000000000e+00 4.000000000000000000e+00 3.000000000000000000e+00 -2.387321723296804976e+03 1.115999999999993797e+01 2.385885770605030487e+01 -4.611507028207119774e+00 1.094400231175537197e+00
6.398939381335320142e-01 1.622123576028252634e+00 6.179742975993941734e+00 3.969421135829740876e+00 2.411101012512967046e+00 1.129442995458086685e+00 5.454927606809928387e-01 3.057658788308128983e+00 3.000000000000000000e+00 1.100000000000000000e+01 2.000000000000000000e+00 -6.051481413881679146e+02 3.301100000000244563e+02 2.750582133675973395e+01 2.575188847068896059e-02 1.501907307681404902e-03
5.274482006897236452e-01 6.697770398807754155e-01 4.148268648963892247e+00 1.859448943687768585e+00 2.059100659447288706e+00 8.865602300105338562e-01 4.115940545389634719e-01 2.189446399501242979e+00 8.000000000000000000e+00 1.100000000000000000e+01 3.000000000000000000e+00 -5.395891287456117880e+02 3.301100000000244563e+02 2.340838304659997604e+01 -5.384325430937447754e-03 1.209534207192497490e-03
3.242977236468589375e-01 1.966293460110957625e+00 7.817076243053339368e+00 3.877892360852507991e+00 1.972795871826760195e+00 2.020988464880382196e-01 4.644137016492326797e-01 3.927770462533814566e+00 2.000000000000000000e+00 7.000000000000000000e+00 3.000000000000000000e+00 -5.232084450558389790e+02 2.100699999999860097e+02 2.613584031599037161e+01 -1.275225122910304820e-01 3.531794649630504157e-02
1.008006689942617884e+00 2.206941120345509599e+00 8.019000199916131777e+00 3.309287555242550471e+00 1.935754079653613013e+00 1.387817734498873801e+00 9.097375746830480558e-01 3.226076195829340687e+00 3.000000000000000000e+00 1.400000000000000000e+01 2.000000000000000000e+00 -6.560311630896675297e+02 4.201399999999720194e+02 2.787257269310509500e+01 -1.446894424117454135e-02 3.376854007083096576e-03
7.144766171621165229e-01 9.862715973186874097e-01 9.980452741268248218e+00 2.841544189063741843e+00 2.071842103462933959e+00 1.659782865480022185e+00 6.108925445148187805e-01 2.636004020135043646e+00 6.000000000000000000e+00 1.200000000000000000e+01 3.000000000000000000e+00 -5.983718422585295684e+02 3.601200000000105774e+02 2.614449014115776748e+01 -1.790703648647915813e-01 5.693587268703562132e-02
1.462909183972431748e+00 2.178956725162882524e+00 7.942377966359185137e+00 5.393430527479015524e+00 2.658144413798726902e+00 1.018828958880184654e+00 8.164584402447270239e-01 4.077191181153168031e+00 4.000000000000000000e+00 7.000000000000000000e+00 2.000000000000000000e+00 -4.564371754988170551e+02 2.100699999999860097e+02 2.196263596867650492e+01 8.396309885316734223e-02 6.280237947242023111e+00
1.295833172241116937e+00 2.802817173299787967e+00 9.406161407024782761e+00 1.180843124924428444e+00 1.510499441706899315e+00 9.892726311166023523e-01 4.118115413108497380e-01 3.520119415888871117e+00 4.000000000000000000e+00 6.000000000000000000e+00 4.000000000000000000e+00 -2.632326546366807634e+02 1.800600000000052887e+02 1.082516591479238066e+01 -8.815570964382899444e-01 6.278564724282697185e+00
2.879076268832406083e+00 2.219143516174399977e+00 6.016447235499386537e+00 1.940302963242168000e+00 8.228401877958226862e-01 1.424032758776959007e+00 7.208794816635788472e-01 2.064095679146340512e+00 5.000000000000000000e+00 8.000000000000000000e+00 3.000000000000000000e+00 -2.307051219034993665e+03 1.126399999999979542e+02 1.567070118968716841e+01 -8.203099795515550463e-01 6.185647149265783185e+00
1.916959804947859780e+00 1.572483045385649980e+00 6.761285919705597891e+00 6.592947954867099725e+00 1.827454149104170034e+00 7.914244146623052867e-01 9.243569426528548405e-01 4.029851324469815310e+00 4.000000000000000000e+00 5.000000000000000000e+00 4.000000000000000000e+00 -2.386008994304776024e+03 1.675000000000010303e+01 2.360212464404848731e+01 -3.190592325477375812e+00 6.541470379975700133e-01
3.404892728970558835e-01 1.453719991039026604e+00 2.599675292070159127e+00 4.479747233613540658e+00 1.413579474102542477e+00 1.374197025365076152e+00 8.640621432797935819e-01 2.686642608948453859e+00 7.000000000000000000e+00 1.500000000000000000e+01 2.000000000000000000e+00 -2.160524091600776046e+03 1.942500000000044906e+02 3.962443225048361217e+00 -9.662600804978067615e+00 4.500395033714154280e+00
9.927614472376184995e-01 2.727875755486656839e+00 9.674855783635813111e+00 3.973418423579463621e+00 2.260098411502089899e+00 7.414221023431412094e-01 9.469704095457902593e-01 4.542587487777740130e+00 4.000000000000000000e+00 1.700000000000000000e+01 5.000000000000000000e+00 -7.107787856139600535e+02 5.101700000000154773e+02 2.848086160087201790e+01 1.238323682311205237e-01 6.251391747141331834e+00
2.207066081507521371e+00 9.030641795038872877e-01 6.797341451763948328e+00 4.303221161695437225e+00 2.465399498736692063e+00 6.204278494179665815e-01 6.119118102555850536e-01 3.654972128835278333e+00 7.000000000000000000e+00 4.000000000000000000e+00 2.000000000000000000e+00 -2.389400327488006042e+03 8.479999999999995097e+00 2.407252046800036993e+01 -1.567315670996133559e+00 5.960621633553369492e+00
3.847590629012147545e-01 2.075797098039312338e+00 4.321418567488096940e+00 4.395760449485093702e+00 1.911651110938190623e+00 2.202661866436585125e+00 5.761433535602752398e-01 2.510814503430585543e+00 5.000000000000000000e+00 4.000000000000000000e+00 2.000000000000000000e+00 -3.137753753345074301e+02 1.200400000000075664e+02 1.585971095840647926e+01 9.604732325172277152e-02 6.282829971934547508e+00
1.927838052781204903e+00 1.014611177060675162e+00 7.168644339465406468e+00 4.660612204681550352e+00 1.073323158680194567e+00 1.233748170166378832e+00 4.860389029305868247e-01 2.747641252741966689e+00 7.000000000000000000e+00 5.000000000000000000e+00 4.000000000000000000e+00 -2.361891851453159234e+03 2.000000000000014921e+01 2.199324071582244855e+01 -1.062893640242737137e+00 1.045420326419785328e-01
1.839711210655033291e+00 1.552932552299400193e+00 7.051064862749391260e+00 3.286424063561453668e+00 1.506970292147304491e+00 1.924063113336569986e+00 1.462834996677652155e-01 2.354483753038595140e+00 8.000000000000000000e+00 3.000000000000000000e+00 1.000000000000000000e+00 -2.384260067276914924e+03 8.790000000000004476e+00 2.374156670480716613e+01 -2.380334851285365261e+00 4.307579715577602997e-03
1.236323989101637766e+00 2.051859342194773284e+00 2.678521948975798761e+00 1.960151860019349934e+00 2.803150585755065816e+00 1.298225857221366963e+00 7.069774566663896698e-01 3.513463501746445949e+00 1.000000000000000000e+00 1.700000000000000000e+01 3.000000000000000000e+00 -3.311982969854979046e+02 1.133900000000009669e+02 5.756752786579055758e-03 -2.585248581158285575e+01 5.087302719896145131e-01
1.825699027603215230e+00 2.806716082413657443e+00 7.331715654742958499e+00 8.101967748849729034e+00 1.325883702094356131e+00 1.235911459643361354e+00 1.915126363279055222e-01 3.328097519100872592e+00 4.000000000000000000e+00 5.000000000000000000e+00 5.000000000000000000e+00 -1.193260345502877016e+02 1.008999999999964103e+02 1.896255056681554058e-02 -1.305904959565579615e+00 2.307733471848220919e-01
2.068894994197346016e+00 2.090086759861375931e+00 2.747685430709171150e+00 3.211917586892790943e+00 1.350930336099397389e+00 1.296987309591097759e+00 5.168988913959791098e-01 2.380327222731011716e+00 8.000000000000000000e+00 7.000000000000000000e+00 3.000000000000000000e+00 -2.389585423394098143e+03 2.121000000000006480e+01 2.368627646213112925e+01 -2.378736688064507110e+00 2.242532550585420170e-01
1.720468333668566441e+00 2.264555442830175291e+00 7.724712087636297575e+00 3.020906896687507448e+00 1.456498896912162833e+00 1.517943961691387234e+00 3.458300444052028189e-01 3.484523901914077015e+00 3.000000000000000000e+00 5.000000000000000000e+00 2.000000000000000000e+00 -2.160340256861313264e+03 7.639999999999780300e+01 7.633766053832148124e+00 -2.116445166307291625e+00 5.498290191944549932e+00
7.362193546567308289e-02 1.870137890104575762e+00 6.337856554810111120e+00 3.229481679973789543e+00 1.903761753255224676e+00 2.365371512114770702e+00 9.955460514601385258e-01 2.522583563933415984e+00 6.000000000000000000e+00 1.600000000000000000e+01 2.000000000000000000e+00 -6.774625495662377261e+02 4.801600000000302657e+02 2.733640934788891030e+01 -3.468369941460482109e-02 6.275856396098924428e+00
2.407855363330443588e+00 1.549954218434796527e+00 4.710938379528156972e+00 1.143907324545463400e+00 2.078970108506879022e+00 2.953440984682353943e-01 7.320577542122310710e-01 2.542549929403355335e+00 9.000000000000000000e+00 1.000000000000000000e+01 2.000000000000000000e+00 -2.805691437413704534e+02 3.000999999999997385e+02 8.157446483835661510e+00 1.628850836069000163e-01 7.333677823249118433e-04
2.467259022900144760e+00 1.132950426927785692e+00 9.007862327032936989e+00 3.138616089830832401e+00 1.709408222201195926e+00 4.247095710522416079e-01 8.502194375718310493e-01 3.515420751934855037e+00 8.000000000000000000e+00 1.600000000000000000e+01 3.000000000000000000e+00 -5.181611920399142264e+02 4.801600000000302657e+02 1.738007450249369512e+01 4.944559433694173389e-02 6.275023946440773770e+00
8.913576422716662506e-02 2.009175089407169157e+00 6.659464315191340411e+00 6.972477433286471182e+00 2.385056627985538302e+00 8.721506663095630607e-01 3.776817246783572002e-01 4.537622480785055146e+00 3.000000000000000000e+00 5.000000000000000000e+00 3.000000000000000000e+00 -2.215850735884739152e+03 2.305000000000019256e+01 1.277035849279620194e+01 -1.640065269202951015e+01 3.264225639978306948e+00
2.130974694889273380e+00 1.800058055875887408e+00 7.102972317831048876e+00 4.198567323422320641e+00 2.813862748367824462e+00 1.049170388106842600e+00 2.436995840321914686e-01 4.117489373686487042e+00 1.000000000000000000e+00 1.500000000000000000e+01 3.000000000000000000e+00 -2.530477829467608444e+03 2.998500000000001933e+02 2.378455184172554837e+01 -4.128398181261473954e-01 3.587352631569719341e-02
1.897993831461705971e+00 3.274032179968164868e-01 3.572068744721545563e+00 1.955017709478064081e+00 2.517512628952477183e+00 2.043214537300019895e-02 6.597220868624894541e-01 3.130464896793943019e+00 7.000000000000000000e+00 1.600000000000000000e+01 1.000000000000000000e+00 -6.468267629319485650e+02 4.801600000000302657e+02 2.542167268324584128e+01 -3.518722584516357360e-02 5.700355886435914954e-03
6.801812211816005149e-01 2.662338045416929422e+00 4.676309436844057643e+00 5.306547045644812499e+00 1.811437217941630262e+00 5.682560846263107202e-02 9.620009978597835465e-01 3.043639387899459425e+00 1.000000000000000000e+00 7.000000000000000000e+00 2.000000000000000000e+00 -5.268498502099985217e+02 2.100699999999860097e+02 2.636342813812534658e+01 1.606706887000624862e-01 4.903699320449249680e-03
1.202957169509415225e+00 1.859945469653522032e+00 7.992665404728374945e+00 2.189466162607629052e+00 2.473200111827484449e+00 5.960615832914271106e-01 8.515113527356477086e-01 2.854720568856110585e+00 4.000000000000000000e+00 6.000000000000000000e+00 4.000000000000000000e+00 -4.648608613589800029e+02 1.800600000000052887e+02 2.342692883493608491e+01 -1.743480643100726174e-02 7.366744643891743466e-05
2.949821909068575665e-01 2.317516455203150194e+00 3.686051180237332581e+00 2.072755428228409080e+00 1.646685634104561258e+00 7.612092316034151374e-01 5.163226474795931109e-01 3.552492931571000323e+00 8.000000000000000000e+00 2.000000000000000000e+00 4.000000000000000000e+00 -2.383605774954280150e+03 3.820000000000002949e+00 2.385598593464249717e+01 -3.564214946370261039e+00 5.824113935336826774e-03
7.735317121780851402e-01 2.946204081844869371e+00 4.197990743311586392e+00 5.898538527225117178e+00 2.800540567410707560e+00 8.375807282963384504e-01 9.263800436255815729e-01 3.118172973323062536e+00 0.000000000000000000e+00 8.000000000000000000e+00 1.000000000000000000e+00 -2.237032803529810735e+03 1.311999999999981128e+02 1.071455022061323525e+01 -2.467810348608350690e+00 6.719538277249819114e-01
9.252316240429949712e-01 2.590038424056634536e+00 5.200295681186179131e+00 3.464443512665591474e+00 4.192879167130847962e-01 1.786230061284757475e+00 3.686676440833347446e-02 2.313782904140521346e+00 7.000000000000000000e+00 1.700000000000000000e+01 2.000000000000000000e+00 -2.389556549721566171e+03 8.585000000000069065e+01 2.166447185759786720e+01 -1.168260079500529791e+00 6.123351682432119247e+00
5.256282459869985324e-01 2.997668049879460117e+00 7.614892842116293359e+00 7.394620171702624312e+00 2.463831679989744394e+00 1.993179820095064114e+00 6.432582378559423830e-01 3.126839016053134745e+00 5.000000000000000000e+00 6.000000000000000000e+00 4.000000000000000000e+00 -1.017468946249409669e+03 1.339800000000035425e+02 -9.005292630266534259e-02 -2.294596500261204852e+01 2.717323155389907985e+00
2.576387462892138380e+00 2.318523566842279227e+00 7.512306698632011503e+00 3.743685676087348924e+00 2.097032221058286794e+00 1.303674446730681558e+00 6.069455698886980777e-01 3.297349625298115150e+00 2.000000000000000000e+00 3.000000000000000000e+00 2.000000000000000000e+00 -5.472831013583725479e+01 9.003000000000264436e+01 6.070818834897458993e-01 -5.249498016269444900e-01 6.275781032760969325e+00
