1.496241604111715695e+00 1.286329978064184143e+00 6.142224244696949498e+00 4.674006544243470174e+00 1.116382996330098187e+00 1.059864687139205008e+00 7.800609906004445371e-01 2.990461522782239090e+00 1.000000000000000000e+01 1.600000000000000000e+01 2.000000000000000000e+00 -3.355838949053907072e+02 4.028800000000181853e+02 2.462047825126976661e-02 -1.019147500113206872e+00 1.680574143895535028e-02
2.885758607903312623e+00 1.254078388206568029e+00 5.147006583901952759e+00 3.397595379714385189e+00 2.235619191984457022e+00 1.623164981915333316e+00 2.913007105868408164e-01 2.594232836389757324e+00 1.100000000000000000e+01 1.500000000000000000e+01 2.000000000000000000e+00 -2.314205699915370133e+03 1.474500000000027171e+02 1.503004374471055726e+01 -2.700991671424531226e+00 8.498069479068136589e-01
4.383415780418242758e-01 9.753733337508707635e-01 4.734786897920979953e+00 6.970411621246916489e+00 1.679320177918638857e+00 1.106863966604397120e+00 5.350434235532552929e-01 3.345769810969168923e+00 9.000000000000000000e+00 6.000000000000000000e+00 1.000000000000000000e+00 -2.276048740345594524e+03 3.947999999999998266e+01 1.601929627159965008e+01 -2.399144346533971017e+00 4.945910508822343843e+00
3.785074319332260018e-02 1.550687183546912706e+00 7.029261754011042918e+00 5.728554480481151678e+00 2.180893620240530684e+00 1.068924631135607983e+00 9.469954363953994037e-01 4.013369338101383299e+00 9.000000000000000000e+00 1.500000000000000000e+01 2.000000000000000000e+00 -2.446973585968224143e+03 3.473999999999929855e+02 1.707959912301423344e+01 9.610868208055537432e-01 5.908854747378956773e+00
1.438340268716404191e+00 1.854969951003038187e-01 6.722223760196831321e+00 9.265332445449988796e+00 2.875556366945209774e+00 1.361981249532061122e+00 2.540049987208645166e-01 3.129967683323692906e+00 1.000000000000000000e+01 1.800000000000000000e+01 4.000000000000000000e+00 -2.409409594798935359e+03 3.121200000000092700e+02 1.583434967493315781e+01 -1.735932669080661350e+00 5.420236782576651535e+00
2.346086805346002446e+00 2.924906250713950939e+00 8.517319270576432899e+00 7.774284564594530877e+00 2.127531029813704677e+00 8.046014835208255001e-01 5.397065733071100269e-01 2.513446530967869297e+00 6.000000000000000000e+00 1.300000000000000000e+01 1.000000000000000000e+00 -4.902828813174121478e+02 3.901299999999891384e+02 1.845111758233860044e+01 -4.648015835467780299e-01 6.279642755982146163e+00
1.467244621753954981e+00 1.463723422204616487e+00 8.116249854555727339e+00 6.790970888402182659e+00 1.430064672170426432e+00 7.796620490861978503e-01 7.007624011138371412e-01 2.945978953546064538e+00 1.100000000000000000e+01 1.700000000000000000e+01 2.000000000000000000e+00 -3.054077647636871120e+02 5.101700000000154773e+02 3.145172797729962166e+00 -2.775734129699670705e-01 6.412420553193692863e-02
1.757508226934639595e+00 9.534610195828514545e-01 8.477177515319706202e+00 3.524302644539237583e+00 1.902477305364677740e+00 2.095300912026115014e+00 2.699282480140987039e-01 3.346721357287115506e+00 8.000000000000000000e+00 1.200000000000000000e+01 3.000000000000000000e+00 -2.410735761963737787e+03 5.783999999999953445e+01 2.386348512273364619e+01 -1.370715145857255957e+00 1.185085765553435921e+00
1.437994873611016189e+00 1.812658174079281537e+00 8.960949098542958069e+00 3.614721452444701555e+00 2.029506292775063336e+00 1.563311506552112373e+00 7.788500435320628856e-01 2.140039801077088022e+00 6.000000000000000000e+00 1.700000000000000000e+01 1.000000000000000000e+00 -6.873533091625698717e+02 5.101700000000154773e+02 2.701676932266013154e+01 -4.832202053597714486e-02 6.271217875054091451e+00
8.947370430691925502e-01 1.553165914957042038e+00 6.267942354207331590e+00 7.668908865651910212e+00 2.312733204346239635e+00 4.828369926921912691e-01 5.162822894145631114e-01 3.146581969795705813e+00 7.000000000000000000e+00 1.600000000000000000e+01 2.000000000000000000e+00 -6.590040349720484301e+02 4.801600000000302657e+02 2.618275218575207930e+01 1.289954814579527265e-01 6.761718287608076139e-03
1.562863523962571666e+00 8.753434836592919321e-01 8.550298923130778661e+00 8.686980660235999352e+00 2.037614770121372487e+00 1.231227748937707145e-01 7.694326183944504294e-01 2.795376462443917465e+00 5.000000000000000000e+00 1.300000000000000000e+01 1.000000000000000000e+00 -6.218126419680615982e+02 3.901299999999891384e+02 2.667172762300419109e+01 2.249906835820901507e-02 1.878358040499344267e-02
1.402955538434706773e+00 1.275003715247998937e+00 9.810036802107358511e+00 6.034801303639565795e+00 2.196831691571465406e+00 2.064104095021196628e+00 6.093796982882172530e-01 2.411141550662086797e+00 1.100000000000000000e+01 2.000000000000000000e+01 2.000000000000000000e+00 -2.507874178732165092e+03 4.555999999999826855e+02 1.750463617076087175e+01 -1.282813209395733400e+00 7.475825144036251091e-01
6.834237587445040063e-01 1.242392457561960262e+00 4.367694319924183333e+00 6.195926526895652486e+00 2.300475928848430218e+00 2.275454006666159934e-01 9.683071034532698962e-02 3.761634128893544204e+00 1.000000000000000000e+01 1.400000000000000000e+01 3.000000000000000000e+00 -5.983910982797235647e+02 4.201399999999720194e+02 2.427006864248359719e+01 -1.217939462790962324e-01 5.917102690881460153e-03
1.669282255464844988e+00 1.129630546722886208e+00 8.587534060133300784e+00 3.791360493605736792e+00 2.341627892920696397e+00 1.814644249975931878e-01 2.332022421721332006e-01 2.224774398304302458e+00 1.000000000000000000e+01 6.000000000000000000e+00 3.000000000000000000e+00 -2.336812634958213494e+03 3.821999999999993491e+01 1.985641468488833539e+01 -3.308182094190335598e-01 7.887239387539951574e-02
1.761927200295689389e+00 1.448664999403375786e+00 6.060560559173065798e+00 5.276450856084355934e+00 2.557109593604828035e+00 2.932445203689847402e-01 6.018568268394294263e-01 2.534336745495442855e+00 9.000000000000000000e+00 1.000000000000000000e+01 2.000000000000000000e+00 -4.182596620301882240e+02 3.000999999999997385e+02 1.676310387688677039e+01 2.327062485515015919e-02 5.017905579239348782e-03
2.511281708230491461e+00 1.162970684339963867e+00 4.961199955011739604e+00 5.943572433819331202e+00 1.478640157046962500e+00 9.061629274354732200e-01 4.107310208053600586e-01 2.727615861679024700e+00 3.000000000000000000e+00 1.100000000000000000e+01 3.000000000000000000e+00 -2.211769558013176038e+02 3.301100000000244563e+02 3.507622237581586866e+00 -2.008325486608495969e-01 6.264054379979654641e+00
2.005248542052189720e+00 1.846770271671464236e+00 9.816432905411584642e+00 8.938095973532162120e+00 2.556995864965228016e+00 3.542468065282597389e-01 8.629598822455549767e-01 2.625080026620280726e+00 9.000000000000000000e+00 1.700000000000000000e+01 1.000000000000000000e+00 -6.851250069286830922e+02 5.101700000000154773e+02 2.687750043304221137e+01 3.122142545741788539e-02 6.278835358803014799e+00
1.242918830241262818e+00 1.429243435409685015e+00 9.217010676795265312e+00 5.740704851845844559e+00 2.881611546100571797e+00 1.274051876795819771e+00 8.184115957409267006e-01 2.727182115629179116e+00 1.000000000000000000e+01 1.600000000000000000e+01 2.000000000000000000e+00 -6.598404463056472196e+02 4.801600000000302657e+02 2.623502789410200364e+01 1.684871390698994970e-02 6.281795770313606475e+00
1.381406137821303171e+00 1.118017258592196139e+00 5.224769337575111194e+00 4.124659646050745643e+00 1.414324450967402225e+00 6.443267495024631586e-01 4.624788754393170942e-01 4.734466139874743185e+00 6.000000000000000000e+00 1.200000000000000000e+01 3.000000000000000000e+00 -5.983157056147404091e+02 1.011600000000008066e+02 1.950113632132646768e-02 -7.270265775165041688e+00 4.586653864370274114e+00
1.546327236043880227e+00 1.833561864623179716e+00 8.436802569640443394e+00 7.607184469257136428e+00 2.616590553401003660e+00 1.483301781480464321e+00 6.310036014119031478e-01 3.282613080275184281e+00 9.000000000000000000e+00 4.000000000000000000e+00 2.000000000000000000e+00 -2.393321681122137306e+03 1.767999999999980076e+01 2.403010507013357255e+01 -2.610185253871670774e-01 6.268328596560730048e+00
1.290829417842222160e+00 2.732122554128069591e+00 7.617708576511118324e+00 7.583820450018899706e+00 2.803330694595616901e+00 1.129139123512988174e+00 5.633560956246319584e-01 3.216914724471799047e+00 7.000000000000000000e+00 1.300000000000000000e+01 4.000000000000000000e+00 -6.093924366548324087e+02 3.901299999999891384e+02 2.589546479092736675e+01 -2.081197253410416170e-02 9.376560607901285663e-03
8.243472150168082990e-01 2.436757493388611806e+00 9.754573414862365510e+00 6.712844481822968667e+00 2.446178576667660920e+00 6.963643407294516363e-01 7.628342590858920857e-01 3.044761631154552450e+00 1.000000000000000000e+01 1.800000000000000000e+01 3.000000000000000000e+00 -7.055238191012249445e+02 5.401800000000090449e+02 2.721461369382627637e+01 2.561276869127524503e-01 2.641530727421098623e-02
8.942624669315099029e-01 5.608671987219256971e-01 7.612795277074823730e+00 6.662091277412618417e+00 2.975351371965479164e+00 2.132624478265637613e+00 6.151380158562775868e-01 2.977443996934566073e+00 9.000000000000000000e+00 1.500000000000000000e+01 1.000000000000000000e+00 -2.395123727734733620e+03 1.216500000000017536e+02 2.089367048342080224e+01 -1.252733962756889596e+01 4.237985460849243324e+00
1.158646983031200728e+00 5.411369947456786678e-01 7.006322309862949460e+00 7.978155391456660084e+00 2.657813163226015352e+00 5.230216930045805679e-01 6.155747177209248688e-01 3.062364014748502061e+00 3.000000000000000000e+00 1.100000000000000000e+01 4.000000000000000000e+00 -6.070681609085501123e+02 3.301100000000244563e+02 2.762582255678361776e+01 -6.848739253924107651e-02 9.193762357585733014e-03
1.201011674875951174e+00 1.495882775987537716e+00 9.403599362873855227e+00 7.558957508366235700e+00 2.738957573636959797e+00 3.101399053850532050e-01 5.204914066654435789e-01 2.790476953486495937e+00 0.000000000000000000e+00 1.300000000000000000e+01 2.000000000000000000e+00 -6.932218299561237700e+02 3.901299999999891384e+02 3.113480187225807327e+01 -9.447907834582525144e-02 3.709929898186761343e-03
1.885341161335985394e+00 2.689936317679281874e+00 5.380653821370854573e+00 1.414548881618805209e+00 2.134880294670665091e+00 1.644980316654140573e+00 4.106346748456030649e-01 4.460518478612495841e+00 7.000000000000000000e+00 9.000000000000000000e+00 4.000000000000000000e+00 -2.392207874296091632e+03 2.249999999999997158e+01 2.380986714350573052e+01 -2.262815057373729566e+00 9.781911792997219912e-01
1.579349466450101325e+00 1.470182942469341336e+00 8.772356717295370032e+00 4.504651892774197641e+00 2.845321436961190553e+00 8.359546754725978301e-01 4.742712281208273373e-01 4.058274096636766082e+00 2.000000000000000000e+00 1.400000000000000000e+01 1.000000000000000000e+00 -2.455377453099672493e+03 2.192399999999915963e+02 2.160984081872978280e+01 -2.324727725808992673e+00 1.221993047613365357e+00
1.109075356012509950e+00 2.605456234060223863e+00 6.713468571842003740e+00 3.708112332522284671e+00 1.758352633883866867e+00 2.340399320175374775e-01 1.968765115393470710e-01 3.256972451643521893e+00 8.000000000000000000e+00 1.500000000000000000e+01 4.000000000000000000e+00 -4.821765700891786537e+02 4.501499999999774104e+02 1.606884813057437000e+01 -2.608988518304185544e-01 6.277019647208427422e+00
1.534917205847285970e+00 2.993391131695655183e+00 5.457202430192156228e+00 4.603064450528623119e+00 1.202452784699258981e+00 2.631087287737971514e-01 2.742253184489116258e-01 2.795749925818651338e+00 7.000000000000000000e+00 9.000000000000000000e+00 3.000000000000000000e+00 -2.389803759149702273e+03 3.681000000000013728e+01 2.321242244685639378e+01 -2.754959819041098434e-01 2.015932933614905664e-03
2.397224411312517844e+00 1.566707863905249187e+00 5.944852234485238363e+00 6.310900098479635290e+00 1.776773839525835008e+00 3.715028111537994615e-01 4.569032695707502811e-01 3.304279390298064722e+00 9.000000000000000000e+00 7.000000000000000000e+00 2.000000000000000000e+00 -2.391620496153419481e+03 1.701000000000004775e+01 2.394471850958872139e+01 -1.287220177848371172e+00 6.204126365148877831e+00
1.028323862709512149e+00 1.209386487399482624e+00 2.914907100683095109e+00 4.683913330529967389e+00 5.885947763125994880e-01 8.825038238474696151e-01 2.327145180669223934e-01 2.033833351863614247e+00 7.000000000000000000e+00 1.500000000000000000e+01 3.000000000000000000e+00 -2.931427833536185972e+02 3.298499999999956458e+02 2.112771552977468076e-02 -1.051600311122087517e+00 3.655125971932952217e-02
1.229070060483039573e+00 1.540124353991144668e+00 4.751126807349844938e+00 7.132558582111590439e+00 2.056682839914056871e+00 1.250456003937260530e+00 4.786095951368415369e-01 3.194845756220115351e+00 9.000000000000000000e+00 6.000000000000000000e+00 3.000000000000000000e+00 -2.259770737960684528e+03 4.728000000000027825e+01 1.475817112254279095e+01 -1.290677983943450347e+00 5.777983094950098319e+00
2.087921656096541678e+00 1.623066069253670918e+00 7.613465607423638204e+00 5.585782514990444092e+00 2.840131678911121949e+00 1.045422270054259695e+00 9.628322113126914772e-01 3.008383683590270863e+00 1.000000000000000000e+01 1.500000000000000000e+01 3.000000000000000000e+00 -5.615137576475544847e+02 4.501499999999774104e+02 2.102742235297286300e+01 -4.823222948484474082e-01 6.277693318635110487e+00
1.260286654630118353e+00 8.022962794721801849e-01 9.801762147422348193e+00 9.938008655153961257e+00 2.020428854697748910e+00 3.540502589224143737e-01 7.258140233189777080e-01 2.622456108911940476e+00 0.000000000000000000e+00 1.100000000000000000e+01 1.000000000000000000e+00 -5.914833646171948658e+02 3.301100000000244563e+02 2.665177278857391485e+01 -1.131230121901588420e-01 3.747365517322317346e-02
2.189465378301315379e+00 2.295519372886694498e+00 2.033553793091837925e+00 4.645022430210476116e+00 1.919172200676475537e+00 7.957883869367488039e-01 6.705778237796495844e-01 2.744288481660675405e+00 4.000000000000000000e+00 7.000000000000000000e+00 4.000000000000000000e+00 -3.653211465562014837e+02 2.100699999999860097e+02 1.626788415976302815e+01 5.746918146390531112e-02 2.388013547705902795e-03
1.072668798072133001e+00 2.128692828665783132e+00 8.481525533830694741e+00 6.078855617716895310e+00 2.978956434441154322e+00 4.609749956666892023e-01 7.960985978733802204e-01 2.657834398010124222e+00 5.000000000000000000e+00 1.600000000000000000e+01 3.000000000000000000e+00 -7.035294635867761599e+02 4.801600000000302657e+02 2.896559147417256241e+01 3.359282417833511086e-02 3.255115404216065572e-02
6.541800650929526784e-01 1.947190318919238550e+00 6.267600660456401407e+00 3.109934292987370341e+00 1.197674412024448021e+00 2.409405518328050277e+00 5.835187925296371203e-01 3.026276697920852854e+00 9.000000000000000000e+00 9.000000000000000000e+00 3.000000000000000000e+00 -2.171361792984776912e+03 1.142100000000030633e+02 7.141049561548475033e+00 -3.032871722117580937e+00 5.438744640018777332e+00
2.103973154705534920e+00 2.783736478647241164e+00 3.279623080237020094e+00 4.712150666648808439e+00 1.783125616402794655e+00 6.320429878162159287e-02 8.673296222451383208e-01 3.323933662094756158e+00 2.000000000000000000e+00 6.000000000000000000e+00 5.000000000000000000e+00 -4.470863308554949072e+02 1.800600000000052887e+02 2.231602067846826642e+01 -1.874227737936498550e-02 4.515908745612905173e-02
2.574304075368398781e+00 8.696624440407727530e-01 7.325844830732015645e+00 6.585018174664283741e+00 1.584741566476185914e+00 9.551543230836854192e-01 1.149334165842108291e-01 2.614530670499317200e+00 5.000000000000000000e+00 1.400000000000000000e+01 1.000000000000000000e+00 -2.291637219424262184e+03 1.206800000000004474e+02 1.445607621401633480e+01 -1.477705220791879270e+01 3.350618161784199245e+00
6.027158622755874884e-01 8.439172869019695433e-02 9.634435780314806408e+00 7.645070819921428118e+00 1.832659269085313181e+00 5.110639518035429152e-01 5.622278753885034952e-01 3.562849209531206540e+00 6.000000000000000000e+00 1.500000000000000000e+01 1.000000000000000000e+00 -2.440713878854505765e+03 3.725999999999891656e+02 1.590086742840693823e+01 -1.010309905308221090e+01 1.683194724765604722e+00
1.646534497585994794e+00 2.048948099562521552e+00 3.675617328445153653e+00 3.591979641730458361e+00 2.816008356744007735e+00 3.910180872056305823e-01 1.719554535224127600e-01 2.738210481376350369e+00 5.000000000000000000e+00 1.400000000000000000e+01 3.000000000000000000e+00 -6.242732781979556194e+02 4.201399999999720194e+02 2.588770488737310060e+01 5.053559350096416269e-02 1.170421140099566978e-02
2.855092319014645996e-01 2.875906653633463428e+00 8.252581805843064444e+00 7.395467241370591083e+00 6.630959408033052505e-01 9.871569975008197551e-01 6.175930024518435646e-01 2.933569510356182519e+00 4.000000000000000000e+00 1.300000000000000000e+01 4.000000000000000000e+00 -4.698481183447702278e+02 3.901299999999891384e+02 1.717394489654847689e+01 -3.176981561454649827e-01 6.274162912472844411e+00
1.807604621289396363e+00 3.433312748642585177e-01 3.749762151102013163e+00 4.664905867529071770e+00 1.260111079697639358e+00 4.535944897210116844e-01 7.696986708073666472e-02 3.506314233900277966e+00 1.000000000000000000e+01 1.400000000000000000e+01 4.000000000000000000e+00 -2.357344624591145475e+03 5.222000000000016939e+01 2.070216403694659135e+01 -2.504533700876711233e+00 5.370381542810882536e+00
7.646030564738810487e-01 2.897819491623916388e+00 9.901183238206417769e+00 4.431081224928549389e+00 2.985260727425362415e+00 1.062184854296307268e+00 4.796754699180770243e-01 3.699062329051888920e+00 4.000000000000000000e+00 1.100000000000000000e+01 2.000000000000000000e+00 -6.376786961012969641e+02 3.301100000000244563e+02 2.953898100633029600e+01 8.287376333099612247e-02 3.563792731641522715e-02
9.829953507315487560e-01 1.470637009579996102e+00 5.067047310493796530e+00 7.905418876872101208e+00 2.365333338116616169e+00 1.503333399414186200e+00 3.713223636413013340e-01 3.328999699790384792e+00 1.100000000000000000e+01 1.400000000000000000e+01 4.000000000000000000e+00 -2.260782777155780877e+03 1.909599999999943520e+02 1.033142357223647778e+01 -5.563715864461343807e-01 8.125234744848371937e-01
1.029623956609445390e+00 9.521069469972167632e-01 7.365019240678008394e+00 2.361591001354515829e+00 1.557975692458903216e+00 1.880915784312271022e+00 6.954508228661566704e-01 3.842079507153621343e+00 3.000000000000000000e+00 8.000000000000000000e+00 1.000000000000000000e+00 -2.379203829424432570e+03 3.823999999999954014e+01 2.250523933902705664e+01 -2.849045696878929501e+00 5.940989977236275976e+00
1.531901156033698141e+00 2.511161420369925956e+00 9.201151135839486628e+00 4.914380958946972910e+00 2.001409791643213865e+00 5.955357666119163174e-01 7.208099802810485901e-01 2.266799049954969725e+00 8.000000000000000000e+00 1.600000000000000000e+01 2.000000000000000000e+00 -6.486267676136143336e+02 4.801600000000302657e+02 2.553417297584994827e+01 -2.709981682751315749e-03 3.532920297602245088e-03
1.676626630424350228e+00 8.681299089804748181e-01 6.788739233240068671e+00 5.387134498399094973e+00 2.314119807702831988e+00 5.718424226505250951e-01 1.939285117408431347e-01 2.650763417521917464e+00 9.000000000000000000e+00 7.000000000000000000e+00 1.000000000000000000e+00 -7.253394073641710804e+01 1.444799999999924012e+02 1.837129602630687558e-02 -9.716602598850418993e-01 6.281589828223431482e+00
