2.543605514181531912e+00 2.615955382354076875e+00 9.325928763028620949e+00 5.761293155958895795e+00 1.269282607348453329e+00 1.682608558898001316e+00 3.901500292253800573e-01 2.957477072900729365e+00 2.000000000000000000e+00 5.000000000000000000e+00 3.000000000000000000e+00 -2.265142508520259526e+03 4.019999999999985363e+01 1.531515678251622958e+01 -2.744056622838877413e+00 7.742391647305336688e-01
2.105935372103513892e+00 1.187215059690401864e+00 6.398363198734528190e+00 4.181498917766232282e+00 1.656992331677116459e+00 1.077954216893646233e+00 4.113701756126811881e-01 2.507097308155549875e+00 6.000000000000000000e+00 6.000000000000000000e+00 4.000000000000000000e+00 -2.265601477306988272e+03 5.082000000000041240e+01 1.501196733168675657e+01 -1.876951073514342427e+00 3.487292383183464017e-01
9.958928789077737820e-01 2.921733371750534936e+00 3.753549246702065467e+00 4.920804036861929909e+00 1.974896224842570103e+00 1.985813700000726767e+00 6.618945781649486770e-01 2.272043248460922538e+00 1.000000000000000000e+00 6.000000000000000000e+00 2.000000000000000000e+00 -5.145089938768417142e+02 1.800600000000052887e+02 2.652993711730243831e+01 -1.012844831424814379e-01 6.281740295618789105e+00
6.783858130023446842e-01 2.168674292768230760e+00 5.405062663745135332e+00 5.218126529227859578e+00 1.030815867477626213e+00 1.848364681977224144e+00 5.035584488399356129e-01 3.343841868693566699e+00 5.000000000000000000e+00 1.200000000000000000e+01 4.000000000000000000e+00 -2.288454091015800259e+03 8.316000000000012449e+01 1.542963068848750652e+01 -1.830230703673173975e+00 5.717304282779066327e+00
1.253963878547318389e+00 2.329497053960340125e+00 3.363948726700784153e+00 3.365614549673210831e+00 2.057904738814678502e+00 6.160615122917645348e-02 3.971863328688032269e-01 4.524400309580904889e+00 1.000000000000000000e+00 7.000000000000000000e+00 1.000000000000000000e+00 -4.204714574683539468e+02 2.100699999999860097e+02 1.971477859177255709e+01 -2.962644528001395217e-01 6.253644421834358091e+00
7.363426683194952416e-01 2.443264782669815283e+00 6.926002950272099667e+00 5.097077719991309763e+00 1.416702042632112857e+00 1.595331541465377923e+00 7.651277359823840385e-01 2.214630802362769657e+00 3.000000000000000000e+00 3.000000000000000000e+00 3.000000000000000000e+00 -1.669606601816958857e+02 8.979000000000263526e+01 2.280351606965894465e-02 -1.044034335880013709e+00 5.573926500606411066e-02
1.020168753067527856e+00 1.424655340563107275e+00 7.296044745234429918e+00 7.883070192570149182e+00 1.045543328840379704e+00 9.347704026797433174e-01 6.810963931825502193e-01 2.304483536769082797e+00 6.000000000000000000e+00 1.200000000000000000e+01 4.000000000000000000e+00 -4.504787661119951281e+02 3.601200000000105774e+02 1.690117288199936496e+01 6.048626285248900197e-02 4.483124435660457152e-03
9.747788419212928268e-01 1.938232739303857421e+00 6.063728375495379908e+00 3.455269552823660995e+00 1.722664262184659068e+00 5.619574106063073282e-01 5.585043646174988607e-01 3.621191297045549540e+00 6.000000000000000000e+00 1.600000000000000000e+01 3.000000000000000000e+00 -2.460805603234888622e+03 3.897600000000161344e+02 1.662035020218004888e+01 -5.073480410245228889e+00 4.549589455359448031e+00
1.248401680913669098e+00 2.069375308279802983e+00 5.828928368458983655e+00 4.690184042137961029e+00 1.928815779022482246e+00 1.419179755452426805e+00 6.007416433471324257e-01 2.161355177958937279e+00 1.000000000000000000e+00 4.000000000000000000e+00 5.000000000000000000e+00 -2.524882076026071616e+02 1.200400000000075664e+02 1.202926297516271070e+01 2.146202182354020049e-01 6.786669957605795389e-04
1.636394066697375749e+00 2.844150342167679479e+00 7.038129196973690327e+00 3.946151658279055230e+00 1.530272068495888149e+00 2.199891524399644638e+00 1.838098161698025201e-01 2.335177376238437130e+00 8.000000000000000000e+00 1.300000000000000000e+01 3.000000000000000000e+00 -9.777119931504913666e+02 3.503499999999905299e+02 -4.576236285478714472e-02 -8.502841154799426704e+00 3.608661188045130253e+00
1.283500962576913818e+00 1.276159313125138084e+00 3.438831802298760287e+00 4.481466087484919036e+00 2.774854867081822718e+00 8.380513130273008482e-01 7.040941920011341004e-01 3.229051212551785177e+00 7.000000000000000000e+00 3.000000000000000000e+00 4.000000000000000000e+00 -2.383118008088434181e+03 6.300000000000007816e+00 2.374800050552713415e+01 -3.252519644535222909e+00 2.716141693344965684e-03
3.289375443402080545e-01 1.705321826414813557e+00 5.207750423052639022e+00 7.306300350959121559e+00 1.913812806416808066e+00 5.401011045917192277e-02 4.689983972402527734e-01 2.878951431266662642e+00 1.000000000000000000e+01 6.000000000000000000e+00 3.000000000000000000e+00 -4.164454020300092338e+02 1.800600000000052887e+02 2.040096262687541184e+01 -4.947702643235946107e-02 6.269238225597013603e+00
5.817367635456164310e-01 2.344941365268271127e+00 1.882507993217232833e+00 3.076855874187130357e+00 2.012659344201082945e+00 7.662016108185591978e-01 7.213588400354263852e-01 2.258702938415233064e+00 7.000000000000000000e+00 9.000000000000000000e+00 2.000000000000000000e+00 -4.707945483470574572e+02 2.700900000000045225e+02 2.098434677169094797e+01 -2.175596988794812336e+00 6.913770340700509109e-03
1.376864203114927410e+00 2.662005234924775809e+00 8.066090448046018935e+00 1.016671299511619164e+00 1.122191660025702253e+00 6.096179832018258082e-01 3.060208804957977868e-01 2.776869891979923288e+00 1.000000000000000000e+01 1.000000000000000000e+01 4.000000000000000000e+00 -2.232024660848935014e+02 1.704999999999945999e+02 1.715715765854577968e-02 -1.002304088897260526e+00 6.279286276016828872e+00
4.578568544118331030e-01 1.850585443882683645e+00 7.965734011689566074e+00 4.044357796002575611e+00 1.949868137410150082e+00 1.599346132088714567e+00 7.209034229676742900e-01 2.634509975618983368e+00 3.000000000000000000e+00 1.100000000000000000e+01 3.000000000000000000e+00 -5.994392806458693030e+02 3.301100000000244563e+02 2.714901754036606363e+01 1.129205964915908356e-01 6.960251997994774953e-02
1.168263181074455481e+00 1.381043354215053531e+00 3.120669218453603122e+00 5.205021640766992697e+00 2.029743930443677069e+00 1.079763241799104101e+00 6.718726132106493942e-01 3.118697329021213438e+00 2.000000000000000000e+00 1.700000000000000000e+01 2.000000000000000000e+00 -2.440727213120698707e+03 1.851299999999968975e+02 2.176013832004374748e+01 -2.808663476316191066e+00 5.951049130433452738e+00
1.915369264432731811e+00 2.782623121021913004e+00 6.103005824224581488e+00 2.467597630167946754e+00 9.337604107364576578e-01 1.190346169417656697e+00 7.981675571252355716e-01 3.000409877134100345e+00 6.000000000000000000e+00 9.000000000000000000e+00 3.000000000000000000e+00 -2.261938283960430738e+02 1.809900000000055797e+02 2.448453756474303078e-02 -1.047896439972435312e+00 1.355097202763994209e-02
2.109979446786478086e+00 1.761821886647615187e+00 5.190096880321661388e+00 4.585601022156129858e+00 2.808905455881948843e+00 1.023900848189044588e+00 4.747116121078348572e-01 3.143258921003875717e+00 3.000000000000000000e+00 6.000000000000000000e+00 2.000000000000000000e+00 -4.842580696901615056e+02 1.800600000000052887e+02 2.463925435563492883e+01 -2.858976716072451907e-02 6.273768648503609491e+00
2.030354794710821587e+00 1.670270100122095647e+00 9.448003148155660114e+00 1.943864065984264977e+00 1.859745944854227506e+00 1.540813410826319174e+00 8.862893323616940489e-01 2.724462556794737367e+00 8.000000000000000000e+00 1.000000000000000000e+01 2.000000000000000000e+00 -4.099383599253054626e+02 3.000999999999997385e+02 1.624302249533160136e+01 -1.822068621579759629e-01 6.279681519564776160e+00
2.218868104715503442e+00 2.198684239478397195e+00 6.959998186015578625e+00 6.604781629528395648e+00 1.684356516529591064e+00 4.152431984758818695e-01 5.559870576249077434e-01 3.044090963038354136e+00 2.000000000000000000e+00 1.700000000000000000e+01 2.000000000000000000e+00 -6.821744857670145166e+02 5.101700000000154773e+02 2.669309286043792540e+01 8.075133985605235931e-02 6.273941727324634954e+00
8.875901596006600114e-01 2.731257667241552944e+00 5.102678543468553762e+00 4.333086916665540578e+00 2.049059480356170582e+00 1.080197170862513545e+00 5.077806285138113385e-01 2.318459185930013877e+00 4.000000000000000000e+00 9.000000000000000000e+00 3.000000000000000000e+00 -4.898229580531170768e+02 2.700900000000045225e+02 2.217362237831967775e+01 2.198791823225786091e-02 9.927293521121427489e-03
1.892720157984239204e+00 1.912164344997227650e+00 7.231840456420600027e+00 3.396512837034933341e+00 2.236635899358374591e+00 1.371121454500968895e+00 1.341313745145619740e-01 2.640666929910574279e+00 3.000000000000000000e+00 1.100000000000000000e+01 3.000000000000000000e+00 -5.731767790085195884e+02 3.301100000000244563e+02 2.550761118803170646e+01 -3.832031249331799283e-02 6.277369412479459676e+00
2.483396166170478647e+00 2.198440839273645420e+00 5.129159394123200322e+00 8.089232243870348782e+00 2.661849226393742995e+00 1.129926324271137705e-01 7.384233830353104100e-01 2.424035747319315703e+00 4.000000000000000000e+00 5.000000000000000000e+00 3.000000000000000000e+00 -4.319870862103381342e+02 1.500499999999998693e+02 2.231013038814613836e+01 1.878400625224120601e-02 1.996134737671680093e-02
2.274177383364822447e+00 1.356517794569522373e+00 7.076398888055241976e+00 6.892213645640167030e+00 2.747541250194942108e+00 8.956066760004197658e-01 6.520886962076271054e-01 2.295865383127096315e+00 2.000000000000000000e+00 1.100000000000000000e+01 5.000000000000000000e+00 -6.108115563234787260e+02 3.301100000000244563e+02 2.785978477021665611e+01 -6.675060422211493982e-01 3.243299302261835187e-02
5.701197308710322931e-01 2.959880204458207764e+00 4.770277812843641385e+00 4.922556761641337708e+00 1.769391291302533364e+00 1.860341984376396862e+00 6.452769874316182097e-01 2.985829976088441917e+00 4.000000000000000000e+00 3.000000000000000000e+00 3.000000000000000000e+00 -2.384807407460735249e+03 7.110000000000014531e+00 2.382827546629594906e+01 -1.213266048321510748e+00 2.667832873355752837e-02
1.331493147891742446e+00 1.430102884880399827e+00 7.228430693620566672e+00 5.596587580615207003e+00 1.540286714847321159e+00 6.343605738067045197e-01 3.342874452204709912e-01 2.286567980459586646e+00 4.000000000000000000e+00 1.400000000000000000e+01 3.000000000000000000e+00 -5.587812902806647344e+02 4.201399999999720194e+02 2.179445564254241674e+01 -4.067032098167948084e-01 8.383931231126162328e-04
2.055870924380572617e+00 2.966713772552788342e+00 8.315204121132868664e+00 8.173832280133556338e+00 2.691263769063538369e+00 6.300817472999542534e-01 6.575888430083477454e-01 3.162506507871504446e+00 3.000000000000000000e+00 1.200000000000000000e+01 3.000000000000000000e+00 -6.159786297198511420e+02 3.601200000000105774e+02 2.724491435749036583e+01 -1.315234612934223779e-01 5.454716152380667538e-02
1.109518998071266083e+00 2.397404855526445555e+00 7.405929404122240989e+00 4.888688409340945284e+00 1.495525790643482011e+00 1.302709878385066133e+00 7.550415794094944566e-01 2.463387397608575835e+00 0.000000000000000000e+00 1.500000000000000000e+01 2.000000000000000000e+00 -6.952504120253468045e+02 4.501499999999774104e+02 2.938596325158487943e+01 3.282391636776751942e-02 1.066510518602825641e-02
1.569998565457675133e+00 2.693866334589673173e+00 2.657373932854969478e+00 4.714744545568899881e+00 1.804567338235167906e+00 1.326194785998736858e+00 6.167623904120104195e-01 3.338742066968523936e+00 3.000000000000000000e+00 1.300000000000000000e+01 2.000000000000000000e+00 -2.283775300848491042e+03 3.221399999999915167e+02 7.669081303030958807e+00 -1.305401537665004952e+01 3.127955207335589627e+00
1.725257761281600910e+00 1.687239597742788533e+00 4.726251813716617178e+00 2.761242265085806835e+00 1.754057761261038628e+00 1.920844424386119798e+00 5.447082632631872201e-01 3.911301749617495549e+00 2.000000000000000000e+00 8.000000000000000000e+00 1.000000000000000000e+00 -2.368665091328583458e+03 3.423999999999962540e+01 2.197156820803646582e+01 -2.622228983571285088e+00 5.901693051591658801e+00
2.974090864302115556e+00 2.855757611972907561e+00 4.748806070161847970e+00 6.900263418851191766e+00 2.286417359559411722e+00 5.472067785198607703e-01 4.122668534682480956e-01 3.590494666870209350e+00 2.000000000000000000e+00 1.000000000000000000e+01 2.000000000000000000e+00 -5.598917573912572152e+02 3.000999999999997385e+02 2.561510983695358590e+01 -4.307457351810813073e-02 6.012610892022701194e-03
1.060309833902223442e+00 1.102121273448875005e+00 8.686509923130916633e+00 6.814200868099761443e+00 2.562456618276367504e+00 1.555668383212937878e+00 5.479649345121444526e-01 2.538694343829844158e+00 7.000000000000000000e+00 3.000000000000000000e+00 3.000000000000000000e+00 -2.384930473436023476e+03 8.010000000000021103e+00 2.380784208975146043e+01 -2.538427798844691718e+00 6.279095145543906575e+00
1.796278818235454988e+00 1.819253230689157785e+00 4.161650582704519152e+00 6.388614446928017720e+00 1.899733018640692439e+00 1.016759728493386694e+00 2.609806210902964607e-01 3.655322576856526062e+00 2.000000000000000000e+00 2.000000000000000000e+00 1.000000000000000000e+00 -2.133395871705844456e+03 1.537999999999976097e+01 7.856616981615294648e+00 -2.264281167791532656e+00 2.745846838459712891e-01
1.563438180556547152e+00 2.596024758399195775e+00 6.120927882533068853e+00 6.046767105408431320e+00 2.668068166858442058e+00 4.908071092501335442e-01 6.461109211358542215e-01 2.832387961355069983e+00 3.000000000000000000e+00 8.000000000000000000e+00 3.000000000000000000e+00 -5.344843613943104401e+02 2.400800000000151329e+02 2.590277258714393227e+01 1.686673136302811182e-01 6.273141582043534115e+00
2.237103520765615361e+00 1.990257056181157447e+00 7.975400261928832890e+00 4.811460027353954061e+00 2.752082236267553661e+00 1.453760931009892232e+00 3.468445485757222224e-01 2.283868137811607912e+00 5.000000000000000000e+00 1.400000000000000000e+01 3.000000000000000000e+00 -6.165723438858034342e+02 4.201399999999720194e+02 2.540639649286358903e+01 1.644932560210108363e-01 6.267872565953691577e+00
1.027800705334663611e+00 1.479814984328281735e+00 7.859521859106870068e+00 3.825489046983960417e+00 7.987401442050596767e-01 6.857241736635779628e-01 1.056581982071012615e-01 3.108769378406188277e+00 4.000000000000000000e+00 1.400000000000000000e+01 5.000000000000000000e+00 -2.340562868831366814e+03 2.452799999999890588e+02 1.362017930196074467e+01 -4.909872898578933942e+00 5.064561765568291740e+00
2.168772712134796610e+00 2.265710358778915801e+00 5.571652713317044814e+00 7.028504543953600248e+00 2.045740446702320359e+00 3.417956757578378135e-01 4.516506793693078059e-01 3.786941484583904227e+00 3.000000000000000000e+00 1.600000000000000000e+01 2.000000000000000000e+00 -6.547088690667308128e+02 4.801600000000302657e+02 2.591430431666972822e+01 -5.797534186418901864e-02 6.281114929609192821e+00
1.695763294853916747e+00 2.031508166320711073e+00 8.066463866864310717e+00 1.826944670644510493e+00 7.056466506198335598e-01 6.034342009193077727e-01 2.569040717526676065e-01 2.444125153174480758e+00 1.000000000000000000e+00 8.000000000000000000e+00 1.000000000000000000e+00 -1.454415181541774871e+02 2.318400000000138448e+02 2.382608723424724934e-02 -9.906700233011802581e-01 5.791453492965453975e+00
1.547386903946371017e+00 1.499338075645987534e+00 6.634650353419562663e+00 3.824090895670662515e+00 8.083465575072911191e-01 1.477580366491611508e-01 6.417891339105363802e-01 3.946384405792673356e+00 3.000000000000000000e+00 8.000000000000000000e+00 1.000000000000000000e+00 -1.735438582119299156e+02 2.400800000000151329e+02 3.343991138245146377e+00 -2.161822377850505100e-02 1.515074099108864800e-02
2.334670561384385223e+00 2.650945063403777002e+00 8.182308763837212950e+00 9.844028531085239564e+00 2.010397089209232657e+00 1.243788721700579192e+00 1.182775091804205703e-02 2.834398258615632216e+00 8.000000000000000000e+00 1.100000000000000000e+01 4.000000000000000000e+00 -2.777273363484214315e+02 2.809400000000183582e+02 2.238860899317896003e-02 -1.018830414208488300e+00 6.276341794137133334e+00
1.945946236752472913e+00 1.716931404115476623e+00 8.688454370399359306e+00 5.254684313507819837e+00 2.563613883146427241e+00 3.702340645926432972e-01 5.808652768185399440e-01 2.041789420848710623e+00 4.000000000000000000e+00 8.000000000000000000e+00 4.000000000000000000e+00 -5.306401699519420845e+02 2.400800000000151329e+02 2.566251062199590649e+01 -5.914822393878188533e-01 1.609278422918282089e-02
1.778801923867152635e+00 1.556637269537883395e+00 5.091477347808115006e+00 3.725376512133387052e+00 1.722966919489648197e+00 3.822935772224439477e-01 1.260887755472287486e-01 3.406574206520636583e+00 8.000000000000000000e+00 1.300000000000000000e+01 3.000000000000000000e+00 -2.368238894073583197e+03 7.891000000000002501e+01 2.054899337959893657e+01 -2.355323339114510528e+00 5.678393111317092234e+00
2.138186133998550620e+00 2.753137075623742991e+00 8.512177433833187479e+00 4.359427474352811416e+00 1.965271929432164999e+00 4.479601534437318011e-01 7.438542827698154669e-01 4.218678914183721318e+00 4.000000000000000000e+00 1.200000000000000000e+01 5.000000000000000000e+00 -5.428420231199365844e+02 3.601200000000105774e+02 2.267387644499570243e+01 -1.058418475711099815e-01 1.128357861920381566e-02
2.705296733019880939e+00 1.824739160379228231e+00 8.717546299957906086e+00 1.618399143457328382e+00 2.098503080921581887e+00 1.296541956480439461e+00 5.208529404024890841e-01 2.743133204626963639e+00 0.000000000000000000e+00 2.000000000000000000e+00 3.000000000000000000e+00 -2.402829702813819495e+03 3.882000000000046924e+01 2.396373142586368488e+01 -6.760855499812203906e-01 1.780227555697163483e-02
2.177418719515528123e-01 1.566471597304685881e+00 3.916978124956346008e+00 6.381529519702134223e+00 2.540902719286602718e+00 8.871523789091446677e-01 1.550686954292311293e-01 2.138010459256714402e+00 8.000000000000000000e+00 7.000000000000000000e+00 1.000000000000000000e+00 -2.453045579612651181e+02 2.100699999999860097e+02 8.766847372579507081e+00 9.400784726795526069e-02 5.850725319525495322e-02
2.226596567327980558e-01 1.382415762792681191e+00 8.051579375006372885e+00 8.429675359498601139e+00 1.767633364972730492e+00 1.787773232901964882e+00 7.088087794236264116e-01 2.685849875533299791e+00 9.000000000000000000e+00 1.800000000000000000e+01 2.000000000000000000e+00 -6.883057134175346619e+02 5.401800000000090449e+02 2.613848208859563726e+01 -3.085496699097802289e-03 4.315321918398680456e-03
7.299447082937822184e-01 2.644123760453434890e+00 6.391651035762890842e+00 8.309908325816223851e+00 1.575448911515946460e+00 4.495706802749341868e-01 3.180101217553271686e-01 3.560172851169840058e+00 1.000000000000000000e+00 6.000000000000000000e+00 3.000000000000000000e+00 -2.273605430836370488e+03 5.442000000000054882e+01 1.539971442727314255e+01 -2.708962877593448226e+00 6.238157672873562376e+00
2.576387462892138380e+00 2.318523566842279227e+00 7.512306698632011503e+00 3.743685676087348924e+00 2.097032221058286794e+00 1.303674446730681558e+00 6.069455698886980777e-01 3.297349625298115150e+00 2.000000000000000000e+00 3.000000000000000000e+00 2.000000000000000000e+00 -5.472831013583725479e+01 9.003000000000264436e+01 6.070818834897458993e-01 -5.249498016269444900e-01 6.275781032760969325e+00
