1.002206893261579745e+00 2.137356401861052024e+00 3.854155173296579306e+00 5.764448955998116020e+00 8.913923066815381269e-01 1.125444577670008162e+00 3.502575959493138269e-01 3.907086947980419112e+00 6.000000000000000000e+00 9.000000000000000000e+00 3.000000000000000000e+00 -1.354721262309390113e+02
1.029522109500922156e+00 1.307795570903832250e+00 1.492518757081895409e+00 6.376527798674620051e+00 1.255987293880373112e+00 1.506153508619052284e+00 3.437202857137278689e-01 3.726856997175595598e+00 7.000000000000000000e+00 8.000000000000000000e+00 3.000000000000000000e+00 -6.459851240065540878e+01
8.563141588724302311e-01 1.173109145729291924e+00 5.655088784315356776e+00 5.065801138245353386e+00 1.391735376958220582e+00 1.163445152851164677e-01 2.632535131146017671e-01 3.104167883418839757e+00 1.100000000000000000e+01 9.000000000000000000e+00 3.000000000000000000e+00 -1.572880818576620925e+02
2.141119850335582608e+00 2.708228733106606612e+00 2.266544334246562542e+00 5.070442521012600068e+00 1.549494394667703556e+00 1.889858481277293167e+00 3.440419946924750394e-01 3.207742925689466063e+00 1.000000000000000000e+00 1.000000000000000000e+01 5.000000000000000000e+00 -1.410765291468979115e+02
2.125246108894122354e+00 2.112371912607511781e+00 4.648539390868982046e+00 4.753817068998226425e+00 6.474309887413350895e-01 5.293241809207536175e-01 3.618818955011052219e-01 3.489007846883670272e+00 4.000000000000000000e+00 4.000000000000000000e+00 4.000000000000000000e+00 -1.291571165790476527e+02
1.866161930833796223e+00 2.177982868571039177e+00 1.042121920959506953e+00 7.001733329865013289e+00 5.678722640462610105e-01 4.980422368535994959e-01 5.758436588118460708e-01 2.277755976992949627e+00 7.000000000000000000e+00 4.000000000000000000e+00 4.000000000000000000e+00 -1.323278629883302528e+02
2.048881926888764582e+00 2.053102159845865415e+00 2.244838161185239045e+00 5.166563056859199143e+00 1.745670841184944644e+00 5.044473382962423313e-01 5.865089488015333696e-01 3.492901361437713348e+00 3.000000000000000000e+00 6.000000000000000000e+00 5.000000000000000000e+00 -9.487231468453069283e+01
1.582854949317813675e+00 1.877846416459101553e+00 2.396066484003545938e+00 6.549088537697906887e+00 1.333854374423002476e+00 6.416990679970266953e-01 6.525929212556351722e-01 3.098063648536403925e+00 8.000000000000000000e+00 6.000000000000000000e+00 2.000000000000000000e+00 -1.456469222198856812e+02
1.739012254893116172e+00 2.627458491975994903e+00 3.169920111945685903e+00 4.739998232148997737e+00 9.840939433827733396e-01 8.965440987562290909e-01 2.702119695111796505e-01 3.504563594728202780e+00 4.000000000000000000e+00 9.000000000000000000e+00 4.000000000000000000e+00 -1.127103330381156496e+02
1.085883128635928729e+00 1.498313761781324471e+00 3.477691639289065328e+00 8.239971304574892130e+00 1.069602118924998013e+00 1.293290731038202024e+00 1.262496506445175692e-01 2.448692739087591441e+00 6.000000000000000000e+00 7.000000000000000000e+00 4.000000000000000000e+00 -9.061266698217777105e+01
1.299026538998253155e+00 1.721097205190977864e+00 3.530649465828374911e+00 3.228527350139884788e+00 7.294048599478136774e-01 7.980349619255191485e-01 6.913823587117707836e-01 3.888015564154899018e+00 6.000000000000000000e+00 6.000000000000000000e+00 5.000000000000000000e+00 -1.342054584845726311e+02
1.490387887387002674e+00 2.155566604546761411e+00 2.815956924085869062e+00 3.143216545716342125e+00 2.130383882756535563e+00 1.583526991628539271e+00 5.323127664910802803e-01 3.085331148929945755e+00 1.000000000000000000e+01 7.000000000000000000e+00 5.000000000000000000e+00 -1.387668619054158228e+02
1.848436490246811559e+00 2.692678641013488416e+00 5.736796746429598137e+00 3.260021085539253516e+00 1.096927680193637844e+00 1.657404813411423650e+00 4.311428641048865029e-01 3.181581532587665961e+00 4.000000000000000000e+00 9.000000000000000000e+00 3.000000000000000000e+00 -1.054661499027456415e+02
2.065762602304838325e+00 2.316775931254863252e+00 2.233921740826013469e+00 4.893543750767070044e+00 1.487062672959923892e+00 1.869219984245520383e+00 3.165618138326972697e-01 3.009634836750923359e+00 7.000000000000000000e+00 9.000000000000000000e+00 5.000000000000000000e+00 -1.010060711189478570e+04
5.846627078444072145e-01 1.648237848176873799e+00 2.931029760359137093e+00 3.810934104849001969e+00 1.245791914208448592e+00 1.071012318893127091e+00 3.841671638994801352e-01 2.977499819606239218e+00 6.000000000000000000e+00 3.000000000000000000e+00 4.000000000000000000e+00 -1.305041611634642322e+02
2.101298443647512393e+00 2.399990425502061875e+00 3.915415550553948076e+00 9.070584297955608832e+00 1.157417031905057403e+00 1.340190165023243285e+00 3.332984680507255493e-01 4.039142116153570328e+00 6.000000000000000000e+00 6.000000000000000000e+00 4.000000000000000000e+00 -1.031439291026465099e+02
1.037805371498560225e+00 2.597950160300324551e+00 4.463868722707216463e+00 7.290889153191985272e+00 1.838653646801352126e+00 8.825328972318857712e-01 6.217480324355934007e-01 3.718655451843476456e+00 2.000000000000000000e+00 6.000000000000000000e+00 3.000000000000000000e+00 -1.332434743599764033e+02
2.435181348709847260e+00 1.966947970639117749e+00 4.434628001513263307e+00 6.403019055456229403e+00 2.616224632372369907e+00 2.858223637999949274e-01 3.873631257262904470e-01 3.952365474607718809e+00 6.000000000000000000e+00 1.100000000000000000e+01 4.000000000000000000e+00 -1.565831219163082153e+02
1.262766284151924712e+00 1.249245400560307306e+00 3.621208223463721954e+00 4.818919502831527701e+00 1.780566958170093805e+00 1.223319532584840275e+00 3.953396140512953072e-01 3.553600025623253611e+00 6.000000000000000000e+00 7.000000000000000000e+00 5.000000000000000000e+00 -2.157283519864134576e+02
1.523121233565550625e+00 2.523757670168428557e+00 2.100740603472321943e+00 1.280399868037355393e+00 1.488572287844187159e+00 1.000907051087265298e+00 2.123768922150652272e-01 3.177201770696792327e+00 5.000000000000000000e+00 6.000000000000000000e+00 4.000000000000000000e+00 -7.085638267865725481e+01
1.410769999422012422e+00 2.680914151849101312e+00 4.300033976020931625e+00 3.919737226155369125e+00 1.379640141361751393e+00 8.594208477776845712e-01 4.108900501771750591e-01 3.701876246009915938e+00 6.000000000000000000e+00 5.000000000000000000e+00 5.000000000000000000e+00 -5.769309156005041928e+01
1.876338786880689113e+00 2.361645814073290328e+00 3.247231996479931215e+00 7.538476971601139276e+00 1.473383245227543492e+00 1.533333065733266887e+00 6.555074698507923348e-01 3.909134775327749001e+00 7.000000000000000000e+00 5.000000000000000000e+00 4.000000000000000000e+00 -9.206239803049227532e+01
1.724415645466494951e+00 2.441537505875967629e+00 4.431633647762145856e+00 5.737893253823738604e+00 1.773071290991826254e+00 1.182200208444566414e+00 1.665905667198465667e-01 4.478163588208598611e+00 5.000000000000000000e+00 1.200000000000000000e+01 3.000000000000000000e+00 -1.012798555516872511e+04
1.704500946791333682e+00 2.600144836588659913e+00 4.012167873067022938e+00 5.686314333506278018e+00 2.393065291585441567e+00 8.104948640165887674e-01 5.786482687785313717e-01 2.203086238404325936e+00 5.000000000000000000e+00 7.000000000000000000e+00 4.000000000000000000e+00 -2.156358747429220273e+02
1.396402415456047041e+00 1.324849869185729556e+00 3.499587432947147914e+00 7.234550756902846658e+00 1.600331863620514161e+00 3.618416618509850968e-01 6.698924077437867775e-01 2.882700389410293607e+00 7.000000000000000000e+00 1.000000000000000000e+01 4.000000000000000000e+00 -2.071356338096740615e+02
2.165598767303079430e+00 2.101994912950559069e+00 5.631677803477467492e+00 5.387167934400064695e+00 1.692884013228908024e+00 1.153252917571755187e+00 3.874972846653130798e-01 3.181073938000464896e+00 6.000000000000000000e+00 7.000000000000000000e+00 5.000000000000000000e+00 -1.769295309204777027e+02
1.053348040842587041e+00 1.821868775839804666e+00 7.427996240420427831e+00 5.875156494422473230e+00 1.863189950432543984e+00 2.389482420056955603e-02 5.591835203675716848e-01 2.895170523893631387e+00 7.000000000000000000e+00 6.000000000000000000e+00 5.000000000000000000e+00 -9.927805254878320795e+01
1.576995723216489065e+00 1.770426749209979222e+00 3.929360043446630701e+00 5.352517362032316761e+00 2.253843770535038260e+00 1.727647266756008770e+00 1.027402351090530574e-01 3.688915762623707906e+00 4.000000000000000000e+00 3.000000000000000000e+00 3.000000000000000000e+00 -1.246100298813455396e+02
1.659268867401466174e+00 2.821368950819116428e+00 4.259174592928605563e+00 5.300866264754038326e+00 1.802844900795348426e+00 1.555381500807025752e+00 3.745345375713413638e-01 4.020474655252010976e+00 5.000000000000000000e+00 5.000000000000000000e+00 3.000000000000000000e+00 -1.327203965709293243e+02
1.791220575735708476e+00 1.367351636780940627e+00 4.848336574308322433e+00 6.096981817652330271e+00 1.683232990142632834e+00 1.374886520379237753e+00 4.493668136467152130e-01 2.912942309559780618e+00 8.000000000000000000e+00 7.000000000000000000e+00 3.000000000000000000e+00 -1.386578110478076553e+02
5.342215616958668756e-01 2.377846444955260985e+00 6.333196759125176989e+00 5.377630913372526855e+00 7.441532373654476951e-01 1.307444781430348923e+00 5.886747685823811027e-01 3.365230555766444809e+00 7.000000000000000000e+00 8.000000000000000000e+00 4.000000000000000000e+00 -7.839742795495968153e+01
5.933493852392045520e-01 2.591104821978728268e+00 6.233707843750969424e+00 6.641637431887927434e+00 1.985184161876837994e+00 1.398877736843154862e+00 5.490896817279057318e-01 4.075002604504603276e+00 3.000000000000000000e+00 7.000000000000000000e+00 3.000000000000000000e+00 -5.958983560721942041e+01
1.319547729224099353e+00 2.133064105532108012e+00 2.542933318866722914e+00 6.525711328121774457e+00 1.588569875021470734e+00 6.294373796879111360e-01 5.647123458545617591e-01 3.264924446484021914e+00 3.000000000000000000e+00 7.000000000000000000e+00 3.000000000000000000e+00 -1.364535362446059139e+02
2.206193542442446365e+00 1.550828228402393094e+00 1.114608917447768022e+00 1.769715424195845266e+00 6.812253700672035173e-01 2.066370265854209354e+00 1.946555771398184032e-01 2.749665141633208965e+00 6.000000000000000000e+00 2.000000000000000000e+00 5.000000000000000000e+00 -1.274077512779811059e+02
1.708642823817654088e+00 2.148112561216072525e+00 2.540672847163409021e+00 6.349919018656860814e+00 1.800016675682564626e+00 2.404732676830874383e-01 7.107386399212779482e-01 2.775825362626880732e+00 8.000000000000000000e+00 7.000000000000000000e+00 4.000000000000000000e+00 -1.577571135046073607e+02
1.745029981001057662e+00 2.093225186945629535e+00 5.132986667258042424e+00 5.881790496752773656e+00 1.640871650633629386e+00 1.517296719304519037e+00 4.682394294429234605e-01 3.484143130787456411e+00 4.000000000000000000e+00 1.100000000000000000e+01 5.000000000000000000e+00 -2.677854342472708140e+02
2.344996804917412359e+00 2.131983532329215336e+00 3.554497797797544489e+00 1.841413707626897267e+00 1.338122195554335203e+00 4.632152136360163097e-01 7.044295717618301866e-01 3.244282872550220187e+00 8.000000000000000000e+00 1.000000000000000000e+01 4.000000000000000000e+00 -1.997254988074236621e+02
2.064124227852787818e+00 1.385068689306145018e+00 1.175519461325018167e+00 5.794805331908763790e+00 8.377910914475044102e-01 3.683655411090909770e-01 1.172395832382440578e-01 3.262657168314627043e+00 0.000000000000000000e+00 5.000000000000000000e+00 4.000000000000000000e+00 -1.332527804792562165e+02
1.967115359121986540e+00 8.960207483773854342e-01 4.170868017589139498e+00 7.458351785915723120e+00 2.006555845334645927e+00 1.645224675691069116e+00 3.063506081947500737e-01 4.405900671549875192e+00 8.000000000000000000e+00 9.000000000000000000e+00 4.000000000000000000e+00 -1.351413429904785346e+02
1.361174797921806512e+00 1.884069549688746514e+00 4.319764157063632481e+00 6.737714573160284992e+00 9.868392193581660976e-01 1.824329361496469737e+00 4.634282344372014362e-01 3.475430789883854565e+00 7.000000000000000000e+00 9.000000000000000000e+00 3.000000000000000000e+00 -1.371698682635166904e+02
1.854675302400603076e+00 2.524582527539136034e+00 2.169995565071824117e+00 4.705545478422195949e+00 1.603448343131777420e+00 2.155875634051084067e+00 2.761681897213792980e-01 3.876122020691862069e+00 3.000000000000000000e+00 1.000000000000000000e+01 2.000000000000000000e+00 -2.503500735154267147e+02
2.096790427708716376e+00 1.950592153275664487e+00 5.902972458113906029e+00 6.769926571315956210e+00 2.803138313421333905e+00 1.288481614869045333e-01 3.424716519494264144e-01 3.122089823727197455e+00 1.000000000000000000e+01 6.000000000000000000e+00 4.000000000000000000e+00 -1.388065446843654911e+02
1.334318213394904529e+00 2.256341976040793895e+00 3.855445344623309012e+00 5.566087178805211977e+00 1.276999572132034189e+00 9.941857617437982464e-01 3.906988570383335135e-01 3.681415784933288915e+00 5.000000000000000000e+00 9.000000000000000000e+00 5.000000000000000000e+00 -1.380410839592652508e+02
1.247640630492894420e+00 2.623952152585887099e+00 3.139666495119983747e+00 3.756190824399932016e+00 1.878089341962183356e+00 1.294597226646734267e+00 3.098817587748126656e-01 3.456280488940056017e+00 4.000000000000000000e+00 8.000000000000000000e+00 5.000000000000000000e+00 -1.419079747626901451e+02
1.583805779205247344e+00 1.580924725312999435e+00 1.727274514455491961e+00 3.876215138792199255e+00 2.503998309682577528e+00 9.750010797651074146e-01 6.420665214092085016e-01 3.755535573058254695e+00 4.000000000000000000e+00 1.400000000000000000e+01 5.000000000000000000e+00 -1.528687083355072787e+02
2.014783372178494236e+00 2.462099061566103586e+00 3.049194900280134846e+00 4.641414212013171614e+00 1.249290532995646741e+00 1.011515573118204170e+00 2.613119078214132252e-02 3.801655368054706940e+00 5.000000000000000000e+00 6.000000000000000000e+00 3.000000000000000000e+00 -1.002351822930721568e+02
1.709367392580174005e+00 1.948329853871675343e+00 3.553382291629776368e+00 3.889817679420389140e+00 8.524239876960302276e-01 1.113067675829415126e+00 4.650876360255612463e-01 3.280165681014981516e+00 5.000000000000000000e+00 8.000000000000000000e+00 2.000000000000000000e+00 -1.048809245664158141e+02
1.336918809234181493e+00 2.588346612340588493e+00 8.170807460901146513e+00 4.983517177467476245e+00 2.882558852990520837e+00 1.837571942492731703e-01 6.668643692384460531e-01 2.124065290819673102e+00 1.000000000000000000e+00 9.000000000000000000e+00 5.000000000000000000e+00 -3.233618402547658661e+02
