8.980587797273533734e-01 1.596456570534728669e+00 1.044114628312101667e+00 5.066735639524559076e+00 1.361832320873069824e+00 1.367819438703766988e+00 1.227462467793367651e-01 3.493434094308971893e+00 6.000000000000000000e+00 1.300000000000000000e+01 5.000000000000000000e+00 -1.455049193415832178e+02
1.680354982721185442e+00 1.920897260211952284e+00 1.812358066629896625e+00 4.563529691877672434e+00 2.047750160916827600e+00 5.102252817581953703e-01 8.612962247923936498e-01 4.563564698750163906e+00 1.100000000000000000e+01 1.200000000000000000e+01 4.000000000000000000e+00 -1.409861561908211343e+02
1.552550571428914949e+00 1.439108363088699161e+00 5.127740835258934204e+00 5.870659753106504120e+00 2.594476621971144148e+00 5.256703750250435458e-01 5.845953204095872824e-01 3.422448862410830017e+00 2.000000000000000000e+00 8.000000000000000000e+00 3.000000000000000000e+00 -1.423737930931727078e+02
1.459331182245842573e+00 1.613007323987580177e+00 3.411119151787674220e+00 4.559700164655500210e+00 1.648555207040816040e+00 8.177647917036962033e-01 3.585249449839235103e-01 4.429401336379195087e+00 8.000000000000000000e+00 9.000000000000000000e+00 5.000000000000000000e+00 -1.071833723666498770e+02
1.138345346225592580e+00 1.769530164332087763e+00 2.706624618258197668e+00 6.078040505194571175e+00 1.908106048849225411e+00 1.427037993774939562e+00 5.470892616716741541e-01 3.197206667533371238e+00 5.000000000000000000e+00 1.000000000000000000e+01 5.000000000000000000e+00 -1.420375654449250646e+02
1.276047393279426068e+00 1.367082095977662171e+00 2.585604168285564164e+00 4.212897590355395572e+00 8.036035006139197190e-01 1.584853439850153256e+00 2.612045083746893370e-01 3.241745141453598045e+00 4.000000000000000000e+00 7.000000000000000000e+00 5.000000000000000000e+00 -2.040254886732621173e+02
8.895102139345749670e-01 1.899546050912763961e+00 3.260836544098490997e+00 4.074349728788492442e+00 2.135228608274860385e+00 1.158327426628017687e+00 3.819566162754495231e-01 3.652730931823258143e+00 7.000000000000000000e+00 4.000000000000000000e+00 3.000000000000000000e+00 -9.033276349333628730e+01
1.521850193598127010e+00 1.942651881124796587e+00 2.048890751740375826e+00 6.521951143190322320e+00 1.456157158681286479e+00 1.300273385153234207e+00 7.198427542395218204e-01 3.926098506433870927e+00 2.000000000000000000e+00 4.000000000000000000e+00 3.000000000000000000e+00 -2.088165120096732608e+02
1.961456824658632803e+00 9.079217503539437351e-01 4.429230458414970428e+00 5.281415700946305414e+00 9.991672596982843491e-01 1.204476835262664469e+00 7.512077835939648951e-01 4.132918842274598603e+00 3.000000000000000000e+00 3.000000000000000000e+00 3.000000000000000000e+00 -1.273324955609857483e+02
2.306428984157876450e+00 2.037246143783440822e+00 5.305401292916117839e+00 4.794392924199317285e+00 1.640011359321828399e+00 9.745946415699527909e-01 4.750582121666427349e-01 2.766131326678050950e+00 6.000000000000000000e+00 8.000000000000000000e+00 4.000000000000000000e+00 -1.212199477473251221e+02
4.386168895325832651e-01 4.849486979674251241e-01 3.185573281959509284e+00 3.653924450004893298e+00 1.620937286914854614e+00 1.339777995793782539e+00 3.794480720582081301e-01 3.899531480399064165e+00 1.000000000000000000e+01 8.000000000000000000e+00 4.000000000000000000e+00 -1.628724567557867715e+02
1.197456436106138611e+00 2.285460346144593036e+00 1.788381655094446021e+00 4.902862625874411684e+00 2.258864755100840060e+00 1.458157674097876555e+00 5.802082457787677283e-01 2.517359045633668746e+00 3.000000000000000000e+00 1.100000000000000000e+01 4.000000000000000000e+00 -2.403286619916442817e+02
1.778659079105125995e+00 2.927871395697033918e+00 2.762111823564212809e+00 8.019385882014329781e+00 2.436774796956404643e+00 2.612521966133480866e-01 6.530651673753220532e-01 3.817537344269391397e+00 3.000000000000000000e+00 4.000000000000000000e+00 4.000000000000000000e+00 -1.107976197642700811e+02
1.697655681685693363e+00 1.579437907123066864e+00 6.518438200355353374e+00 1.304803790902970828e+00 9.640906897651344565e-01 7.606564809651569226e-01 4.551296778370428897e-01 2.820694084117355338e+00 6.000000000000000000e+00 1.100000000000000000e+01 2.000000000000000000e+00 -1.010125048221211182e+04
1.368227038914501481e+00 1.507439084406614560e+00 3.538434113266789804e+00 5.511970817700364123e+00 1.993226582272648040e+00 1.011818998506848422e+00 2.121983816126090383e-01 3.687736967812682565e+00 4.000000000000000000e+00 4.000000000000000000e+00 3.000000000000000000e+00 -9.164352802323779201e+01
1.637285411029876903e+00 1.764177747559080744e+00 5.277107813467982744e+00 7.235407181490199235e+00 1.275915846873146631e+00 1.588652180652881385e-01 2.912734298243785935e-01 4.103478170894159227e+00 6.000000000000000000e+00 1.200000000000000000e+01 4.000000000000000000e+00 -2.078425752214160980e+02
1.596082923839685419e+00 1.777873016684633267e+00 3.262626736471792466e+00 4.059128350598337320e+00 1.590169107257413117e+00 1.018839519829352058e+00 7.708491593373641981e-01 4.188063563601633454e+00 7.000000000000000000e+00 6.000000000000000000e+00 3.000000000000000000e+00 -5.650907124590194996e+01
1.517153318900158476e+00 2.298797996031867630e+00 2.593229817038714913e+00 4.712267156714267102e+00 2.145001457690695723e+00 8.773058127734717493e-01 6.431185153694025658e-01 2.482094350386957249e+00 3.000000000000000000e+00 8.000000000000000000e+00 3.000000000000000000e+00 -7.877779534245335924e+01
2.167853469682891276e+00 1.838097671502951558e+00 3.697051529513312396e+00 5.785506557266952399e+00 1.825443567862824246e+00 1.365004437345354926e+00 4.650616469815324061e-01 3.676870821209994311e+00 4.000000000000000000e+00 9.000000000000000000e+00 4.000000000000000000e+00 -1.588549180096011355e+02
1.684612370904639889e+00 1.877933472504899060e+00 4.092002463728784178e+00 3.415263806741552610e+00 1.911914453860833918e+00 1.761132311370079195e+00 6.202247788763942671e-01 4.397052937612050627e+00 6.000000000000000000e+00 9.000000000000000000e+00 3.000000000000000000e+00 -1.354943095066599881e+02
1.484221571291280517e+00 2.067601254180083004e+00 1.070348789736189410e+00 5.282937668241037166e+00 1.624090522194954866e+00 9.110935949737423156e-01 3.202800602850816025e-01 3.056019181479403546e+00 3.000000000000000000e+00 1.000000000000000000e+01 5.000000000000000000e+00 -1.424637337100298851e+02
8.696482870103643403e-01 2.184663152452590573e+00 4.297008938997788796e+00 4.157921382936366150e+00 1.759630972881552458e+00 1.196431515062450046e+00 5.672079621208191424e-01 3.442293212832185922e+00 0.000000000000000000e+00 1.000000000000000000e+01 2.000000000000000000e+00 -1.015996975803574423e+04
2.082343227773850725e+00 1.984208292014089992e+00 3.838168607556675216e+00 2.557160247683792242e+00 1.421005679097554264e+00 1.311537279114969756e+00 5.332898559596359611e-01 2.846795463396357917e+00 5.000000000000000000e+00 9.000000000000000000e+00 4.000000000000000000e+00 -1.489167256572569613e+02
2.183495059078904177e+00 2.161781493433057033e+00 4.312604102169850684e+00 3.962014269467609040e+00 2.259733535869947740e+00 7.170019640616186463e-01 4.792254760766090915e-01 4.659776680941409843e+00 4.000000000000000000e+00 1.100000000000000000e+01 5.000000000000000000e+00 -9.550140650074396831e+01
2.841570352448593795e+00 1.922857977628742665e+00 8.482372805181915609e+00 7.167036574056415255e+00 1.778749820039416951e+00 1.221207595089933706e+00 5.140462622636781109e-01 3.391049933544195927e+00 9.000000000000000000e+00 8.000000000000000000e+00 3.000000000000000000e+00 -2.775699598271872333e+02
1.302382168792630468e+00 1.511738021308517643e+00 3.406430484402794168e+00 8.576254879416113752e+00 9.423580691748841831e-01 6.842020017469527815e-01 2.355303896291171817e-01 3.792141490924147540e+00 6.000000000000000000e+00 7.000000000000000000e+00 4.000000000000000000e+00 -1.448693375198136266e+02
1.371464321870666137e+00 2.155416762564201338e+00 5.498236268570206420e+00 6.507564270252011340e+00 8.841190755215269093e-01 1.844561126523876382e+00 2.418303353994653015e-01 3.092769770251134531e+00 7.000000000000000000e+00 1.100000000000000000e+01 5.000000000000000000e+00 -1.223797410432096626e+02
7.951851789942738780e-01 1.824033308321075575e+00 4.102321369443188814e+00 6.005858226427435831e+00 1.161737090617148471e+00 1.042457962310649577e+00 5.226564903930948081e-01 3.578776912178426972e+00 9.000000000000000000e+00 1.100000000000000000e+01 4.000000000000000000e+00 -1.007845433424960538e+04
1.903282373511708370e+00 2.629519333039028073e+00 3.515803022321950966e+00 2.320392785229603128e+00 1.253671970170685990e+00 1.406378340732474586e+00 7.135943231726457059e-01 2.919185083358081911e+00 2.000000000000000000e+00 1.100000000000000000e+01 4.000000000000000000e+00 -1.010986749266977131e+04
2.182665628965227089e+00 1.908385030958890116e+00 2.099311276197897591e+00 5.022622220596233866e+00 1.587047061978379858e+00 1.155418961528214661e+00 5.083996767029386188e-01 4.124111958430948910e+00 2.000000000000000000e+00 6.000000000000000000e+00 4.000000000000000000e+00 -1.337441607599601809e+02
1.116373159713992091e+00 1.791842804740463091e+00 4.040257536979096287e+00 2.587041498079199808e+00 2.296007620660894588e+00 1.201403425023186422e+00 5.284094603780619126e-01 4.057033781594774347e+00 6.000000000000000000e+00 1.300000000000000000e+01 4.000000000000000000e+00 -3.342498180437133328e+02
1.636140450787988199e+00 1.163929164831889018e+00 2.237435971837681947e+00 5.000830612874765713e+00 2.037512736098005650e+00 1.578372061750147104e+00 4.072845859595376483e-01 3.810943232197160579e+00 2.000000000000000000e+00 8.000000000000000000e+00 3.000000000000000000e+00 -1.334763516252095599e+02
1.297605493761478046e+00 2.020855345921623858e+00 3.206623129825997509e+00 3.563749683348111041e+00 1.791853213572532244e+00 6.323807176882385583e-01 4.523684785178255230e-01 4.302175272579260579e+00 8.000000000000000000e+00 1.100000000000000000e+01 4.000000000000000000e+00 -2.961090706831643615e+02
2.263890849893762880e+00 1.923738577203085720e+00 1.774356154028403409e+00 8.641965400638978778e+00 1.529786673700715083e+00 8.649989119941658977e-01 7.088800164705848506e-01 3.741146195993125367e+00 5.000000000000000000e+00 6.000000000000000000e+00 4.000000000000000000e+00 -1.360646558942601985e+02
1.609321545021517030e+00 1.806189027155467919e+00 3.455405164977229493e+00 6.801090809738282950e+00 1.033875387792913880e+00 1.234364197217937997e+00 3.885113599962473629e-01 3.946068115943361931e+00 8.000000000000000000e+00 1.000000000000000000e+01 5.000000000000000000e+00 -1.075322603155051979e+02
2.362981455692225730e+00 2.658452280950205804e+00 4.165035585277228058e+00 6.521599308025969322e+00 1.799750620718540306e+00 1.472064698714784736e+00 4.651096647608042312e-01 3.808979665150010074e+00 7.000000000000000000e+00 4.000000000000000000e+00 4.000000000000000000e+00 -1.302440887719137095e+02
2.719809921344301440e+00 1.827829359533855724e+00 1.486080444332090522e+00 8.301184231895245347e+00 1.686485041347854263e+00 1.690231949606811668e+00 5.881062264268749340e-01 3.009876376773023665e+00 5.000000000000000000e+00 3.000000000000000000e+00 3.000000000000000000e+00 -1.296726379299380483e+02
6.429167420345931472e-01 1.303246818770421589e+00 5.925009747917659553e+00 4.595761282020935923e+00 2.164489733278289307e+00 1.687105103890928604e+00 2.546839397764603108e-01 3.470470781048780928e+00 7.000000000000000000e+00 9.000000000000000000e+00 5.000000000000000000e+00 -1.009268807304766960e+04
1.335032271713848528e+00 2.469937493400646833e+00 2.228519037513322587e+00 4.972064629953142578e+00 1.552260656398214866e+00 1.343877887561099271e+00 2.783527648502950869e-01 4.324382863560215284e+00 2.000000000000000000e+00 6.000000000000000000e+00 4.000000000000000000e+00 -1.336518810810319167e+02
2.280584235631279544e+00 2.522496175698391685e+00 3.993956525425211623e+00 6.299256096574806563e+00 2.103333125504327050e+00 4.914410264127410111e-01 2.030830853148680171e-01 3.749217511582768836e+00 1.000000000000000000e+00 7.000000000000000000e+00 5.000000000000000000e+00 -1.329868280756904539e+02
1.839084879624752311e+00 2.077269316694062340e+00 4.363374576017077899e+00 4.817562547926513616e+00 2.182795239291086986e+00 1.284767541818792713e+00 5.931059278243675514e-01 3.408559495268192130e+00 5.000000000000000000e+00 3.000000000000000000e+00 2.000000000000000000e+00 -9.369603849219230085e+01
1.602621182970228375e+00 1.955306686781459913e+00 3.883373648034035064e+00 1.895750696946241654e+00 9.022417465715063534e-01 1.958573311071743817e+00 5.096576464303397280e-01 3.640256360681696002e+00 4.000000000000000000e+00 1.000000000000000000e+01 4.000000000000000000e+00 -3.133826110519899544e+02
2.561703165338159227e+00 1.596501687045328577e+00 6.090743144186814284e+00 6.138936876641476914e+00 2.111765964773923976e+00 1.194340277486449775e+00 2.986693576721740628e-01 4.327881423850183040e+00 9.000000000000000000e+00 1.000000000000000000e+01 1.000000000000000000e+00 -1.368507874294206772e+02
1.965533769392412644e+00 2.770241042266333054e+00 4.787485812341185643e+00 5.156975735261113414e+00 1.636112214459456426e-01 4.959721348622919690e-01 8.130803985157907254e-01 3.315006703230053198e+00 9.000000000000000000e+00 6.000000000000000000e+00 5.000000000000000000e+00 -1.327505836765965626e+02
8.446587531406914984e-01 1.699513718364537462e+00 2.970874144372147807e+00 7.302419855883032440e+00 1.983287216278478038e+00 2.037452359600667506e+00 4.732326936164923947e-01 3.443128164285707005e+00 0.000000000000000000e+00 7.000000000000000000e+00 5.000000000000000000e+00 -1.372065206088018670e+02
1.642455156923709136e+00 2.620101996057885962e+00 8.192504385559489677e+00 5.171329110750182423e+00 2.927311095319035328e+00 6.847638816839476394e-01 5.726865474612976570e-01 2.219829639002843358e+00 2.000000000000000000e+00 5.000000000000000000e+00 5.000000000000000000e+00 -1.977206895439513232e+02
3.606729580959893156e-01 1.519695301116428698e+00 1.801770698913374824e+00 5.158741148836258894e+00 1.701055775181649743e+00 5.110237016445322578e-01 3.853837742637177266e-01 3.860045739546030141e+00 3.000000000000000000e+00 1.200000000000000000e+01 5.000000000000000000e+00 -1.351959402588668411e+02
1.642455156923709136e+00 2.620101996057885962e+00 8.192504385559489677e+00 5.171329110750182423e+00 2.927311095319035328e+00 6.847638816839476394e-01 5.726865474612976570e-01 2.219829639002843358e+00 2.000000000000000000e+00 5.000000000000000000e+00 5.000000000000000000e+00 -1.977206895439513232e+02
