6.325313622537480640e-01 1.885440400255056659e+00 5.188687880877709269e+00 4.752613200237036040e+00 1.941925561300195113e+00 6.043919622259761315e-01 3.206730348687749088e-01 2.809227609561529615e+00 6.000000000000000000e+00 6.000000000000000000e+00 4.000000000000000000e+00 -1.812965199990166525e+02
7.923258073094143761e-01 1.790226621812799124e+00 4.993788726793561672e+00 5.436654193869767226e+00 1.357081609142753775e+00 9.405578136587827709e-01 6.860496815590391151e-01 4.102479930859627366e+00 1.000000000000000000e+00 8.000000000000000000e+00 5.000000000000000000e+00 -1.405810160860825135e+02
6.346709616370808105e-01 2.718675901803166539e+00 3.197284884730579257e+00 7.015762013239342565e+00 1.835294283548486893e+00 1.687039452228380476e+00 3.879116270315740023e-01 3.182180913595595850e+00 8.000000000000000000e+00 8.000000000000000000e+00 2.000000000000000000e+00 -1.014045103292606473e+04
2.330583407401694895e+00 1.820839387054796754e+00 6.303848714416764309e+00 6.766211045916242561e+00 8.779742155325829245e-01 9.470681034997401326e-01 3.143308667643515131e-01 3.303149892037214208e+00 5.000000000000000000e+00 1.300000000000000000e+01 4.000000000000000000e+00 -2.063760383455504268e+02
1.708832643560756370e+00 2.309037923629343236e+00 4.923426336089573141e+00 6.242283876225849681e+00 1.605319505869798213e+00 1.215562654326125758e+00 3.207878447887322348e-01 3.448367276565323714e+00 6.000000000000000000e+00 5.000000000000000000e+00 3.000000000000000000e+00 -9.672950495859549847e+01
1.940821097727453148e+00 1.072376102899206485e+00 4.618879945854286184e+00 3.144890585199046740e+00 1.511043237534567263e+00 1.022063101572177946e+00 1.787830306801924951e-01 2.703106680654347560e+00 5.000000000000000000e+00 8.000000000000000000e+00 5.000000000000000000e+00 -2.045554803969352804e+02
2.225547363941748902e+00 1.472404630290265359e+00 3.554352215363519640e+00 3.347649532821992402e+00 6.875133511041658929e-01 5.804495697171905277e-01 3.005169040123379376e-01 2.687890263261203394e+00 4.000000000000000000e+00 5.000000000000000000e+00 3.000000000000000000e+00 -1.355826788375905778e+02
8.140828523698578900e-01 2.208270820325115569e+00 3.643517426792390435e+00 6.306191647234544284e+00 2.274974100260737320e+00 6.274831298352312459e-01 5.117282154237332570e-01 2.866937145399343301e+00 6.000000000000000000e+00 7.000000000000000000e+00 4.000000000000000000e+00 -1.590878995002464933e+02
1.266897975817409483e+00 2.020735695505247786e+00 5.030080777519135182e+00 7.159218546844064335e+00 2.086748283548887084e+00 4.882513960957662325e-01 5.382451135684268584e-01 3.069484457217469764e+00 5.000000000000000000e+00 2.000000000000000000e+00 4.000000000000000000e+00 -1.274173853272497325e+02
2.072284034819297460e+00 2.200665334298455456e+00 6.163462363309262670e+00 5.003239558183863345e+00 2.595201326780728124e+00 1.147843473484250865e+00 4.605994828842047140e-01 3.017021622596497643e+00 9.000000000000000000e+00 9.000000000000000000e+00 4.000000000000000000e+00 -1.439557693001221139e+02
1.774154253828902350e+00 2.562857240454191388e+00 3.826151087009286300e+00 4.947748407646999524e+00 1.444102159072234492e+00 1.003833656015632680e+00 8.882386183594409568e-02 2.395703959114461323e+00 1.100000000000000000e+01 7.000000000000000000e+00 4.000000000000000000e+00 -1.429110361957148427e+02
1.265941562573422496e+00 1.740317564396034022e+00 4.865205497567226089e+00 8.900695361798041105e+00 1.876458122291293718e+00 1.088396686898280841e+00 5.054603713434480117e-01 3.137451769663441858e+00 6.000000000000000000e+00 7.000000000000000000e+00 5.000000000000000000e+00 -1.411630566387148349e+02
1.511258253377188998e+00 1.831498023198630198e+00 2.957148542603728281e+00 2.591630571698733565e+00 7.396294758696837501e-01 1.195580695125926241e+00 1.325212084533604062e-01 2.765056235409263596e+00 5.000000000000000000e+00 1.100000000000000000e+01 4.000000000000000000e+00 -1.018226777654852384e+02
2.013421652553923025e+00 1.959593715095525823e+00 5.050451678238173869e+00 6.033784376360708634e+00 1.339512159354661058e+00 1.158045272521389890e+00 4.160112656758815919e-01 3.642438040846808445e+00 6.000000000000000000e+00 1.100000000000000000e+01 3.000000000000000000e+00 -1.029776849838317503e+02
2.307296000863769070e+00 1.621213095538862614e+00 3.963977076706191038e+00 7.330486152263540944e+00 1.966206937748090855e+00 2.976624389001581994e-01 3.332172927938371609e-01 3.689143155336002788e+00 8.000000000000000000e+00 1.000000000000000000e+01 3.000000000000000000e+00 -1.378452077980114439e+02
1.656797310210871510e+00 1.612663167796541508e+00 6.591590830362509479e+00 5.820180122478115337e+00 2.417011726587109166e+00 2.346001394298933285e+00 2.234796127458793247e-01 2.723768661125463009e+00 5.000000000000000000e+00 6.000000000000000000e+00 4.000000000000000000e+00 -1.039933539660302841e+02
1.457275757528852855e+00 1.980963183210407985e+00 5.380127043465654957e+00 7.834206348237039208e+00 1.291702655651679077e+00 1.868817963530868820e+00 3.325366825357745082e-02 2.509717581095082473e+00 8.000000000000000000e+00 6.000000000000000000e+00 4.000000000000000000e+00 -1.902586843311848384e+02
7.662543763555483833e-01 2.195498694330223266e+00 6.341854390637417183e+00 6.806682267477278003e+00 1.485018214954475502e+00 7.323040899142108096e-01 4.095644061718759499e-01 2.898875867212525659e+00 9.000000000000000000e+00 9.000000000000000000e+00 3.000000000000000000e+00 -1.927540813169711669e+02
2.000443731652465029e+00 1.559727603770576732e+00 3.232049265333769128e+00 3.242140960695128360e+00 2.165084864818712873e+00 1.565303500764186451e+00 1.300735577348051120e-01 2.234511406888701757e+00 6.000000000000000000e+00 6.000000000000000000e+00 3.000000000000000000e+00 -1.051617905690924886e+02
1.106819842022552791e+00 2.807941068125225925e+00 1.115572392048727490e+00 7.421127862728837954e+00 2.042376012275779917e+00 1.740379677493925081e+00 4.073687159667986890e-01 2.851684118432298742e+00 2.000000000000000000e+00 1.100000000000000000e+01 4.000000000000000000e+00 -1.093330048490441584e+02
8.454150298014895260e-01 1.628655369091526639e+00 4.838739436085023549e+00 6.722571320295559261e+00 1.938279643888697779e+00 1.057722404273109928e+00 2.734444887455048656e-01 2.946579713311921367e+00 5.000000000000000000e+00 3.000000000000000000e+00 4.000000000000000000e+00 -1.297929690373145775e+02
1.609601585740764840e+00 2.150562238922050007e+00 3.318428440580870831e+00 6.303726442811380615e+00 2.440665442902181681e+00 1.368838148391466447e+00 3.113431522544171659e-01 2.711128718640885893e+00 6.000000000000000000e+00 5.000000000000000000e+00 5.000000000000000000e+00 -2.886651121741077191e+02
1.640867476774618750e+00 1.300133720811334603e+00 6.415165117399107331e+00 6.069561784271038540e+00 2.427961344856115034e+00 2.079222911844787358e+00 4.804290585866607399e-01 3.390535417928208339e+00 5.000000000000000000e+00 1.200000000000000000e+01 5.000000000000000000e+00 -1.162605613488020282e+02
1.987536167864669467e+00 2.322094568504684986e+00 3.533945963580400029e+00 7.963582152211733600e+00 2.434296155135849737e+00 1.200282819559074232e+00 5.682436819841367726e-01 3.140599068724299503e+00 8.000000000000000000e+00 6.000000000000000000e+00 5.000000000000000000e+00 -1.402068880057389890e+02
2.074941990745962084e+00 2.016405042711742812e+00 6.297268653565336827e+00 8.158241265943420473e+00 1.758350670980155961e+00 1.439093094325252231e+00 3.564465058464343361e-01 3.474798723437467540e+00 3.000000000000000000e+00 8.000000000000000000e+00 3.000000000000000000e+00 -1.412805690750393808e+02
1.436795619904508436e+00 1.602198023264383986e+00 5.393493012451632040e+00 5.111253498319387134e+00 2.044928631182206580e+00 7.529100395593743000e-01 2.488252836445399019e-01 4.785304618262303578e+00 9.000000000000000000e+00 1.000000000000000000e+01 2.000000000000000000e+00 -1.011560908526799358e+04
1.047434029404585631e+00 1.847355434745327152e+00 4.116497579751126956e+00 3.236142860814478883e+00 1.821367513367655455e+00 1.010569709912496617e-01 4.332151780220689918e-01 2.892409174200768707e+00 6.000000000000000000e+00 3.000000000000000000e+00 4.000000000000000000e+00 -1.254322245838835101e+02
8.964844710592464461e-01 1.947140559371689950e+00 4.838104831608951883e+00 4.550064712280217805e+00 1.251286305975235713e+00 6.511714308458913525e-01 1.137430164880204597e-01 3.085517892499678894e+00 8.000000000000000000e+00 5.000000000000000000e+00 5.000000000000000000e+00 -6.989774240812835160e+01
9.026495905883856752e-01 1.760670191255692574e+00 6.243300191024552248e+00 5.801901713307000996e+00 1.909289978101075480e+00 2.682582941836146873e-01 4.652087207741862351e-01 3.401230444081941418e+00 8.000000000000000000e+00 7.000000000000000000e+00 2.000000000000000000e+00 -1.076753320279710806e+02
1.595876667751455535e+00 2.344663506252934404e+00 4.055719924008998056e+00 7.856637437755672693e+00 1.762040025736504090e+00 6.538947645141700571e-01 3.013347156316339981e-01 2.039575133876453172e+00 7.000000000000000000e+00 9.000000000000000000e+00 3.000000000000000000e+00 -1.877126943860635606e+02
2.170898669933766456e+00 2.457919376742157436e+00 3.081884216201160154e+00 3.769944382326342769e+00 2.260630857302098562e+00 1.415205889403926776e+00 1.363568793249271549e-01 3.173960533012607943e+00 8.000000000000000000e+00 8.000000000000000000e+00 4.000000000000000000e+00 -7.822849730416635339e+01
8.427714169390932986e-01 1.926072521484334832e+00 5.659489059522481824e+00 5.433701026759136354e+00 8.117970536296605921e-01 1.368726942221231591e+00 6.155853750897017918e-01 3.655890305943312324e+00 6.000000000000000000e+00 1.100000000000000000e+01 2.000000000000000000e+00 -1.414328273478481321e+02
1.892394173872934182e+00 1.642381005500919144e+00 5.627375075917412595e+00 5.333000381103633281e+00 2.194774335728356451e+00 1.817135582532308558e+00 5.943237457121055556e-01 3.456916238359640126e+00 4.000000000000000000e+00 1.300000000000000000e+01 5.000000000000000000e+00 -1.467075810534097116e+02
1.197596866723622089e+00 1.973344105268181270e+00 4.383965134221365467e+00 8.096383171125463463e+00 1.513035861773982971e+00 7.436494689789076018e-01 3.488529970928994084e-01 3.048389902307451216e+00 7.000000000000000000e+00 5.000000000000000000e+00 5.000000000000000000e+00 -9.729205523408565170e+01
1.404591095835197923e+00 1.892916046932427321e+00 3.376030275610699682e+00 4.593316287890274907e+00 1.865441387941067619e+00 1.120401004995585925e+00 7.251199381807320321e-02 3.525425267764700887e+00 7.000000000000000000e+00 1.000000000000000000e+01 4.000000000000000000e+00 -1.387295736530518298e+02
1.102843297153860647e+00 2.034963331319506352e+00 5.662497092136582033e+00 4.796348598971435173e+00 2.149679092232007704e+00 2.862755685933063843e-01 7.422168270703031201e-01 3.757200100843738788e+00 6.000000000000000000e+00 8.000000000000000000e+00 3.000000000000000000e+00 -1.644155879305482699e+02
1.109730113438776922e+00 1.645452107602416003e+00 3.551987219515837957e+00 7.466254444189265094e+00 1.522930988256006257e+00 1.021723444330199904e+00 3.649219613224160240e-04 3.558055465566394737e+00 6.000000000000000000e+00 5.000000000000000000e+00 4.000000000000000000e+00 -2.225803879478254146e+02
1.160621796200075995e+00 1.973335517449223753e+00 2.628894855026186139e+00 9.379513537098157272e+00 1.224256060543793767e+00 1.610866977023249991e+00 5.298071605627314717e-01 3.432630743828001929e+00 2.000000000000000000e+00 1.200000000000000000e+01 3.000000000000000000e+00 -1.415571092520036700e+02
1.942406924606223440e+00 2.389369804146081577e+00 5.883729609635174107e+00 4.862426952302227434e+00 1.772531045615259870e+00 2.321340117477384446e+00 3.699088195940908874e-01 3.441084461719978727e+00 4.000000000000000000e+00 6.000000000000000000e+00 5.000000000000000000e+00 -1.365152568127104473e+02
1.479189719918627022e+00 2.748465743616172574e+00 6.613657567747751820e+00 8.558736007753338981e+00 1.248006737565706903e+00 1.606207688618281448e+00 1.362668617360297124e-02 3.694614959765232243e+00 8.000000000000000000e+00 3.000000000000000000e+00 5.000000000000000000e+00 -1.284146210707239106e+02
2.195261975438787871e+00 1.709621118030198561e+00 1.939331145502795950e+00 5.867769387019826866e+00 1.096886584030682954e+00 1.056398005805284868e+00 1.669678030352403919e-01 3.756092592467318525e+00 8.000000000000000000e+00 9.000000000000000000e+00 2.000000000000000000e+00 -7.431100398895917181e+01
1.362886656600412971e+00 1.984514592121404020e+00 5.888617552128456722e+00 7.118675190370272077e+00 2.693866791377305780e+00 1.172275018709272754e+00 1.766837372611854695e-01 3.176637560082050449e+00 2.000000000000000000e+00 7.000000000000000000e+00 3.000000000000000000e+00 -1.477315675922595517e+02
1.814286180089222711e+00 2.016045795428941467e+00 7.400531352046641587e+00 1.821228669667920297e+00 2.687837704984368248e+00 7.317569063141869945e-01 6.601013278748766311e-01 4.005030096043766363e+00 9.000000000000000000e+00 7.000000000000000000e+00 3.000000000000000000e+00 -1.541823906125477492e+02
1.787925641005318145e+00 2.305231782219349324e+00 6.105787092477437561e+00 9.432377044960436052e+00 1.255638929427291606e+00 9.616099371222186498e-01 1.633954875888847802e-01 4.208902723016169745e+00 3.000000000000000000e+00 9.000000000000000000e+00 3.000000000000000000e+00 -1.408346648790462723e+02
4.445585269405496476e-01 1.267975025348175411e+00 4.065890005761237269e+00 5.373559336068147729e+00 1.734576023263525002e+00 1.957379021306806521e+00 3.071574856603654924e-01 4.227466335243888373e+00 6.000000000000000000e+00 9.000000000000000000e+00 4.000000000000000000e+00 -1.379168640038504350e+02
2.857977139315966975e-01 2.081876503683029789e+00 2.962682024043878037e+00 9.303460687541214469e+00 1.170140306687286413e+00 1.035493268704484660e+00 5.325513055704553800e-01 3.172654274345770631e+00 4.000000000000000000e+00 7.000000000000000000e+00 4.000000000000000000e+00 -1.237247667433744596e+02
2.139913980766054102e+00 1.985018762681162841e+00 3.565429386808398604e+00 7.957298427690485454e+00 1.208783272406440235e+00 1.183402781823582828e+00 1.311306594544001392e-01 2.742749151795258467e+00 3.000000000000000000e+00 1.400000000000000000e+01 2.000000000000000000e+00 -1.015383513112869696e+04
1.439427981027802339e+00 2.481892328268724857e+00 6.890011892295550666e+00 3.110011613698777211e+00 2.986203584638467134e+00 9.109553296515200405e-01 2.688857701278911660e-01 2.552659527222504554e+00 0.000000000000000000e+00 5.000000000000000000e+00 3.000000000000000000e+00 -1.005459440428162452e+04
