1.090629020929373638e+00 1.342333754077797758e+00 3.128798106585294114e+00 6.369297871315463766e+00 1.675803802958169220e+00 6.595935274279161042e-01 3.792185051956106778e-01 2.529245287073329074e+00 9.000000000000000000e+00 8.000000000000000000e+00 3.000000000000000000e+00 -8.390160350622835495e+01
2.014672507960139303e+00 2.179203596376918295e+00 5.073327795249640282e+00 3.956953723362040876e+00 1.824435625502867975e+00 1.684656229091858748e+00 2.235414766141479159e-01 2.795222803658722555e+00 5.000000000000000000e+00 4.000000000000000000e+00 4.000000000000000000e+00 -1.334340150594323973e+02
1.259577964278649542e+00 2.234019140380027579e+00 4.358273661773313101e+00 7.572303746534194246e+00 1.302539122674301941e+00 4.848945293952034996e-01 3.339608301390091794e-01 2.955494637107001221e+00 7.000000000000000000e+00 1.400000000000000000e+01 4.000000000000000000e+00 -3.668140541443992220e+02
2.088681624025483963e+00 1.850698876356037914e+00 4.174072722944304203e+00 6.299419014229989067e+00 1.295559189050704330e+00 1.124899703823121211e+00 3.175866571180230302e-01 2.997426473789960522e+00 6.000000000000000000e+00 1.200000000000000000e+01 3.000000000000000000e+00 -1.462407712467165481e+02
1.732708539113431367e+00 2.285164019112209122e+00 4.091088237206488287e+00 7.133716304265793617e+00 2.146029296394343255e+00 1.172556507825328387e+00 4.693382358314067693e-01 2.994365001721035480e+00 4.000000000000000000e+00 1.100000000000000000e+01 4.000000000000000000e+00 -1.004876352322560888e+04
1.101979675985609086e+00 2.348828807612190150e+00 4.135658507631986502e+00 4.840750336659315423e+00 1.655783085826333156e+00 1.719675746031450458e+00 5.716372937908424934e-01 3.824050438757004677e+00 7.000000000000000000e+00 1.300000000000000000e+01 4.000000000000000000e+00 -1.580081299791970650e+02
1.345071320577621687e+00 2.130883960827721246e+00 3.643016138979447760e+00 3.593009067998542250e+00 1.402644459128606247e+00 9.037209446337128860e-01 1.994476418667762707e-01 3.114708295487102596e+00 8.000000000000000000e+00 4.000000000000000000e+00 5.000000000000000000e+00 -1.319175897331542728e+02
1.720288959229503867e+00 2.895717531579057091e+00 1.880749223932583369e+00 6.720120440760079639e+00 2.685949782623113791e+00 2.929285899251168335e-01 4.881618554474732030e-01 3.234563558070281619e+00 4.000000000000000000e+00 7.000000000000000000e+00 5.000000000000000000e+00 -2.527711995480150051e+02
1.033421134664932683e+00 1.761942329587347755e+00 3.364046182361098314e+00 5.209090731353233750e+00 1.814723553248513754e+00 5.259957571508053764e-01 6.315408674712634784e-01 2.533883393348200563e+00 4.000000000000000000e+00 7.000000000000000000e+00 4.000000000000000000e+00 -2.422500201587197921e+02
1.497625718132294281e+00 1.996668011533093479e+00 3.127806992146881182e+00 6.514489272751916360e+00 1.270888179851277222e+00 1.083599371481988483e+00 2.276254345749793850e-01 3.546812746481363021e+00 5.000000000000000000e+00 9.000000000000000000e+00 4.000000000000000000e+00 -2.460840124903444064e+02
1.326280065627308158e+00 2.119718395730913141e+00 3.377536622489199836e+00 7.835456457410947984e+00 2.789184767219870409e+00 1.599963916565779742e-01 6.878922063584512747e-01 3.664709264642446396e+00 7.000000000000000000e+00 7.000000000000000000e+00 5.000000000000000000e+00 -1.806902021984166709e+02
9.187532100031645665e-01 2.131323165105881046e+00 4.727044936873119774e+00 5.538043436643904194e+00 2.620042143287626413e+00 4.916261918905627248e-01 3.925220777405034056e-01 2.204163495789398297e+00 8.000000000000000000e+00 5.000000000000000000e+00 4.000000000000000000e+00 -1.037875128073738011e+02
1.190951087786980001e+00 2.643253423653087797e+00 6.005640497568077052e+00 7.296783843475564524e+00 1.362703771440552991e+00 1.199881795264302164e+00 2.507268044901840298e-01 2.759105954450094877e+00 6.000000000000000000e+00 7.000000000000000000e+00 3.000000000000000000e+00 -2.569828802978539670e+02
2.894262646211501755e-01 1.188688449366123390e+00 5.512160913832390818e+00 4.748520596795969162e+00 2.057680230271735411e+00 1.631244639142798603e+00 4.383628260894045781e-01 3.709657516876301298e+00 5.000000000000000000e+00 1.000000000000000000e+01 4.000000000000000000e+00 -1.536501185352790060e+02
9.520238188992907746e-01 2.485748318317791306e+00 2.655159794953686259e+00 5.571829789194117311e+00 1.333458117341207672e+00 8.284570313185843915e-01 1.242537996225550334e-01 3.446247243690573114e+00 7.000000000000000000e+00 6.000000000000000000e+00 4.000000000000000000e+00 -1.097079959543799816e+02
1.556739751300885599e+00 2.613730053080756566e+00 4.023432794975602356e+00 8.798894663746887446e+00 2.974165475517825730e+00 1.690360201706543997e+00 3.670921219290851356e-01 3.805447457948730516e+00 6.000000000000000000e+00 7.000000000000000000e+00 4.000000000000000000e+00 -6.530954675045444446e+01
1.559674609930494116e+00 1.964231643630405477e+00 4.115324760726561060e+00 4.232621291667105545e+00 1.075306750818290080e+00 2.391430344807663477e+00 2.572674908569073660e-01 2.793884031399162193e+00 6.000000000000000000e+00 7.000000000000000000e+00 5.000000000000000000e+00 -1.017378053698495251e+02
1.910705363078610830e+00 1.889246962496797577e+00 4.142038244381505585e+00 6.126025570234225448e+00 1.333957440405511896e+00 9.035309578279770992e-01 3.477218117471925218e-03 3.227124696426826311e+00 5.000000000000000000e+00 3.000000000000000000e+00 4.000000000000000000e+00 -1.292631609219922098e+02
5.972393767482911953e-01 1.843864471677693295e+00 6.139842868509266083e+00 3.562471314815126355e+00 1.044932340689811223e+00 1.220734099417661866e+00 5.548749049188690385e-01 3.287675508914326361e+00 6.000000000000000000e+00 9.000000000000000000e+00 1.000000000000000000e+00 -1.138549476665116345e+02
1.846930022690187689e+00 2.835925598611118925e+00 1.968485220199338803e+00 6.378585842193620792e+00 1.168394331952997467e+00 1.042037597588977293e+00 1.998250478110796813e-01 3.046788531736090544e+00 7.000000000000000000e+00 7.000000000000000000e+00 2.000000000000000000e+00 -1.007555923118222125e+02
1.931194230552077951e+00 1.447772656880596642e+00 3.649137711912061377e+00 7.233458387841844583e+00 1.935250277237951178e+00 1.556427163637530642e+00 1.564677381949902690e-01 2.561082950122871793e+00 5.000000000000000000e+00 8.000000000000000000e+00 4.000000000000000000e+00 -3.922777680342545636e+02
2.106299992605511484e+00 2.317124294414059982e+00 6.022377045653557914e+00 2.030296308260391758e+00 2.226719729130643532e+00 1.039584774300194026e+00 4.547705111708293391e-01 3.268400007358806203e+00 9.000000000000000000e+00 8.000000000000000000e+00 3.000000000000000000e+00 -1.397726183880168378e+02
2.254914167027145755e+00 9.185648776140173943e-01 2.648929798593583573e+00 6.897118846666671743e+00 1.604040456244427926e+00 9.688551313340811877e-01 2.047271248527944565e-01 2.882610837413159377e+00 7.000000000000000000e+00 6.000000000000000000e+00 3.000000000000000000e+00 -6.622957614974839657e+01
3.002297252756030987e-01 1.241472784432141596e+00 7.258060288286777961e+00 4.040937690669868410e+00 2.364974049215504248e+00 8.320511975277589123e-01 5.935497955374784418e-01 4.468777390229923263e+00 9.000000000000000000e+00 9.000000000000000000e+00 4.000000000000000000e+00 -2.174862904824851739e+02
2.365384574029169684e+00 1.467289609146007479e+00 4.308128082963037286e+00 5.450257866038262122e+00 1.037217143858775170e+00 5.807156034160081415e-01 1.752110734044493578e-01 2.873146510266016307e+00 4.000000000000000000e+00 6.000000000000000000e+00 3.000000000000000000e+00 -1.039220164979140009e+02
1.092003549787858185e+00 2.724379641560552567e+00 3.526572884967879240e+00 9.152221955687114274e+00 1.800759687539227105e+00 6.915073168658524283e-01 4.163232706084232793e-01 3.046241757843376696e+00 7.000000000000000000e+00 5.000000000000000000e+00 3.000000000000000000e+00 -6.366087676274617024e+01
2.057508219070460775e+00 2.741033885313885143e+00 4.631662353333791060e+00 9.284660258560020196e+00 1.440556558682689614e+00 1.067325066222292396e+00 4.417608126604410934e-02 2.984754497863516765e+00 9.000000000000000000e+00 4.000000000000000000e+00 5.000000000000000000e+00 -1.317255845451926746e+02
2.091301314472668871e+00 2.692043944140763312e+00 5.116079914769146697e+00 4.627703592412538036e+00 1.349934906261664125e+00 9.578275042840520559e-01 3.821177846118626320e-01 3.278821161274343421e+00 6.000000000000000000e+00 8.000000000000000000e+00 3.000000000000000000e+00 -1.042227057322091923e+02
2.138454989851997112e+00 2.110564800194858037e+00 2.425007558661153695e+00 7.058372185285955780e+00 2.413086654922340202e+00 7.214314689127045988e-01 3.702474945431372122e-01 2.601180585438469528e+00 5.000000000000000000e+00 1.000000000000000000e+01 5.000000000000000000e+00 -1.739969536298433468e+02
2.190362564541600054e+00 1.833720020166845099e+00 6.003766544562958885e+00 3.425753417799907830e+00 1.174277256818603288e+00 1.959310041379185741e+00 1.706838616524903873e-01 3.025911990222422521e+00 6.000000000000000000e+00 6.000000000000000000e+00 3.000000000000000000e+00 -1.105467963045524300e+02
2.237736472340080773e+00 2.037658122830491081e+00 4.953310610085796206e+00 4.192551702359438082e+00 1.715710865847781985e+00 6.200482628993351231e-01 1.539049834731799904e-01 3.097668469922050694e+00 4.000000000000000000e+00 1.400000000000000000e+01 3.000000000000000000e+00 -1.818345514313400884e+02
6.067615220676798593e-01 1.807287247990143619e+00 4.750785025813363482e+00 5.101134095280063008e+00 1.660531795938514188e+00 1.300304085118168196e+00 3.477745831754211481e-01 3.162022473270309053e+00 6.000000000000000000e+00 5.000000000000000000e+00 3.000000000000000000e+00 -1.309175407423061586e+02
1.239312713524343801e+00 2.996076586378547901e+00 2.850991932656876227e+00 6.360514886728624084e+00 1.973738743661111794e+00 2.295535972721616247e-01 3.849291337957981840e-01 2.833931251871693924e+00 1.000000000000000000e+01 8.000000000000000000e+00 5.000000000000000000e+00 -1.731395931378415298e+02
1.581257859378268904e+00 1.482194834100609482e+00 6.159821015181972115e+00 6.305225214660464594e+00 2.420541876984442009e+00 1.513508533764792219e+00 2.470339797078727750e-01 2.760694648792619166e+00 3.000000000000000000e+00 7.000000000000000000e+00 4.000000000000000000e+00 -1.336726457126490288e+02
1.947847274201320866e+00 2.336676871667458855e+00 5.170125004187293705e+00 6.202747022499194074e+00 1.061575213762725456e+00 3.445929174749237656e-01 5.920791204104816075e-01 2.450255845465488136e+00 8.000000000000000000e+00 1.100000000000000000e+01 2.000000000000000000e+00 -1.543024425893871694e+02
1.139838256995638677e+00 2.068495497958507734e+00 3.166544954268684098e+00 3.587104765207443258e+00 2.177798253782180282e+00 9.262972116288492597e-02 2.312457141694686524e-01 3.479614063088694920e+00 4.000000000000000000e+00 2.000000000000000000e+00 3.000000000000000000e+00 -1.262244616871432896e+02
1.170448542734460862e+00 1.766942591916886407e+00 4.918951500094336460e+00 5.814488385172543516e+00 2.251643859501047729e+00 1.207999032259045036e+00 4.357497138612283494e-01 2.067777568166371260e+00 9.000000000000000000e+00 4.000000000000000000e+00 4.000000000000000000e+00 -8.835607501549506537e+01
1.516411527835071382e+00 2.232580114824294970e+00 4.349589857179992691e+00 5.529547345491832466e+00 2.005962794463572063e+00 1.371674001328589521e+00 4.349258627576386149e-01 2.693036033292301124e+00 7.000000000000000000e+00 1.300000000000000000e+01 3.000000000000000000e+00 -1.837521703537482267e+02
1.153456761135218223e+00 1.540588252875938924e+00 3.961540428726903151e+00 4.662179297334002825e+00 1.439773774601502465e+00 3.293255789167530700e-01 5.285835219293134601e-01 4.097867651818711821e+00 3.000000000000000000e+00 4.000000000000000000e+00 5.000000000000000000e+00 -2.178329624097196984e+02
1.233960257735114752e+00 1.831551668373222252e+00 1.899245763146520272e+00 5.022043734764527478e+00 1.438009731700411686e+00 1.008029224852929229e+00 4.334493855764749437e-01 3.040571882085902455e+00 7.000000000000000000e+00 1.400000000000000000e+01 4.000000000000000000e+00 -1.008124051327987399e+04
1.652983784981572724e+00 1.777757268426709558e+00 6.405876690620652347e+00 9.661735016138225163e+00 2.163566468364026107e+00 1.447840332436509447e+00 2.235207771161984436e-01 3.387920360017511623e+00 3.000000000000000000e+00 8.000000000000000000e+00 3.000000000000000000e+00 -1.342884656077588943e+02
9.554368918775295594e-01 2.132057195902890889e+00 5.126786851178319004e+00 1.174316551697074384e+00 1.399139564715660811e+00 2.072013090660713708e+00 5.680457891592159969e-01 2.384237348527181055e+00 2.000000000000000000e+00 4.000000000000000000e+00 4.000000000000000000e+00 -1.185816082322717051e+02
1.938608719187526308e+00 2.447362674089436752e+00 2.455905636954629045e+00 7.626411604360697538e+00 2.773462540408723864e+00 1.306236887675780833e+00 1.785106921564029170e-01 2.520016603964757795e+00 6.000000000000000000e+00 8.000000000000000000e+00 4.000000000000000000e+00 -2.023675040272917727e+02
5.982663014907468879e-01 2.363335709977833154e+00 4.437501199502868587e+00 9.429568603144293348e+00 1.940452580600479981e+00 1.492895172439432594e+00 6.189118564867277517e-01 3.322512009729822413e+00 6.000000000000000000e+00 5.000000000000000000e+00 4.000000000000000000e+00 -1.333037334765047888e+02
1.301992883476663421e+00 2.314373325093255218e+00 5.034602304934891137e+00 3.566276582253927963e+00 1.489753587636765353e+00 6.487525048690993001e-01 4.186497921518302912e-01 2.867242144800902004e+00 5.000000000000000000e+00 1.000000000000000000e+01 4.000000000000000000e+00 -1.010872681744326837e+04
1.163869576937473393e+00 2.480252543540088617e+00 3.602915776372158430e+00 9.958347733959310943e+00 2.346059838153649046e-01 8.125116933196235847e-01 2.876385286797975560e-01 3.702302994011791526e+00 5.000000000000000000e+00 7.000000000000000000e+00 4.000000000000000000e+00 -1.340737344294403499e+02
1.663215668266998071e+00 2.207911389538625091e+00 6.334336671675476538e+00 4.758257030593926906e+00 1.087006815823222894e+00 5.298956253329991650e-01 2.890340359821873539e-01 3.168610534342108931e+00 9.000000000000000000e+00 1.800000000000000000e+01 4.000000000000000000e+00 -2.225142481896369588e+02
1.439427981027802339e+00 2.481892328268724857e+00 6.890011892295550666e+00 3.110011613698777211e+00 2.986203584638467134e+00 9.109553296515200405e-01 2.688857701278911660e-01 2.552659527222504554e+00 0.000000000000000000e+00 5.000000000000000000e+00 3.000000000000000000e+00 -1.005459440428162452e+04
