1.693351623994618693e+00 2.627496526350983519e+00 3.151645553751630136e+00 5.352360801864000095e+00 2.180537098008241248e+00 2.199558410565544686e-01 4.994195084775486793e-01 3.200297569642017947e+00 5.000000000000000000e+00 6.000000000000000000e+00 2.000000000000000000e+00 -1.005031651456571853e+04
1.057400839909020673e+00 1.607081884122370408e+00 1.755907914278308057e+00 4.790163405459852086e+00 1.073518924605004976e+00 9.006959962158644917e-01 2.849866434597354559e-01 3.782629050349090694e+00 6.000000000000000000e+00 1.600000000000000000e+01 5.000000000000000000e+00 -2.153718036838829732e+02
2.104707617996143476e+00 2.525726885302523428e+00 3.979797200979017902e+00 2.845947293234127429e+00 9.432995953088294527e-01 5.759759751895522362e-01 5.062719262282038279e-01 4.611413881539365711e+00 8.000000000000000000e+00 9.000000000000000000e+00 3.000000000000000000e+00 -6.705847890563866542e+01
1.126988821043155120e+00 1.243860901607076741e+00 7.732578828157944173e+00 3.244454363472204506e+00 1.400851517813207714e+00 1.031650438141132220e+00 5.337103541836509812e-01 3.174573067213571242e+00 1.000000000000000000e+01 9.000000000000000000e+00 5.000000000000000000e+00 -1.338719577843031630e+02
2.091980056532035004e+00 2.678060995076996242e+00 6.677152002593147451e+00 3.241544747386226888e+00 1.194642589792145104e+00 2.801064889338116259e-01 2.274051269015556209e-01 3.348449962233548849e+00 5.000000000000000000e+00 1.100000000000000000e+01 2.000000000000000000e+00 -2.022003017516454975e+02
1.606726452024864304e+00 1.453248457999644749e+00 6.566559317687698183e+00 5.559461352458993311e+00 1.720796154391128319e+00 1.775543187631654529e+00 6.000579151027318758e-01 3.293012132706081285e+00 6.000000000000000000e+00 9.000000000000000000e+00 3.000000000000000000e+00 -1.416470556408950472e+02
1.475832345787253530e+00 1.779297104951491626e+00 4.379605419228498775e+00 5.574826340322523777e+00 2.353024550512432089e+00 1.289895401044728107e+00 4.340794729685897302e-01 3.232807773505888882e+00 4.000000000000000000e+00 1.400000000000000000e+01 3.000000000000000000e+00 -1.445562199507122898e+02
1.091654114615041582e+00 2.143530118666756135e+00 6.421671127221816988e+00 6.733245340403782642e+00 2.313919942595250578e+00 1.719856283833242738e+00 5.288040906652786699e-01 3.802559497111805520e+00 4.000000000000000000e+00 6.000000000000000000e+00 4.000000000000000000e+00 -1.349589452034025783e+02
1.884480920741927745e+00 1.667935435712639691e+00 5.706506679252819403e+00 6.558737661388502893e+00 9.309105520734255457e-01 1.535658437592091419e+00 5.787872372902682638e-01 3.809491101634319588e+00 4.000000000000000000e+00 8.000000000000000000e+00 3.000000000000000000e+00 -6.417655826117854190e+01
2.353557184632674826e+00 1.838821521700937600e+00 4.290150510153463159e+00 7.020335182113154993e+00 1.941544592474287123e+00 1.275813776613826889e+00 6.655265959464164993e-01 2.450786907151147442e+00 7.000000000000000000e+00 4.000000000000000000e+00 2.000000000000000000e+00 -1.307785840421228443e+02
1.511214905714810097e+00 2.125479773531301131e+00 4.033732949154051894e+00 5.429931019839880690e+00 2.012674680582409614e+00 7.847598800051850398e-01 4.914579487559345150e-01 3.669727541814920446e+00 4.000000000000000000e+00 1.000000000000000000e+01 3.000000000000000000e+00 -1.015725267281572712e+02
2.490948598909175526e+00 1.996304130137590116e+00 4.233821316116605615e+00 4.003508443411938345e+00 2.145618127450624968e+00 5.617360632640934215e-01 5.444206261548891757e-01 2.539397110086917042e+00 4.000000000000000000e+00 7.000000000000000000e+00 4.000000000000000000e+00 -1.201113400765174362e+02
1.866685309144856753e+00 2.492512336237724835e+00 3.729655852781673886e+00 4.241321330305210857e+00 1.573209230579640350e+00 1.617427669063418727e-01 6.113522604713583775e-01 2.366677302757469015e+00 9.000000000000000000e+00 3.000000000000000000e+00 2.000000000000000000e+00 -1.334822952019611932e+02
2.157412229292198003e+00 2.589252587920080284e+00 6.775563134084853445e+00 3.670213661104253511e+00 1.713715984217616173e+00 4.837912252814835501e-02 3.349440707009628260e-01 4.001481694416112234e+00 3.000000000000000000e+00 6.000000000000000000e+00 3.000000000000000000e+00 -1.328543211781748425e+02
2.145569003211557746e+00 2.416900203016871806e+00 2.227546059247101695e+00 5.091562054729146247e+00 1.164293103034708343e+00 1.599330398914452278e+00 2.270817037377676761e-01 3.284461889753943264e+00 3.000000000000000000e+00 1.500000000000000000e+01 5.000000000000000000e+00 -1.992158384783984104e+02
1.809658450347520375e+00 1.321023773293728887e+00 3.384752260933619361e+00 4.501924366838411018e+00 1.373880095224198294e+00 1.105847316300729188e+00 7.001705872270246322e-01 3.903818419775549220e+00 8.000000000000000000e+00 7.000000000000000000e+00 5.000000000000000000e+00 -2.330220238589744497e+02
1.265757729786090247e+00 1.141735754255879476e+00 2.563690996315231008e+00 6.133218955659152982e+00 1.833951289373003668e+00 1.215036259734068480e+00 3.904584916475794532e-01 3.755154991320897917e+00 1.000000000000000000e+01 5.000000000000000000e+00 4.000000000000000000e+00 -1.328815832366427969e+02
1.553549315400287734e+00 2.602413530286522114e+00 2.440079318620614224e+00 7.072701347452113652e+00 6.896799294868753982e-01 1.232898631213609431e+00 6.849580748774690697e-01 3.671275781875818378e+00 9.000000000000000000e+00 7.000000000000000000e+00 4.000000000000000000e+00 -1.346193895045721547e+02
2.138643981439991015e-01 1.444238050348015223e+00 6.490532598657464014e+00 5.775239876688731400e+00 2.017890665655526661e+00 1.014183560192345235e+00 7.544185027378013109e-01 2.830155517553641253e+00 8.000000000000000000e+00 1.000000000000000000e+01 5.000000000000000000e+00 -1.979479740909429495e+02
8.370570835861090853e-01 1.076604552121783298e+00 7.021575228910417188e+00 3.418923909182426613e+00 1.640460964962948243e+00 1.973300019219440760e+00 8.554975385381780040e-01 2.675740999430148204e+00 6.000000000000000000e+00 1.200000000000000000e+01 4.000000000000000000e+00 -1.007520004120592785e+04
1.120126969396658456e+00 2.293620599416449579e+00 1.956574191836583765e+00 5.081803461090008689e+00 2.921762723634244718e+00 1.115402330391997099e+00 7.005051473268580908e-01 3.499967254802115679e+00 6.000000000000000000e+00 7.000000000000000000e+00 5.000000000000000000e+00 -1.510247467306678004e+02
1.796143280222218142e+00 1.987835905961966354e+00 6.964704831774000127e+00 5.575747117162995536e+00 2.139307555045653064e+00 1.143869660280849132e+00 3.700366101332466240e-01 4.531331794761642939e+00 2.000000000000000000e+00 6.000000000000000000e+00 4.000000000000000000e+00 -1.319331586764608915e+02
2.653991191998066768e+00 1.405390471530250762e+00 2.103614729586766430e+00 3.564458357178545089e+00 1.129584803575723218e+00 7.344556638462956810e-01 9.782102719590590745e-02 3.053122024954066038e+00 6.000000000000000000e+00 7.000000000000000000e+00 4.000000000000000000e+00 -6.941692287850359833e+01
1.171007161057187940e+00 2.048760745885524148e+00 5.256350044701898483e+00 7.519228066068112781e+00 1.438059886884067495e+00 5.381061912937010749e-01 9.006413031829370308e-02 3.259761842275090249e+00 3.000000000000000000e+00 1.000000000000000000e+01 4.000000000000000000e+00 -1.302238512083947626e+02
1.638616133523133733e+00 1.655473447522544550e+00 2.120533337184762779e+00 2.426459703505543963e+00 1.296471472969824568e+00 5.290028326068386688e-01 6.846630938596824922e-01 3.150661806094904982e+00 6.000000000000000000e+00 1.000000000000000000e+01 3.000000000000000000e+00 -2.741155094411978439e+02
7.534060643970674764e-01 1.646253225492565475e+00 2.271794721443846754e+00 6.214413774569790050e+00 8.247281770784276045e-01 2.284761772762455845e+00 5.039609118804289078e-01 4.427718843805425131e+00 9.000000000000000000e+00 6.000000000000000000e+00 4.000000000000000000e+00 -1.322695458780777358e+02
1.560700921948543485e+00 1.707115265468354126e+00 6.977461786101147645e+00 3.048320130814260676e+00 2.129211646341435227e+00 1.118696180165527743e+00 6.700104539824079941e-01 3.476744478664878457e+00 0.000000000000000000e+00 5.000000000000000000e+00 5.000000000000000000e+00 -1.339796391741039940e+02
2.144994051776322408e+00 2.135589112948399482e+00 6.310699782627078314e+00 2.289138828019497307e+00 1.169348916169831387e+00 4.621823131135146534e-01 7.661310656805356833e-01 3.005222073977324104e+00 2.000000000000000000e+00 9.000000000000000000e+00 5.000000000000000000e+00 -1.467141251792992875e+02
2.281567206948154070e-01 2.871564299287192146e+00 2.637670746389535026e+00 6.734273905859150311e+00 8.101422452005069275e-01 8.652883085989034884e-01 5.738734836304844045e-01 3.395862403935807183e+00 7.000000000000000000e+00 1.000000000000000000e+01 5.000000000000000000e+00 -2.048536390889765357e+02
1.637479534209699494e+00 2.366443567792409386e+00 6.523747917566002030e+00 6.052659443885148427e+00 1.577018384781769367e+00 1.002246351012555658e+00 4.852181599681214541e-01 3.092515067766166137e+00 3.000000000000000000e+00 1.100000000000000000e+01 3.000000000000000000e+00 -1.523361284403968909e+02
1.397557721429666833e+00 2.402869505279729978e+00 1.148756508663995035e+00 4.747246174301189114e+00 1.669557507450354361e+00 1.329764339664757378e+00 5.622392321123068637e-01 4.074448331936388890e+00 1.000000000000000000e+01 1.000000000000000000e+01 4.000000000000000000e+00 -1.356914256082642112e+02
2.250244461254418571e+00 1.873666356612798456e+00 5.233598226470361325e+00 4.989261819418739030e+00 1.719919283138562571e+00 1.089148350649716601e+00 5.371759838564574840e-01 3.995962793838295113e+00 7.000000000000000000e+00 8.000000000000000000e+00 5.000000000000000000e+00 -1.334123787091641873e+02
1.832037507387890729e+00 1.981839789553547337e+00 5.503809226252928788e+00 6.635102338855883630e+00 1.947716057871665907e+00 1.112811909906983310e+00 1.942589584067584696e-01 3.142700912296137794e+00 4.000000000000000000e+00 9.000000000000000000e+00 3.000000000000000000e+00 -1.402973669935578585e+02
2.114163795475889618e+00 1.792377697121610103e+00 4.784387442167767013e+00 4.714373983531136680e+00 2.567932236745343655e+00 1.601673100607643896e+00 3.919972265717365789e-01 3.944065091276597990e+00 7.000000000000000000e+00 9.000000000000000000e+00 4.000000000000000000e+00 -1.462312645742282484e+02
1.695471512105821477e+00 1.760247624120515830e+00 9.412497318957028014e+00 4.165410595436028984e+00 9.445285497141799880e-01 4.609715944415466726e-01 5.526657554337081057e-01 3.633261852668670855e+00 1.000000000000000000e+01 1.400000000000000000e+01 4.000000000000000000e+00 -1.399583043217064926e+02
2.212636312623554424e+00 2.454959020674937875e+00 3.617369965091363326e+00 4.277459562539291049e+00 1.551344717961277819e+00 5.160022873076519634e-01 4.806966405890281679e-01 3.602048663165814624e+00 5.000000000000000000e+00 7.000000000000000000e+00 3.000000000000000000e+00 -1.032912290873167933e+02
1.488627391058126914e+00 2.757496117874700836e+00 1.733477177825819338e+00 7.818478074505765818e+00 4.428912860783265071e-01 7.285838573028206033e-01 5.917495500489309279e-01 3.440821764933734261e+00 5.000000000000000000e+00 1.100000000000000000e+01 5.000000000000000000e+00 -8.009859573542136957e+01
2.243423837765695872e+00 1.949989650015047760e+00 1.243573858224267692e+00 3.899852432419017134e+00 1.770515095705272657e+00 9.680959965020374813e-02 2.822540197272260798e-02 3.640264066419161892e+00 1.000000000000000000e+01 6.000000000000000000e+00 3.000000000000000000e+00 -1.334573697202988001e+02
2.678734356530120042e+00 2.588061094669924955e+00 6.659574280552002179e+00 6.115417675732413016e+00 2.449174772493766916e+00 8.595931109579402207e-02 6.198769409620292770e-01 3.087068643391458256e+00 2.000000000000000000e+00 7.000000000000000000e+00 5.000000000000000000e+00 -1.868041333305437206e+02
1.360292055608331552e+00 1.487263953244698067e+00 4.754795788992210781e+00 5.070054862900837733e+00 1.242975121710218289e+00 3.466316110315428300e-01 2.739563718113846025e-01 2.414541953880370073e+00 4.000000000000000000e+00 9.000000000000000000e+00 4.000000000000000000e+00 -1.837230771449671920e+02
2.453874557184886118e+00 2.286717637856819696e+00 2.052152008299500618e+00 5.716793017209638172e+00 1.600340262550186798e+00 6.378093537632290033e-01 9.584700125831914219e-01 2.387484052590248318e+00 7.000000000000000000e+00 6.000000000000000000e+00 2.000000000000000000e+00 -1.106096872887739551e+02
1.059162321459599099e+00 1.443914838306270765e+00 3.487980412582277090e+00 3.935846606549196380e+00 1.584401909927368290e+00 1.294199209611846424e+00 8.077661115572689621e-01 3.960033391949809189e+00 3.000000000000000000e+00 1.000000000000000000e+01 4.000000000000000000e+00 -3.231978674752949132e+02
7.526757614169686805e-01 2.515864802529501620e+00 4.949857464280386310e+00 6.081268655137812118e+00 9.041052433019328705e-01 1.577760251926997759e+00 6.868915277815448306e-01 3.782493616555355320e+00 7.000000000000000000e+00 1.100000000000000000e+01 4.000000000000000000e+00 -1.550901034632002791e+02
8.486930199948864439e-01 2.278302214718421759e+00 5.090236284977428305e+00 4.911768832704885845e+00 1.587878994601469085e+00 1.429404999911870977e+00 7.895405700414250827e-01 3.606584742423189383e+00 9.000000000000000000e+00 7.000000000000000000e+00 3.000000000000000000e+00 -1.311787139776330378e+02
1.294823758975784944e+00 1.600154498783616042e+00 4.331808190507421941e+00 6.845789681633353219e+00 9.687707498016117080e-01 1.823775547205728653e+00 8.102676127357805180e-01 2.796848920466178612e+00 5.000000000000000000e+00 1.400000000000000000e+01 4.000000000000000000e+00 -1.665403872056326406e+02
1.775196955578337121e+00 1.353288036908859571e+00 4.372874608879476988e+00 2.243423384186940872e+00 1.179344273234972817e+00 1.590938511238810138e+00 3.940101848106399851e-01 3.759749713130498439e+00 7.000000000000000000e+00 6.000000000000000000e+00 3.000000000000000000e+00 -9.637780498321285449e+01
3.907544662197394714e-01 2.060473439553760500e+00 1.714183206068491838e+00 6.202518342088844783e+00 1.498449479399001305e+00 8.054834412741637140e-01 5.883139690138047273e-01 3.324304016999457989e+00 8.000000000000000000e+00 5.000000000000000000e+00 5.000000000000000000e+00 -9.780432091475810807e+01
2.678734356530120042e+00 2.588061094669924955e+00 6.659574280552002179e+00 6.115417675732413016e+00 2.449174772493766916e+00 8.595931109579402207e-02 6.198769409620292770e-01 3.087068643391458256e+00 2.000000000000000000e+00 7.000000000000000000e+00 5.000000000000000000e+00 -1.868041333305437206e+02
