2.417781305888558219e+00 1.481679599515263179e+00 3.169789633416391528e+00 4.592277076487365939e+00 1.697486028899555910e+00 1.088018370428263770e+00 4.642804051821506350e-01 2.457530569522213160e+00 4.000000000000000000e+00 1.100000000000000000e+01 4.000000000000000000e+00 -1.013573532476844048e+04
1.576837890633693284e+00 1.988246602737458346e+00 3.377629619313080589e+00 3.960180515265016687e+00 1.308953435711218916e+00 1.106122759714148973e+00 5.047398091757863137e-01 3.419430698627124787e+00 8.000000000000000000e+00 1.000000000000000000e+01 3.000000000000000000e+00 -7.774614312836864372e+01
1.826743848591663832e+00 2.084068245327289848e+00 6.845233610066868479e+00 7.789567975950219214e+00 1.863185574759549379e+00 1.043695829658007668e+00 2.101728394766105290e-01 3.241011283593710601e+00 7.000000000000000000e+00 4.000000000000000000e+00 4.000000000000000000e+00 -9.614848763494603645e+01
9.976808108384231932e-01 2.342242652565611927e+00 4.224182900428831822e+00 3.733428339701123644e+00 9.971948908937671163e-01 1.144780068658672434e+00 6.115690480134629015e-01 3.124738849515676709e+00 4.000000000000000000e+00 4.000000000000000000e+00 3.000000000000000000e+00 -5.730711952402265297e+01
1.309950670905617676e+00 2.816333817315467503e+00 1.814692053760865287e+00 6.372220574992486064e+00 1.066643359964173587e+00 1.962146713759491679e+00 2.812398194331666712e-01 2.463369663192055192e+00 2.000000000000000000e+00 1.200000000000000000e+01 3.000000000000000000e+00 -1.185268774747697762e+02
1.582168767025679879e+00 2.401415145374000915e+00 4.158117276384145633e+00 5.798993485946309256e+00 1.226019856959471577e+00 7.735710751435754817e-01 1.611603481605393962e-01 2.711786515205241610e+00 6.000000000000000000e+00 1.100000000000000000e+01 4.000000000000000000e+00 -1.744810650828570715e+02
6.683202020731395798e-01 2.775325425271462976e+00 4.447734159954566557e+00 6.484432268019860501e+00 2.044563137916791451e+00 1.850636640564273350e+00 4.839019114928828635e-01 3.960633313363292274e+00 7.000000000000000000e+00 5.000000000000000000e+00 4.000000000000000000e+00 -1.274717552478617080e+02
1.771375956896930726e+00 1.928796479306695399e+00 7.252400825479164759e+00 5.614461112018236832e+00 1.491780901548679150e+00 1.089507125191072623e+00 6.363194669625986677e-01 4.450831087745520165e+00 9.000000000000000000e+00 8.000000000000000000e+00 4.000000000000000000e+00 -1.002982336974245925e+02
8.171801602502982709e-01 2.026104119339710685e+00 6.127948032556385982e+00 4.533868590699643875e+00 1.024241773978562309e+00 1.903711536181939668e+00 1.504161519941642489e-01 2.456648133753781327e+00 5.000000000000000000e+00 8.000000000000000000e+00 4.000000000000000000e+00 -8.401198490537485952e+01
2.039595202017284947e+00 2.423549534841563879e+00 6.740655397277562244e+00 6.909771804238971527e+00 1.053017001786296092e+00 1.221204124642623512e+00 1.650545442019282216e-01 2.668090485518313848e+00 8.000000000000000000e+00 3.000000000000000000e+00 5.000000000000000000e+00 -1.304920857937648577e+02
2.590738002188942346e+00 1.838977754480442428e+00 3.073566864258312936e+00 5.257951165433858876e+00 1.188964663847432046e+00 7.835092164200060383e-01 1.734154470481203969e-01 3.419222913343902714e+00 8.000000000000000000e+00 1.100000000000000000e+01 5.000000000000000000e+00 -9.810109676489521746e+01
1.314722183253577814e+00 1.630812535106057837e+00 4.860995893680768454e+00 9.108145735638537133e+00 1.238579602872186713e+00 1.109429127205513010e+00 4.346034165841293206e-01 2.582778626376907027e+00 6.000000000000000000e+00 6.000000000000000000e+00 3.000000000000000000e+00 -1.078635233736694374e+02
9.913986443204851895e-01 1.854343415832305109e+00 5.140269062680848933e+00 5.747883121048627864e+00 1.020541164954876567e+00 1.020274610619942068e+00 6.517131429369164008e-01 4.191641046676507720e+00 8.000000000000000000e+00 1.000000000000000000e+01 3.000000000000000000e+00 -1.004044501111392674e+04
1.479728456826988836e+00 2.213993105427357833e+00 4.256899524242903965e+00 4.293401672865573282e+00 1.842739987736952134e+00 9.462237161837612209e-01 4.703356063954944877e-01 2.347412205170093635e+00 8.000000000000000000e+00 9.000000000000000000e+00 4.000000000000000000e+00 -1.418438362589188841e+02
1.253042457712955304e+00 2.128412839015089819e+00 2.006555040376144294e+00 4.937028218677653513e+00 1.571322048633093660e+00 9.054589080158309544e-01 5.377908117802903121e-01 3.818508918104693173e+00 7.000000000000000000e+00 4.000000000000000000e+00 5.000000000000000000e+00 -1.287272236150309368e+02
2.363270126510978564e+00 2.665460000469277446e+00 4.365715125738735658e+00 6.169931473599467253e+00 1.537157821146550418e+00 5.921272646049553501e-01 3.315138344818374105e-01 2.595513609979499758e+00 8.000000000000000000e+00 8.000000000000000000e+00 3.000000000000000000e+00 -1.077922312731876673e+02
1.618200021509083264e+00 2.067847455516715449e+00 2.106132818133634288e+00 5.150012580941343288e+00 1.526102515757116862e+00 1.123062360131246162e+00 8.365227524780992352e-02 4.252704266373065423e+00 3.000000000000000000e+00 5.000000000000000000e+00 5.000000000000000000e+00 -1.309628485613500573e+02
5.648650750217731886e-01 1.493104232724345337e+00 4.927037482159531301e+00 5.453895305162379969e+00 2.812903412802067127e+00 6.235661498192145435e-01 6.753227922250727433e-01 4.444639147173718996e+00 9.000000000000000000e+00 9.000000000000000000e+00 5.000000000000000000e+00 -2.483738477041875399e+02
2.211813700448809428e+00 2.230548762017044773e+00 4.717915769575176554e+00 6.147238905139282394e+00 1.757603420202481281e+00 5.505763060270311149e-01 3.572989670735380319e-01 3.162072502572018884e+00 6.000000000000000000e+00 9.000000000000000000e+00 4.000000000000000000e+00 -1.246052215736811348e+02
2.723497819712048074e+00 1.846357781772590689e+00 2.437400061256339789e+00 6.752283873664783442e+00 2.078956253493249751e+00 7.876428422801712292e-01 1.587928757575445271e-01 2.447755542890175384e+00 6.000000000000000000e+00 6.000000000000000000e+00 3.000000000000000000e+00 -8.032233570073478290e+01
1.467894317091905654e+00 2.872984317720985281e+00 3.176142930290355881e+00 8.317041824802213767e+00 5.571180298497010464e-01 8.393607351767917724e-01 2.393710889896774052e-01 3.441612555878009072e+00 4.000000000000000000e+00 7.000000000000000000e+00 4.000000000000000000e+00 -1.696057160646419106e+02
2.669886823843941936e+00 1.214776883391349038e+00 5.802030241720577131e+00 4.360293239427496026e+00 1.108676043104183995e+00 1.846396481570754755e+00 2.287088250829329428e-01 3.201895685537720304e+00 8.000000000000000000e+00 7.000000000000000000e+00 3.000000000000000000e+00 -2.941897307999462896e+02
4.579968439125763346e-01 2.485290244938620940e+00 5.190615222953753438e+00 4.375806149287889468e+00 2.431807600745889086e+00 1.303247336807243917e+00 3.446301164744733359e-01 3.551692959622739121e+00 6.000000000000000000e+00 1.200000000000000000e+01 5.000000000000000000e+00 -1.007972681408518656e+04
2.107048793175024137e+00 2.586006478718463786e+00 4.408031154020256359e+00 7.080354137987272978e+00 1.246180928816293276e+00 6.125363299161076247e-01 5.430441892581245877e-01 2.781037456988492362e+00 9.000000000000000000e+00 1.000000000000000000e+01 4.000000000000000000e+00 -9.901155187604075536e+01
8.963457580378115797e-01 2.465986162802932480e+00 4.670490878257507639e+00 4.811869943440909125e+00 8.635261028020185803e-01 1.572407020046773907e+00 6.405186034122352101e-01 2.793383763818535037e+00 6.000000000000000000e+00 1.100000000000000000e+01 1.000000000000000000e+00 -1.581749008305753250e+02
2.033750145769539497e+00 2.820161695431088855e+00 5.403811145442957375e+00 5.402524266709146872e+00 1.376343434922245645e+00 7.137452466439769827e-01 3.731808414330180512e-01 3.175636300885324559e+00 7.000000000000000000e+00 1.300000000000000000e+01 4.000000000000000000e+00 -2.352265674193784832e+02
1.788068091179910724e+00 1.691643506861770785e+00 5.237425175917145737e+00 7.859782683755788923e+00 1.378552090311115030e+00 1.602373559961886240e+00 3.799052350132282041e-01 3.698193990225330907e+00 3.000000000000000000e+00 1.000000000000000000e+01 3.000000000000000000e+00 -1.659076792541245311e+02
1.124462956672846570e+00 2.169820720317379603e+00 3.826865785601005321e+00 5.193152170033104476e+00 1.840563242847234937e+00 1.535534354897240661e+00 3.040665362687813289e-01 2.986042572750315482e+00 4.000000000000000000e+00 6.000000000000000000e+00 4.000000000000000000e+00 -9.794239487334905903e+01
2.842182717083277410e+00 2.203413631093845026e+00 5.487684923798783920e+00 4.572247641589715528e+00 2.163070216706136861e+00 1.286835316841690613e+00 3.861176703275144284e-01 3.187603142492914987e+00 7.000000000000000000e+00 5.000000000000000000e+00 4.000000000000000000e+00 -1.012693580437724705e+02
1.372705551665594381e+00 2.094833605619197403e+00 3.976428108930914807e+00 5.529961588345312151e+00 1.814489973523875532e+00 7.610895698852851998e-01 4.837243917464213450e-01 3.112316759638516395e+00 1.100000000000000000e+01 5.000000000000000000e+00 5.000000000000000000e+00 -1.113106193081487305e+02
1.669574998167872915e+00 1.723254420486462823e+00 4.684316563802155109e+00 6.056480538433116401e+00 1.228884802875486626e+00 1.491916747294035783e+00 4.516819801230474996e-01 3.869836388550056849e+00 5.000000000000000000e+00 4.000000000000000000e+00 4.000000000000000000e+00 -5.660019073040410831e+01
1.777351411270337911e+00 2.811086203418692975e+00 3.068932208967548370e+00 7.434422510442443510e+00 2.740977093997691405e+00 1.071258535405062107e+00 6.375906993073416906e-01 3.349881009069738624e+00 6.000000000000000000e+00 5.000000000000000000e+00 3.000000000000000000e+00 -8.090070542101831563e+01
9.235293087715812366e-01 1.984069891124574880e+00 4.827284442934174358e+00 4.801547831911252118e+00 1.772740016241626027e+00 1.316455029067015614e+00 5.902398486597849603e-01 2.817031967793438341e+00 5.000000000000000000e+00 5.000000000000000000e+00 3.000000000000000000e+00 -2.402146250171848578e+02
1.511497325941319136e+00 1.880338245271100384e+00 2.976126149448391267e+00 4.249807943630443674e+00 1.161838462271916006e+00 9.141818544276594238e-01 1.262941042440185735e-01 3.581990788458165209e+00 5.000000000000000000e+00 1.000000000000000000e+01 4.000000000000000000e+00 -8.632249096409697131e+01
1.612591322563620144e+00 2.363180336940709836e+00 4.755377399941141725e+00 5.833756769120348018e+00 1.109992027242431289e+00 1.346035507803091225e+00 3.568813257594288801e-01 3.409846972921967367e+00 7.000000000000000000e+00 1.300000000000000000e+01 3.000000000000000000e+00 -1.469046708563404593e+02
2.036373012750061218e+00 2.127073967991618186e+00 2.951001130573828402e+00 8.131253445944221170e+00 2.358173113033950941e+00 1.013496729469701485e+00 5.392683390498534957e-01 2.779796511556246408e+00 4.000000000000000000e+00 9.000000000000000000e+00 5.000000000000000000e+00 -1.387560338275359300e+02
3.363038085331837568e-01 2.163332620888069879e+00 2.590117572014959180e+00 5.445255023471813338e+00 2.880093423296282040e+00 5.553079979680128897e-01 3.811468157641438315e-01 2.728336651532498713e+00 7.000000000000000000e+00 2.000000000000000000e+00 4.000000000000000000e+00 -1.275381604605307615e+02
8.364285588905010504e-01 1.321615057861337483e+00 6.421203690404774456e+00 7.050562722573014085e+00 1.140596692691919767e+00 1.267022152694078141e+00 7.791910466888605225e-01 3.882803545133147072e+00 8.000000000000000000e+00 1.000000000000000000e+01 4.000000000000000000e+00 -1.006154694121271859e+04
1.137360917173483976e+00 2.823743382948343594e+00 6.546907530045544377e+00 8.137732317102830848e+00 6.435823426618720866e-01 2.692017619621808189e-01 3.804767951735625875e-01 3.107274830712891678e+00 5.000000000000000000e+00 1.000000000000000000e+01 2.000000000000000000e+00 -1.607496434625150243e+02
9.907944598900209066e-01 2.736321939076422183e+00 4.521059577671421970e+00 7.023871557724650216e+00 1.322102092777640348e+00 1.041802098106727748e-01 3.697296548456019405e-03 3.278129998502124387e+00 7.000000000000000000e+00 6.000000000000000000e+00 4.000000000000000000e+00 -1.051391003973892140e+02
1.777294058208506861e-02 2.005871647859931439e+00 5.975371768233976866e+00 1.680723014349535749e+00 2.172110285778603433e+00 1.250247544673462219e+00 5.053987761117304522e-01 4.168389888346193395e+00 8.000000000000000000e+00 1.000000000000000000e+01 3.000000000000000000e+00 -1.578573883175758397e+02
1.250403329744508074e+00 2.095008804992483764e+00 5.347793906534748842e+00 2.850035551628534058e+00 1.034116423581101341e+00 1.915742321370661916e+00 6.548644755438789433e-01 2.105661708132832821e+00 3.000000000000000000e+00 4.000000000000000000e+00 3.000000000000000000e+00 -7.256629225538674177e+01
1.033079493024781303e+00 1.836572945463479156e+00 4.093130232115219869e+00 5.937461002653843245e+00 1.350926652552190133e+00 1.725788840727144446e+00 2.406974393626413675e-02 3.490885933078010872e+00 3.000000000000000000e+00 6.000000000000000000e+00 5.000000000000000000e+00 -1.333097216467286614e+02
1.660323992250646752e+00 1.896060529404314243e+00 2.818544358310929088e+00 5.984818613220569183e+00 2.272631150695228364e+00 7.655620061244142738e-01 2.352266875094884968e-01 3.018370192086664794e+00 8.000000000000000000e+00 6.000000000000000000e+00 3.000000000000000000e+00 -2.142126982402485282e+02
2.247793832467807729e+00 1.530836088706287734e+00 3.558126665953247780e+00 5.852343491083132676e+00 9.084563156630059977e-01 1.048349662609599220e-01 2.879007185207744235e-01 2.634731829664558767e+00 6.000000000000000000e+00 1.000000000000000000e+01 4.000000000000000000e+00 -9.984996328636228213e+01
1.554412167412062340e+00 2.409936404135741839e+00 4.889992607249761036e+00 3.741090989110007037e+00 1.797141162582509111e+00 9.274232393717383172e-01 5.260025644731773919e-01 3.937793592613878513e+00 4.000000000000000000e+00 5.000000000000000000e+00 4.000000000000000000e+00 -3.020913576268962970e+02
2.486811498418199040e+00 1.549695099046384028e+00 4.608826973006524774e+00 5.544582465861489950e+00 1.954497957850358292e+00 9.160594663604055832e-01 3.801957546310960057e-01 2.540535320729022661e+00 5.000000000000000000e+00 3.000000000000000000e+00 2.000000000000000000e+00 -1.319857232563356604e+02
1.439427981027802339e+00 2.481892328268724857e+00 6.890011892295550666e+00 3.110011613698777211e+00 2.986203584638467134e+00 9.109553296515200405e-01 2.688857701278911660e-01 2.552659527222504554e+00 0.000000000000000000e+00 5.000000000000000000e+00 3.000000000000000000e+00 -1.005459440428162452e+04
