1.897713787462502966e+00 2.559746242123297932e+00 7.800537812014674444e+00 7.619623175088718448e+00 2.013312305466642194e+00 1.406862250624572708e+00 4.904444546973845132e-01 3.178810918694470633e+00 6.000000000000000000e+00 1.000000000000000000e+01 3.000000000000000000e+00 -1.321298898078676416e+02
1.809848792251750993e+00 2.479655692999062744e+00 2.475550431708634758e+00 3.629356414513194462e+00 1.614372880804485932e+00 3.395253131280204784e-01 2.991121398383350116e-01 2.643538289714040257e+00 4.000000000000000000e+00 1.300000000000000000e+01 3.000000000000000000e+00 -3.330929764071508998e+02
1.913827128536480737e+00 1.674743515062933952e+00 5.458264089591549961e+00 7.494884754588054143e+00 1.058873996512812887e+00 1.782516302449248080e+00 4.359177961902445109e-01 3.155876656877169673e+00 3.000000000000000000e+00 4.000000000000000000e+00 4.000000000000000000e+00 -1.804208981578213127e+02
1.430678346862576777e+00 2.056635465457699929e+00 3.274383771772217067e+00 6.249686501673806127e+00 1.606491274152507254e+00 7.381954389373928116e-01 5.389028663777497563e-01 3.827628749146222642e+00 6.000000000000000000e+00 1.000000000000000000e+01 5.000000000000000000e+00 -9.610646540407822158e+01
5.172790773570712375e-01 1.909884743349135938e+00 5.159830645635571145e+00 2.835019825452615994e+00 1.344839581695017383e+00 8.817526322099014102e-01 2.027033640867177411e-01 3.943393952234037769e+00 4.000000000000000000e+00 1.100000000000000000e+01 3.000000000000000000e+00 -1.383721631670106547e+02
6.673680874478082892e-01 1.800534597578179463e+00 5.555477893388793831e+00 3.215976033490852704e+00 1.539645166682688693e+00 1.497507988975816717e+00 9.409756606224074504e-01 3.204475138197790507e+00 6.000000000000000000e+00 6.000000000000000000e+00 4.000000000000000000e+00 -1.014740033769892580e+04
1.284025597603092317e+00 2.775827399901420023e+00 5.573411003399524333e+00 5.492051366538588830e+00 1.581555840698762871e+00 7.704891459595599734e-01 2.083929556492895852e-01 3.207596638390014299e+00 8.000000000000000000e+00 4.000000000000000000e+00 4.000000000000000000e+00 -1.301280910118661325e+02
1.272334297780529200e+00 2.087088975054929740e+00 7.221146608687655899e+00 5.015082053477243562e+00 9.197184985576031258e-01 1.242821684250111192e+00 3.062346850571326384e-01 4.324396834009130330e+00 7.000000000000000000e+00 6.000000000000000000e+00 4.000000000000000000e+00 -1.330461706727091666e+02
2.762839454635596326e+00 1.565672721829626468e+00 7.246901211984945412e+00 7.083414878778339308e+00 1.475556373053881876e+00 1.361003797952965666e+00 2.356462617719001229e-01 3.297857848946989634e+00 7.000000000000000000e+00 7.000000000000000000e+00 3.000000000000000000e+00 -6.834277209686138121e+01
2.062105911625121912e+00 1.773629700085390226e+00 4.936708841243127033e+00 4.791418312408048941e+00 1.138582656635793722e+00 2.516677450003760308e-01 3.953496276901394268e-01 2.770086201207486276e+00 4.000000000000000000e+00 8.000000000000000000e+00 4.000000000000000000e+00 -1.692311653940624296e+02
2.188300624257415006e+00 2.656929798179302527e+00 4.645199920697764107e+00 6.678639499217843500e+00 6.554496891105230372e-01 2.242526887156487958e-01 3.503093188020558468e-01 3.148327735411763140e+00 9.000000000000000000e+00 1.400000000000000000e+01 4.000000000000000000e+00 -1.263242534959691739e+02
1.322184207029363012e+00 2.138958265851111928e+00 7.480866460861012257e+00 7.777098030268260409e+00 2.920558890391399487e+00 9.252280960140419896e-01 7.737639144487178378e-01 4.421622614851218103e+00 8.000000000000000000e+00 5.000000000000000000e+00 4.000000000000000000e+00 -1.295163675171174589e+02
1.301352605686291408e+00 2.206645567878493974e+00 1.780327104995683030e+00 5.351151714101389345e+00 1.454015233160982801e+00 1.110734419819677576e+00 5.888432729772532515e-01 2.976366438716826934e+00 3.000000000000000000e+00 8.000000000000000000e+00 3.000000000000000000e+00 -1.107570783483765808e+02
1.893297535874979509e+00 1.971383146805560926e+00 4.629691753583387026e+00 4.503738656402492602e+00 1.558598955170539924e+00 9.056922120792949560e-01 6.342578085483505657e-01 2.952496765452437888e+00 1.000000000000000000e+01 5.000000000000000000e+00 5.000000000000000000e+00 -1.355467681085946197e+02
2.886512015323116742e+00 1.819784885905535443e+00 2.880770402932158802e+00 4.096293228107667161e+00 1.282300260264535918e+00 2.185149574715352372e-01 4.973528713065948903e-01 2.929063370429538793e+00 8.000000000000000000e+00 8.000000000000000000e+00 5.000000000000000000e+00 -8.411222324181078136e+01
1.424771580569311968e+00 2.427109364802714442e+00 5.882953421895840584e+00 6.622032383692411983e+00 1.897081226638634766e+00 1.211088885456184094e+00 5.269001000464913487e-01 4.035117491979328896e+00 5.000000000000000000e+00 1.200000000000000000e+01 4.000000000000000000e+00 -1.961659177721022047e+02
3.755604845775427636e-01 1.675186603284170239e+00 5.619594697626091317e+00 5.654207615147085697e+00 1.983901194078992791e+00 5.488535626945971746e-01 3.974370578963750678e-01 2.904122472500896723e+00 3.000000000000000000e+00 1.000000000000000000e+01 5.000000000000000000e+00 -2.098779688550561389e+02
1.801160604627724204e+00 1.220919515573900771e+00 2.975227537128191102e+00 5.038623965156801887e+00 9.946343230517649125e-01 9.539479469570889547e-01 3.309701760901914147e-01 4.183602292922859789e+00 7.000000000000000000e+00 2.000000000000000000e+00 2.000000000000000000e+00 -1.259600246937474566e+02
1.208746775916295757e+00 2.789849749780379362e+00 2.912358025441212916e+00 7.565068761324209135e+00 1.213210081036832477e+00 1.174882430492555585e+00 2.188187662499410657e-01 3.872041487218590206e+00 6.000000000000000000e+00 7.000000000000000000e+00 4.000000000000000000e+00 -1.281660779180592442e+02
1.498991243732377798e+00 2.150208341162494818e+00 4.692294798634807584e+00 8.300831638716221761e+00 9.785007674924401933e-01 6.595142694778117765e-01 3.646901242441890623e-01 2.949581611616086452e+00 7.000000000000000000e+00 5.000000000000000000e+00 4.000000000000000000e+00 -1.344454854240858026e+02
2.696821008737457781e+00 2.216047164340696263e+00 3.993756447851495750e+00 6.198843164694702423e+00 1.562890570047233529e+00 2.064313138878810960e+00 5.754479973627011358e-01 3.674579186106996076e+00 8.000000000000000000e+00 6.000000000000000000e+00 5.000000000000000000e+00 -9.648987602862507629e+01
1.049211422759075640e+00 2.258331534237037364e+00 4.523279379131253997e+00 4.073936147378442563e+00 1.208948040491077736e+00 1.025457371913558902e+00 6.079843696299425115e-01 4.337043796771352433e+00 7.000000000000000000e+00 3.000000000000000000e+00 4.000000000000000000e+00 -1.273559845679126568e+02
1.224456173931449898e+00 2.324003732538090894e+00 4.222214803540188299e+00 5.512968614416545066e+00 1.949828380629598845e+00 1.342677215363303311e+00 3.661852241758795090e-01 2.790171011262607692e+00 8.000000000000000000e+00 4.000000000000000000e+00 4.000000000000000000e+00 -1.392012055313589087e+02
1.068612098633115792e+00 2.260221696218592147e+00 3.434124599878247697e+00 7.036531845001382734e+00 2.248704045124987783e+00 1.067655500535762192e+00 4.987945663198366519e-01 3.425492569766212192e+00 6.000000000000000000e+00 7.000000000000000000e+00 2.000000000000000000e+00 -1.015583935823213869e+04
1.177731157029881404e+00 2.036090335246012462e+00 3.536125244973311155e+00 5.798537525990001384e+00 1.193698576048464188e+00 7.516312367741613265e-01 6.604824844181869103e-01 2.881767008515244921e+00 9.000000000000000000e+00 1.200000000000000000e+01 4.000000000000000000e+00 -3.072322895610433307e+02
7.346932250065478787e-01 2.135792015630617602e+00 4.352357345481893347e+00 4.692395659831327670e+00 1.512653517825602201e+00 1.207669999340788891e+00 4.265541585045800610e-01 3.282343040322397876e+00 3.000000000000000000e+00 4.000000000000000000e+00 5.000000000000000000e+00 -9.363995894451264235e+01
1.341113062855761484e+00 2.567803777799595011e+00 3.954824781567176206e+00 6.649307486089180763e+00 2.860733253647687047e+00 8.365415712240078516e-01 4.559968528045453828e-01 4.419897734144916157e+00 3.000000000000000000e+00 7.000000000000000000e+00 4.000000000000000000e+00 -1.008923821695587685e+04
1.273123357690012059e+00 2.180884706506327042e+00 4.326348371693526040e+00 5.007822958272102554e+00 1.777873485533187914e+00 8.669009798063602723e-01 3.141741551761384477e-02 3.624810558728808640e+00 3.000000000000000000e+00 8.000000000000000000e+00 5.000000000000000000e+00 -1.087269760163182752e+02
1.344280682468612209e+00 2.315276158945963836e+00 4.909998645901223036e+00 4.246004536691543763e+00 1.543700709042309827e+00 1.919941571572135297e+00 5.605476095323107533e-01 2.683762248220777913e+00 4.000000000000000000e+00 7.000000000000000000e+00 3.000000000000000000e+00 -1.379126460745658562e+02
9.929854940823157339e-01 1.776172739029659775e+00 2.151333627506538893e+00 5.729068519027505246e+00 2.178370799333270824e+00 6.616543319101669818e-01 5.969813534596072335e-01 2.786794288009598830e+00 1.000000000000000000e+01 4.000000000000000000e+00 4.000000000000000000e+00 -1.301598716244776313e+02
3.479134819527152089e-02 1.730653831064925985e+00 6.213595963619260587e+00 3.796177779585580225e+00 1.901938922115477881e+00 7.186033495114544367e-01 5.432355048160559807e-01 3.986296347724979761e+00 6.000000000000000000e+00 5.000000000000000000e+00 3.000000000000000000e+00 -9.902577148009255836e+01
7.631985843276327675e-01 1.927284517476953951e+00 5.675965581200538068e+00 6.949964886030920219e+00 1.037139893260853318e+00 8.805160522010799795e-01 5.386642378230805939e-01 3.666016018367702856e+00 7.000000000000000000e+00 1.200000000000000000e+01 4.000000000000000000e+00 -2.127962584508018722e+02
2.083749460583640190e+00 1.366983999516927506e+00 4.505682062235475627e+00 6.477277850370703582e+00 1.696563406745893232e+00 1.114939603021345871e+00 4.191373094760193485e-01 2.564705084705616756e+00 6.000000000000000000e+00 6.000000000000000000e+00 2.000000000000000000e+00 -1.378601102365795157e+02
1.299018092107827371e+00 2.100711715666641499e+00 1.249953376844809227e+00 6.401726868482266575e+00 1.954605174345212193e+00 7.153666444835716787e-01 3.446499861481376881e-01 2.675985788084503270e+00 7.000000000000000000e+00 5.000000000000000000e+00 3.000000000000000000e+00 -6.927092966161747256e+01
1.062391344031356155e+00 1.988939692399748882e+00 5.794069258103888842e+00 6.464498198256224626e+00 1.269562921433778246e+00 9.169396988208801114e-01 6.616742300817843869e-01 2.942122837182184814e+00 5.000000000000000000e+00 1.000000000000000000e+01 3.000000000000000000e+00 -1.865505723208889037e+02
1.881066692615899871e+00 2.030926344719630627e+00 3.780029871187288837e+00 5.766272112404442041e+00 1.729098464383440392e+00 1.225528893270730890e+00 3.164907712520850791e-01 3.675387303286299812e+00 3.000000000000000000e+00 1.200000000000000000e+01 4.000000000000000000e+00 -1.263578189865349088e+02
1.043453328226614074e+00 2.983632938904684728e+00 3.862674777387262726e+00 9.793188863128371224e+00 1.573524901153467326e+00 1.407685991673056192e+00 4.088036862721374787e-01 3.554450081270397188e+00 1.000000000000000000e+00 9.000000000000000000e+00 5.000000000000000000e+00 -1.363194465588746311e+02
1.540424748211051131e+00 2.028201983704379430e+00 4.369156519488115009e+00 7.096117323926741882e+00 7.563248898837540146e-01 1.145485562331020335e-01 5.518669055529192846e-01 3.331446208069015480e+00 5.000000000000000000e+00 1.000000000000000000e+01 3.000000000000000000e+00 -1.989112361825780226e+02
1.433480091108517929e+00 2.679975040135393005e+00 3.737216950982554131e+00 4.465388811372769773e+00 2.349722163141537923e+00 1.334688996070177325e+00 4.600293760480185234e-01 3.506480622366026090e+00 9.000000000000000000e+00 7.000000000000000000e+00 3.000000000000000000e+00 -1.078910284564010453e+02
1.088278277721038911e+00 1.805355496842375063e+00 6.333812078245373733e+00 6.381192948263172404e+00 1.777349166307632178e+00 1.659019849778848421e+00 6.938093594680870557e-02 3.085931403169301923e+00 4.000000000000000000e+00 8.000000000000000000e+00 4.000000000000000000e+00 -2.933453691621593293e+02
1.751363261924851589e+00 1.184381063348061591e+00 2.982369880814605967e+00 3.917924439274567572e+00 2.029498311243269626e+00 1.086134164129420876e+00 3.329008475820441904e-01 2.577712361122554086e+00 5.000000000000000000e+00 1.000000000000000000e+01 4.000000000000000000e+00 -2.865246508529121456e+02
7.522815582031765480e-01 2.020526087444993735e+00 3.934322978046731922e+00 5.527752862133072043e+00 9.053201480637224074e-01 1.421193180442307913e+00 5.989761991335480484e-01 3.627492711904622524e+00 1.100000000000000000e+01 6.000000000000000000e+00 2.000000000000000000e+00 -1.009672571485924379e+02
1.801642857200693726e+00 2.521572221598165076e+00 6.827351723218177071e+00 8.013817722729969617e+00 1.498525374152148260e+00 7.790744324055276504e-01 6.904204422649380390e-01 4.715514100949837584e+00 3.000000000000000000e+00 8.000000000000000000e+00 2.000000000000000000e+00 -1.367451692642511603e+02
1.517271771062817187e+00 2.700704395156634519e+00 3.872576200859112028e+00 6.992733880347138609e+00 2.887863904102082380e+00 1.493752470536611643e+00 4.904251077274370818e-01 3.547813828463139973e+00 1.000000000000000000e+00 1.000000000000000000e+01 2.000000000000000000e+00 -1.015914377050099574e+04
2.269654510975676498e+00 2.115319284324896465e+00 4.515276448132179432e+00 6.963603700186872913e+00 9.713996292109134956e-01 1.577219767426294439e+00 5.597574373930419567e-01 3.076929785345003054e+00 6.000000000000000000e+00 5.000000000000000000e+00 3.000000000000000000e+00 -6.480611992188863724e+01
2.011291899446892462e+00 2.312522892461636559e+00 4.625591210250158625e+00 6.129151456999605507e+00 2.390970666298068537e+00 1.812061024003133403e+00 3.691048666426233194e-01 4.120022582302758529e+00 1.000000000000000000e+01 8.000000000000000000e+00 4.000000000000000000e+00 -7.476842868238671258e+01
2.824286360165623844e+00 2.564247729521088814e+00 1.981553317487089849e+00 5.622205452057261965e+00 1.373215271739034682e+00 1.008315156068920082e+00 9.689904434894869301e-03 3.016294473358126282e+00 4.000000000000000000e+00 7.000000000000000000e+00 3.000000000000000000e+00 -1.014866248424788466e+02
1.439427981027802339e+00 2.481892328268724857e+00 6.890011892295550666e+00 3.110011613698777211e+00 2.986203584638467134e+00 9.109553296515200405e-01 2.688857701278911660e-01 2.552659527222504554e+00 0.000000000000000000e+00 5.000000000000000000e+00 3.000000000000000000e+00 -1.005459440428162452e+04
