1.438596196062025712e+00 2.298040899716891516e+00 2.284735455735491971e+00 7.402514257740682169e+00 1.030105655104347040e+00 1.690832299002879013e+00 4.825708896935918535e-01 3.353702493503156745e+00 7.000000000000000000e+00 1.100000000000000000e+01 3.000000000000000000e+00 -1.348853926263544736e+02
1.716971442072784182e+00 1.589974126333287385e+00 2.899299364550246949e+00 7.148045829340468060e+00 1.169465586419514702e+00 9.869316204628024725e-01 4.015730751872774729e-01 3.342885652062161927e+00 8.000000000000000000e+00 9.000000000000000000e+00 4.000000000000000000e+00 -1.776064946626779602e+02
1.979780725355341220e+00 1.737416010796423382e+00 6.160845193708579970e+00 5.682632076869676752e+00 1.390842773965467405e+00 1.150744475099967579e+00 4.513355509660939013e-01 3.879011589599136389e+00 7.000000000000000000e+00 1.100000000000000000e+01 5.000000000000000000e+00 -1.490395146204584194e+02
1.453162548782280350e+00 2.584417505115436775e+00 5.737137561477302583e+00 4.277196316819281030e+00 1.600800728260933781e+00 1.955322855612463107e+00 4.788617643366011034e-01 3.745447200899974405e+00 4.000000000000000000e+00 1.000000000000000000e+01 4.000000000000000000e+00 -1.004113689177548076e+04
1.288253239140400463e+00 1.938312083643030093e+00 2.315458829846980482e+00 6.625098424642557937e+00 1.474186407612803063e+00 2.178647261192423024e+00 6.636896795879526634e-01 3.792151007708481902e+00 2.000000000000000000e+00 7.000000000000000000e+00 4.000000000000000000e+00 -2.906028403388981474e+02
1.420375842168134728e+00 2.602031255499937412e+00 3.274885223092407482e+00 5.397346001336258858e+00 2.098230672668344177e+00 1.848350339991435831e+00 2.117941779634873456e-01 4.005153044847151733e+00 4.000000000000000000e+00 8.000000000000000000e+00 3.000000000000000000e+00 -1.368104122305619228e+02
1.830382284746672417e+00 2.243485876793720912e+00 4.683107411986235036e+00 5.760570655285957464e+00 1.349200714404905188e+00 1.319093893745296064e+00 4.291927105092459005e-01 3.480985477984881449e+00 5.000000000000000000e+00 1.400000000000000000e+01 5.000000000000000000e+00 -1.006913656809205713e+04
1.374195394695965522e+00 7.383799177268259850e-01 4.239172525665710900e+00 7.937720036239523047e+00 2.165551576236746101e+00 1.985243646314699184e+00 2.869602388540573035e-01 4.036203082524283836e+00 5.000000000000000000e+00 5.000000000000000000e+00 4.000000000000000000e+00 -1.294385840128032328e+02
1.564395044569371507e+00 2.273778749543576172e+00 2.489390530527836098e+00 9.393101115459515427e+00 1.801895567264472309e+00 4.565645969708907459e-01 6.864639568777850531e-01 2.524673885542700447e+00 6.000000000000000000e+00 9.000000000000000000e+00 3.000000000000000000e+00 -1.888792015453929594e+02
1.629271632621038135e+00 2.738324281815407435e+00 3.613611942953626421e+00 5.428166977077473199e+00 1.933931872277862452e+00 1.643769706424041133e-01 6.014815339600081412e-01 3.108500885209939391e+00 9.000000000000000000e+00 8.000000000000000000e+00 4.000000000000000000e+00 -1.670664643162119773e+02
1.913318253766271848e+00 1.977647403463752118e+00 1.539921898330389283e+00 4.801096331722593646e+00 9.288022733496605898e-01 1.471150587853586877e+00 2.222350502788540960e-01 4.007018916989165014e+00 6.000000000000000000e+00 6.000000000000000000e+00 4.000000000000000000e+00 -6.060933063603584969e+01
9.010827205633619164e-01 1.482991104096207824e+00 4.595441060559836366e+00 5.676584885502037992e+00 1.912953262476367433e+00 8.178568959195101629e-01 1.086554531224171172e-01 2.647516207800414190e+00 6.000000000000000000e+00 4.000000000000000000e+00 4.000000000000000000e+00 -1.004266512765583684e+04
2.133144117298421794e+00 2.489814616123350088e+00 3.086050089170869981e+00 3.633041119909789618e+00 8.836179819231188004e-01 1.330346920213045347e+00 9.565211671908624425e-01 3.021437761899753216e+00 9.000000000000000000e+00 7.000000000000000000e+00 4.000000000000000000e+00 -1.364614590141461861e+02
2.395278441170212602e+00 2.236208179066399460e+00 5.298368654667955369e+00 6.589998429785982381e+00 2.696724917906403896e+00 1.035637169662257939e+00 4.243669110978103287e-01 4.304823251720868882e+00 6.000000000000000000e+00 1.200000000000000000e+01 4.000000000000000000e+00 -1.760493426246816284e+02
9.737376736489380402e-01 2.053825519220924711e+00 2.274857524284227495e+00 5.916898479881678163e+00 1.835058751321711812e+00 6.743318853117608036e-01 4.785447388241372280e-01 4.217613309029029089e+00 1.000000000000000000e+01 7.000000000000000000e+00 2.000000000000000000e+00 -1.363471848943736404e+02
9.523287965305684555e-01 1.365891346329426215e+00 3.721337615483475858e+00 7.243132380406553494e+00 1.932113833633954503e+00 5.901896597639143538e-01 5.126931547360197294e-01 3.765885678455036967e+00 6.000000000000000000e+00 6.000000000000000000e+00 3.000000000000000000e+00 -1.466925397832019087e+02
1.149670776635839609e+00 2.190548234757679236e+00 4.800050602067113203e+00 5.322662920152582799e+00 1.529687344801109239e+00 1.035953373911603137e+00 4.016210919305083227e-01 3.473850814815614196e+00 3.000000000000000000e+00 6.000000000000000000e+00 3.000000000000000000e+00 -9.574085581371031139e+01
1.029054035477949824e+00 2.148008371901245273e+00 2.329433538420587091e+00 8.190304710337350969e+00 9.458061746177381934e-01 5.989671007250765289e-01 9.106975668148359349e-01 4.710359310989661097e+00 8.000000000000000000e+00 1.000000000000000000e+01 5.000000000000000000e+00 -1.382530553483305766e+02
1.947179495139017558e+00 1.552756938900272887e+00 2.831208811714781781e+00 5.886812890989034486e+00 1.367510868731210527e+00 7.073924837341163396e-01 4.333804039516729878e-01 3.492402120096013363e+00 5.000000000000000000e+00 4.000000000000000000e+00 5.000000000000000000e+00 -1.316565463455099518e+02
1.940720056485290446e+00 2.119768502992961157e+00 4.727377839551091476e+00 4.080330457037016245e+00 2.109721571719989530e+00 1.032456577485182825e+00 4.867144373227270671e-01 3.335073662516065962e+00 9.000000000000000000e+00 1.000000000000000000e+01 3.000000000000000000e+00 -1.401861031691004769e+02
1.832059266169657974e+00 2.207189687641151643e+00 2.909517286289686311e+00 3.438685637139686779e+00 1.979066884885408939e+00 8.463511095924047822e-01 3.559741832132398143e-01 3.735274516503239717e+00 4.000000000000000000e+00 7.000000000000000000e+00 3.000000000000000000e+00 -1.342209086308987196e+02
1.999314271073359794e+00 2.346498261382623962e+00 3.608092728384203696e+00 2.027162121755411661e+00 1.590503052444096177e+00 4.440899606101578190e-02 7.233026123524913809e-01 3.324400735876886337e+00 7.000000000000000000e+00 8.000000000000000000e+00 4.000000000000000000e+00 -1.571907692460599719e+02
1.156721640991566380e+00 1.830926779038353214e+00 5.111545294953304897e+00 5.013837118408413396e+00 1.314718528042659651e+00 1.019884993819318186e+00 4.189585065954755105e-01 2.743079443018359154e+00 8.000000000000000000e+00 5.000000000000000000e+00 3.000000000000000000e+00 -6.443740342029309431e+01
1.210385065134763627e+00 1.873980736556430937e+00 2.465614916027821568e+00 4.200745110753129730e+00 9.227053116182446502e-01 7.627694176946826499e-01 6.095305785291195155e-01 3.332293293733532558e+00 3.000000000000000000e+00 8.000000000000000000e+00 4.000000000000000000e+00 -1.463701652928448027e+02
2.041356329274306436e+00 2.035571256511307325e+00 2.364510622164015974e+00 4.730837446554164494e+00 2.674747206616286732e+00 8.228472452686045324e-01 4.436000468328930579e-01 3.567891327785291278e+00 4.000000000000000000e+00 8.000000000000000000e+00 4.000000000000000000e+00 -9.522493107340477536e+01
2.095130549859808067e+00 2.479913126887242747e+00 2.799225675444101835e+00 6.008632263850174127e+00 1.343525308569624377e+00 1.133800727546177889e+00 9.244644293698917048e-02 3.751176782743692151e+00 5.000000000000000000e+00 2.000000000000000000e+00 3.000000000000000000e+00 -1.267215504167905635e+02
2.797991596873448561e+00 1.988969962644870471e+00 3.288966808062121938e+00 2.684244837462055777e+00 1.003572462323136572e+00 1.485693940165293103e+00 5.033715098477680172e-01 3.415759701589745845e+00 5.000000000000000000e+00 4.000000000000000000e+00 4.000000000000000000e+00 -1.310359736182901145e+02
1.808223543219268814e+00 2.821200585024033813e+00 7.651845765211708894e+00 3.690280557741903333e+00 1.995532945539633118e+00 9.591246672881015289e-01 4.721734666513753287e-01 2.943726785570291771e+00 3.000000000000000000e+00 6.000000000000000000e+00 2.000000000000000000e+00 -1.394337200098072458e+02
1.704060650685644607e+00 1.989812014229029868e+00 2.391421581075683811e+00 2.611985025316097886e+00 9.782840629358510176e-01 1.281945635245383963e+00 4.414594130552062512e-01 3.048973768916113603e+00 8.000000000000000000e+00 4.000000000000000000e+00 4.000000000000000000e+00 -1.311560386880770466e+02
1.936525882279879429e+00 2.179102268051497759e+00 3.839703255942003679e+00 6.878045290999008188e+00 8.676226403142714982e-01 1.137152260097212819e+00 5.268167351976926760e-01 3.630894556770825066e+00 7.000000000000000000e+00 9.000000000000000000e+00 3.000000000000000000e+00 -2.443716960956597859e+02
1.352568875756246625e+00 2.144300964644096918e+00 2.936950785980155132e+00 5.148709314346738175e+00 1.471432208969618127e+00 1.231566958262928946e+00 3.329753618357695899e-01 3.388847015513159366e+00 1.100000000000000000e+01 7.000000000000000000e+00 5.000000000000000000e+00 -7.249919596613815997e+01
1.229643924398420296e+00 1.800132373375994854e+00 6.702870053665205496e+00 7.210424610517016220e+00 1.580698536517812558e+00 1.265668358490710466e+00 9.247204146186558393e-01 3.605283412570603474e+00 6.000000000000000000e+00 1.100000000000000000e+01 3.000000000000000000e+00 -1.312617771174129473e+02
1.748662744537837543e+00 2.314550362580544363e+00 3.185737323827413814e+00 6.872413067721555358e+00 1.723064693318650198e+00 2.050215650004890922e+00 2.472143551305399922e-01 3.847109257576828867e+00 5.000000000000000000e+00 7.000000000000000000e+00 5.000000000000000000e+00 -1.350031881881545814e+02
1.350790224969238951e+00 1.646096268845270494e+00 6.210125545792042345e+00 4.361493860338556239e+00 1.128196397949088325e+00 1.361553168113460499e+00 4.509031850234086480e-01 3.241574978323096268e+00 4.000000000000000000e+00 5.000000000000000000e+00 4.000000000000000000e+00 -2.574713661416564037e+02
1.628041937923171867e+00 1.484762968290784801e+00 1.126498978884226787e+00 6.104891654985370231e+00 1.269770786081954483e+00 5.865168673571705682e-01 1.896073353173170217e-01 3.040343582555636193e+00 2.000000000000000000e+00 4.000000000000000000e+00 4.000000000000000000e+00 -6.068215733676146328e+01
1.521961002613672065e+00 2.776387667893511768e+00 3.068650580299476793e+00 3.948531692474797516e+00 1.682157814582303734e+00 1.345338391111734921e+00 3.999421644569136625e-01 3.486142248810434552e+00 3.000000000000000000e+00 9.000000000000000000e+00 5.000000000000000000e+00 -1.436716363902498870e+02
1.941081622821358543e+00 1.301547755933895045e+00 3.414381457977762491e+00 3.090233260146466598e+00 7.187511445876955118e-01 1.724024930075470197e+00 1.388717890200316385e-01 2.666318866808266463e+00 7.000000000000000000e+00 3.000000000000000000e+00 4.000000000000000000e+00 -1.296317163902505740e+02
1.330219623503971382e+00 2.268480835239008897e+00 4.183857677606011904e+00 5.915164777464335444e+00 6.562421599115306758e-01 8.835564875670309792e-01 4.815253474743640960e-01 3.707016112213486370e+00 5.000000000000000000e+00 9.000000000000000000e+00 4.000000000000000000e+00 -1.054767252672085220e+02
1.514901995819832203e+00 1.862386190172720779e+00 1.067625578493579752e+00 4.652510436871187594e+00 1.566779486524551013e+00 1.220145696844691319e+00 3.915533304868388242e-01 2.971750968606228671e+00 3.000000000000000000e+00 3.000000000000000000e+00 3.000000000000000000e+00 -5.543525146529198366e+01
1.752254252348181884e+00 1.727956510116980260e+00 3.699082379129910780e+00 7.552570399730438311e+00 1.597216619545320793e+00 7.435515891583494019e-01 7.307428515173617356e-01 2.921859539810715223e+00 5.000000000000000000e+00 9.000000000000000000e+00 5.000000000000000000e+00 -3.037080505002164728e+02
1.727988090163194101e+00 2.329326039440046792e+00 3.349252746516522272e+00 2.485387394842970554e+00 2.334783777583134601e+00 1.196829551352477594e+00 6.028402354534247998e-01 2.728189686325428021e+00 5.000000000000000000e+00 7.000000000000000000e+00 5.000000000000000000e+00 -1.004603608233351406e+04
1.712180017089714790e+00 1.503860819273724392e+00 5.754245835546613286e+00 7.698936776718900532e+00 2.201607985439908433e+00 7.446200312056983073e-02 4.664822923151070722e-01 3.179930727416651060e+00 9.000000000000000000e+00 7.000000000000000000e+00 5.000000000000000000e+00 -1.388864176833147610e+02
2.836456937528236466e+00 2.773332177977793744e+00 2.323605206937286560e+00 4.989783063383528727e+00 9.998568602846371611e-01 1.872482757889554428e+00 4.059917469681716407e-01 4.222056060580878345e+00 8.000000000000000000e+00 8.000000000000000000e+00 4.000000000000000000e+00 -2.830080910870605635e+02
1.336918809234181493e+00 2.588346612340588493e+00 8.170807460901146513e+00 4.983517177467476245e+00 2.882558852990520837e+00 1.837571942492731703e-01 6.668643692384460531e-01 2.124065290819673102e+00 1.000000000000000000e+00 9.000000000000000000e+00 5.000000000000000000e+00 -3.233618402547658661e+02
2.366835909219732414e+00 2.396904166017767679e+00 3.785464929864768457e+00 7.347810428557767892e+00 1.369816717340453849e+00 1.333325593497165285e+00 3.383071399247296607e-01 3.925524373143728596e+00 6.000000000000000000e+00 8.000000000000000000e+00 4.000000000000000000e+00 -1.061099724705449319e+02
2.011112300932757613e+00 1.880060147103649104e+00 5.694999273301116105e+00 3.090593883081988569e+00 1.707309925777527715e+00 1.235139927276933891e+00 7.892304332043956761e-01 3.417511696419554657e+00 1.000000000000000000e+00 4.000000000000000000e+00 2.000000000000000000e+00 -1.013728981114730232e+04
1.933736008507618065e+00 2.533014691715911315e+00 5.275369327693907096e+00 3.276654637188496810e+00 6.842737308485588033e-01 2.222111648459875077e+00 7.619016748489136903e-01 3.111161787613030416e+00 3.000000000000000000e+00 1.500000000000000000e+01 4.000000000000000000e+00 -1.013778637920727488e+04
1.336918809234181493e+00 2.588346612340588493e+00 8.170807460901146513e+00 4.983517177467476245e+00 2.882558852990520837e+00 1.837571942492731703e-01 6.668643692384460531e-01 2.124065290819673102e+00 1.000000000000000000e+00 9.000000000000000000e+00 5.000000000000000000e+00 -3.233618402547658661e+02
