2.012785345321886687e+00 1.710154634787060646e+00 4.654753790564026161e+00 6.663555855948168904e+00 1.659325929068391492e+00 4.185485005993085927e-01 1.162133590759454327e-01 4.599780689740083695e+00 6.000000000000000000e+00 2.000000000000000000e+00 5.000000000000000000e+00 -2.498613711629795091e+02
2.160846083078208579e+00 2.157885176793991278e+00 2.648341140190795251e+00 2.762021454806890652e+00 1.691359709184538929e+00 5.483577153447968255e-01 7.888532721447738538e-01 4.532590030666199254e+00 8.000000000000000000e+00 5.000000000000000000e+00 1.000000000000000000e+00 -2.549394585698350397e+02
1.674316077015804094e+00 2.676884495388798690e+00 6.903216952112219751e+00 4.576289288081484941e+00 1.247386853196562173e+00 2.958535088424272708e+00 9.093030562997830302e-01 4.028980345367755511e+00 1.000000000000000000e+01 1.700000000000000000e+01 3.000000000000000000e+00 -1.018082856379474288e+04
1.463905142716277918e+00 2.492851413772836366e+00 6.223776235916925970e+00 8.954127184205884049e+00 7.359688820578405011e-01 5.674906480653647556e-01 4.806912054057598804e-01 3.193373441742513030e+00 1.100000000000000000e+01 1.300000000000000000e+01 4.000000000000000000e+00 -1.765630229212631264e+02
4.923828479910598022e-01 1.377153184772865746e+00 6.888245393901279101e+00 3.868711777895359027e+00 5.292621236358159287e-01 6.543769617781092229e-02 7.976567507688128167e-01 2.928577173320577653e+00 2.000000000000000000e+00 1.400000000000000000e+01 1.000000000000000000e+00 -4.911706973105924021e+02
2.033955052069904568e-01 7.055818037042800306e-01 2.604210965109395648e+00 7.397334799948159123e+00 1.659125337294027336e+00 5.289793406291030120e-01 7.870268533153486068e-01 4.237988302692663467e+00 6.000000000000000000e+00 9.000000000000000000e+00 5.000000000000000000e+00 -2.640411462738084651e+02
2.119255217015239889e+00 2.722160338052966644e+00 2.327537813838252312e+00 6.266421448609481359e+00 1.482476402422227224e+00 1.949978657022760409e+00 5.022280964068467357e-01 2.888038101318913142e+00 0.000000000000000000e+00 4.000000000000000000e+00 2.000000000000000000e+00 -4.809396089254512390e+02
7.482173513043910429e-01 1.979480280728003638e+00 9.266469319188075815e+00 2.373490110791323549e+00 1.902911855971844979e-01 1.432179631101357042e+00 4.688518143876363453e-01 3.335996900211869232e+00 9.000000000000000000e+00 1.400000000000000000e+01 2.000000000000000000e+00 -2.048755141873965329e+02
1.780172037164611698e+00 2.040471313738268400e+00 4.547881309872392919e+00 6.479984378048976978e+00 1.193047295312338107e+00 1.580193096788377938e+00 9.553609757846386330e-01 2.601700031763935606e+00 5.000000000000000000e+00 9.000000000000000000e+00 2.000000000000000000e+00 -2.775418369080245498e+02
1.652477714026512334e-01 1.406887949366584678e+00 6.474702482848426754e+00 4.288710382592236137e+00 8.579353723403496668e-01 1.856720196103397447e+00 6.617864042433191374e-02 4.288156787358656352e+00 1.000000000000000000e+01 1.300000000000000000e+01 4.000000000000000000e+00 -1.909214262174396310e+02
3.966148647514302628e-01 4.826617818468075249e-01 6.902526412292831814e+00 8.902951307028585504e+00 6.350264951369080091e-01 1.617896564621054800e+00 9.020669547227923024e-01 4.149498768749442235e+00 1.000000000000000000e+01 1.100000000000000000e+01 2.000000000000000000e+00 -2.719950526646944127e+02
2.083425725129958384e+00 2.502226035012143246e+00 5.354588167114048503e+00 2.404807239821719289e+00 1.902472758293980437e+00 1.559872941688315917e+00 5.600203722073699986e-01 3.378665297609513729e+00 7.000000000000000000e+00 1.700000000000000000e+01 3.000000000000000000e+00 -5.374347177123518122e+02
1.173773371182836200e+00 2.920153526509442266e+00 5.211953638593604055e+00 7.344922249339969511e+00 1.151122329898906838e+00 1.573193913188859039e+00 7.482053707078579752e-01 2.478092353256521996e+00 5.000000000000000000e+00 1.800000000000000000e+01 5.000000000000000000e+00 -1.031022277418047815e+04
1.575521829655765149e+00 1.007452328629448335e+00 6.146163186028500647e+00 6.284688443254312418e+00 2.494216135096881892e+00 5.860914432830650611e-01 2.600132862186367300e-01 4.216644184182713140e+00 1.000000000000000000e+01 7.000000000000000000e+00 3.000000000000000000e+00 -2.608648899601859625e+02
1.881843399287699059e+00 4.882257092490980277e-01 5.291403108722637860e+00 3.451540102435414425e+00 7.144598148443916941e-01 2.186202084153450187e-01 8.022562020753061240e-01 2.766812854506767394e+00 2.000000000000000000e+00 8.000000000000000000e+00 3.000000000000000000e+00 -2.652452012924148335e+02
1.428346522734351920e+00 2.545491967313942450e+00 9.354071929208128466e+00 4.290488568371336520e+00 3.161928923689971693e-02 1.278497294092755476e+00 7.473570115976631012e-01 2.245559508963519413e+00 4.000000000000000000e+00 9.000000000000000000e+00 2.000000000000000000e+00 -2.686083066145636167e+02
1.111511951310774293e+00 1.599508410619302490e+00 1.206685737234442612e+00 2.973852356979999279e+00 2.298139951792935953e+00 2.544314562948875480e+00 5.784467030765692019e-01 3.464874826389678031e+00 1.000000000000000000e+00 1.100000000000000000e+01 4.000000000000000000e+00 -2.640973289773743318e+02
1.296279935683963158e+00 2.749295401934618077e+00 5.389919524823380215e+00 8.801694482965716659e+00 1.040495971982583034e+00 8.788907694779615198e-01 5.878185773914772483e-01 3.610546220026467967e+00 3.000000000000000000e+00 4.000000000000000000e+00 4.000000000000000000e+00 -5.145967161347524552e+02
2.657435241506341583e+00 1.190924913099886462e+00 6.354701617641403288e+00 7.589731973648040864e+00 2.034725833821779517e+00 2.408372658847961034e+00 7.364706243337169056e-01 3.657030376653128023e+00 1.000000000000000000e+01 5.000000000000000000e+00 4.000000000000000000e+00 -2.592157584126607048e+02
7.435898472638846624e-01 2.845865325104377952e+00 4.519141887479868558e+00 1.684107111342186602e+00 1.197762886346442679e+00 1.709221133242010637e+00 6.034306994871030394e-01 3.439650828362913693e+00 1.100000000000000000e+01 1.300000000000000000e+01 4.000000000000000000e+00 -3.018290538579162217e+02
1.394607968461490488e+00 2.607062955629452006e+00 7.952351369820576998e+00 4.727786004808083753e+00 1.708320684862409733e+00 2.730676928929232083e+00 8.327620526497271358e-01 2.548799489660833473e+00 4.000000000000000000e+00 9.000000000000000000e+00 3.000000000000000000e+00 -1.110092834913990885e+02
5.530944920375582274e-01 1.228171451903706801e+00 2.518000247724159202e+00 6.667468653510441712e+00 1.432154011406818306e+00 2.955908838980398912e+00 1.229743679562851910e-01 4.574596975033601964e+00 1.000000000000000000e+00 4.000000000000000000e+00 4.000000000000000000e+00 -1.733962240779446518e+02
1.573458313818678400e+00 1.418165334328457483e+00 8.200724749293241800e+00 4.177255412785956246e+00 2.829435473487623032e+00 2.755173586738524083e+00 4.428174303792518085e-01 3.299220264829499261e+00 1.000000000000000000e+01 1.200000000000000000e+01 3.000000000000000000e+00 -1.025341597708807058e+04
1.119131623609850745e+00 1.262193663351565132e+00 8.681298831752441103e+00 8.468847462595945785e+00 4.872673631905555247e-02 8.358562280839616498e-01 9.489549904807176306e-01 4.360961466955415311e+00 9.000000000000000000e+00 5.000000000000000000e+00 4.000000000000000000e+00 -2.520796310934767348e+02
2.096159429119904161e+00 2.195295277223779706e+00 2.568658432227468591e+00 1.415510134344189819e+00 1.322666766515935288e+00 1.611826961955388215e+00 3.046133091183615416e-01 4.107070362009597631e+00 5.000000000000000000e+00 7.000000000000000000e+00 3.000000000000000000e+00 -1.804668177181771114e+02
6.535862974151570581e-01 2.909884391119145874e+00 7.950489261657443407e+00 4.367567244478774313e+00 9.797737963523982518e-01 2.055380559548642405e-01 6.673470322453065040e-02 4.375470893887497326e+00 8.000000000000000000e+00 2.000000000000000000e+00 4.000000000000000000e+00 -2.471293419849939994e+02
1.468536179086740390e+00 7.663772406728777131e-01 4.009392858689095007e+00 2.497083330340597929e+00 3.101257262367461687e-01 8.858177440207213316e-01 6.572231702325740388e-01 2.218672312893130716e+00 3.000000000000000000e+00 6.000000000000000000e+00 3.000000000000000000e+00 -3.494645631337987766e+02
6.741402225169641493e-01 2.797064837447539531e+00 6.813478314334846075e+00 6.772662622034195223e+00 1.116374010985613952e+00 1.574798312916045218e+00 5.466438353986510235e-01 3.526872157894822557e+00 6.000000000000000000e+00 1.900000000000000000e+01 2.000000000000000000e+00 -2.219839397300543737e+02
2.910912549871755850e-01 2.059933752452388411e+00 8.648176727686408327e+00 4.313767581097208925e+00 2.130591387643161916e+00 2.317228217183551209e+00 8.309290409233668351e-01 2.924874582868129291e+00 4.000000000000000000e+00 1.600000000000000000e+01 4.000000000000000000e+00 -4.584665074725700151e+02
3.178127145443335189e-01 1.650401728759258724e+00 4.535608422351103286e+00 3.030961267718389696e+00 9.313267248136847254e-01 2.796570012271815564e+00 7.657264318431691308e-01 2.123282039677857114e+00 6.000000000000000000e+00 2.000000000000000000e+01 2.000000000000000000e+00 -1.036362906149716764e+04
1.747096058370546823e+00 5.121475812122082694e-01 2.068049739495475770e+00 4.233644836833195590e+00 1.336522497837128398e+00 2.224720117502428263e+00 8.452052512339413015e-01 3.913272825102580121e+00 5.000000000000000000e+00 1.600000000000000000e+01 3.000000000000000000e+00 -2.692398958959966535e+02
9.308531962939534665e-01 2.341535488687904731e+00 2.565091669348390724e+00 1.443679916141693109e+00 5.557617979873019642e-02 1.206054982923846497e+00 6.947000944325150140e-01 2.948165251982689306e+00 0.000000000000000000e+00 7.000000000000000000e+00 3.000000000000000000e+00 -2.615769200558112857e+02
9.467913517187773742e-01 2.838610403874212817e+00 6.612006576062883667e+00 4.951595846333879614e+00 1.022069807912334038e+00 1.347349442665450425e+00 6.238042758327146942e-01 2.894746832518310331e+00 4.000000000000000000e+00 1.500000000000000000e+01 4.000000000000000000e+00 -1.022694048725026369e+04
2.687074324636602007e+00 2.596925859360172506e+00 6.452806968077636540e+00 2.835837622397496371e+00 2.160817818452685390e+00 2.369084848217929640e+00 2.504208323158492178e-01 4.348902494500832105e+00 6.000000000000000000e+00 1.200000000000000000e+01 5.000000000000000000e+00 -1.022068459445640474e+04
1.589646024992646733e+00 8.930779164507336443e-01 5.723339195817628067e+00 8.170427132294582506e+00 1.297883714887684725e+00 1.424802292484745436e+00 2.420881493606524826e-02 3.705200294823201901e+00 7.000000000000000000e+00 1.200000000000000000e+01 1.000000000000000000e+00 -2.657769140676991810e+02
1.700582272406443440e+00 2.597443610046910045e-01 6.741337951904426973e+00 2.762404952123176827e+00 1.363329814318314792e-01 1.749233471313608845e+00 5.980344470447107597e-02 4.236310775333696377e+00 6.000000000000000000e+00 1.100000000000000000e+01 5.000000000000000000e+00 -2.641829302890095619e+02
5.507103406539191059e-01 1.707065902321784012e+00 4.861855204659936369e+00 3.826695547322742197e+00 1.908440946297121910e+00 7.002395848654485722e-01 7.299783269865850466e-01 4.774770434008660303e+00 4.000000000000000000e+00 1.700000000000000000e+01 5.000000000000000000e+00 -1.021335685926175938e+04
1.463774333885172307e+00 2.005369942743017830e+00 4.691790902596092216e+00 4.056138796734155783e+00 5.228562690252430700e-01 1.580657963309849645e+00 4.675783666885649503e-01 3.178448134419402660e+00 7.000000000000000000e+00 1.600000000000000000e+01 3.000000000000000000e+00 -1.011665870755026390e+03
2.948559724346166089e+00 1.885712835971235179e+00 3.094732793796647563e+00 8.503808651731795010e+00 2.184587586933902426e+00 2.451772717112994382e+00 7.125240099396396021e-01 3.344990179664893759e+00 3.000000000000000000e+00 1.700000000000000000e+01 4.000000000000000000e+00 -9.056370562975183702e+02
1.426389275237965659e+00 1.483826194974053880e+00 2.537040255092874119e+00 5.277511321021108870e+00 1.757922530105715531e+00 1.898628181922624725e+00 4.502611067433682779e-01 2.295557053239671852e+00 4.000000000000000000e+00 1.300000000000000000e+01 3.000000000000000000e+00 -2.787104129564069126e+02
2.689763845067185688e+00 2.687452548889924131e+00 3.545943511922174718e+00 2.902391383405684699e+00 2.045577887069331080e+00 7.214715115239019871e-01 6.761804608623616097e-01 3.983184631907375817e+00 9.000000000000000000e+00 1.600000000000000000e+01 5.000000000000000000e+00 -2.581524620308744034e+02
9.733250854723578538e-01 8.288868579853070351e-01 6.800929976908062891e+00 6.357762303930945436e+00 1.284112036767518727e+00 1.993315919927933999e+00 6.584112828504702364e-01 2.827197201040754226e+00 2.000000000000000000e+00 8.000000000000000000e+00 4.000000000000000000e+00 -2.724960094100106289e+02
2.129106350616432053e+00 1.126040619636080820e+00 1.114747467028428973e+00 3.472111129161402854e+00 1.170249446846549857e+00 1.846345961031049310e+00 5.674661483853654653e-01 2.278444351968571535e+00 8.000000000000000000e+00 1.900000000000000000e+01 1.000000000000000000e+00 -2.876526256206436756e+02
8.430928557008776636e-01 2.902900782041321737e+00 3.935798836901811981e+00 8.588311413748144219e+00 1.081763704139933058e-01 2.271361994394922590e+00 9.399477945894700870e-01 4.259012089238261467e+00 8.000000000000000000e+00 5.000000000000000000e+00 4.000000000000000000e+00 -2.543088276311088975e+02
1.955128445420729832e+00 1.832600666231253950e+00 4.116897986279071553e+00 9.938190149846208854e+00 1.382437479840966876e+00 2.196739449259757837e+00 8.459859360523561689e-01 2.557619319170526317e+00 8.000000000000000000e+00 1.100000000000000000e+01 5.000000000000000000e+00 -2.743718799885550084e+02
9.378064593171112628e-01 1.556584706997530043e+00 4.347408234184864995e+00 6.889544785928595871e+00 2.235759736979254342e+00 5.953885806710013107e-01 5.372765038718738673e-01 3.933939880635000108e+00 1.100000000000000000e+01 9.000000000000000000e+00 3.000000000000000000e+00 -2.620392846312365123e+02
2.200055399796244870e+00 8.725717567595520086e-01 8.043612680033499274e+00 8.772626725475957343e+00 3.567397594410295358e-01 1.875922178333086165e+00 7.044636658417247066e-01 3.364566910471033623e+00 4.000000000000000000e+00 4.000000000000000000e+00 1.000000000000000000e+00 -2.524363973044447675e+02
9.733250854723578538e-01 8.288868579853070351e-01 6.800929976908062891e+00 6.357762303930945436e+00 1.284112036767518727e+00 1.993315919927933999e+00 6.584112828504702364e-01 2.827197201040754226e+00 2.000000000000000000e+00 8.000000000000000000e+00 4.000000000000000000e+00 -2.724960094100106289e+02
