1.585317319524382818e+00 9.109632707360826309e-02 4.435925462483665704e+00 9.561699165157936164e+00 6.693889452347960844e-01 1.928400652422735950e+00 4.064101188144589871e-01 2.450832304355109237e+00 4.000000000000000000e+00 1.000000000000000000e+01 1.000000000000000000e+00 -1.963087382525073679e+02
1.360070159219668895e+00 1.224394174900714116e+00 4.755407910913664438e+00 6.072103359593749694e+00 1.351028776130444919e+00 5.719452174354309193e-01 6.255583985870606378e-01 4.525968683727852770e+00 4.000000000000000000e+00 5.000000000000000000e+00 2.000000000000000000e+00 -2.566866357257881646e+02
2.208582597670744718e+00 2.573557313832355309e-01 1.443624227224763690e+00 2.338344359326659294e+00 2.965939403447597655e+00 1.396005393075268053e+00 2.907520223176818241e-01 3.853823591354871514e+00 2.000000000000000000e+00 1.100000000000000000e+01 5.000000000000000000e+00 -1.017967850831054420e+04
5.026695745653815273e-01 1.438790277942093576e+00 9.000900527063310008e+00 6.601206095464151602e+00 6.765304510396936699e-01 1.450310791008096345e+00 2.411504757350368400e-01 2.887885989683340426e+00 1.000000000000000000e+00 1.000000000000000000e+01 3.000000000000000000e+00 -2.721426066958748606e+02
1.445688309584086451e+00 1.291917804262006086e+00 4.213817239533415027e+00 2.430690776540699538e+00 5.049233361770949502e-01 6.400538892682603453e-01 4.957575456760489607e-01 3.310541830156867427e+00 4.000000000000000000e+00 7.000000000000000000e+00 4.000000000000000000e+00 -1.378182443226845066e+02
1.072460368668817887e+00 1.710288999820161582e+00 7.480698776846418596e+00 7.425169492397416526e+00 6.924768081968535327e-01 2.089391013925969265e+00 7.732102672208067684e-01 2.794964126100612400e+00 4.000000000000000000e+00 8.000000000000000000e+00 4.000000000000000000e+00 -3.218742985579076503e+02
5.964268932066247864e-01 1.505859553698333020e+00 5.053401176223427882e+00 7.731478618962320581e+00 4.969707478618383689e-01 2.125130292705161406e+00 5.816551073209026423e-01 2.780085261596868307e+00 1.100000000000000000e+01 1.800000000000000000e+01 4.000000000000000000e+00 -2.813423055716701242e+02
2.377389182251728794e+00 2.126024964963943109e+00 5.041624167489921149e+00 1.676892376105908689e+00 2.870076627980473472e-01 2.835209568766126509e+00 6.198876702599565025e-01 2.281669091474068267e+00 7.000000000000000000e+00 1.300000000000000000e+01 5.000000000000000000e+00 -2.153112770482209726e+02
1.452425936922566496e+00 8.753845694554892587e-01 8.016528800629533436e+00 8.865513030540085992e+00 1.931849514865516815e-01 1.291430725628141429e+00 4.888698353437929134e-01 4.634442739635973751e+00 1.000000000000000000e+01 6.000000000000000000e+00 1.000000000000000000e+00 -2.550751260037692134e+02
4.693357441162732124e-01 6.651884936609296917e-01 2.816021144014304145e+00 6.582664058688685316e+00 1.754467217716301874e+00 2.644085647028571184e-01 3.315307492864077998e-02 2.705048768373501389e+00 9.000000000000000000e+00 1.300000000000000000e+01 4.000000000000000000e+00 -2.528913053263577240e+02
1.741471458607642964e+00 2.494116471579249872e+00 5.561824827963002704e+00 8.420752421396501930e+00 5.051882129463372006e-01 6.636181886109687733e-01 6.321933488573624471e-01 4.522171801756647014e+00 1.000000000000000000e+01 1.200000000000000000e+01 4.000000000000000000e+00 -1.325857621945413882e+02
1.239365282292442361e+00 2.463652852437910212e+00 5.832852056111675232e+00 4.650451781063322798e+00 2.407862084211575215e+00 2.442666343626373582e+00 4.242737575155769436e-01 2.702129093718571795e+00 4.000000000000000000e+00 1.500000000000000000e+01 3.000000000000000000e+00 -3.547398860944516059e+02
1.860518548392312344e+00 2.355225171581577737e+00 3.390634982079691717e+00 8.463518285876984848e+00 1.857703883649755916e+00 1.786841106400778312e+00 3.511481864008388909e-01 4.420939826935070371e+00 1.000000000000000000e+00 1.900000000000000000e+01 3.000000000000000000e+00 -1.973156981300871280e+02
6.932295448069015764e-01 2.501481621373494946e+00 2.271025059860127815e+00 7.446385733668097195e+00 3.245387573729998643e-01 7.670094419048104628e-01 3.378155198074138665e-01 4.525510275560222340e+00 7.000000000000000000e+00 3.000000000000000000e+00 4.000000000000000000e+00 -2.482352385521667770e+02
1.560857898754291373e+00 1.300604761845153723e+00 3.106900465582877580e+00 4.502293522332041498e+00 2.343533432965033914e+00 2.037492848889536745e+00 7.819592173397237334e-01 4.480809311931929884e+00 8.000000000000000000e+00 1.800000000000000000e+01 5.000000000000000000e+00 -2.795922555100510749e+02
8.363341578983864988e-01 2.639783940574599530e+00 3.262399208667190464e+00 3.257843466078626182e+00 1.309459347003238072e+00 6.037310855599132831e-01 3.124238766201971051e-01 4.229741475802635264e+00 1.000000000000000000e+00 7.000000000000000000e+00 2.000000000000000000e+00 -9.202469663540442752e+02
2.278113516435822383e+00 3.782858817771184157e-02 3.244691332062145772e+00 9.165904339071291318e+00 1.069620376989989907e+00 9.611078577894118791e-01 6.354475751742409972e-01 3.067094028829472130e+00 1.100000000000000000e+01 5.000000000000000000e+00 3.000000000000000000e+00 -1.787463781550202668e+02
4.923396687084063972e-01 1.056768870355744294e+00 6.759518994048581142e+00 2.315896417649354611e+00 2.146685550639348072e+00 2.136078064121320619e+00 4.317837008469650462e-01 3.247653276333006822e+00 5.000000000000000000e+00 7.000000000000000000e+00 4.000000000000000000e+00 -2.913533814493189311e+02
6.740206058990976246e-01 1.158457020452407171e+00 3.842334009867765410e+00 4.997005942121957922e+00 1.999218216430284079e-01 1.512438866767069401e+00 6.882282761468472287e-01 3.045480919705930489e+00 8.000000000000000000e+00 1.700000000000000000e+01 3.000000000000000000e+00 -7.211934026382893990e+02
2.475480093668907422e+00 1.563984634880283275e+00 1.372430647651027513e+00 5.021463583413605214e+00 1.892983411148942752e+00 9.843427640102020426e-02 3.769180327185625012e-01 3.403663300436862826e+00 4.000000000000000000e+00 1.000000000000000000e+01 4.000000000000000000e+00 -2.625240505496546461e+02
1.410539203210664727e+00 1.769670590271471555e-01 8.081148958705064445e+00 2.824352668101984598e+00 1.710468430382398486e+00 7.832716161987293146e-01 5.367149716395465120e-01 3.630289350760716793e+00 3.000000000000000000e+00 1.000000000000000000e+01 3.000000000000000000e+00 -4.468185292800086472e+02
1.417585674203976298e+00 2.087559668900974774e+00 3.999968985243754993e+00 3.801472411611126478e+00 1.714266331748615757e+00 2.163673137870806507e+00 2.965573166713196818e-01 2.209797028705765776e+00 5.000000000000000000e+00 4.000000000000000000e+00 5.000000000000000000e+00 -2.037344230091874806e+02
2.331567816667893922e+00 1.685607097568194490e+00 5.390821793177171806e+00 4.772228858516566419e+00 1.214505781689273922e+00 1.744128618055613700e+00 5.678312290384560646e-01 4.734117221139310772e+00 7.000000000000000000e+00 9.000000000000000000e+00 2.000000000000000000e+00 -2.608024834059626755e+02
8.313138680564435834e-01 1.535111958571823809e+00 6.441357288308487306e+00 5.489759526411005730e+00 7.405292058903685248e-01 3.476695351708355419e-01 2.637708542614356499e-01 4.279538236056319001e+00 4.000000000000000000e+00 2.000000000000000000e+00 4.000000000000000000e+00 -2.475789878919231342e+02
2.636270008499921769e+00 1.212274820698580724e+00 8.590619768188872740e+00 4.703709240868077401e+00 9.306357374691388573e-01 1.871303105907083264e+00 5.896818117321867003e-01 2.687175691212915218e+00 8.000000000000000000e+00 1.600000000000000000e+01 4.000000000000000000e+00 -2.413278734984509981e+02
1.771478527633163713e+00 3.654542855644420385e-01 5.534691020960537777e+00 6.093961779410820512e+00 9.744749858480652449e-01 1.540026770042421500e+00 4.969331767937829603e-01 4.472580655864879517e+00 8.000000000000000000e+00 5.000000000000000000e+00 2.000000000000000000e+00 -9.781094084828816904e+01
1.225695105648744843e+00 8.043889572026852175e-01 5.108405162440827318e+00 5.200134789987629347e+00 1.966262424239662021e+00 5.011861254346279271e-01 2.941730314569085958e-01 3.235152184624543459e+00 7.000000000000000000e+00 8.000000000000000000e+00 2.000000000000000000e+00 -1.007950542084045446e+04
9.348722996127569740e-01 1.272824212382311249e+00 7.591956114711689629e+00 1.730182425155709858e+00 9.581245341575885810e-01 1.098157079849523488e+00 4.711961863941028783e-01 4.865523060231461194e+00 6.000000000000000000e+00 1.200000000000000000e+01 4.000000000000000000e+00 -1.487613716904770911e+02
1.058239456096336628e+00 8.438599591057877047e-01 7.280772263887580920e+00 1.606558029397202603e+00 2.645632323125902463e+00 1.106057919384186405e+00 2.093567184919118696e-01 4.891421220691526628e+00 8.000000000000000000e+00 1.200000000000000000e+01 2.000000000000000000e+00 -1.020520050554539739e+04
1.022436806603615800e+00 9.213275287571609518e-01 1.173935216157244277e+00 5.210855536700823798e+00 1.585835376017396880e+00 2.546223581947256953e+00 9.309949278082507718e-01 4.866340599137308764e+00 6.000000000000000000e+00 9.000000000000000000e+00 4.000000000000000000e+00 -2.576568769853108165e+02
2.639863460739497292e+00 4.624729939679110835e-01 9.893237818571806841e+00 5.297467844338314080e+00 5.510634288899847189e-01 1.300680528580124840e+00 2.858347190999501741e-01 2.285382151941118600e+00 9.000000000000000000e+00 5.000000000000000000e+00 1.000000000000000000e+00 -2.590563796917246577e+02
1.880813135572211969e+00 2.066767989592150911e+00 4.344054659389738227e+00 2.771601928011413030e+00 2.096107872192546573e+00 6.814429266957380271e-01 9.102069670658855527e-01 4.604712423262824039e+00 5.000000000000000000e+00 6.000000000000000000e+00 3.000000000000000000e+00 -1.743278669728665022e+02
2.717841864459832557e+00 9.503013207070143409e-03 7.267003506233835175e+00 3.927513603908414197e+00 1.507292760410261279e+00 1.580557537266455537e+00 5.292214395925044501e-01 4.545171396168996125e+00 8.000000000000000000e+00 1.400000000000000000e+01 3.000000000000000000e+00 -2.689118907103531910e+02
2.494527510646264989e+00 2.004759855246053490e+00 6.556777095440956771e+00 4.243331925296025098e+00 2.198940890735039844e+00 2.239387896548696411e+00 4.181273514416368742e-01 3.696611892433784963e+00 1.000000000000000000e+00 1.100000000000000000e+01 4.000000000000000000e+00 -3.036184272294661923e+02
2.127895949629893924e+00 1.116713273498563197e+00 4.533185467231366061e+00 9.915049840492066835e+00 9.151704853541638984e-01 2.533596716985001773e+00 2.496945578636275143e-01 2.765480239916307426e+00 1.000000000000000000e+01 5.000000000000000000e+00 4.000000000000000000e+00 -2.569253461317301799e+02
1.237959477854023937e+00 1.563162250640592887e-02 2.368651757312149719e+00 6.446320999933358387e+00 5.234442747654124428e-01 2.516372981834358313e+00 5.858700258178344278e-01 4.167993095698793837e+00 8.000000000000000000e+00 7.000000000000000000e+00 5.000000000000000000e+00 -2.584666815948763769e+02
1.728039553736885559e+00 6.310245494045925163e-01 5.123738297385065366e+00 1.511735163806021021e+00 1.293036876647671862e+00 2.084920663121758277e+00 2.090845065381528034e-01 4.816430014972727491e+00 1.100000000000000000e+01 3.000000000000000000e+00 2.000000000000000000e+00 -2.515179543006162248e+02
2.567932430750388573e+00 2.565606459301242648e+00 4.344174433544367275e+00 1.142667371552229749e+00 1.579672536192790133e+00 2.016670568233807082e+00 5.421833122841412944e-01 4.977872265509162730e+00 0.000000000000000000e+00 1.300000000000000000e+01 5.000000000000000000e+00 -7.891400258348852503e+02
2.089844213491464098e-01 6.717948683122276776e-01 4.874867724230872668e+00 5.832159534130875400e+00 1.128664728303031994e+00 4.792594500418271841e-01 4.488685893187405185e-01 3.539127095622952801e+00 8.000000000000000000e+00 1.500000000000000000e+01 3.000000000000000000e+00 -1.265639559178992783e+02
1.680279947629450321e+00 1.291160006496977264e+00 6.063554215585036822e+00 5.340910520658008309e+00 1.395761391196194801e+00 2.676454748597587585e+00 4.862840393648756865e-01 3.554760587104820235e+00 2.000000000000000000e+00 1.400000000000000000e+01 2.000000000000000000e+00 -2.753224420043132454e+02
2.568758067885877239e+00 2.333277258509511398e+00 3.094718830354718619e+00 4.567698948773546874e+00 5.103651462952537576e-01 2.391178446969766114e+00 4.762397392286455422e-01 3.448944747469160355e+00 3.000000000000000000e+00 3.000000000000000000e+00 4.000000000000000000e+00 -2.528965578939950660e+02
1.966845137749369421e+00 1.860575457985859327e+00 2.419808157227549383e+00 8.265910156432390465e+00 2.570221875293583480e+00 1.319917202145664437e+00 3.870320604522728414e-02 3.689320000666925559e+00 5.000000000000000000e+00 6.000000000000000000e+00 3.000000000000000000e+00 -1.801925849421314751e+02
1.412034912940869802e+00 1.514895165335930383e+00 4.257725558996316551e+00 8.577505309342219775e+00 1.304589567661022187e+00 1.387889770679926915e+00 2.520865499247742503e-01 4.774301531328799086e+00 6.000000000000000000e+00 2.000000000000000000e+00 3.000000000000000000e+00 -2.491958172610579254e+02
2.223938078578626687e+00 2.165400801956111732e+00 7.143982221954374268e+00 2.638222440414476733e+00 2.731142726730275694e-01 2.335415038133335841e+00 3.108186762590200436e-01 2.677159096329190469e+00 4.000000000000000000e+00 8.000000000000000000e+00 4.000000000000000000e+00 -2.659273303354610789e+02
1.325673849472867705e+00 1.440071174978730495e+00 5.754130172772043750e+00 8.118701903847558299e+00 2.562016841661564293e+00 2.115917866210871967e+00 1.625067874622315722e-01 2.746501883102089536e+00 4.000000000000000000e+00 2.000000000000000000e+00 3.000000000000000000e+00 -2.519710962631516225e+02
2.419514996194140899e+00 2.838670229487135765e-01 3.400663204082262414e+00 9.494075029265619747e+00 2.988342148847085156e+00 4.831740071997556174e-01 4.259757232490424816e-01 4.505829068495683210e+00 7.000000000000000000e+00 8.000000000000000000e+00 4.000000000000000000e+00 -1.859795024187472450e+02
4.887416551561023503e-01 5.352610366038632606e-01 3.075143007024200514e+00 5.486749450779979220e+00 1.750944855974742864e-01 1.878197232601824140e+00 1.427075026410773995e-01 3.521557197049927090e+00 1.000000000000000000e+00 1.600000000000000000e+01 4.000000000000000000e+00 -2.694139803962076485e+02
1.523148427255141213e+00 2.543180589759551080e-01 7.715212673053910564e+00 4.989264495503286767e+00 2.229698495851937246e+00 2.725261082473094731e+00 9.101096208510076058e-02 4.942895789754103042e+00 1.000000000000000000e+01 1.500000000000000000e+01 5.000000000000000000e+00 -1.029460259568906622e+04
