1.546879943399150470e+00 2.068073312709187483e+00 3.363629014643136017e+00 4.480929472909169320e+00 1.454712154007435032e+00 1.039176942482813004e+00 2.673619498947735207e-01 3.141390051582974685e+00 5.000000000000000000e+00 1.100000000000000000e+01 2.000000000000000000e+00 -2.366706969530034712e+02
1.452391201427531309e+00 2.037535903237979173e+00 3.861211938877817218e+00 5.111105642244627489e+00 9.774790572006878397e-01 2.344296447154282426e+00 2.002426562678513156e-01 4.271922315363887890e+00 9.000000000000000000e+00 1.200000000000000000e+01 2.000000000000000000e+00 -1.020490574178267343e+04
2.511599365442519272e+00 2.250882851001402063e+00 2.485677592906358147e+00 3.816176325583040096e+00 1.105811487416521466e+00 8.943444194143468362e-01 6.610727304526680115e-01 3.936511345295810038e+00 4.000000000000000000e+00 5.000000000000000000e+00 2.000000000000000000e+00 -1.815273145291768344e+02
1.025224869310157771e+00 1.446213504694252805e+00 1.906376847725607337e+00 8.858975008929363071e+00 1.904152401836291642e+00 2.226074438638276920e+00 2.718565303096811547e-01 2.682467438106015845e+00 7.000000000000000000e+00 8.000000000000000000e+00 5.000000000000000000e+00 -8.947542289783025353e+02
1.990015275995672184e+00 2.047041465672955418e+00 5.217386033051918837e+00 7.882707905714408270e+00 2.573411462101151681e+00 8.560021173865953736e-01 7.326295342607398453e-01 4.261736277644420312e+00 6.000000000000000000e+00 4.000000000000000000e+00 3.000000000000000000e+00 -2.528892203241595382e+02
2.053172891980492576e+00 2.950432574714526801e+00 4.516209289744134381e+00 7.141016295583388462e+00 1.234550409743653931e+00 7.598204085145421338e-01 8.282553914717507570e-01 3.183309731977606916e+00 2.000000000000000000e+00 5.000000000000000000e+00 3.000000000000000000e+00 -1.753592301671829432e+02
1.859809348477240665e+00 2.161975645721585959e+00 4.302046928680097082e+00 6.040669658296646816e+00 7.444788543303573203e-01 1.640686858577024676e+00 4.318119678430215047e-01 3.389614510578742745e+00 4.000000000000000000e+00 9.000000000000000000e+00 2.000000000000000000e+00 -3.458987339721777516e+02
9.853100867934690976e-01 2.033708167617932716e+00 3.586817676034635305e+00 2.106226270186167149e+00 1.113973803896344261e-01 1.136842772854858907e+00 4.942570943946004158e-01 3.427125204237922773e+00 9.000000000000000000e+00 1.800000000000000000e+01 4.000000000000000000e+00 -1.674446025205982664e+02
2.418626138581928320e+00 2.764493975074886922e+00 5.803316156829997574e+00 3.694671132572676431e+00 2.714895104930997172e-01 1.853160235158793245e+00 8.829793720396197365e-01 2.757908598177920112e+00 5.000000000000000000e+00 1.000000000000000000e+01 2.000000000000000000e+00 -2.007799998343454604e+02
2.767247263599708074e-01 2.148486918674700874e+00 5.596352440584532850e+00 4.021589220616989202e+00 3.316610401351728354e-01 1.087815061484862289e+00 2.759538652877824294e-01 3.515634721213397818e+00 2.000000000000000000e+00 9.000000000000000000e+00 3.000000000000000000e+00 -2.649742695957206706e+02
4.903852908170318603e-01 2.676345050353086563e+00 7.991430904302270655e+00 9.662372574781654677e+00 8.561467915804354956e-02 2.247337091855412528e+00 5.882466112395894342e-01 3.505195137121558169e+00 7.000000000000000000e+00 5.000000000000000000e+00 1.000000000000000000e+00 -2.414651753808202557e+02
1.252292134656609601e+00 1.349340822041986021e+00 6.912543553679460828e+00 2.385306396894299574e+00 4.371284383371604743e-01 2.682743894878286017e+00 3.833224789992282222e-01 2.025123670263929476e+00 6.000000000000000000e+00 8.000000000000000000e+00 4.000000000000000000e+00 -1.347930275927283503e+02
8.244296357937563879e-01 1.556570610423062551e+00 6.714360350788599163e+00 7.151300612927970590e+00 2.329203779055541990e+00 1.027854388530865304e+00 4.965972152113742877e-01 4.812546431407849212e+00 8.000000000000000000e+00 1.400000000000000000e+01 5.000000000000000000e+00 -2.776189076210076792e+02
2.000572091831603672e+00 1.467785925922670653e+00 3.475372268655136487e+00 8.136346957509166700e+00 3.304172878137094926e-01 1.576575117602668497e-01 6.094786312725716249e-01 3.893418669164627754e+00 8.000000000000000000e+00 1.400000000000000000e+01 2.000000000000000000e+00 -2.702272969873195052e+02
2.238319773336053586e+00 7.002951758846118757e-01 2.365455429528219966e+00 9.063622024371701613e+00 1.343916531290601624e+00 1.322576067175966985e+00 9.344580570196847624e-01 2.547208709414804595e+00 4.000000000000000000e+00 1.500000000000000000e+01 4.000000000000000000e+00 -2.777518273929744623e+02
1.061291739128502609e+00 9.868103871571017871e-01 5.725330249321651799e+00 2.828261405668163420e+00 3.751966694732674079e-01 1.219207441013424043e-01 8.062565140337984992e-01 2.963357464124426244e+00 5.000000000000000000e+00 1.200000000000000000e+01 3.000000000000000000e+00 -2.774123211474112622e+02
1.561302743007551230e+00 1.417850198437705433e+00 3.526352255572439809e+00 2.250983890352539873e+00 2.537943526334518474e-01 1.135772120543019126e+00 3.852615980877676094e-01 2.194700441850135242e+00 2.000000000000000000e+00 1.000000000000000000e+01 2.000000000000000000e+00 -1.535382799309432471e+02
1.201256629868016734e+00 8.771205801519929013e-01 6.264126183242482604e+00 5.611532181247704365e+00 1.731772687837712432e+00 2.448751956942489816e+00 4.000772977878517822e-01 3.173671471147470058e+00 3.000000000000000000e+00 1.500000000000000000e+01 5.000000000000000000e+00 -2.703788147250302814e+02
1.260278496512496682e+00 1.187714092154610324e+00 5.604706653190132393e+00 5.861544079263472540e+00 1.677328748757693777e+00 3.124994466971872109e-01 6.893452389913811151e-01 2.954620692029867435e+00 7.000000000000000000e+00 8.000000000000000000e+00 2.000000000000000000e+00 -2.701518311732437496e+02
8.374282176265122057e-01 2.616206300664736695e+00 3.434696499647716283e+00 5.652713759969513418e+00 9.196592539299343061e-01 2.000329402104688015e+00 3.965387340270697947e-01 4.049604336282862427e+00 7.000000000000000000e+00 3.000000000000000000e+00 3.000000000000000000e+00 -1.695167425548566484e+02
1.240974061527934769e+00 1.764688870218434680e+00 8.107897054481099985e+00 4.667677223452164625e+00 2.194728789916749356e+00 2.108966508647077465e+00 4.231460813964037504e-01 3.904802778218406267e+00 9.000000000000000000e+00 1.100000000000000000e+01 3.000000000000000000e+00 -2.647898433083303189e+02
1.313981130637246419e+00 2.132470694480900431e+00 2.491762240664124217e+00 3.405566888361436728e+00 1.857485242748758703e+00 3.259496981146904337e-01 3.738608175505027109e-01 3.176612663932646186e+00 1.000000000000000000e+00 6.000000000000000000e+00 5.000000000000000000e+00 -2.652814364274805712e+02
1.729947877923158073e+00 1.670062150569457504e+00 2.385687984774580883e+00 5.627553057662149527e+00 2.952313221622176798e+00 1.239575638045076200e+00 2.444566891832381517e-01 4.086246306136647632e+00 8.000000000000000000e+00 3.000000000000000000e+00 4.000000000000000000e+00 -1.703189501221312980e+02
1.552536477113931834e+00 2.583694036097569757e+00 3.553238375262483206e+00 5.624550977613397507e+00 9.551432767413119418e-01 2.478547927966181064e+00 9.209442219069203794e-01 4.538970142384032513e+00 4.000000000000000000e+00 6.000000000000000000e+00 4.000000000000000000e+00 -2.503804715552773530e+02
1.685487800763505239e+00 2.286310443115938007e+00 4.418788936456125249e+00 6.940765857432279695e+00 1.161586154121005743e+00 1.409716877200644758e+00 3.869473949251294176e-01 2.227971546676679182e+00 9.000000000000000000e+00 9.000000000000000000e+00 5.000000000000000000e+00 -1.941202375806154521e+02
1.035967259307475796e+00 2.991215818661819625e+00 4.147419836602179721e+00 1.973815138060408536e+00 1.176555480583326929e+00 8.490001249251903914e-01 3.001485208718500108e-01 4.517565501335338851e+00 3.000000000000000000e+00 9.000000000000000000e+00 2.000000000000000000e+00 -1.008962511449108388e+04
1.855798836589792167e+00 2.584808545800748814e+00 6.630352454662592265e+00 7.483674370815368349e+00 5.288809050447925708e-01 2.117406798054117800e+00 1.339158013790928137e-01 2.652296736017182965e+00 7.000000000000000000e+00 1.400000000000000000e+01 4.000000000000000000e+00 -2.190559020279549713e+02
1.614105145222144877e+00 1.032290244524269873e+00 4.516995760452594766e+00 5.987552521189517307e+00 2.264344166860581709e+00 1.411653658733356576e+00 9.479259186169923801e-01 2.752204922160986111e+00 7.000000000000000000e+00 3.000000000000000000e+00 3.000000000000000000e+00 -9.786738386320244842e+01
1.503694607776483227e+00 2.285525298658418691e+00 6.475258471619214973e+00 4.744066397643688759e+00 1.870189971329654366e+00 1.117656673214944885e+00 5.522628835673604186e-01 3.028065167610029196e+00 7.000000000000000000e+00 4.000000000000000000e+00 4.000000000000000000e+00 -2.550280962968387541e+02
9.046662778407152938e-01 2.214298627020283128e+00 4.655667596809940356e+00 2.609553369248282628e+00 1.514774987031561437e+00 7.191206089135866453e-01 4.602315160410606065e-01 2.888703807808080892e+00 1.000000000000000000e+01 1.300000000000000000e+01 4.000000000000000000e+00 -2.782673796415518837e+02
1.545302267253415796e+00 1.973631766927878894e+00 6.884946927953494722e+00 7.354317735980001380e+00 2.976247719210856069e-01 1.668516605836780187e+00 4.073060728088101490e-02 4.726252969880571086e+00 2.000000000000000000e+00 1.700000000000000000e+01 2.000000000000000000e+00 -2.623363860686842486e+02
1.071990100478035668e+00 7.140151958740927896e-01 5.232794025785620029e+00 4.359952599531478512e+00 2.723870595277307682e+00 1.176591628292120717e+00 3.278547714329235196e-01 3.740132845958708430e+00 9.000000000000000000e+00 1.600000000000000000e+01 2.000000000000000000e+00 -1.022038973992007959e+04
2.163103705029620905e+00 1.288538703733691726e+00 5.914689227499109414e+00 3.978573557916099013e+00 2.245390556572547602e+00 1.572354464351755521e+00 1.387398526840720736e-01 3.974851662096529736e+00 8.000000000000000000e+00 8.000000000000000000e+00 4.000000000000000000e+00 -1.888243038381912982e+02
2.474015632559061650e+00 1.961773583513529040e+00 3.534962068368844079e+00 5.292250223970972556e+00 1.062768350066420897e+00 2.207652652869990795e-01 7.377764848836614320e-01 3.653378778006421079e+00 6.000000000000000000e+00 1.000000000000000000e+01 5.000000000000000000e+00 -1.711741609114845630e+02
2.033530868092418231e+00 1.521372928456292684e+00 7.651286296718629920e+00 6.003392812567177828e+00 4.055740245802419430e-01 1.155995705014905672e+00 4.177121277043571723e-01 4.391518532116543305e+00 7.000000000000000000e+00 1.700000000000000000e+01 2.000000000000000000e+00 -1.020507384563387495e+04
1.073883219519742083e+00 1.591862097174255197e+00 7.971557508970740002e+00 4.902508843079527168e+00 4.372425134998909613e-01 2.562580488446000615e+00 7.103247890046802127e-01 3.566881901687237733e+00 3.000000000000000000e+00 2.000000000000000000e+00 5.000000000000000000e+00 -2.515778284920371277e+02
1.203904795775290193e+00 2.643863222885810771e+00 5.326579979491091521e+00 8.356581639071055889e+00 1.351295862034936235e+00 2.471353669386345153e+00 8.009889906698908213e-01 2.510620180536744517e+00 3.000000000000000000e+00 5.000000000000000000e+00 4.000000000000000000e+00 -3.654350690943551854e+02
2.170965450893766580e+00 6.773805523424881736e-01 6.525448459111785837e+00 8.161117812946722339e+00 7.066078341674391083e-01 1.019488070434853011e-01 9.612740752698174518e-01 3.564035854548603943e+00 9.000000000000000000e+00 6.000000000000000000e+00 3.000000000000000000e+00 -2.579122806360092568e+02
2.837418517712045229e+00 2.474840230216407644e+00 1.193802319928936484e+00 9.516361727846115670e+00 1.240873829072753898e+00 1.185007973726331709e+00 9.877869858329475505e-01 2.841215209319113200e+00 8.000000000000000000e+00 8.000000000000000000e+00 5.000000000000000000e+00 -1.807489845628774674e+02
8.489834855868900743e-01 1.437645932180162900e+00 8.222015882803432874e+00 4.764415478396626824e+00 2.541821535587958536e+00 2.555044828235428334e+00 4.833973499406105101e-01 2.177591980239449221e+00 6.000000000000000000e+00 5.000000000000000000e+00 2.000000000000000000e+00 -2.608615217797349715e+02
2.381630280710948622e+00 2.356226627265422202e+00 6.080141715532050739e+00 1.544342230014378980e+00 2.500081927118700698e+00 1.166402254857385135e+00 5.681795418599762115e-01 4.391092371758828605e+00 9.000000000000000000e+00 1.800000000000000000e+01 5.000000000000000000e+00 -5.571669722213312070e+02
2.669735672520477721e+00 1.739595440628086687e+00 1.345870825456487729e+00 9.323268403405995386e+00 2.513927081783136064e+00 2.521693060876794679e+00 6.088203268258314260e-01 3.319428422277283186e+00 1.000000000000000000e+00 7.000000000000000000e+00 3.000000000000000000e+00 -2.455374993349452666e+02
9.477361898294338616e-01 6.208382733333409620e-01 5.202250501313602449e+00 2.097058700615658466e+00 9.577456261885610722e-01 1.128026098027985258e+00 3.854946575464409664e-01 2.421564284751879459e+00 8.000000000000000000e+00 1.200000000000000000e+01 1.000000000000000000e+00 -4.712242897379210262e+02
9.667889279886919818e-01 1.655434643069801259e+00 3.470874998680202328e+00 1.706392891697989800e+00 1.785957468990289065e+00 2.761661290806400881e+00 6.100485290249435533e-01 3.787751415703437541e+00 8.000000000000000000e+00 7.000000000000000000e+00 3.000000000000000000e+00 -2.568752189734466356e+02
1.626842299497820221e+00 8.769025570920614410e-01 4.612935279400169897e+00 1.260274500550958798e+00 1.030091109588565645e+00 2.115325569582064524e+00 5.346885470011316643e-01 3.407509427119311152e+00 3.000000000000000000e+00 1.100000000000000000e+01 3.000000000000000000e+00 -7.753230917478866786e+02
6.925933944138196185e-01 2.743623496187096222e+00 9.061600455724605041e+00 5.018228445156237782e+00 8.525280077055107375e-01 3.347024162588740359e-01 1.285563763564956941e-01 4.061493122003863476e+00 8.000000000000000000e+00 9.000000000000000000e+00 5.000000000000000000e+00 -1.479457123949519257e+02
1.044860694364062814e+00 2.246951098036350514e-01 7.088398370610119237e+00 8.592520292280415362e+00 2.591073701953385822e-01 1.519871339423364720e+00 9.554734052896877161e-01 3.190898379286709385e+00 7.000000000000000000e+00 1.400000000000000000e+01 1.000000000000000000e+00 -1.026915713030396182e+04
1.626842299497820221e+00 8.769025570920614410e-01 4.612935279400169897e+00 1.260274500550958798e+00 1.030091109588565645e+00 2.115325569582064524e+00 5.346885470011316643e-01 3.407509427119311152e+00 3.000000000000000000e+00 1.100000000000000000e+01 3.000000000000000000e+00 -7.753230917478866786e+02
