4.133170807536007407e-01 1.089556992236269783e+00 3.878882030386481272e+00 8.960400198371418767e+00 2.761426004773468001e+00 1.795581471634275728e+00 5.345990955101962427e-01 3.097292024118399212e+00 7.000000000000000000e+00 1.300000000000000000e+01 2.000000000000000000e+00 -2.820842153392399609e+02
8.115496771285302113e-01 1.371270821885490987e+00 2.782543827176733320e+00 9.118597246158911318e+00 1.519927940915414055e+00 1.543558296595726631e+00 2.304641315152237135e-01 4.316766074240729445e+00 2.000000000000000000e+00 1.100000000000000000e+01 5.000000000000000000e+00 -1.014859936853579893e+04
1.933721944922611957e+00 1.986659453734446856e+00 7.414907809830731722e+00 4.023358928740239371e+00 8.807622103756113097e-01 2.390786695848815757e+00 4.682205937683520669e-01 3.275277590906320313e+00 8.000000000000000000e+00 3.000000000000000000e+00 4.000000000000000000e+00 -2.503382591245806452e+02
3.826246068279550716e-01 7.541739474322215475e-01 9.293547904874820631e+00 7.859818324090285913e+00 2.138099863567936243e+00 2.059993255357636333e+00 4.810068680448615908e-01 3.989514249038976779e+00 9.000000000000000000e+00 8.000000000000000000e+00 4.000000000000000000e+00 -2.815980578445069114e+02
5.182225581376707080e-01 1.842031756361549810e+00 3.223222616633504956e+00 7.786840085237781039e+00 1.730240979148868208e+00 1.446129538362969980e+00 8.617417154493892673e-01 4.707567630021880056e+00 7.000000000000000000e+00 1.300000000000000000e+01 4.000000000000000000e+00 -1.016155969692844883e+04
3.803221204454565463e-01 4.352637684387883343e-01 2.127347828382148531e+00 5.660417738356233741e+00 5.116289717214212995e-01 1.545057024247503463e+00 5.091104864603963609e-01 2.830362639980231076e+00 9.000000000000000000e+00 1.600000000000000000e+01 2.000000000000000000e+00 -2.822559699039691736e+02
4.587728550919767390e-01 7.968083948284934159e-01 5.816575472671164704e+00 2.826590518834560584e+00 1.113988391789260346e+00 2.907917846669676454e+00 8.729032126423268423e-01 4.146609233262284810e+00 6.000000000000000000e+00 4.000000000000000000e+00 4.000000000000000000e+00 -8.979136283987966181e+02
1.055408532690015999e+00 1.467790358168306497e+00 4.560427274916741602e+00 1.717136569633307630e+00 1.487990518272365836e+00 8.838541465960495502e-01 2.488078455229792707e-01 4.984781765494963324e+00 4.000000000000000000e+00 1.400000000000000000e+01 5.000000000000000000e+00 -4.877196265266475734e+02
1.588426408989950245e-01 2.930589648765969724e+00 8.256302393335662515e+00 8.226555146802732921e+00 1.681461450265093083e+00 1.948789049935969464e-01 3.334450421008708920e-01 3.967064089482548184e+00 9.000000000000000000e+00 1.700000000000000000e+01 4.000000000000000000e+00 -5.294210486955813622e+02
1.813830325479616867e+00 5.991044150043325356e-01 6.074461580051326415e+00 1.039138496953856183e+00 2.076015759129725691e+00 1.839165777124145640e+00 4.946944311731980570e-01 4.298794091657468286e+00 0.000000000000000000e+00 1.200000000000000000e+01 1.000000000000000000e+00 -2.656645577937732128e+02
1.840976029307573425e+00 1.695219418444871007e+00 3.472502562425299200e+00 4.450481039058257871e+00 9.431704263194065074e-01 6.189194029070368419e-01 3.475364221717153757e-01 3.272283343011176182e+00 5.000000000000000000e+00 8.000000000000000000e+00 4.000000000000000000e+00 -3.985145078275826904e+02
9.377440884651553343e-01 5.144719858583581829e-01 5.392227694403612048e+00 9.845197522787557887e+00 4.990268553247340644e-01 1.592502879890947520e+00 3.399694564692602450e-01 4.515978165529159760e+00 9.000000000000000000e+00 8.000000000000000000e+00 1.000000000000000000e+00 -2.559592589996421168e+02
1.593492322763669922e+00 2.022354404752035428e+00 3.962329697824686914e+00 6.226507432607808923e+00 1.042504012571024763e+00 2.927580556549607138e+00 4.454373695182005100e-01 2.771684489114182970e+00 6.000000000000000000e+00 5.000000000000000000e+00 4.000000000000000000e+00 -1.018297299929656765e+04
1.472935920870155346e+00 1.794869637359005843e+00 8.571757298489753651e+00 2.829355802713620527e+00 1.236919026604134331e+00 7.777027809991237106e-01 2.068182024165647337e-01 4.620972315233943917e+00 7.000000000000000000e+00 1.300000000000000000e+01 2.000000000000000000e+00 -1.030039419958482722e+04
1.047755250905660240e+00 6.774562947715485617e-01 7.811134064685504086e+00 6.412302680956457834e+00 4.746544753011432416e-01 2.999405539731952341e+00 6.128860699124814015e-01 3.094807935689398715e+00 5.000000000000000000e+00 6.000000000000000000e+00 4.000000000000000000e+00 -1.063852551707927745e+02
9.627989675841399642e-01 2.023622492916776761e+00 2.281815457137556180e+00 5.386175725619993138e+00 6.442117571633521056e-01 1.536457071308590550e+00 5.019008744833082236e-01 2.220070163145424935e+00 4.000000000000000000e+00 1.300000000000000000e+01 5.000000000000000000e+00 -8.149846169601966039e+02
9.828869737621245273e-01 1.207871623832147412e+00 6.200305136599177480e+00 6.853086100788949864e+00 4.834260951346203150e-02 1.494261298514217851e+00 8.651591004084429049e-01 2.809009741410819494e+00 2.000000000000000000e+00 1.200000000000000000e+01 5.000000000000000000e+00 -1.937970575354758296e+02
2.446553761243503544e+00 1.560856135798911470e+00 4.447312954082630831e+00 8.084150166969051199e+00 1.700290521897572349e+00 2.177978546945300131e+00 4.296603083115432820e-01 4.978706276352882654e+00 5.000000000000000000e+00 1.600000000000000000e+01 2.000000000000000000e+00 -1.028623916801935229e+04
8.463451530269229250e-01 5.623339868325415436e-01 7.130763076954877988e+00 5.064443168362533498e+00 1.576492153296195076e+00 9.928578312384820359e-01 4.098430229232740141e-01 3.693989918372511116e+00 4.000000000000000000e+00 1.300000000000000000e+01 2.000000000000000000e+00 -1.027068725362438818e+04
6.753180106969278729e-01 2.575572581445603859e+00 9.054522016578552268e+00 4.228065190416167241e+00 1.369121510211928960e+00 9.510445967842867665e-01 4.324146548348419827e-01 3.145301942667017236e+00 9.000000000000000000e+00 1.100000000000000000e+01 5.000000000000000000e+00 -3.276040308842581226e+02
1.138632042102654118e+00 1.689389811653501106e+00 5.502500763670702177e+00 7.008504910845207547e+00 1.483382921912116403e-01 1.485885941541521316e+00 4.410254256892967017e-01 3.472250889765420734e+00 2.000000000000000000e+00 9.000000000000000000e+00 3.000000000000000000e+00 -2.635277770742571306e+02
1.230964125386853514e+00 1.786527699153265925e+00 1.621591548124709625e+00 3.383107472272373517e+00 7.461037531528280642e-01 1.237323335510378541e+00 2.233715635931688426e-01 3.763204042645194036e+00 7.000000000000000000e+00 9.000000000000000000e+00 2.000000000000000000e+00 -2.658846298756341753e+02
1.214054418449096229e+00 2.383703787484562575e+00 7.365648243831540043e+00 6.831256600225397158e+00 1.939886754837393035e+00 1.238678862852832463e+00 3.244283581730548205e-01 3.827953962026890089e+00 6.000000000000000000e+00 1.900000000000000000e+01 2.000000000000000000e+00 -1.027060452029641965e+04
2.412143203620950249e+00 1.883531478752261235e+00 5.342215631995910208e+00 6.362145383401321297e+00 6.171566543229314306e-01 1.599430816174652881e+00 5.609745695261708631e-01 4.538050974790876602e+00 5.000000000000000000e+00 1.000000000000000000e+01 2.000000000000000000e+00 -1.865646876040016480e+02
1.361150989602131212e+00 1.408847375971116422e+00 6.719810584216246774e+00 6.447254124752372917e+00 6.375854032000171090e-01 1.565559749927290634e+00 7.760551780520247300e-01 3.136485483769319238e+00 9.000000000000000000e+00 5.000000000000000000e+00 3.000000000000000000e+00 -1.809723493648683927e+02
1.705577715722750742e+00 2.554713737120210659e+00 8.960243685311834128e+00 6.164518034582342487e+00 1.763658868737577823e+00 1.592436694954658671e+00 1.453969211337926559e-01 2.825501976427829742e+00 6.000000000000000000e+00 4.000000000000000000e+00 3.000000000000000000e+00 -5.163179287405873765e+02
1.675034553453552233e+00 1.248668464248397170e+00 2.918560207452741473e+00 3.684686915595825951e+00 2.209033936222668526e+00 1.917182674643203910e+00 4.928516124566773016e-01 4.652986357728725153e+00 2.000000000000000000e+00 7.000000000000000000e+00 4.000000000000000000e+00 -2.571406145680560371e+02
1.726275589327907811e+00 1.099810468793693818e+00 5.021585677807409276e+00 8.235256163650197081e+00 6.432775103915183701e-01 1.099723622868147288e+00 2.759977279324983823e-01 2.467461617886409275e+00 9.000000000000000000e+00 5.000000000000000000e+00 4.000000000000000000e+00 -2.584623884846917576e+02
1.241748852294521477e+00 9.563487781268179555e-01 3.202606018155266909e+00 4.634565485490076853e+00 1.764097759629007944e+00 2.590025641036649340e+00 3.664692335847372084e-01 4.382053868397122187e+00 6.000000000000000000e+00 1.100000000000000000e+01 3.000000000000000000e+00 -2.630163157538418091e+02
3.216313645864554704e-01 2.040134349643596967e-01 1.118473424485435075e+00 1.734486684468772300e+00 1.620815670145861809e+00 1.554474002787426201e+00 9.655971451643857728e-02 4.259211492119823639e+00 9.000000000000000000e+00 1.900000000000000000e+01 4.000000000000000000e+00 -2.713052114186813242e+02
1.174370704380419905e+00 7.899443960014969068e-01 5.655820283696463946e+00 4.433661826960946684e+00 2.284423594381023825e+00 2.080476696644833368e+00 7.169559991732918913e-01 4.543745526674912938e+00 6.000000000000000000e+00 6.000000000000000000e+00 3.000000000000000000e+00 -2.562035466328559892e+02
1.329933158014966921e+00 2.664421591300952574e+00 3.643715635577299494e+00 8.065111337277128811e+00 7.225997807097411796e-01 4.631948138363439771e-01 1.541680923603433451e-02 3.776801655304275140e+00 7.000000000000000000e+00 7.000000000000000000e+00 4.000000000000000000e+00 -2.576295414237873160e+02
9.737807293160847255e-01 1.570874810420796797e+00 2.400043721586901935e+00 6.527943954918221436e+00 1.041954011521339263e+00 2.231565490535138974e+00 5.446800607319943754e-01 4.294164290063847922e+00 1.100000000000000000e+01 1.900000000000000000e+01 4.000000000000000000e+00 -2.694697864058449568e+02
2.678077711245537174e+00 1.659810005120555543e+00 6.471656238101573422e+00 5.873322014356109122e+00 9.784881605154268636e-01 1.965791679805013903e+00 3.589943503849574169e-01 4.461335539170461217e+00 9.000000000000000000e+00 1.000000000000000000e+01 2.000000000000000000e+00 -2.602966996246901772e+02
1.193856586631469430e+00 2.146834221078164795e+00 7.145964140419341248e+00 7.468906872638473082e+00 2.694160324037027543e+00 1.375167903546287373e+00 2.132847448048108552e-01 2.652711112620130152e+00 3.000000000000000000e+00 1.400000000000000000e+01 3.000000000000000000e+00 -3.114013262240610516e+02
1.850996027092572493e+00 2.370659454911845376e+00 7.018516793877885185e+00 2.062683375793007201e+00 1.251633632774070026e+00 1.308308039419377788e+00 3.702396420366312335e-01 4.568047530972716430e+00 5.000000000000000000e+00 1.600000000000000000e+01 4.000000000000000000e+00 -2.458709815813242301e+02
2.439175724906627263e+00 2.439561075069649920e+00 4.127342226471823139e+00 2.821609926768978038e+00 5.122523901372777466e-01 2.793355037909361904e-01 3.643038082047169168e-01 3.867557086909783060e+00 7.000000000000000000e+00 4.000000000000000000e+00 2.000000000000000000e+00 -2.536426179299581349e+02
1.444806800884946174e+00 1.902234330542726504e+00 7.018095002414742822e+00 5.358343120976373442e+00 2.046063328644351920e+00 1.477615634987587523e+00 6.789040988182318825e-01 4.491237842980571493e+00 1.000000000000000000e+00 1.600000000000000000e+01 3.000000000000000000e+00 -1.016218341396926917e+04
2.357180833688891752e+00 1.455832525583423687e+00 3.748368012813844352e+00 8.178662232476062499e+00 1.820349741674119004e+00 2.869101245761757291e+00 4.302003848983639855e-01 2.381776874416561718e+00 3.000000000000000000e+00 7.000000000000000000e+00 4.000000000000000000e+00 -2.639526492495293155e+02
1.810963568029441140e+00 7.162703363652009880e-01 5.647683689829817055e+00 1.236406618850022676e+00 1.965820903397433428e+00 1.778751453475534428e+00 2.672255927422527710e-01 4.534993801713929962e+00 2.000000000000000000e+00 4.000000000000000000e+00 3.000000000000000000e+00 -1.008443570746284422e+04
1.380896624703094488e+00 1.956546629491489053e+00 2.800987048349679043e+00 7.261355411455097553e+00 8.117397432044451966e-01 2.057852385917744442e+00 1.107440266101887838e-01 3.304342134159894862e+00 4.000000000000000000e+00 1.900000000000000000e+01 5.000000000000000000e+00 -2.777637041481456208e+02
5.280953018012916056e-01 1.680771287218809640e+00 3.569708964566990161e+00 2.287873574133141741e+00 1.951116239681928155e-01 1.335878267083164372e+00 2.126454382326831982e-01 4.943447128027393944e+00 2.000000000000000000e+00 1.400000000000000000e+01 2.000000000000000000e+00 -1.020208921545050180e+04
1.456648246792439760e+00 1.969308852971406454e+00 9.754061229003909261e+00 1.758228483617277682e+00 2.377290467189455692e-01 1.935164405756854888e+00 6.270363058853001270e-01 4.107732560062625105e+00 3.000000000000000000e+00 1.900000000000000000e+01 1.000000000000000000e+00 -2.757543602985705888e+02
3.794543132137593866e-01 1.107033695084387981e+00 6.606427174199160035e+00 6.319512849258844156e+00 1.319462899690987179e+00 5.125781909643682965e-01 1.389125083112399683e-01 3.774102553808796223e+00 8.000000000000000000e+00 1.000000000000000000e+01 5.000000000000000000e+00 -6.079562957263067347e+02
2.619307748113490764e-01 2.709804795876260108e+00 6.057130032294952393e+00 2.385380907181240406e+00 1.971719914284109088e+00 2.078328791961668642e+00 4.275794561007871253e-01 4.668320776668499761e+00 6.000000000000000000e+00 9.000000000000000000e+00 3.000000000000000000e+00 -2.611539787214948660e+02
2.579834368482335272e+00 6.040542889613631505e-02 2.381283685904909131e+00 8.773023068085205267e+00 2.628555528274169273e+00 1.254267119300059408e+00 6.241166419091591644e-01 4.547098878879271666e+00 9.000000000000000000e+00 1.000000000000000000e+01 2.000000000000000000e+00 -2.660527674861005494e+02
1.467632466366471933e-01 1.310576885485421172e+00 2.397377661835924378e+00 1.248049019151455497e+00 4.130025902015455747e-02 7.588974366203438127e-01 2.511879363839468193e-01 4.173639789291917701e+00 0.000000000000000000e+00 1.400000000000000000e+01 2.000000000000000000e+00 -1.008352997014299399e+04
1.502000852908070394e+00 6.130772468693588273e-01 4.475637670367580867e+00 3.577622825439937593e+00 5.929462609223266067e-01 5.559386351362969325e-01 2.992252183922525233e-01 2.358082895462445094e+00 7.000000000000000000e+00 8.000000000000000000e+00 5.000000000000000000e+00 -8.293095357624821418e+01
