2.020661966056747971e+00 1.633288518553492219e+00 8.631060544867100504e+00 8.050366000218435403e+00 7.054218997635527399e-01 1.444896357310946788e+00 9.495522311618453948e-02 2.759445600643555707e+00 7.000000000000000000e+00 6.000000000000000000e+00 2.000000000000000000e+00 -1.882168196514739122e+02
1.867076280212788042e+00 1.178640467542895198e+00 8.626499283655697070e+00 8.437831768341897742e+00 2.002108203613129245e+00 8.359852504903102499e-01 5.182552880405465467e-01 2.558383946764595684e+00 3.000000000000000000e+00 1.200000000000000000e+01 1.000000000000000000e+00 -1.032887940488056847e+04
2.604041005164955180e+00 2.455031472030121620e+00 9.789675435384461721e+00 8.237187819165720626e+00 1.303603104361130471e+00 1.134464971958294655e+00 1.173033978132133198e-01 3.303697157860385314e+00 7.000000000000000000e+00 5.000000000000000000e+00 2.000000000000000000e+00 -2.595640929323583919e+02
2.651260076998341653e+00 1.881806806526490350e+00 7.080514046266511485e+00 5.756912064240481186e+00 1.926331721413846676e+00 2.186148493287110028e-02 5.235479812050782833e-01 3.032380193191825946e+00 4.000000000000000000e+00 4.000000000000000000e+00 5.000000000000000000e+00 -1.539703631248930549e+02
6.958920743099542561e-01 1.214629715065908222e+00 7.851536157062107613e+00 6.799186428077335975e+00 1.836919150921769717e+00 9.643947645045611861e-01 7.008701548784190827e-02 3.561392429877592747e+00 5.000000000000000000e+00 7.000000000000000000e+00 3.000000000000000000e+00 -9.607196376011386292e+02
4.056212873200739644e-01 7.564774083669103533e-01 5.257242014188934220e+00 7.905389936105230220e+00 2.182434337061016194e+00 1.666979767098305976e+00 4.929052326966065767e-01 3.917651669392369307e+00 4.000000000000000000e+00 2.000000000000000000e+00 2.000000000000000000e+00 -2.481218028132970517e+02
1.498134323312741323e+00 7.343944768854742122e-01 6.110844489625227638e+00 3.680672371725355774e+00 2.963202244407635355e+00 1.297192629303857592e+00 7.832583545316366136e-01 4.178774022619906603e+00 7.000000000000000000e+00 1.300000000000000000e+01 4.000000000000000000e+00 -2.698185473198386717e+02
1.558369892472812435e+00 1.731267635658054083e+00 4.595684780258562085e+00 8.580049361315925438e+00 1.598504462033034645e+00 2.732150247756035544e-01 4.203517047363919401e-02 4.484338332087004275e+00 3.000000000000000000e+00 1.600000000000000000e+01 2.000000000000000000e+00 -1.010176298073657563e+04
1.377665863448148897e+00 1.685380298518227127e+00 3.263893718033004543e+00 6.597666431480771365e+00 2.725693886403778965e+00 1.085516819687272649e+00 7.589239483419535359e-01 3.099031489471681056e+00 1.000000000000000000e+01 7.000000000000000000e+00 4.000000000000000000e+00 -1.012021618673764351e+03
1.751084111913059349e+00 1.783204146868903273e+00 3.548456899214177618e+00 7.627832213956835972e+00 1.802436751232401768e+00 9.766649271456654402e-01 5.882172540655428161e-01 3.298091005163637845e+00 3.000000000000000000e+00 1.200000000000000000e+01 5.000000000000000000e+00 -2.679722436702822961e+02
1.463611495693992515e+00 5.568516067790753032e-01 6.004171762745960095e+00 8.906947448257321653e+00 1.601978898578967803e+00 2.229314888930180150e+00 5.641290197876790424e-01 4.636178114430981267e+00 1.100000000000000000e+01 1.400000000000000000e+01 2.000000000000000000e+00 -1.019672683533833333e+04
1.458898603483369971e+00 7.071204333865459546e-01 8.932110365553231901e+00 4.527277802361290071e+00 5.863663321365646386e-01 1.667522286356665884e+00 8.504426266932779699e-01 2.713630173496704767e+00 5.000000000000000000e+00 1.800000000000000000e+01 3.000000000000000000e+00 -2.889426960631120664e+02
6.939917650725649922e-01 2.533956659173984161e+00 5.448402537999537110e+00 2.847507447863545593e+00 4.015929556609032502e-01 1.726006086198515810e+00 2.738576958850285625e-01 2.048994258824365033e+00 7.000000000000000000e+00 1.600000000000000000e+01 3.000000000000000000e+00 -1.994344806074853977e+02
2.124463750088390945e+00 9.379040788985263388e-01 1.730634712552393761e+00 7.306041782725028355e+00 1.156874232918513545e+00 8.313255817083524679e-01 5.306535683345346976e-01 2.830567586106415678e+00 0.000000000000000000e+00 6.000000000000000000e+00 2.000000000000000000e+00 -1.904653883303886062e+02
2.309927298200236567e+00 1.834782530926593935e+00 7.061989616331896258e+00 5.172826034686133667e+00 1.044038930809407795e+00 2.280797435016450603e+00 1.898321806825165603e-01 4.098349043915710865e+00 5.000000000000000000e+00 6.000000000000000000e+00 2.000000000000000000e+00 -1.853359481171292771e+02
9.959356681468567452e-01 2.580864761655279338e+00 6.222287619502832712e+00 8.378385294523832627e+00 7.977825303944497959e-01 2.318844716164442099e-01 5.821020412362418184e-02 3.586807003516849779e+00 7.000000000000000000e+00 6.000000000000000000e+00 3.000000000000000000e+00 -1.080929731395924449e+02
2.222105782007119501e+00 1.682357482759448075e+00 1.101560981578616705e+00 2.293148064003273312e+00 2.014703465993884723e+00 3.128058354735793190e-01 8.590321799331044339e-01 3.701227498417123396e+00 5.000000000000000000e+00 1.100000000000000000e+01 2.000000000000000000e+00 -1.899168290256407090e+02
5.134905210858632385e-01 1.167231335605281028e+00 2.769965897047530934e+00 7.259243469261367210e+00 1.123648419438967316e+00 1.862563418333424092e+00 3.025921797611919040e-01 3.427919734403482188e+00 6.000000000000000000e+00 4.000000000000000000e+00 4.000000000000000000e+00 -1.705853393034257408e+02
1.856010518917118546e+00 1.238643050163679593e+00 4.966985464520501381e+00 4.624174409955809750e+00 1.487929804322942084e+00 2.569092425081962450e+00 3.309403764309618023e-01 3.344930439843593284e+00 0.000000000000000000e+00 1.000000000000000000e+01 3.000000000000000000e+00 -1.009944079821825289e+04
1.801815407510670486e+00 1.464087894825028213e+00 4.427107380750573640e+00 4.544571150976999263e+00 2.763303632438485202e-02 1.194914158687751859e+00 3.973582925069096272e-01 3.548459881781505842e+00 8.000000000000000000e+00 5.000000000000000000e+00 3.000000000000000000e+00 -2.539137356506614083e+02
1.751212665149800785e+00 1.834895705048894321e+00 3.019775037946155649e+00 5.896101031073652798e+00 7.948394170211339205e-01 1.112440722579298491e+00 9.846139753037803644e-01 3.474623036228460027e+00 7.000000000000000000e+00 1.300000000000000000e+01 2.000000000000000000e+00 -2.721549354582512024e+02
2.475440618485112321e+00 1.805464352514445814e+00 4.184796016814299691e+00 4.272388090002873007e+00 1.263682539546484573e-01 9.589719001034979762e-01 8.742461823366833862e-01 3.000808053758506233e+00 5.000000000000000000e+00 1.300000000000000000e+01 3.000000000000000000e+00 -2.697590528206239924e+02
2.877101315104080292e+00 2.823526897730459062e+00 7.266309372058195493e+00 2.345534567191577047e+00 4.364037242102914993e-01 1.334664883617497688e+00 5.657770960556499640e-01 4.895121653416649288e+00 6.000000000000000000e+00 7.000000000000000000e+00 2.000000000000000000e+00 -1.782634646117732586e+02
2.171667438190624466e+00 5.246965920360006086e-01 3.221204617327194875e+00 4.307592659925537859e+00 2.404154256478237883e+00 1.250288999499974629e+00 8.660991409983188616e-01 3.131619227624630408e+00 7.000000000000000000e+00 5.000000000000000000e+00 1.000000000000000000e+00 -1.843355272814763453e+02
6.557664163009960800e-01 1.509496190402753513e+00 1.708318678161530491e+00 4.159192760095249852e+00 1.499026275268698694e+00 1.749529468116147735e+00 5.155267759732167221e-01 2.931974179331362063e+00 7.000000000000000000e+00 1.000000000000000000e+01 2.000000000000000000e+00 -2.601372618855499468e+02
1.568346585727025122e+00 1.941128407437603176e+00 8.244786230352115552e+00 2.295049112290599602e+00 4.908949166517750928e-02 1.959523783172670175e+00 9.203078157057480446e-01 4.719134177556170151e+00 6.000000000000000000e+00 1.200000000000000000e+01 3.000000000000000000e+00 -1.875491260410561267e+02
2.352887283802483687e+00 2.754462779166564346e+00 4.894915938215579132e+00 6.714436106101759449e+00 8.668383009548011886e-01 1.386316992595241215e+00 1.236213240306019423e-01 2.958528817170432035e+00 1.100000000000000000e+01 1.100000000000000000e+01 4.000000000000000000e+00 -2.716250131012698716e+02
2.584677410374184081e+00 2.574226166096892587e+00 7.354194812122635483e+00 6.281620242211451099e+00 6.204727835840118111e-01 1.215234729836980332e-01 4.303118703951197555e-01 4.596788861283517491e+00 3.000000000000000000e+00 1.200000000000000000e+01 1.000000000000000000e+00 -2.663714361174324949e+02
1.568225215611629864e+00 1.219163027646222863e+00 8.304122764841563864e+00 6.766533182698611704e+00 2.317234122674564745e+00 8.284534805745815689e-01 6.485795392026240114e-01 3.580597612853322786e+00 7.000000000000000000e+00 9.000000000000000000e+00 5.000000000000000000e+00 -1.016089864008461882e+04
1.389356202930051021e+00 1.859307757337886446e+00 3.593080182477053963e+00 2.620585019978030061e+00 2.071537306223192321e+00 2.200104489232017180e+00 4.445719655250526259e-01 2.498959867561693304e+00 3.000000000000000000e+00 2.000000000000000000e+00 4.000000000000000000e+00 -2.510295345618763747e+02
2.273575195750906719e+00 2.586369702685256122e+00 5.444264317993580349e+00 9.747660463815321918e+00 6.419315782199460640e-01 1.590748179839761134e+00 7.137815837374048566e-01 3.723406830225571174e+00 1.000000000000000000e+01 9.000000000000000000e+00 4.000000000000000000e+00 -1.138765785711297127e+02
1.974008768547275139e-01 1.457508315346663252e+00 1.575739242937256979e+00 3.721887075052034977e+00 2.019795686547485758e+00 1.982587198537103079e+00 6.656470520411126301e-01 3.254078830449914861e+00 1.000000000000000000e+00 1.500000000000000000e+01 3.000000000000000000e+00 -8.026407017499342373e+02
1.205990322955931227e+00 2.848213337605397744e+00 2.378014324130224288e+00 4.953910907722267609e+00 1.591213014901655232e+00 1.178305863950169119e+00 8.192435183766902940e-01 2.598174399154495884e+00 4.000000000000000000e+00 1.200000000000000000e+01 2.000000000000000000e+00 -1.030907220272746599e+04
1.092753859351379475e+00 2.110245768235754049e+00 5.374195669292696209e+00 3.884926063996250623e+00 1.294342863640887131e+00 1.049755059615552932e+00 8.524797410627106276e-01 2.369847950820419769e+00 4.000000000000000000e+00 1.500000000000000000e+01 3.000000000000000000e+00 -1.021132331061418699e+04
2.550232886420323197e+00 1.457193897341003241e+00 2.781021082828528002e+00 2.345867309642797771e+00 5.250863423741600755e-01 9.048590820580290073e-01 7.947245649641526688e-01 3.326693562361629386e+00 4.000000000000000000e+00 1.300000000000000000e+01 5.000000000000000000e+00 -2.028351956611424214e+02
1.687877302703901128e+00 9.463888792291141883e-01 5.949112628263850233e+00 5.278496119855866198e+00 1.840287676881917855e+00 2.409459387776612171e+00 1.891864690258345805e-01 4.299333233806732935e+00 7.000000000000000000e+00 3.000000000000000000e+00 3.000000000000000000e+00 -1.755454951382050126e+02
6.472167181476840003e-01 1.935155425712768995e+00 2.728220111917690982e+00 5.925540314567298239e+00 4.012743505427017743e-01 2.057220099233048938e+00 2.911331210689732663e-01 4.457830961386340718e+00 1.000000000000000000e+00 6.000000000000000000e+00 2.000000000000000000e+00 -1.018316251181411280e+04
2.233783555137298205e+00 1.473258793684179002e+00 3.521624755769666493e+00 1.786520838055015492e+00 2.971152393947125159e+00 7.576536185318011318e-01 6.027133754804078203e-01 3.385459803600156192e+00 7.000000000000000000e+00 8.000000000000000000e+00 5.000000000000000000e+00 -2.046928258017899225e+02
1.837032132391181571e+00 1.774042740261574824e+00 7.052018279338891027e+00 5.197691280608785824e+00 7.049915821741450372e-01 9.534173000561342315e-01 6.218500030710137905e-01 2.458646444056848068e+00 4.000000000000000000e+00 3.000000000000000000e+00 2.000000000000000000e+00 -2.556788474525200456e+02
1.257347205025722170e+00 1.701952304686117801e+00 7.005752122600826581e+00 7.228183668381259253e+00 4.884547398330247314e-01 2.085206002567162376e+00 5.320189808329015557e-01 3.951759311311565437e+00 3.000000000000000000e+00 1.300000000000000000e+01 3.000000000000000000e+00 -2.634069207483266268e+02
1.520037277771487005e+00 6.824059269501510094e-01 3.471711678784543231e+00 6.173237287214123903e+00 1.913319336291535055e+00 3.677519945801424051e-01 7.314040553177678650e-01 2.915605635960636821e+00 2.000000000000000000e+00 3.000000000000000000e+00 4.000000000000000000e+00 -1.736502062068328200e+02
2.839613520470045671e+00 8.451445724611550414e-01 1.825181845689727300e+00 4.636651631749317382e+00 1.708687865592780630e-01 1.418917917226384606e+00 1.811602551205870326e-01 2.952977802132106699e+00 5.000000000000000000e+00 1.300000000000000000e+01 5.000000000000000000e+00 -1.004148200755457947e+04
1.907606746105915407e+00 2.872282536771789019e+00 8.635126230209078102e+00 8.005632866240645740e+00 2.203768730365508688e+00 2.914927080555903771e+00 5.227738069234698637e-01 2.984249489934515776e+00 9.000000000000000000e+00 3.000000000000000000e+00 4.000000000000000000e+00 -2.402039767945393010e+02
2.108592504390388367e+00 2.016870353780841896e+00 5.139844567533319974e+00 2.038265354890435699e+00 2.245286635954592214e+00 2.810609377379019058e+00 7.180541379403254654e-01 2.581086229865602100e+00 2.000000000000000000e+00 1.800000000000000000e+01 4.000000000000000000e+00 -5.933813630928269731e+02
7.044480147531180236e-01 8.463068548530556789e-01 8.648503236897242985e+00 2.027274855277398924e+00 8.332878493230888584e-02 1.040259828124706409e+00 6.367088012709792855e-02 2.904075014237783581e+00 9.000000000000000000e+00 5.000000000000000000e+00 1.000000000000000000e+00 -2.562631871067577549e+02
8.898249907565334293e-01 4.371040053942276682e-01 7.143489295011801410e+00 5.122190313970252262e+00 2.045924279190601158e+00 1.992049678386862199e+00 4.094258802731450264e-01 3.775511836449519265e+00 2.000000000000000000e+00 1.300000000000000000e+01 4.000000000000000000e+00 -3.465085708230199089e+02
2.089278789255137436e+00 1.281577528746859818e+00 2.738178560892055025e+00 3.400439079989456825e+00 7.879278158785508746e-01 2.050480612874250319e+00 7.376868941619947329e-01 3.790141589187767224e+00 6.000000000000000000e+00 1.700000000000000000e+01 1.000000000000000000e+00 -1.029870139754732190e+04
1.977250146862522318e+00 5.311600476236744139e-01 4.006831088326248569e+00 2.497081157987319777e+00 7.316862502879752927e-01 1.185066483244916924e+00 5.555907949071613450e-01 4.343853961111959094e+00 3.000000000000000000e+00 3.000000000000000000e+00 3.000000000000000000e+00 -9.400390007072196852e+01
