1.313333504252850448e-01 2.135377399918412245e+00 7.496490974153964260e+00 1.643081199242484303e+00 1.586434341826734373e+00 2.157714002543675846e+00 3.976159053583129821e-01 4.642980999418345078e+00 1.000000000000000000e+01 1.200000000000000000e+01 5.000000000000000000e+00 -2.832778745475399660e+02
2.185963860477439180e+00 2.254211724902549285e+00 8.470108296240786316e+00 4.785078763166313642e+00 5.421204727983679472e-01 1.665505290809282446e+00 6.107260175697641902e-01 2.755076225687278058e+00 4.000000000000000000e+00 5.000000000000000000e+00 5.000000000000000000e+00 -2.600889524403657447e+02
1.690319230073480616e+00 2.502841229350841079e+00 3.236967055171501961e+00 6.050844010010939300e+00 2.101339244863388522e+00 7.966924450017897064e-01 4.614449419676521780e-01 2.526256294672508673e+00 6.000000000000000000e+00 1.000000000000000000e+01 4.000000000000000000e+00 -2.602006669698913015e+02
2.526466823750376456e+00 2.869738629053679713e+00 2.958352783080700377e+00 8.563553385821638386e+00 1.269724913575553060e+00 4.113571883786864003e-01 9.245342288346043436e-01 4.172290988038503734e+00 8.000000000000000000e+00 1.600000000000000000e+01 4.000000000000000000e+00 -1.498571232807561273e+02
1.312440249632135014e+00 1.924405509073638942e+00 4.745383156790896173e+00 4.429203079384471664e+00 2.662457824610926060e+00 1.096016675957200093e+00 5.258576085517225884e-01 3.087983359109351511e+00 1.000000000000000000e+00 8.000000000000000000e+00 3.000000000000000000e+00 -2.669555368452998323e+02
2.120989160973119514e+00 3.204246562520522978e-01 3.500385791060230289e+00 3.361168492427864862e+00 2.821857381463400927e+00 1.606561505832379888e+00 4.699427916276612271e-01 3.437426045981938572e+00 1.000000000000000000e+01 1.500000000000000000e+01 3.000000000000000000e+00 -5.728223652981627083e+02
2.472747834544490431e+00 1.487443765805226414e+00 4.361530421749913344e+00 3.656519222047154738e+00 3.488017212450205129e-01 8.528974162021418781e-01 6.951612841110480501e-01 3.982254807859914703e+00 7.000000000000000000e+00 9.000000000000000000e+00 5.000000000000000000e+00 -2.604877688909919016e+02
2.210869695983257444e+00 2.114145301210095695e+00 1.139127375030893452e+00 5.224885441286233778e+00 2.684769200907341169e+00 4.110467760760074807e-01 5.045953842339556683e-02 4.862647826555712705e+00 9.000000000000000000e+00 7.000000000000000000e+00 2.000000000000000000e+00 -2.558824269130371931e+02
2.268533410579908871e+00 1.505133077582552659e+00 2.374692560611130432e+00 5.297191126020462271e+00 3.959158066546377142e-01 2.654982045487527031e+00 7.427506501937838346e-01 3.570379040602615017e+00 4.000000000000000000e+00 1.200000000000000000e+01 3.000000000000000000e+00 -1.886924505478623928e+02
1.571115344170870731e+00 6.675086873677563704e-01 7.861371448854381327e+00 8.497917768520547810e+00 4.114298773091611405e-01 1.256181120511939975e+00 4.019612155920040952e-01 3.199988565348926173e+00 5.000000000000000000e+00 9.000000000000000000e+00 5.000000000000000000e+00 -8.008624491059475758e+02
2.348498969170927708e+00 9.600796761673033863e-01 6.046843741527119676e+00 6.347861313361779168e+00 1.674635002153047392e+00 1.954002222405511802e+00 8.058859795597427267e-01 3.668560175503951637e+00 5.000000000000000000e+00 1.100000000000000000e+01 3.000000000000000000e+00 -1.011148084103523797e+04
1.860482939773244748e+00 9.518125662230081385e-02 1.535500847727390372e+00 7.557475350232802036e+00 2.415674512618083192e+00 4.322100025830333259e-03 7.334924337502262137e-01 3.119640700224040941e+00 1.000000000000000000e+01 8.000000000000000000e+00 2.000000000000000000e+00 -2.544000908490587847e+02
2.726335140224684928e-01 1.005582679473062013e+00 4.109877874597430036e+00 3.746867576171892811e+00 2.546917246427416348e+00 1.471163035545378195e+00 5.264468568384779168e-01 3.918678718398959759e+00 2.000000000000000000e+00 9.000000000000000000e+00 5.000000000000000000e+00 -1.030613456609828245e+04
2.343484141639292417e+00 1.763284765907078500e+00 5.844241886114752482e+00 5.623200826142764619e+00 6.806666635156009004e-01 1.783356198929831660e+00 4.997710672525866871e-01 3.695439641182857393e+00 9.000000000000000000e+00 1.000000000000000000e+01 5.000000000000000000e+00 -2.660909260644232859e+02
1.935669607762976696e+00 2.157779161834777248e+00 4.205016749215204186e+00 4.496110855351125757e+00 2.835248273337437119e+00 1.815518569944539973e+00 1.007918856296176058e-01 2.445375799388710636e+00 2.000000000000000000e+00 5.000000000000000000e+00 3.000000000000000000e+00 -7.792749731017463546e+02
1.441307766998160877e+00 1.815724076374765961e+00 3.699678118837200991e+00 3.869034061539868397e+00 2.889692406649312595e+00 2.083121009846220950e+00 5.503742249998875291e-01 4.371641562027935635e+00 3.000000000000000000e+00 3.000000000000000000e+00 3.000000000000000000e+00 -2.430670867312531414e+02
1.627493751237437669e+00 1.925812660003413335e+00 6.079044111452486021e+00 8.545772247905322416e+00 1.210974242258685996e+00 2.298607998508252592e+00 5.185787013714880933e-01 3.981030019558151167e+00 4.000000000000000000e+00 1.500000000000000000e+01 2.000000000000000000e+00 -1.031951802813587710e+04
1.373424414681890804e+00 1.798330641897159410e+00 8.135761472804281524e+00 7.480801703331058761e+00 1.680388467554739140e+00 3.862107180827341057e-01 5.386170911815211237e-01 4.020116651766752369e+00 3.000000000000000000e+00 5.000000000000000000e+00 4.000000000000000000e+00 -5.551408270100233722e+02
9.612248109298624499e-01 1.484932777193103348e+00 6.316437735996164093e+00 4.083059052206426287e+00 2.100799228026043686e+00 1.749773036910254653e+00 6.993449841891634655e-01 4.012078654092023022e+00 1.000000000000000000e+00 8.000000000000000000e+00 5.000000000000000000e+00 -2.786203639187162366e+02
1.442241355159554095e+00 1.891839882033318876e+00 2.116089771019372456e+00 3.491084355797368310e+00 1.755376441939506815e+00 1.043541782001902840e+00 5.006632778259143546e-01 3.535057158204953254e+00 4.000000000000000000e+00 5.000000000000000000e+00 2.000000000000000000e+00 -2.505425055044233886e+02
1.346186032449850689e+00 1.093184181358650253e+00 7.736118677194301796e+00 6.459320622871106643e+00 6.189841017253865374e-01 2.549445156358047804e+00 4.277343462421924203e-01 2.148443467931072437e+00 8.000000000000000000e+00 1.200000000000000000e+01 5.000000000000000000e+00 -8.389606440228632209e+02
2.039405960404891083e+00 6.681065383405075941e-01 4.319963734737616967e+00 8.933529821039442709e+00 1.912935004164594277e+00 1.021668882246670407e+00 8.778578960388840891e-01 3.540558383956472266e+00 1.000000000000000000e+00 1.000000000000000000e+01 5.000000000000000000e+00 -1.011043077601756340e+04
2.783804097262939869e+00 8.024486373578234577e-01 3.084214722923576346e+00 3.130753069012031542e+00 2.628524352956445043e+00 1.915094597616229244e+00 6.854256624964891742e-01 3.603080026835159266e+00 1.000000000000000000e+00 1.400000000000000000e+01 5.000000000000000000e+00 -1.025458686343113368e+04
1.520503921449629425e+00 2.333095864693981447e+00 4.522149026820255990e+00 8.216618353721436563e+00 1.772884743217883585e+00 2.394968615180513183e+00 5.833634430159350126e-01 2.772529647322961921e+00 3.000000000000000000e+00 1.500000000000000000e+01 4.000000000000000000e+00 -2.826675650300210805e+02
1.087438263308249553e+00 2.401731689982452345e+00 7.283568016141811263e+00 6.835459462830782762e+00 2.056136640933664550e-01 1.725754656303428947e+00 5.429406675123879533e-02 2.940022369526354762e+00 5.000000000000000000e+00 9.000000000000000000e+00 2.000000000000000000e+00 -2.661450762703449868e+02
1.937517069288126059e+00 1.850508903714917164e+00 1.156147184166259834e+00 7.240350051378355190e+00 1.064571778875249564e+00 1.173934062876154982e+00 6.895007157947794507e-01 2.200823122007582011e+00 4.000000000000000000e+00 1.400000000000000000e+01 4.000000000000000000e+00 -1.426405486563401439e+02
2.921110846567565034e+00 2.994047014558121500e+00 5.568838611954367579e+00 5.791802531885399397e+00 9.129354652051232533e-01 6.653170934679855097e-01 3.866985308867554316e-02 4.375567696799344652e+00 0.000000000000000000e+00 1.200000000000000000e+01 3.000000000000000000e+00 -2.648105126486863128e+02
1.986815169518341362e+00 2.009495163078454105e+00 3.336291124873124403e+00 7.706013917509569211e+00 2.770991852918436305e+00 1.645505227164683504e+00 8.086974889361687735e-01 2.953657172602474734e+00 8.000000000000000000e+00 1.400000000000000000e+01 3.000000000000000000e+00 -2.804302853608580790e+02
2.268243175701364578e+00 2.822015711466038912e+00 6.472945915478655721e+00 5.477967948175693991e+00 1.386597769866898977e+00 1.667835851114790380e+00 4.836020639338906024e-02 4.518301645739612127e+00 4.000000000000000000e+00 1.100000000000000000e+01 2.000000000000000000e+00 -2.655846224015791677e+02
1.427577844137249974e+00 7.644224558839196604e-02 4.420822100028875212e+00 2.697720904193740221e+00 9.510562371821114080e-01 8.178759107636578429e-01 4.959176071376110717e-01 4.253313101040053112e+00 8.000000000000000000e+00 1.700000000000000000e+01 2.000000000000000000e+00 -1.022365412698910404e+04
1.893938200249336123e+00 1.933847814297851020e+00 4.065254416328050624e+00 5.127097212707865559e+00 1.177001867583649775e+00 7.421184635289999054e-01 9.355140794416547667e-01 2.425161009875343776e+00 3.000000000000000000e+00 9.000000000000000000e+00 3.000000000000000000e+00 -2.068242162204044803e+02
1.764194452477295227e+00 1.956165473173052671e+00 5.648048200426757148e+00 4.520559292216370650e+00 2.828990674330322252e-01 1.112057731439387798e+00 5.222812040972550918e-01 2.832265248662955148e+00 2.000000000000000000e+00 1.700000000000000000e+01 3.000000000000000000e+00 -2.746010378137756334e+02
1.098248194096089980e+00 8.982108587172009662e-01 5.845687279615980003e+00 6.658550574910341524e+00 1.587265223013250903e+00 2.586516275091050865e-01 6.091839640582402682e-01 2.738587108127546799e+00 1.100000000000000000e+01 1.100000000000000000e+01 3.000000000000000000e+00 -2.593694179344424811e+02
4.517659036840597775e-01 1.111048797414763145e-01 5.959795399361984991e+00 2.031900411927193950e+00 3.271460498086125046e-01 1.954872463202652844e+00 4.001811748915986566e-01 4.073163708917806325e+00 3.000000000000000000e+00 1.000000000000000000e+01 3.000000000000000000e+00 -2.575529257606544320e+02
1.846899196120425746e+00 4.827775948171513232e-01 5.542125014707417030e+00 7.374113237056532100e+00 3.698660542522979044e-01 1.058669908572596796e+00 8.006781211143965127e-01 2.862585284380442907e+00 9.000000000000000000e+00 1.600000000000000000e+01 2.000000000000000000e+00 -2.142460540409011855e+02
1.117146834890040186e+00 1.668593075809748694e+00 2.513197308249212725e+00 5.591393638728520799e+00 2.485368761317952035e-01 5.439335004299755694e-01 5.796318029180445031e-01 4.560867667215067200e+00 3.000000000000000000e+00 1.300000000000000000e+01 3.000000000000000000e+00 -1.828574064981158074e+02
1.108054699318189007e+00 1.185587621232979449e+00 8.081971755169831795e+00 2.981961388816804170e+00 2.545775560929400605e+00 2.969826386581535527e-01 9.893486016079481304e-01 3.286617563314200297e+00 9.000000000000000000e+00 4.000000000000000000e+00 2.000000000000000000e+00 -1.056257384142134157e+02
2.641784868587021329e+00 1.420399841320379331e+00 4.713651384145330248e+00 6.113741983090383414e+00 1.113096327488021231e+00 2.637287906099675672e-01 9.318270861996561516e-01 2.904376505364355321e+00 9.000000000000000000e+00 7.000000000000000000e+00 3.000000000000000000e+00 -2.588530708286687627e+02
2.395440451715579844e+00 1.549384335742421737e+00 6.176504118036968194e+00 1.211149475367769623e+00 1.915869991863854205e+00 1.298652894445526451e+00 4.575567420038212374e-01 4.280348809328290649e+00 1.100000000000000000e+01 2.000000000000000000e+01 4.000000000000000000e+00 -2.484687794707714943e+02
2.247311672436518748e+00 1.966267603729284552e+00 5.433106621608697395e+00 7.597825730091805951e+00 3.410353795510256969e-01 1.351051348704940702e+00 4.586156351886983007e-01 2.949344211594354004e+00 8.000000000000000000e+00 1.200000000000000000e+01 4.000000000000000000e+00 -2.054509194549793563e+02
2.820314235404979719e+00 1.304960603079320602e+00 4.404421180796829205e+00 7.292601220933713435e+00 1.098508972330635824e+00 1.887594729451209374e-01 7.979726362749596236e-01 3.966753460478063431e+00 3.000000000000000000e+00 5.000000000000000000e+00 4.000000000000000000e+00 -2.207587582876349757e+02
5.560682952300690651e-01 1.266838737571837958e+00 7.223872798761192371e+00 3.372601954595203289e+00 4.577552982347149468e-02 2.512146128245985377e+00 9.182301519289453040e-01 3.673505768224375245e+00 6.000000000000000000e+00 1.000000000000000000e+01 3.000000000000000000e+00 -1.117236307490020408e+02
1.373666157327739334e+00 2.063385324977931035e+00 1.219970184087197929e+00 6.512059574720636235e+00 7.687451124982728201e-01 2.773259936772888068e+00 8.382746587015643680e-01 4.574399269202622520e+00 1.000000000000000000e+01 7.000000000000000000e+00 4.000000000000000000e+00 -2.535969384939658937e+02
1.290154898605751166e+00 6.211030790408886837e-01 5.976926489875155291e+00 5.961396652309423949e+00 1.694922240290225535e+00 2.567226360641124305e+00 6.108007887796933488e-01 4.093659344981952941e+00 6.000000000000000000e+00 9.000000000000000000e+00 3.000000000000000000e+00 -1.013297624890075895e+04
1.246714369481640494e+00 4.236470641761208578e-01 3.797056728759963917e+00 1.901839389643123823e+00 1.034742259444182189e+00 1.466110564131621663e+00 2.213059885789687153e-01 2.040216272053477553e+00 1.100000000000000000e+01 1.500000000000000000e+01 2.000000000000000000e+00 -3.025007469884519651e+02
1.418912743828566025e+00 1.805227046035221328e+00 2.927096661330576666e+00 4.226466508443269099e+00 6.185114712153076955e-01 6.110462170512344082e-01 5.859436625682454824e-01 3.372457725859346667e+00 2.000000000000000000e+00 6.000000000000000000e+00 3.000000000000000000e+00 -1.771045751922703460e+02
1.631432948596944099e+00 2.819540369718204431e+00 3.299855735480484942e+00 9.830945768774540738e+00 1.537061954795073460e+00 5.737558258614818829e-01 9.078911194313052935e-01 2.411707536478013392e+00 7.000000000000000000e+00 6.000000000000000000e+00 3.000000000000000000e+00 -1.226522580998125989e+02
1.626842299497820221e+00 8.769025570920614410e-01 4.612935279400169897e+00 1.260274500550958798e+00 1.030091109588565645e+00 2.115325569582064524e+00 5.346885470011316643e-01 3.407509427119311152e+00 3.000000000000000000e+00 1.100000000000000000e+01 3.000000000000000000e+00 -7.753230917478866786e+02
