1.281267470748988169e+00 2.050812734213220079e+00 5.451193057110352846e+00 5.790554677647379300e+00 1.525181174530706230e+00 3.147551970568346347e-01 7.947822313183204868e-01 2.247272768590937275e+00 9.000000000000000000e+00 1.200000000000000000e+01 3.000000000000000000e+00 -3.698454045658863265e+02
8.311309348305342404e-01 5.472484933263748186e-01 3.042243751227455384e+00 6.799195033737249538e+00 5.306510829206375623e-01 1.884789354776876813e+00 4.826663211401079345e-01 2.804323557611502871e+00 4.000000000000000000e+00 1.100000000000000000e+01 3.000000000000000000e+00 -2.668069176276893586e+02
2.085266617960422231e+00 2.573645587032307169e+00 4.781190256836911345e+00 4.486196654702887976e+00 1.311544323843746973e+00 2.410130596098113198e+00 8.083450993952469021e-01 2.239636568066670108e+00 0.000000000000000000e+00 9.000000000000000000e+00 2.000000000000000000e+00 -1.029144211584740515e+04
2.832429048867989518e+00 2.508634877952948816e+00 6.880567479873022307e+00 7.308158438068675267e+00 2.071912653826200490e+00 7.688002061661967090e-01 3.725326515993698795e-01 3.693856273104262566e+00 3.000000000000000000e+00 8.000000000000000000e+00 4.000000000000000000e+00 -2.875815352442018593e+02
2.668132344982937720e+00 1.204747129485278956e+00 8.289369176414449925e+00 9.756899453979221093e+00 1.324710301866270479e+00 1.364855543554683859e+00 9.081971871005565244e-01 4.450918820828775324e+00 3.000000000000000000e+00 1.400000000000000000e+01 1.000000000000000000e+00 -2.667487664673666359e+02
1.867904247581162025e+00 2.305004940471451658e+00 1.481395707796850481e+00 3.850077520994920288e+00 2.944408098286291686e+00 1.369246485527047419e+00 3.496141205577865119e-01 4.761648541674882829e+00 5.000000000000000000e+00 1.100000000000000000e+01 2.000000000000000000e+00 -2.624770437291990106e+02
2.754328411362212403e-01 1.559326045394964444e+00 6.365047576293152432e+00 6.988327024394740405e+00 1.367792744197011690e+00 3.873865622890643734e-01 7.498019908647889364e-01 3.430650151328693553e+00 6.000000000000000000e+00 1.200000000000000000e+01 4.000000000000000000e+00 -4.643101826807330781e+02
2.200274004498594227e+00 1.724025938246999567e+00 3.758290548232687378e+00 6.514754223934514421e+00 2.129733302308340015e+00 2.314814252424083563e+00 8.023854673987094177e-01 3.368947082783555480e+00 2.000000000000000000e+00 1.500000000000000000e+01 2.000000000000000000e+00 -2.778004442616947927e+02
1.590655919533505935e+00 1.582602334231146379e+00 6.955445975843241868e+00 1.963643146154580243e+00 2.011069159935234385e+00 1.583906451855046749e+00 8.267837950845522421e-01 2.144797623176134760e+00 7.000000000000000000e+00 2.000000000000000000e+01 4.000000000000000000e+00 -1.044389113637245282e+04
6.753883195469969625e-01 2.800837228679578850e+00 1.062537688933150593e+00 1.249508814184615346e+00 2.832454084409866013e+00 1.335455403829983956e+00 7.804757841842683286e-01 3.630639266422895250e+00 8.000000000000000000e+00 1.600000000000000000e+01 3.000000000000000000e+00 -6.858498973407765789e+02
9.976948754145373854e-01 2.944982806905828809e+00 3.679623044903076678e+00 1.463254697669958748e+00 1.392923915665735812e+00 1.976708323574517756e+00 4.527374752766978316e-01 4.522947667445275322e+00 8.000000000000000000e+00 1.000000000000000000e+01 2.000000000000000000e+00 -2.088380934210143209e+02
1.997526454066773871e+00 1.743302564609682692e+00 7.386617491028088622e+00 7.126097657192378421e+00 1.535881487773971710e+00 1.244136192192582424e+00 2.431630694886350308e-01 3.840486098331786557e+00 4.000000000000000000e+00 1.900000000000000000e+01 4.000000000000000000e+00 -3.204690065816434981e+02
9.239885190451675445e-01 1.668748147087364631e+00 2.364827828695219125e+00 1.027366804464481920e+00 2.125765683982695720e+00 2.400205723026428428e-01 5.000795602970359299e-01 3.288681945336080048e+00 4.000000000000000000e+00 8.000000000000000000e+00 5.000000000000000000e+00 -2.928289466723938403e+02
1.667129591242693554e+00 2.035692772305677689e+00 1.775380492092872409e+00 3.501868387134831728e+00 2.610275843818090191e+00 1.008344236093368096e-01 1.865981228830911332e-01 2.621493097270712891e+00 1.000000000000000000e+00 3.000000000000000000e+00 3.000000000000000000e+00 -1.495110521855125683e+02
1.822753620990040790e+00 1.968253222675245828e+00 2.186701467289583256e+00 7.492196859580028345e+00 6.127852719270392434e-01 1.711339603292340694e+00 6.971794663623892552e-01 4.766801909085919497e+00 8.000000000000000000e+00 5.000000000000000000e+00 4.000000000000000000e+00 -2.535091401305823240e+02
1.600371228316635364e+00 1.913743946925237971e+00 1.020830351696806249e+00 4.515267418226601492e+00 2.024842175050139303e+00 1.070305443581634375e+00 6.661844782475294657e-01 4.473201551083721306e+00 7.000000000000000000e+00 1.400000000000000000e+01 3.000000000000000000e+00 -1.278295793784676562e+02
2.233470466540731003e+00 1.329971519841830041e+00 8.116295503824662916e+00 2.459030511572522393e+00 1.371741380093021601e+00 2.018434092033689620e+00 6.839294328123813882e-01 3.287540297069658557e+00 1.000000000000000000e+01 1.500000000000000000e+01 4.000000000000000000e+00 -2.836967859108754055e+02
2.838810494298673603e+00 2.724367736907070459e+00 8.932743408660801521e+00 7.344659551524140184e+00 2.916143858842565884e+00 1.480037636413499502e+00 5.840772023185152317e-01 3.996656761417592740e+00 3.000000000000000000e+00 1.400000000000000000e+01 2.000000000000000000e+00 -1.029833739704345135e+04
2.212604809399780326e+00 1.298875782853027738e+00 8.066387048744816823e+00 5.333761486199013468e+00 5.980384882078517705e-01 1.521178170994345935e+00 7.608000142033010116e-01 4.849670805571701493e+00 1.100000000000000000e+01 5.000000000000000000e+00 4.000000000000000000e+00 -2.536354972916539339e+02
1.375773683436415595e+00 2.104694844638396400e+00 5.009483078781260978e+00 4.060210600790657764e+00 3.766594008870747246e-01 1.986845245615864064e+00 5.910929474033843611e-01 2.916386747552860648e+00 1.000000000000000000e+01 1.200000000000000000e+01 1.000000000000000000e+00 -2.693793130092099091e+02
8.908785353821031539e-01 1.270426884037395787e+00 6.917381476343809510e+00 9.062868000284709069e+00 4.815113371075097071e-01 1.281401714351940724e+00 6.212375171112551886e-01 2.885890666162604035e+00 0.000000000000000000e+00 2.000000000000000000e+00 3.000000000000000000e+00 -9.668531364681649620e+01
1.407181046054201801e+00 2.046424085093137002e+00 3.328032409545236714e+00 6.025557287590626032e+00 6.006630829394565829e-01 2.546548721442149610e+00 1.446154921494457180e-01 3.993437321365881143e+00 1.000000000000000000e+01 8.000000000000000000e+00 5.000000000000000000e+00 -1.847907605426225643e+02
2.589269149621548305e+00 1.523618292791656170e+00 2.976237042423293566e+00 8.183110298638524682e+00 1.032666174719971242e+00 5.781049157610071987e-01 1.063948824172203933e-01 2.981468487352256780e+00 1.100000000000000000e+01 1.900000000000000000e+01 2.000000000000000000e+00 -6.162559759411990399e+02
1.284599211621756165e+00 1.144194423198057864e+00 3.808981078607164505e+00 2.367306735118888561e+00 7.209628613301897193e-01 2.304820126518118073e+00 6.847377893084245493e-01 2.653498389939180857e+00 5.000000000000000000e+00 1.600000000000000000e+01 4.000000000000000000e+00 -2.888867754567954194e+02
1.440426056456456605e+00 2.543132908598403130e+00 3.038996707984344070e+00 9.633087444345388661e+00 1.469461837920537306e+00 2.623071133620558104e-01 7.691178246718980427e-01 4.515105829042429519e+00 5.000000000000000000e+00 1.900000000000000000e+01 2.000000000000000000e+00 -1.019755880762339802e+04
1.748245145615305418e+00 2.745555672198648711e+00 5.933337594658912195e+00 4.107795301909115793e+00 1.181902699063139828e+00 1.651873193969671583e+00 6.427055392567483372e-01 4.214757064206012593e+00 7.000000000000000000e+00 1.500000000000000000e+01 3.000000000000000000e+00 -1.295931272809083055e+02
2.771509598929897233e+00 8.204057689736894421e-01 2.405957313637330230e+00 1.974648439730189331e+00 1.139479961127283225e+00 1.839192970385744585e+00 3.872008580245698828e-01 3.020293214603509746e+00 9.000000000000000000e+00 1.900000000000000000e+01 4.000000000000000000e+00 -1.053000570042763229e+03
1.307619786238185089e+00 1.531712807778091712e+00 4.452336452485297968e+00 7.467579083879773982e+00 2.337326002235922573e+00 1.806181584513532945e+00 5.998546243441279513e-01 4.722171980654694678e+00 8.000000000000000000e+00 1.300000000000000000e+01 2.000000000000000000e+00 -2.867176428792677143e+02
1.419357762442735371e+00 2.972722739079135756e+00 2.588611688502936659e+00 7.942376133909841762e+00 1.702596726918742753e+00 7.510953133558864181e-01 4.795681762617209909e-01 4.333722602852087213e+00 3.000000000000000000e+00 1.000000000000000000e+01 3.000000000000000000e+00 -2.628223102925136345e+02
1.581503699487520453e+00 2.783340376525805571e+00 4.102549164422188532e+00 6.521138184643712421e+00 1.904959049189358655e-01 5.591350936602317301e-01 6.930155633936874171e-01 3.461547409685962862e+00 0.000000000000000000e+00 1.200000000000000000e+01 1.000000000000000000e+00 -2.616000225085626880e+02
2.228899139845053057e+00 2.859462880191256495e+00 2.051534125730201552e+00 8.643828797904012262e+00 1.356521981940113086e+00 2.096444257044866255e+00 4.811524710048658560e-01 3.127396267625178083e+00 6.000000000000000000e+00 5.000000000000000000e+00 5.000000000000000000e+00 -2.032122191087670728e+02
1.935509743922758652e+00 3.064349250623669141e-01 3.522560484087803090e+00 7.208175925568046871e+00 9.026427403400353322e-01 1.882840417725068827e+00 4.874285632028750870e-01 3.902756524273662375e+00 6.000000000000000000e+00 9.000000000000000000e+00 5.000000000000000000e+00 -2.534168593408755044e+02
5.886867702259819257e-01 9.052627836905469128e-01 5.726651527128228558e+00 6.609511458152088181e+00 9.508990389621845285e-01 6.880227728445983404e-01 3.602905121371550723e-01 4.741612802863429010e+00 8.000000000000000000e+00 4.000000000000000000e+00 3.000000000000000000e+00 -2.529015333079193226e+02
7.547122645068534696e-01 1.586990293716074252e+00 6.267141633298261461e+00 5.167082758310078461e+00 2.274905866341897287e+00 6.195392144225457809e-01 6.084837815958676899e-01 2.881257097566206404e+00 7.000000000000000000e+00 2.000000000000000000e+01 3.000000000000000000e+00 -3.327443779731783025e+02
3.854973233028644586e-01 1.982667651180674007e-01 5.307347335036864955e+00 8.964410987231783423e+00 1.593729662460448893e+00 7.017768790422900249e-01 6.101760806446870911e-01 3.685682175968482799e+00 2.000000000000000000e+00 9.000000000000000000e+00 3.000000000000000000e+00 -2.554768420695194209e+02
6.351998715046645039e-01 8.799260248930409478e-01 1.059737653747266695e+00 3.211702757418795517e+00 1.955376073526753133e+00 8.356158894887431021e-01 9.183646339724651497e-01 3.377660751486433632e+00 6.000000000000000000e+00 1.300000000000000000e+01 1.000000000000000000e+00 -2.679171124854192385e+02
1.524823120504643859e+00 2.091722957828478169e+00 6.780387229492548684e+00 8.560301797226404830e+00 1.391056528832033790e+00 7.664073467848905308e-01 6.383552607144706847e-01 2.160779581336579547e+00 4.000000000000000000e+00 2.000000000000000000e+01 4.000000000000000000e+00 -6.111658752778430426e+02
1.026631335449356808e+00 2.335651710332185882e+00 2.381577343286092940e+00 4.859808702187438101e+00 7.217135382895003559e-01 2.872395966391769750e-01 5.970871774104145047e-01 3.687965308818375476e+00 4.000000000000000000e+00 1.500000000000000000e+01 4.000000000000000000e+00 -2.622552323701879118e+02
2.951204663703925313e+00 2.792813729454912686e+00 5.048069363262537301e+00 3.481475813857469070e+00 6.066409815358047020e-01 1.628527950369678123e-01 6.440211948901392036e-01 2.603503100823832295e+00 8.000000000000000000e+00 7.000000000000000000e+00 3.000000000000000000e+00 -2.633777877828610485e+02
6.522923097194565090e-01 1.358306915140409465e+00 2.373292242456409351e+00 4.828721734719266578e+00 2.553521336269660491e+00 1.862492054870739100e+00 1.619367788925118734e-01 2.605625886062297614e+00 1.000000000000000000e+01 1.300000000000000000e+01 3.000000000000000000e+00 -2.721239964286752411e+02
4.133978675044531759e-01 2.897754038926678266e+00 2.301587089124036645e+00 4.985319927408594864e+00 8.832715202071856897e-01 2.271550414342021207e-01 4.426875060820683050e-01 4.710812755523523521e+00 0.000000000000000000e+00 1.600000000000000000e+01 2.000000000000000000e+00 -6.473337480624237514e+02
2.353808809422982762e+00 1.549715835703253664e+00 7.520612690613015516e+00 3.943943117668370579e+00 1.001029349351061803e+00 9.453744361428287890e-01 8.578366477608133367e-02 3.275813278113240301e+00 9.000000000000000000e+00 1.600000000000000000e+01 1.000000000000000000e+00 -2.801580034679780624e+02
2.480216944722520633e+00 2.347647229342320507e+00 2.792748707262902919e+00 8.420845404480653329e+00 1.603151955941946261e+00 1.602575778711952559e+00 9.544682933143139314e-01 3.432738423847907505e+00 4.000000000000000000e+00 5.000000000000000000e+00 5.000000000000000000e+00 -5.509890992061897350e+02
2.604210108358376186e+00 2.068815607700798420e+00 8.283012739979060512e+00 9.938309423382319707e+00 2.469994625915535646e+00 1.462660562061074865e+00 8.507882871153441551e-01 4.844479809800316339e+00 5.000000000000000000e+00 1.400000000000000000e+01 1.000000000000000000e+00 -1.030961791275237738e+04
2.159834436719889617e+00 3.455460296148388788e-01 4.454091180256667393e+00 4.882300314753249992e+00 9.652686960294267760e-01 1.192273027908190564e+00 2.018078605498738742e-01 4.157805612944536655e+00 9.000000000000000000e+00 7.000000000000000000e+00 4.000000000000000000e+00 -1.054249667617526427e+02
1.269937831119727800e+00 2.687952495375779183e+00 6.850817926891039633e+00 2.873016418655998550e+00 2.371441030947555983e+00 1.556293173993823276e+00 5.049118194621198263e-01 3.163955498843406211e+00 2.000000000000000000e+00 1.700000000000000000e+01 4.000000000000000000e+00 -6.049255263300880188e+02
2.781472026939250775e+00 2.130148614617668024e+00 8.000906845240161047e+00 1.218339347818509166e+00 2.362450289886987242e+00 1.739652251892254142e+00 8.950455108243772218e-01 4.682181000790739844e+00 2.000000000000000000e+00 5.000000000000000000e+00 3.000000000000000000e+00 -2.595666554644221833e+02
2.455277684961351792e+00 2.251103623667052744e+00 7.047874138627276075e+00 1.298377546208525413e+00 2.689074666025389249e+00 1.032895399433072292e+00 7.519982708168627683e-01 2.948194681211010693e+00 0.000000000000000000e+00 2.000000000000000000e+00 4.000000000000000000e+00 -1.248921330330095287e+02
